mejiro/data/filter_response/RomanSCA16-F158.ecsv
# %ECSV 1.0
# ---
# datatype:
# - {name: wavelength, unit: Angstrom, datatype: float64}
# - {name: response, datatype: float64}
# meta:
#   __serialized_columns__:
#     wavelength:
#       __class__: astropy.units.quantity.Quantity
#       unit: !astropy.units.Unit {unit: Angstrom}
#       value: !astropy.table.SerializedColumn {name: wavelength}
#   band_name: F158
#   group_name: RomanSCA16
# schema: astropy-2.0
wavelength response
13650.0 0.0
13660.000000000002 2.2104853207207685e-05
13670.0 0.00011052426603603843
13680.000000000002 0.0002873630916936999
13690.0 0.0007294601558378536
13700.000000000002 0.0017904931097838224
13710.0 0.004067292990126214
13720.000000000002 0.008532473337982167
13730.0 0.0166891641714418
13740.000000000002 0.03043838286632498
13750.0 0.05188009047731643
13759.999999999998 0.08273846555457837
13770.0 0.12376507310715582
13779.999999999998 0.17411992871317494
13790.0 0.2312167645473924
13799.999999999998 0.29105460217930357
13810.0 0.34899142243539494
13819.999999999998 0.40082730320629695
13830.0 0.443622299015451
13839.999999999998 0.4762048526428752
13850.0 0.49908337571233513
13859.999999999998 0.5139599419207859
13870.0 0.523022931735741
13879.999999999998 0.5280849431201916
13890.0 0.5306491060922277
13899.999999999998 0.5319090827250386
13910.0 0.5326606477340836
13919.999999999998 0.5330806399450205
13930.0 0.5331469545046422
13939.999999999998 0.5330364302386061
13950.0 0.5329922205321918
13959.999999999998 0.5330364302386061
13970.0 0.5331911642110566
13980.0 0.5332574787706782
13990.0 0.5331469545046422
14000.0 0.5329922205321918
14010.0 0.5329038011193629
14020.0 0.5329038011193629
14030.0 0.5329922205321918
14040.0 0.5330585350918133
14050.0 0.533014325385399
14060.0 0.5329259059725701
14070.0 0.5327932768533268
14080.0 0.5326827525872908
14090.0 0.532594333174462
14100.0 0.5324617040552186
14110.0 0.5321964458167322
14120.0 0.5320196069910745
14130.0 0.5320196069910745
14140.0 0.532063816697489
14150.0 0.531953292431453
14160.0 0.5317764536057953
14170.0 0.531643824486552
14180.0 0.5316217196333448
14190.0 0.5316880341929665
14200.0 0.5317543487525881
14210.0 0.5317764536057953
14220.0 0.5318869778718314
14230.0 0.5322185506699395
14240.0 0.5326385428808764
14250.0 0.5329480108257773
14260.0 0.5331027447982278
14270.0 0.5331248496514349
14280.0 0.5331248496514349
14290.0 0.533235373917471
14300.0 0.5333680030367143
14310.0 0.533456422449543
14320.0 0.5335006321559574
14330.0 0.5335669467155791
14340.0 0.5336332612752007
14350.0 0.5337437855412368
14360.0 0.5338322049540656
14370.0 0.5339206243668945
14380.0 0.5339427292201017
14390.0 0.5339206243668945
14400.0 0.5339427292201017
14410.0 0.5340753583393449
14420.0 0.5342300923117953
14430.0 0.5343185117246241
14440.0 0.5343406165778314
14450.0 0.5343185117246241
14460.0 0.5343185117246241
14470.0 0.5343406165778314
14480.0 0.5344290359906602
14490.0 0.5345616651099034
14500.0 0.5347163990823539
14510.0 0.5348490282015972
14520.0 0.534937447614426
14530.0 0.5349153427612188
14540.0 0.5349153427612188
14550.0 0.5350037621740477
14560.0 0.5351142864400836
14570.0 0.5351806009997053
14580.0 0.5352690204125341
14590.0 0.5354016495317774
14600.0 0.5355342786510205
14610.0 0.5355784883574349
14620.0 0.5356226980638494
14630.0 0.5357111174766783
14640.0 0.5357995368895071
14650.0 0.5358216417427143
14660.0 0.5358437465959215
14670.0 0.5359763757151648
14680.0 0.5361532145408224
14690.0 0.5363079485132729
14700.0 0.5363742630728945
14710.0 0.5363521582196873
14720.0 0.5363742630728945
14730.0 0.536528997045345
14740.0 0.5367279407242098
14750.0 0.5368384649902458
14760.0 0.5369047795498675
14770.0 0.5369931989626963
14780.0 0.5371258280819395
14790.000000000002 0.5372363523479756
14800.0 0.5373689814672189
14810.000000000002 0.5375237154396694
14820.0 0.5376563445589125
14830.000000000002 0.5377447639717414
14840.0 0.5378110785313629
14850.000000000002 0.537921602797399
14860.0 0.5380542319166423
14870.000000000002 0.5381647561826783
14880.0 0.5382310707422999
14890.000000000002 0.5382973853019216
14900.0 0.5383858047147504
14910.000000000002 0.5385405386872009
14920.0 0.5386731678064441
14930.000000000002 0.5387615872192729
14940.0 0.538872111485309
14950.000000000002 0.5390489503109667
14960.0 0.5392478939898314
14970.000000000002 0.5393805231090748
14980.0 0.5394468376686964
14990.000000000002 0.5394689425219036
15000.0 0.5395573619347324
15009.999999999998 0.5396899910539756
15020.0 0.5398889347328405
15029.999999999998 0.5400657735584982
15040.0 0.5402205075309486
15049.999999999998 0.5403752415033991
15060.0 0.5405299754758496
15069.999999999998 0.5406847094483
15080.0 0.5407731288611288
15089.999999999998 0.5408173385675432
15100.0 0.5408615482739577
15109.999999999998 0.5410383870996153
15120.0 0.5412815404848946
15129.999999999998 0.5415025890169667
15140.0 0.5416573229894172
15149.999999999998 0.5417236375490387
15160.0 0.5417678472554531
15169.999999999998 0.5418341618150748
15180.0 0.5419004763746964
15189.999999999998 0.5420110006407325
15200.0 0.5421436297599757
15209.999999999998 0.5422762588792189
15220.0 0.5424088879984622
15230.0 0.5425415171177055
15240.0 0.5426520413837415
15250.0 0.5428067753561919
15260.0 0.5429836141818496
15270.0 0.5431604530075073
15280.0 0.5432930821267505
15290.0 0.5433593966863721
15300.0 0.5434699209524082
15310.0 0.543668864631273
15320.0 0.5438678083101379
15330.0 0.5439341228697595
15340.0 0.5439562277229667
15350.0 0.5440225422825884
15360.0 0.5441330665486244
15370.0 0.5442214859614533
15380.0 0.5443541150806965
15390.0 0.5445530587595613
15400.0 0.5447298975852191
15410.0 0.5447962121448406
15420.0 0.5447962121448406
15430.0 0.5448183169980478
15440.0 0.5449067364108767
15450.0 0.5451277849429488
15460.0 0.5453488334750207
15470.0 0.545481462594264
15480.0 0.5455698820070929
15490.0 0.5457025111263362
15500.0 0.5458130353923721
15510.0 0.5458351402455794
15520.0 0.5458351402455794
15530.0 0.5459456645116154
15540.0 0.5461003984840659
15550.0 0.546210922750102
15560.0 0.546233027603309
15570.0 0.546210922750102
15580.0 0.5462551324565164
15590.0 0.546431971282174
15600.0 0.5465867052546245
15610.0 0.5465867052546245
15620.0 0.5466088101078316
15630.0 0.5468298586399037
15640.0 0.5470509071719758
15650.0 0.5471172217315974
15660.0 0.5471172217315974
15670.0 0.5471614314380118
15680.0 0.5472719557040479
15690.0 0.5474930042361199
15700.0 0.5476256333553632
15710.0 0.5475593187957416
15720.0 0.5475151090893272
15730.0 0.5476698430617776
15740.0 0.5479129964470569
15750.0 0.5480456255663001
15760.0 0.5480898352727145
15770.0 0.5480677304195074
15780.0 0.5480677304195074
15790.0 0.548134044979129
15800.0 0.5482224643919579
15810.0 0.5482887789515795
15820.0 0.548355093511201
15830.0 0.5485098274836515
15840.0 0.5486424566028948
15850.0 0.548664561456102
15860.0 0.5486866663093092
15870.0 0.5488635051349668
15880.0 0.5490624488138317
15890.0 0.549195077933075
15900.0 0.5492392876394894
15910.0 0.5492834973459038
15920.0 0.5493940216119397
15930.0 0.5495708604375975
15940.0 0.5497476992632552
15950.0 0.549836118676084
15960.0 0.5498582235292911
15970.0 0.5499024332357055
15980.0 0.5500129575017416
15990.0 0.5502340060338137
16000.0 0.5504550545658858
16010.0 0.5505434739787146
16020.0 0.5506097885383362
16030.0 0.5506982079511651
16040.000000000002 0.5508308370704083
16050.0 0.5509855710428587
16060.000000000002 0.5511624098685164
16070.0 0.5513392486941742
16080.000000000002 0.5515160875198318
16090.0 0.5516266117858678
16100.000000000002 0.5517371360519038
16110.0 0.5519581845839758
16120.000000000002 0.5521350234096335
16130.0 0.5522234428224625
16140.000000000002 0.5523118622352913
16150.0 0.5524887010609489
16160.000000000002 0.5527539592994354
16170.0 0.5529971126847146
16180.000000000002 0.5531960563635796
16190.0 0.5533728951892373
16200.000000000002 0.5535055243084804
16210.0 0.5536381534277237
16220.000000000002 0.5537928874001742
16230.0 0.5539697262258318
16240.000000000002 0.5541465650514894
16250.0 0.5542570893175255
16259.999999999998 0.5543897184367688
16270.0 0.554632871822048
16279.999999999998 0.5548539203541201
16290.0 0.554942339766949
16299.999999999998 0.5550307591797777
16310.0 0.5552075980054354
16319.999999999998 0.555472856243922
16330.0 0.5557160096292012
16339.999999999998 0.5559149533080661
16350.0 0.5560696872805165
16359.999999999998 0.5562465261061742
16370.0 0.5564454697850391
16379.999999999998 0.556644413463904
16390.0 0.5568654619959761
16400.0 0.5569980911152193
16410.0 0.5571086153812553
16420.0 0.5572412445004986
16430.0 0.557506502738985
16440.0 0.5577717609774715
16450.0 0.5578822852435076
16460.0 0.557926494949922
16470.0 0.5580591240691652
16480.0 0.5581917531884084
16490.0 0.5583022774544445
16500.0 0.5584791162801022
16510.0 0.558788584225003
16520.0 0.5590096327570752
16530.0 0.558987527903868
16540.0 0.5589433181974536
16550.0 0.5591864715827328
16560.0 0.5594959395276337
16570.0 0.5596727783532913
16580.0 0.5597833026193274
16590.0 0.5599159317385707
16600.0 0.5601148754174355
16610.0 0.5604243433623364
16620.0 0.5606232870412013
16630.0 0.5605569724815797
16640.0 0.5605127627751653
16650.0 0.5607117064540301
16660.0 0.5610211743989311
16670.0 0.5612643277842103
16680.0 0.5613527471970391
16690.0 0.5613085374906247
16700.0 0.561330642343832
16710.0 0.5614853763162824
16720.0 0.5616622151419401
16730.0 0.5617285297015617
16740.0 0.5617948442611833
16750.0 0.5619937879400483
16760.0 0.5622148364721203
16770.0 0.5623474655913635
16780.0 0.5624800947106068
16790.0 0.5627011432426788
16800.0 0.562922191774751
16810.0 0.5630769257472014
16820.0 0.5632095548664445
16830.0 0.5633863936921023
16840.0 0.5635190228113456
16850.0 0.5636074422241744
16860.0 0.5637179664902103
16870.0 0.5638505956094537
16880.0 0.5640274344351113
16890.0 0.5641821684075617
16900.0 0.564314797526805
16910.0 0.5644474266460483
16920.0 0.564624265471706
16930.0 0.5648895237101924
16940.0 0.5651326770954717
16950.0 0.5651989916550934
16960.0 0.5653095159211293
16970.0 0.5656189838660303
16980.0 0.5659063469577239
16990.0 0.5659284518109312
17000.0 0.5659284518109312
17010.0 0.5662158149026248
17020.0 0.5666137022603546
17030.0 0.5669231702052555
17040.0 0.5670557993244988
17050.0 0.5671000090309132
17060.0 0.5671884284437421
17070.0 0.5674315818290213
17080.0 0.567718944920715
17090.0 0.5678957837463727
17100.0 0.5680284128656159
17110.0 0.5681831468380663
17120.0 0.5683820905169312
17130.0 0.5686031390490033
17140.0 0.5687578730214538
17150.0 0.5688462924342825
17160.0 0.5690452361131475
17170.0 0.5694431234708771
17180.0 0.5698189059753996
17190.0 0.5699736399478502
17200.0 0.5700399545074718
17210.0 0.5702388981863367
17220.0 0.5704599467184088
17230.0 0.5706367855440664
17240.0 0.570813624369724
17250.0 0.5710567777550034
17260.0 0.5712999311402825
17270.0 0.5714325602595259
17280.0 0.5715430845255619
17290.0 0.5716978184980124
17300.0 0.5718967621768772
17310.0 0.5721399155621565
17320.0 0.5723830689474358
17330.0 0.5725820126263007
17340.0 0.5727809563051656
17350.0 0.5730020048372376
17360.0 0.5732009485161025
17370.0 0.5733335776353458
17380.0 0.5733998921949673
17390.0 0.5733777873417601
17400.0 0.573466206754589
17410.0 0.5737756746994899
17420.0 0.5740851426443908
17430.0 0.5742840863232557
17440.0 0.5744167154424988
17450.0 0.5745935542681566
17460.0 0.5747703930938143
17470.0 0.5748146028002287
17480.0 0.5748367076534359
17490.0 0.5749251270662648
17500.0 0.5750135464790935
17510.0 0.5750798610387151
17520.0 0.5752345950111656
17530.0 0.575499853249652
17540.0 0.5757651114881386
17550.0 0.5758756357541747
17560.0 0.5758977406073819
17570.0 0.575919845460589
17580.0 0.5759861600202106
17590.0 0.5760745794330395
17600.0 0.5761851036990755
17610.0 0.5763177328183188
17620.0 0.5763177328183188
17630.0 0.5760745794330395
17640.0 0.5755882726624809
17650.0 0.574748288240607
17660.0 0.5731125291032736
17670.0 0.5700399545074718
17680.0 0.5647568945909491
17690.0 0.5563128406657959
17700.0 0.5435804452184442
17710.0 0.5253881510289122
17720.0 0.5006528202900469
17730.0 0.46875551711204616
17740.0 0.4296962414949102
17750.0 0.38433708271372
17760.0 0.3342695901993946
17770.0 0.2818147735386908
17780.0 0.22969152967609505
17790.0 0.18059665070288677
17800.0 0.1366300976737507
17810.0 0.09931710545998412
17820.0 0.06921029539176726
17830.0 0.046199143203064064
17840.0 0.029509979031622263
17850.0 0.018015455363874264
17860.0 0.010499805273423651
17870.0 0.005835681246702829
17880.0 0.003094679449009076
17890.0 0.0015694445777117458
17900.0 0.0007515650090450613
17910.0 0.00035367765131532296
17920.0 0.0001547339724504538
17930.0 6.631455962162305e-05
17940.0 2.2104853207207685e-05
17950.0 0.0
