mejiro/data/filter_response/RomanSCA12-F146.ecsv
# %ECSV 1.0
# ---
# datatype:
# - {name: wavelength, unit: Angstrom, datatype: float64}
# - {name: response, datatype: float64}
# meta:
#   __serialized_columns__:
#     wavelength:
#       __class__: astropy.units.quantity.Quantity
#       unit: !astropy.units.Unit {unit: Angstrom}
#       value: !astropy.table.SerializedColumn {name: wavelength}
#   band_name: F146
#   group_name: RomanSCA12
# schema: astropy-2.0
wavelength response
9140.0 0.0
9150.0 2.2104853207207685e-05
9160.0 0.00011052426603603843
9170.0 0.00046420191735136135
9180.0 0.0015252348712973302
9190.0 0.004509390054270368
9200.0 0.011671362493405658
9210.0 0.026768977233928508
9220.0 0.054576882568595775
9230.0 0.0992286860471553
9240.0 0.1618959448895891
9250.0 0.23859978551859973
9260.0 0.32060879091734024
9270.0 0.3972684218399365
9280.0 0.45984726126954145
9290.0 0.5045653793077226
9300.0 0.5326827525872908
9310.0 0.5483771983644082
9320.0 0.5563128406657959
9330.0 0.5600927705642283
9340.0 0.5620158927932554
9350.0 0.5632979742792734
9360.0 0.5644032169396339
9370.0 0.5653979353339581
9380.0 0.5663705488750753
9390.0 0.5673431624161925
9400.0 0.5682273565444809
9410.0 0.569001026406733
9420.0 0.5697525914157782
9430.0 0.5706367855440664
9440.0 0.571454665112733
9450.0 0.5721178107089493
9460.0 0.5727367465987512
9470.0 0.5735104164610034
9480.0 0.5743061911764629
9490.0 0.574947231919472
9500.0 0.5755661678092737
9510.0 0.5763177328183188
9520.0 0.5770471929741566
9530.0 0.5776219191575441
9540.0 0.5780861210748954
9550.0 0.5785724278454539
9560.0 0.5791250491756341
9570.0 0.5796776705058143
9580.0 0.5802081869827873
9590.0 0.580606074340517
9600.0 0.5809818568450396
9610.0 0.581446058762391
9620.0 0.5819102606797423
9630.0 0.5822860431842648
9640.0 0.5826397208355802
9650.0 0.5829933984868955
9660.0 0.5832807615785892
9670.0 0.5834797052574541
9680.0 0.5837228586427333
9690.0 0.5841207460004632
9700.0 0.5845186333581928
9710.0 0.5847175770370577
9720.0 0.5849165207159226
9730.0 0.5852259886608234
9740.0 0.5855354566057244
9750.0 0.585712295431382
9760.0 0.5858891342570397
9770.0 0.5861986022019406
9780.0 0.5864859652936343
9790.0 0.5865743847064632
9800.0 0.5866406992660848
9810.0 0.5868396429449496
9820.0 0.5870606914770218
9830.0 0.5871270060366434
9840.0 0.587193320596265
9850.0 0.5873701594219226
9860.0 0.587613312807202
9870.0 0.5878122564860667
9880.0 0.5879006758988956
9890.0 0.5878122564860667
9900.0 0.5877680467796523
9910.0 0.5879669904585172
9920.0 0.5881880389905892
9930.0 0.5882543535502109
9940.0 0.5882543535502109
9950.0 0.5883427729630397
9960.0 0.588475402082283
9970.0 0.5885417166419047
9980.0 0.5886522409079407
9990.0 0.5888953942932199
10000.0 0.589116442825292
10009.999999999998 0.5892932816509497
10020.0 0.5893595962105713
10029.999999999998 0.5894038059169857
10040.0 0.5894480156234001
10049.999999999998 0.5895364350362289
10060.0 0.5896690641554723
10069.999999999998 0.5898459029811299
10080.0 0.5899564272471659
10089.999999999998 0.5900227418067876
10100.0 0.5901111612196164
10109.999999999998 0.590288000045274
10120.0 0.5905090485773462
10129.999999999998 0.5906637825497966
10140.0 0.5907522019626253
10149.999999999998 0.5907743068158327
10160.0 0.5908406213754542
10169.999999999998 0.5909953553479047
10180.0 0.5911721941735624
10189.999999999998 0.5913269281460128
10200.0 0.591459557265256
10209.999999999998 0.5915700815312921
10220.0 0.5916806057973281
10230.0 0.5918132349165713
10240.0 0.5919458640358146
10250.0 0.5920121785954362
10260.0 0.5920784931550579
10270.0 0.5921005980082651
10280.0 0.5921890174210939
10290.0 0.5923658562467516
10300.0 0.5925426950724092
10310.0 0.5925647999256164
10320.0 0.5925647999256164
10330.0 0.5926311144852381
10340.0 0.5927416387512742
10350.0 0.592830058164103
10360.0 0.5928963727237245
10370.0 0.5929184775769317
10380.0 0.5929405824301389
10390.0 0.5929405824301389
10400.0 0.5929184775769317
10410.0 0.5928742678705173
10420.0 0.5928963727237245
10430.0 0.5930068969897606
10440.0 0.5930732115493822
10450.0 0.5929405824301389
10460.0 0.5927416387512742
10470.0 0.5927195338980669
10480.0 0.5927858484576886
10490.0 0.5928742678705173
10500.0 0.5928742678705173
10510.0 0.5926974290448597
10520.0 0.592520590219202
10530.0 0.5924542756595804
10540.0 0.5924763805127876
10550.0 0.5924763805127876
10560.0 0.5924542756595804
10570.0 0.5923658562467516
10580.0 0.5921669125678867
10590.0 0.5918574446229858
10600.0 0.5915921863844993
10610.0 0.5914816621184633
10620.0 0.591459557265256
10630.0 0.5913711378524272
10640.0 0.5911721941735624
10650.0 0.5908848310818686
10660.0 0.590597467990175
10670.0 0.5903985243113101
10680.0 0.5902437903388597
10690.0 0.5900227418067876
10700.0 0.5898237981279226
10710.0 0.5896690641554723
10720.0 0.5895364350362289
10730.0 0.5893817010637785
10740.0 0.589226967091328
10750.0 0.589116442825292
10760.0 0.5889838137060488
10770.0 0.5887406603207695
10780.0 0.5884311923758686
10790.0 0.5881659341373822
10800.0 0.5879669904585172
10810.0 0.5879227807521028
10820.0 0.5878122564860667
10830.0 0.5875469982475803
10840.0 0.5872596351558865
10850.0 0.5871712157430578
10860.0 0.5870827963302289
10870.0 0.5868396429449496
10880.0 0.5865743847064632
10890.0 0.5863754410275982
10900.0 0.5862207070551478
10910.0 0.5860659730826974
10920.0 0.5858891342570397
10930.0 0.5856680857249676
10940.0 0.5854691420461028
10950.0 0.5853144080736523
10960.0 0.585159674101202
10970.0 0.584960730422337
10980.0 0.5850049401287514
10990.0 0.5854249323396884
11000.0 0.585822819697418
11010.0 0.585822819697418
11020.0 0.5856238760185533
11030.0 0.5855354566057244
11040.000000000002 0.5855354566057244
11050.0 0.5855575614589316
11060.000000000002 0.5855796663121388
11070.0 0.5856238760185533
11080.000000000002 0.585601771165346
11090.0 0.5854470371928955
11100.000000000002 0.5853365129268595
11110.0 0.5854249323396884
11120.000000000002 0.5855575614589316
11130.0 0.5855575614589316
11140.000000000002 0.585601771165346
11150.0 0.5857344002845892
11160.000000000002 0.585822819697418
11170.0 0.5856901905781748
11180.000000000002 0.5855796663121388
11190.0 0.585712295431382
11200.000000000002 0.5858670294038325
11210.0 0.5858891342570397
11220.000000000002 0.5858670294038325
11230.0 0.5859775536698686
11240.000000000002 0.5860438682294901
11250.0 0.5859112391102469
11259.999999999998 0.5857565051377965
11270.0 0.585712295431382
11279.999999999998 0.5857786099910036
11290.0 0.5858449245506253
11299.999999999998 0.5859112391102469
11310.0 0.586021763376283
11319.999999999998 0.5860880779359047
11330.0 0.5861101827891118
11339.999999999998 0.5861101827891118
11350.0 0.5861322876423191
11359.999999999998 0.5861322876423191
11370.0 0.5861101827891118
11379.999999999998 0.5861101827891118
11390.0 0.5861986022019406
11399.999999999998 0.5863312313211838
11410.0 0.5864638604404271
11419.999999999998 0.5865080701468416
11430.0 0.5864417555872199
11439.999999999998 0.5863975458808055
11450.0 0.5864417555872199
11459.999999999998 0.5865301750000487
11470.0 0.5865743847064632
11480.0 0.586552279853256
11490.0 0.5865080701468416
11500.0 0.5864859652936343
11510.0 0.5864859652936343
11520.0 0.5864638604404271
11530.0 0.5863754410275982
11540.0 0.5863533361743911
11550.0 0.5864196507340127
11560.0 0.5864859652936343
11570.0 0.5863533361743911
11580.0 0.5861986022019406
11590.0 0.5861986022019406
11600.0 0.586242811908355
11610.0 0.5862649167615622
11620.0 0.5861986022019406
11630.0 0.5860438682294901
11640.0 0.5859112391102469
11650.0 0.5858670294038325
11660.0 0.5858449245506253
11670.0 0.5857786099910036
11680.0 0.5857565051377965
11690.0 0.5858007148442109
11700.0 0.5858007148442109
11710.0 0.585601771165346
11720.0 0.5853586177800667
11730.0 0.5852259886608234
11740.0 0.585159674101202
11750.0 0.5850933595415803
11760.0 0.5850049401287514
11770.0 0.5848944158627153
11780.0 0.5848723110095082
11790.0 0.5849165207159226
11800.0 0.584960730422337
11810.0 0.5848502061563009
11820.0 0.5847175770370577
11830.0 0.584651262477436
11840.0 0.5846070527710217
11850.0 0.5844523187985712
11860.0 0.5842533751197063
11870.0 0.5840765362940487
11880.0 0.5839439071748055
11890.0 0.5839439071748055
11900.0 0.5838775926151838
11910.0 0.5836786489363189
11920.0 0.5834797052574541
11930.0 0.5834133906978325
11940.0 0.5833470761382108
11950.0 0.5831481324593459
11960.0 0.5829491887804811
11970.0 0.5829049790740667
11980.0 0.5828607693676523
11990.0 0.5827060353952018
12000.0 0.582507091716337
12010.0 0.5823965674503009
12020.0 0.5823302528906792
12030.0 0.5822418334778504
12040.0 0.5821534140650216
12050.0 0.5821313092118144
12060.0 0.5820649946521927
12070.0 0.5818881558265351
12080.0 0.5816450024412558
12090.0 0.5814018490559765
12100.0 0.5812471150835261
12110.0 0.5812250102303189
12120.0 0.58113659081749
12130.0 0.580915542285418
12140.0 0.5806723889001387
12150.0 0.5805839694873098
12160.0 0.5805618646341026
12170.0 0.5805839694873098
12180.0 0.5804955500744811
12190.0 0.580274501542409
12200.0 0.5800755578635441
12210.0 0.5800313481571296
12220.0 0.5800313481571296
12230.0 0.5798987190378865
12240.0 0.579743985065436
12250.0 0.5796997753590216
12260.0 0.5796555656526071
12270.0 0.579522936533364
12280.0 0.5793682025609135
12290.000000000002 0.5792797831480846
12300.0 0.5792134685884629
12310.000000000002 0.5790366297628053
12320.0 0.5788376860839404
12330.000000000002 0.57868295211149
12340.0 0.5785503229922468
12350.000000000002 0.5784397987262108
12360.0 0.5783071696069675
12370.000000000002 0.5781303307813098
12380.0 0.5780198065152737
12390.000000000002 0.578041911368481
12400.0 0.5779977016620665
12410.000000000002 0.5777545482767873
12420.0 0.5775556045979224
12430.000000000002 0.5775556045979224
12440.0 0.5775777094511295
12450.000000000002 0.5773787657722648
12460.0 0.5771577172401927
12470.000000000002 0.5770692978273638
12480.0 0.5770692978273638
12490.000000000002 0.5770471929741566
12500.0 0.5769587735613279
12509.999999999998 0.5768261444420846
12520.0 0.5766935153228414
12529.999999999998 0.5765829910568053
12540.0 0.5765166764971836
12549.999999999998 0.5765166764971836
12560.0 0.5765166764971836
12569.999999999998 0.5764282570843547
12580.0 0.5762735231119044
12589.999999999998 0.5760303697266251
12600.0 0.5758535309009675
12609.999999999998 0.5758977406073819
12620.0 0.5759640551670034
12629.999999999998 0.575919845460589
12640.0 0.5758314260477602
12649.999999999998 0.5758093211945531
12660.0 0.5757430066349314
12669.999999999998 0.5755661678092737
12680.0 0.5754114338368232
12689.999999999998 0.5753451192772016
12700.0 0.5753672241304089
12709.999999999998 0.5753451192772016
12720.0 0.5753230144239945
12730.0 0.575389328983616
12740.0 0.5753451192772016
12750.0 0.5751240707451295
12760.0 0.574947231919472
12770.0 0.5750135464790935
12780.0 0.575168280451544
12790.0 0.5752345950111656
12800.0 0.5751461755983368
12810.0 0.5749693367726791
12820.0 0.5747924979470214
12830.0 0.5747924979470214
12840.0 0.5748588125066431
12850.0 0.574947231919472
12860.0 0.5749914416258863
12870.0 0.5749251270662648
12880.0 0.5748367076534359
12890.0 0.5748588125066431
12900.0 0.5749030222130574
12910.0 0.5749251270662648
12920.0 0.5749030222130574
12930.0 0.5748588125066431
12940.0 0.5748367076534359
12950.0 0.5748809173598503
12960.0 0.5749251270662648
12970.0 0.5748809173598503
12980.0 0.5748367076534359
12990.0 0.5749251270662648
13000.0 0.5750577561855079
13010.0 0.5750577561855079
13020.0 0.5749914416258863
13030.0 0.5749251270662648
13040.0 0.5749251270662648
13050.0 0.5749914416258863
13060.0 0.5751019658919224
13070.0 0.5752345950111656
13080.0 0.5753230144239945
13090.0 0.5753451192772016
13100.0 0.5754556435432376
13110.0 0.5757209017817241
13120.0 0.5759419503137962
13130.0 0.5758977406073819
13140.0 0.5757430066349314
13150.0 0.5757651114881386
13160.0 0.5758756357541747
13170.0 0.5760082648734178
13180.0 0.5761187891394539
13190.0 0.5761187891394539
13200.0 0.5761408939926611
13210.0 0.5762293134054899
13220.0 0.576339837671526
13230.0 0.5764724667907692
13240.0 0.576560886203598
13250.0 0.5766272007632197
13260.0 0.5767156201760485
13270.0 0.5768261444420846
13280.0 0.5768924590017062
13290.0 0.5769145638549134
13300.0 0.5769366687081205
13310.0 0.577091402680571
13320.0 0.5773124512126431
13330.0 0.5774671851850935
13340.0 0.5775556045979224
13350.0 0.5775556045979224
13360.0 0.5776219191575441
13370.0 0.5777987579832017
13380.0 0.577931387102445
13390.0 0.5778871773960306
13400.0 0.5777766531299945
13410.0 0.5778208628364089
13420.0 0.5779534919556522
13430.0 0.5781082259281026
13440.0 0.5782629599005531
13450.0 0.5783734841665891
13460.0 0.5784619035794178
13470.0 0.5785945326986612
13480.0 0.57868295211149
13490.0 0.5787492666711116
13500.0 0.578793476377526
13510.0 0.5788155812307333
13520.0 0.5788155812307333
13530.0 0.578793476377526
13540.000000000002 0.5788155812307333
13550.0 0.5789040006435621
13560.000000000002 0.5789703152031838
13570.0 0.5788818957903549
13580.000000000002 0.5788376860839404
13590.0 0.5789703152031838
13600.000000000002 0.5791029443224269
13610.0 0.5790587346160125
13620.000000000002 0.5789482103499765
13630.0 0.5788818957903549
13640.000000000002 0.5788376860839404
13650.0 0.5788155812307333
13660.000000000002 0.5788597909371477
13670.0 0.5789924200563908
13680.000000000002 0.5791029443224269
13690.0 0.5791471540288414
13700.000000000002 0.5791250491756341
13710.0 0.5790808394692197
13720.000000000002 0.5790366297628053
13730.0 0.5790366297628053
13740.000000000002 0.5790587346160125
13750.0 0.5791250491756341
13759.999999999998 0.5791692588820485
13770.0 0.5792134685884629
13779.999999999998 0.5791913637352558
13790.0 0.5791250491756341
13799.999999999998 0.5790366297628053
13810.0 0.5790366297628053
13819.999999999998 0.5790366297628053
13830.0 0.5789924200563908
13839.999999999998 0.5788818957903549
13850.0 0.57868295211149
13859.999999999998 0.5785724278454539
13870.0 0.5785945326986612
13879.999999999998 0.5786387424050756
13890.0 0.5785945326986612
13899.999999999998 0.5786387424050756
13910.0 0.5788597909371477
13919.999999999998 0.5790587346160125
13930.0 0.5790145249095981
13939.999999999998 0.5788376860839404
13950.0 0.5787713715243189
13959.999999999998 0.5788155812307333
13970.0 0.5789482103499765
13980.0 0.5790145249095981
13990.0 0.5788818957903549
14000.0 0.5787050569646972
14010.0 0.5785945326986612
14020.0 0.5785945326986612
14030.0 0.5786608472582828
14040.0 0.5787271618179044
14050.0 0.57868295211149
14060.0 0.5785724278454539
14070.0 0.5784176938730035
14080.0 0.5782850647537602
14090.0 0.5781966453409314
14100.0 0.5780198065152737
14110.0 0.5777545482767873
14120.0 0.5775334997447151
14130.0 0.5775334997447151
14140.0 0.5775777094511295
14150.0 0.5774450803318864
14160.0 0.5772682415062287
14170.0 0.5771135075337782
14180.0 0.5770692978273638
14190.0 0.5771356123869854
14200.0 0.5772019269466071
14210.0 0.5772240317998143
14220.0 0.5773566609190575
14230.0 0.5777103385703729
14240.0 0.578152435634517
14250.0 0.5784840084326252
14260.0 0.5786608472582828
14270.0 0.5786608472582828
14280.0 0.5786608472582828
14290.0 0.5787713715243189
14300.0 0.5789040006435621
14310.0 0.5789924200563908
14320.0 0.5790587346160125
14330.0 0.5791029443224269
14340.0 0.5791913637352558
14350.0 0.5793018880012918
14360.0 0.5793903074141207
14370.0 0.5794566219737423
14380.0 0.5794787268269496
14390.0 0.5794566219737423
14400.0 0.5794566219737423
14410.0 0.5795892510929855
14420.0 0.5797660899186431
14430.0 0.5798545093314721
14440.0 0.5798545093314721
14450.0 0.5798324044782648
14460.0 0.5797881947718504
14470.0 0.5798102996250576
14480.0 0.5798987190378865
14490.0 0.5800092433039225
14500.0 0.5801639772763729
14510.0 0.5802966063956162
14520.0 0.5803629209552378
14530.0 0.5803187112488234
14540.0 0.5802966063956162
14550.0 0.580385025808445
14560.0 0.5804955500744811
14570.0 0.5805397597808954
14580.0 0.5805839694873098
14590.0 0.5807165986065531
14600.0 0.5808271228725892
14610.0 0.5808492277257964
14620.0 0.5808713325790036
14630.0 0.5809376471386252
14640.0 0.5810039616982469
14650.0 0.5810039616982469
14660.0 0.5810039616982469
14670.0 0.5811144859642828
14680.0 0.5812692199367333
14690.0 0.5813797442027694
14700.0 0.5814239539091838
14710.0 0.5813797442027694
14720.0 0.5813797442027694
14730.0 0.5815123733220126
14740.0 0.581667107294463
14750.0 0.5817555267072919
14760.0 0.5817997364137063
14770.0 0.5818660509733279
14780.0 0.5819544703861567
