mejiro/data/filter_response/RomanSCA05-F158.ecsv
# %ECSV 1.0
# ---
# datatype:
# - {name: wavelength, unit: Angstrom, datatype: float64}
# - {name: response, datatype: float64}
# meta:
#   __serialized_columns__:
#     wavelength:
#       __class__: astropy.units.quantity.Quantity
#       unit: !astropy.units.Unit {unit: Angstrom}
#       value: !astropy.table.SerializedColumn {name: wavelength}
#   band_name: F158
#   group_name: RomanSCA05
# schema: astropy-2.0
wavelength response
13700.000000000002 0.0
13710.0 2.2104853207207685e-05
13720.000000000002 4.420970641441537e-05
13730.0 0.0001326291192432461
13740.000000000002 0.000419992210936946
13750.0 0.0011715572199820074
13759.999999999998 0.0029841551829730374
13770.0 0.006918819053856006
13779.999999999998 0.014766041942414734
13790.0 0.028979462554649275
13799.999999999998 0.05236639724787501
13810.0 0.08740258958129918
13819.999999999998 0.13510486280245337
13830.0 0.19421324027852674
13839.999999999998 0.26077095328542904
13850.0 0.32892021572325036
13859.999999999998 0.39242745898755804
13870.0 0.44638540566635204
13879.999999999998 0.4880088442555241
13890.0 0.5171430407826239
13899.999999999998 0.5357774320362999
13910.0 0.5467856489334892
13919.999999999998 0.5526655398866065
13930.0 0.5553402271246787
13939.999999999998 0.5563570503722103
13950.0 0.55675493772994
13959.999999999998 0.5569317765555976
13970.0 0.5571086153812553
13980.0 0.5571749299408769
13990.0 0.5570423008216336
14000.0 0.5568212522895616
14010.0 0.5567107280235255
14020.0 0.5566886231703184
14030.0 0.5567328328767328
14040.0 0.55675493772994
14050.0 0.5566886231703184
14060.0 0.556555994051075
14070.0 0.5563791552254175
14080.0 0.556224421252967
14090.0 0.5560917921337237
14100.0 0.5559149533080661
14110.0 0.5556054853631652
14120.0 0.5553623319778859
14130.0 0.5553402271246787
14140.0 0.5553402271246787
14150.0 0.5552075980054354
14160.0 0.5549865494733633
14170.0 0.5548097106477057
14180.0 0.5547212912348769
14190.0 0.5547655009412913
14200.0 0.5547876057944985
14210.0 0.5547876057944985
14220.0 0.5548539203541201
14230.0 0.555163388299021
14240.0 0.5555612756567507
14250.0 0.5558486387484445
14260.0 0.5559812678676878
14270.0 0.5559591630144805
14280.0 0.5559149533080661
14290.0 0.5559812678676878
14300.0 0.5560917921337237
14310.0 0.5561360018401381
14320.0 0.5561581066933454
14330.0 0.5561802115465525
14340.0 0.5562465261061742
14350.0 0.5563128406657959
14360.0 0.5563791552254175
14370.0 0.5564233649318319
14380.0 0.5564012600786247
14390.0 0.5563570503722103
14400.0 0.556334945519003
14410.0 0.5564454697850391
14420.0 0.5565780989042823
14430.0 0.556644413463904
14440.0 0.556644413463904
14450.0 0.5565780989042823
14460.0 0.556533889197868
14470.0 0.556555994051075
14480.0 0.5566002037574895
14490.0 0.5567107280235255
14500.0 0.5568433571427688
14510.0 0.5569538814088049
14520.0 0.5570201959684264
14530.0 0.5569759862620121
14540.0 0.5569538814088049
14550.0 0.5570201959684264
14560.0 0.5571307202344625
14570.0 0.5571749299408769
14580.0 0.5572191396472913
14590.0 0.5573517687665346
14600.0 0.5574622930325707
14610.0 0.557506502738985
14620.0 0.557506502738985
14630.0 0.5575949221518138
14640.0 0.5576612367114355
14650.0 0.5576612367114355
14660.0 0.5576833415646427
14670.0 0.5577938658306788
14680.0 0.5579485998031292
14690.0 0.5580812289223724
14700.0 0.558147543481994
14710.0 0.5581254386287868
14720.0 0.5581254386287868
14730.0 0.5582580677480301
14740.0 0.558457011426895
14750.0 0.5585454308397239
14760.0 0.5586117453993454
14770.0 0.5587001648121742
14780.0 0.558788584225003
14790.000000000002 0.5588991084910391
14800.0 0.5590096327570752
14810.000000000002 0.5591643667295256
14820.0 0.5592969958487688
14830.000000000002 0.5593633104083905
14840.0 0.5594296249680122
14850.000000000002 0.559518044380841
14860.0 0.5596506735000842
14870.000000000002 0.559739092912913
14880.0 0.5598054074725347
14890.000000000002 0.5598496171789491
14900.0 0.5599380365917779
14910.000000000002 0.5600706657110212
14920.0 0.5602032948302643
14930.000000000002 0.560269609389886
14940.0 0.5603580288027149
14950.000000000002 0.5605348676283725
14960.0 0.5607117064540301
14970.000000000002 0.5608222307200662
14980.0 0.5608885452796878
14990.000000000002 0.5609106501328951
15000.0 0.5609548598393095
15009.999999999998 0.5610874889585526
15020.0 0.5612643277842103
15029.999999999998 0.5614190617566608
15040.0 0.5615737957291113
15049.999999999998 0.5617064248483545
15060.0 0.5618390539675978
15069.999999999998 0.561971683086841
15080.0 0.5620601024996698
15089.999999999998 0.5620601024996698
15100.0 0.5621043122060843
15109.999999999998 0.5622590461785347
15120.0 0.5624800947106068
15129.999999999998 0.5626790383894716
15140.0 0.5628116675087149
15149.999999999998 0.5628558772151293
15160.0 0.5628779820683365
15169.999999999998 0.5629000869215437
15180.0 0.5629664014811654
15189.999999999998 0.5630548208939942
15200.0 0.5631432403068231
15209.999999999998 0.563253764572859
15220.0 0.5633642888388951
15230.0 0.5634748131049312
15240.0 0.56356323251776
15250.0 0.5636958616370032
15260.0 0.5638505956094537
15270.0 0.5640053295819041
15280.0 0.5640937489947329
15290.0 0.5641379587011472
15300.0 0.5642263781139762
15310.0 0.5644032169396339
15320.0 0.5645800557652915
15330.0 0.564624265471706
15340.0 0.564624265471706
15350.0 0.5646684751781204
15360.0 0.5647347897377419
15370.0 0.5648011042973635
15380.0 0.5648895237101924
15390.0 0.56506636253585
15400.0 0.5652210965083005
15410.0 0.5652653062147149
15420.0 0.5652432013615077
15430.0 0.5651989916550934
15440.0 0.5652653062147149
15450.0 0.5654642498935798
15460.0 0.5656631935724447
15470.0 0.5657516129852735
15480.0 0.5658179275448951
15490.0 0.5659284518109312
15500.0 0.5659947663705528
15510.0 0.5659947663705528
15520.0 0.5659726615173456
15530.0 0.5660610809301744
15540.0 0.5661716051962105
15550.0 0.566237919755832
15560.0 0.5662600246090393
15570.0 0.5661937100494177
15580.0 0.5662158149026248
15590.0 0.5663484440218681
15600.0 0.5664810731411114
15610.0 0.5664589682879042
15620.0 0.5664589682879042
15630.0 0.5666358071135619
15640.0 0.5668347507924266
15650.0 0.5668568556456339
15660.0 0.5668347507924266
15670.0 0.5668347507924266
15680.0 0.5669452750584627
15690.0 0.5671221138841204
15700.0 0.5672326381501565
15710.0 0.5671442187373276
15720.0 0.5670557993244988
15730.0 0.5671884284437421
15740.0 0.5674094769758141
15750.0 0.5675200012418501
15760.0 0.5675421060950573
15770.0 0.5674978963886429
15780.0 0.5674536866822285
15790.0 0.5674978963886429
15800.0 0.5675642109482646
15810.0 0.5675863158014717
15820.0 0.5676526303610934
15830.0 0.5677631546271293
15840.0 0.5678736788931654
15850.0 0.5678736788931654
15860.0 0.5678736788931654
15870.0 0.5680284128656159
15880.0 0.5682273565444809
15890.0 0.5683157759573096
15900.0 0.568359985663724
15910.0 0.5683820905169312
15920.0 0.5684484050765528
15930.0 0.5686252439022105
15940.0 0.5688020827278681
15950.0 0.5688462924342825
15960.0 0.5688462924342825
15970.0 0.5688683972874898
15980.0 0.5689789215535258
15990.0 0.569199970085598
16000.0 0.5693989137644627
16010.0 0.5694873331772916
16020.0 0.569531542883706
16030.0 0.5695978574433276
16040.000000000002 0.5697304865625709
16050.0 0.5698631156818141
16060.000000000002 0.5700399545074718
16070.0 0.5702167933331295
16080.000000000002 0.5703715273055798
16090.0 0.5704820515716159
16100.000000000002 0.570592575837652
16110.0 0.5707915195165169
16120.000000000002 0.5709904631953817
16130.0 0.5710567777550034
16140.000000000002 0.571123092314625
16150.0 0.5713220359934899
16160.000000000002 0.5715651893787691
16170.0 0.5718304476172557
16180.000000000002 0.5720293912961205
16190.0 0.5721841252685709
16200.000000000002 0.5723167543878143
16210.0 0.5724493835070574
16220.000000000002 0.5726041174795078
16230.0 0.5727809563051656
16240.000000000002 0.5729577951308232
16250.0 0.573046214543652
16259.999999999998 0.5732009485161025
16270.0 0.5734441019013817
16279.999999999998 0.5736651504334539
16290.0 0.5737535698462827
16299.999999999998 0.5738198844059043
16310.0 0.5740188280847692
16319.999999999998 0.5742840863232557
16330.0 0.5745272397085349
16339.999999999998 0.5747261833873999
16350.0 0.5749030222130574
16359.999999999998 0.5750577561855079
16370.0 0.5752566998643728
16379.999999999998 0.5754777483964449
16390.0 0.5756766920753097
16400.0 0.5758314260477602
16410.0 0.575919845460589
16420.0 0.5760745794330395
16430.0 0.576339837671526
16440.0 0.5766050959100124
16450.0 0.5767156201760485
16460.0 0.5767598298824629
16470.0 0.576870354148499
16480.0 0.5770029832677422
16490.0 0.5771356123869854
16500.0 0.5773124512126431
16510.0 0.5776219191575441
16520.0 0.5778429676896161
16530.0 0.5777987579832017
16540.0 0.5777766531299945
16550.0 0.5779977016620665
16560.0 0.5783071696069675
16570.0 0.5785061132858323
16580.0 0.5786166375518683
16590.0 0.5787271618179044
16600.0 0.5789261054967694
16610.0 0.5792355734416702
16620.0 0.5794345171205351
16630.0 0.5793682025609135
16640.0 0.5793018880012918
16650.0 0.5795008316801566
16660.0 0.5798102996250576
16670.0 0.5800313481571296
16680.0 0.5801197675699585
16690.0 0.5800755578635441
16700.0 0.5800534530103368
16710.0 0.5802081869827873
16720.0 0.580385025808445
16730.0 0.5804292355148594
16740.0 0.5804734452212738
16750.0 0.5806723889001387
16760.0 0.5808934374322108
16770.0 0.5810039616982469
16780.0 0.5811144859642828
16790.0 0.5813134296431477
16800.0 0.5815344781752197
16810.0 0.581667107294463
16820.0 0.5817776315604991
16830.0 0.5819323655329496
16840.0 0.5820428897989857
16850.0 0.5821313092118144
16860.0 0.582197623771436
16870.0 0.5823081480374721
16880.0 0.5824628820099225
16890.0 0.5825955111291657
16900.0 0.5827060353952018
16910.0 0.5827944548080306
16920.0 0.5829270839272739
16930.0 0.5831923421657604
16940.0 0.5833912858446253
16950.0 0.5834133906978325
16960.0 0.5834797052574541
16970.0 0.583789173202355
16980.0 0.5840323265876343
16990.0 0.5840102217344271
17000.0 0.5839660120280126
17010.0 0.5842091654132919
17020.0 0.5845849479178145
17030.0 0.5848281013030938
17040.0 0.5849386255691298
17050.0 0.5849386255691298
17060.0 0.584960730422337
17070.0 0.585159674101202
17080.0 0.5854028274864811
17090.0 0.5855354566057244
17100.0 0.585601771165346
17110.0 0.585712295431382
17120.0 0.5858670294038325
17130.0 0.586021763376283
17140.0 0.5861322876423191
17150.0 0.5861764973487334
17160.0 0.5863091264679766
17170.0 0.586662804119292
17180.0 0.5869943769174001
17190.0 0.5870827963302289
17200.0 0.5871049011834362
17210.0 0.5872375303026794
17220.0 0.587414369128337
17230.0 0.5875248933943731
17240.0 0.5876575225136164
17250.0 0.5878564661924812
17260.0 0.5880554098713461
17270.0 0.5881217244309677
17280.0 0.5881659341373822
17290.0 0.5882764584034181
17300.0 0.5884311923758686
17310.0 0.5886301360547335
17320.0 0.5888290797335983
17330.0 0.5889838137060488
17340.0 0.5891385476784993
17350.0 0.5893153865041568
17360.0 0.5894922253298145
17370.0 0.5895806447426434
17380.0 0.5895806447426434
17390.0 0.5895364350362289
17400.0 0.5895806447426434
17410.0 0.5898459029811299
17420.0 0.5901332660728236
17430.0 0.590288000045274
17440.0 0.5903764194581028
17450.0 0.5905532582837606
17460.0 0.5906858874030038
17470.0 0.590707992256211
17480.0 0.590707992256211
17490.0 0.5907522019626253
17500.0 0.5908406213754542
17510.0 0.5908848310818686
17520.0 0.5910174602011119
17530.0 0.5912827184395983
17540.0 0.5915479766780849
17550.0 0.5916363960909137
17560.0 0.5916363960909137
17570.0 0.5916806057973281
17580.0 0.5917248155037425
17590.0 0.5918353397697785
17600.0 0.5919679688890218
17610.0 0.5921448077146795
17620.0 0.5922553319807156
17630.0 0.5922553319807156
17640.0 0.5922553319807156
17650.0 0.5923658562467516
17660.0 0.592520590219202
17670.0 0.5925647999256164
17680.0 0.5924321708063731
17690.0 0.5921227028614723
17700.0 0.591459557265256
17710.0 0.5901774757792381
17720.0 0.5877901516328595
17730.0 0.5834797052574541
17740.0 0.5763177328183188
17750.0 0.5650000479762285
17760.0 0.5480235207130929
17770.0 0.5239955452768581
17780.0 0.49200982268602866
17790.0 0.45188951411494666
17800.0 0.40429776515982857
17810.0 0.3509587543708364
17820.0 0.29454716898604244
17830.0 0.23824610786728445
17840.0 0.1852165650231932
17850.0 0.13808901798542642
17860.0 0.09852133074452465
17870.0 0.06713243919028974
17880.0 0.04363498023102797
17890.0 0.02701213061920779
17900.0 0.015893389455982326
17910.0 0.00888615098929749
17920.0 0.004730438586342444
17930.0 0.0023873241463784303
17940.0 0.0011494523667747996
17950.0 0.0005084116237657767
17960.0 0.00022104853207207686
17970.0 8.841941282883074e-05
17980.0 4.420970641441537e-05
17990.0 2.2104853207207685e-05
18000.0 0.0
