mejiro/data/filter_response/RomanSCA07-F146.ecsv
# %ECSV 1.0
# ---
# datatype:
# - {name: wavelength, unit: Angstrom, datatype: float64}
# - {name: response, datatype: float64}
# meta:
#   __serialized_columns__:
#     wavelength:
#       __class__: astropy.units.quantity.Quantity
#       unit: !astropy.units.Unit {unit: Angstrom}
#       value: !astropy.table.SerializedColumn {name: wavelength}
#   band_name: F146
#   group_name: RomanSCA07
# schema: astropy-2.0
wavelength response
9110.0 0.0
9120.0 4.420970641441537e-05
9130.0 0.0001326291192432461
9140.0 0.0004863067705585691
9150.0 0.0015252348712973302
9160.0 0.004288341522198291
9170.0 0.010720853805495728
9180.0 0.02393955602340592
9190.0 0.04796753145964068
9200.0 0.08651839545301089
9210.0 0.14111738287481385
9220.0 0.2094213792850856
9230.0 0.2849094529876998
9240.0 0.3586291384337375
9250.0 0.42218059140445957
9260.0 0.47059021992824435
9270.0 0.5032390881152902
9280.0 0.5227134637908402
9290.0 0.533014325385399
9300.0 0.5379437076506063
9310.0 0.5401762978245342
9320.0 0.5411931210720657
9330.0 0.5416794278426244
9340.0 0.5420331054939397
9350.0 0.5424309928516694
9360.0 0.5428509850626063
9370.0 0.5432709772735432
9380.0 0.5436909694844803
9390.0 0.5441551714018316
9400.0 0.5445530587595613
9410.0 0.5448625267044622
9420.0 0.545149889796156
9430.0 0.5455919868603001
9440.0 0.546011979071237
9450.0 0.5462772373097234
9460.0 0.5465424955482101
9470.0 0.546962487759147
9480.0 0.5474045848232911
9490.0 0.5477361576213993
9500.0 0.5480677304195074
9510.0 0.5485319323368587
9520.0 0.5489961342542101
9530.0 0.5493277070523183
9540.0 0.5495708604375975
9550.0 0.5498582235292911
9560.0 0.5502119011806065
9570.0 0.550587683685129
9580.0 0.5509634661896516
9590.0 0.5512287244281381
9600.0 0.5514718778134173
9610.0 0.5518255554647327
9620.0 0.552179233116048
9630.0 0.5524665962077416
9640.0 0.5527539592994354
9650.0 0.5530413223911291
9660.0 0.5532844757764084
9670.0 0.553461314602066
9680.0 0.5536602582809309
9690.0 0.5540360407854534
9700.0 0.554411823289976
9710.0 0.554632871822048
9720.0 0.5548318155009129
9730.0 0.555163388299021
9740.0 0.5554949610971291
9750.0 0.555693904775994
9760.0 0.5559370581612734
9770.0 0.5562686309593814
9780.0 0.5566002037574895
9790.0 0.55675493772994
9800.0 0.5568875668491832
9810.0 0.5571528250876697
9820.0 0.5574180833261562
9830.0 0.5575728172986067
9840.0 0.5577054464178499
9850.0 0.5579485998031292
9860.0 0.5582801726012373
9870.0 0.5585454308397239
9880.0 0.5587001648121742
9890.0 0.5587222696653815
9900.0 0.5587664793717959
9910.0 0.5590096327570752
9920.0 0.5593191007019761
9930.0 0.5594517298212193
9940.0 0.559518044380841
9950.0 0.5596948832064986
9960.0 0.5598717220321563
9970.0 0.5600043511513995
9980.0 0.5601811899770571
9990.0 0.5604464482155437
10000.0 0.5607338113072374
10009.999999999998 0.5609106501328951
10020.0 0.5610432792521383
10029.999999999998 0.56110959381176
10040.0 0.5611759083713815
10049.999999999998 0.5612864326374176
10060.0 0.561441166609868
10069.999999999998 0.5615959005823185
10080.0 0.5617285297015617
10089.999999999998 0.5617727394079761
10100.0 0.5618611588208049
10109.999999999998 0.5620379976464627
10120.0 0.5622369413253274
10129.999999999998 0.5623695704445707
10140.0 0.5624358850041924
10149.999999999998 0.5624358850041924
10160.0 0.5624579898573996
10169.999999999998 0.5625685141234356
10180.0 0.562723248095886
10189.999999999998 0.5628558772151293
10200.0 0.562922191774751
10209.999999999998 0.5629885063343726
10220.0 0.5630548208939942
10230.0 0.5631432403068231
10240.0 0.5632316597196518
10250.0 0.563253764572859
10260.0 0.563253764572859
10270.0 0.5632316597196518
10280.0 0.5632758694260662
10290.0 0.5634084985453095
10300.0 0.5634969179581383
10310.0 0.5634748131049312
10320.0 0.5634306033985167
10330.0 0.5634527082517239
10340.0 0.5634969179581383
10350.0 0.5635190228113456
10360.0 0.5635190228113456
10370.0 0.5635190228113456
10380.0 0.5634748131049312
10390.0 0.5634306033985167
10400.0 0.5633421839856879
10410.0 0.563253764572859
10420.0 0.5632316597196518
10430.0 0.5632979742792734
10440.0 0.5633200791324806
10450.0 0.5631432403068231
10460.0 0.5629442966279581
10470.0 0.5628558772151293
10480.0 0.5629000869215437
10490.0 0.5629664014811654
10500.0 0.562922191774751
10510.0 0.5627453529490932
10520.0 0.5625243044170212
10530.0 0.5624579898573996
10540.0 0.5624579898573996
10550.0 0.5624358850041924
10560.0 0.5623916752977779
10570.0 0.5623032558849491
10580.0 0.5621264170592914
10590.0 0.5618169491143905
10600.0 0.5615516908759041
10610.0 0.5614632714630752
10620.0 0.5614190617566608
10630.0 0.561330642343832
10640.0 0.5611538035181743
10650.0 0.5608885452796878
10660.0 0.5606232870412013
10670.0 0.5604464482155437
10680.0 0.5603138190963004
10690.0 0.5601148754174355
10700.0 0.5599380365917779
10710.0 0.5598054074725347
10720.0 0.5596948832064986
10730.0 0.5595622540872554
10740.0 0.5594517298212193
10750.0 0.5593633104083905
10760.0 0.5592527861423544
10770.0 0.5590317376102824
10780.0 0.5587664793717959
10790.0 0.5585233259865166
10800.0 0.5583685920140661
10810.0 0.5583464871608589
10820.0 0.5582801726012373
10830.0 0.558037019215958
10840.0 0.5577938658306788
10850.0 0.5577275512710571
10860.0 0.5576612367114355
10870.0 0.5574843978857777
10880.0 0.5572412445004986
10890.0 0.5570644056748408
10900.0 0.5569538814088049
10910.0 0.5568212522895616
10920.0 0.5566665183171111
10930.0 0.5564896794914534
10940.0 0.5563128406657959
10950.0 0.5562023163997598
10960.0 0.5560696872805165
10970.0 0.5558928484548589
10980.0 0.5559370581612734
10990.0 0.5563570503722103
11000.0 0.5567770425831472
11010.0 0.5567770425831472
11020.0 0.5566002037574895
11030.0 0.556533889197868
11040.000000000002 0.556555994051075
11050.0 0.556555994051075
11060.000000000002 0.5566002037574895
11070.0 0.556644413463904
11080.000000000002 0.5566223086106967
11090.0 0.5564896794914534
11100.000000000002 0.5564012600786247
11110.0 0.5564675746382463
11120.000000000002 0.5566002037574895
11130.0 0.5566223086106967
11140.000000000002 0.556644413463904
11150.0 0.5567770425831472
11160.000000000002 0.5568654619959761
11170.0 0.5567328328767328
11180.000000000002 0.5566223086106967
11190.0 0.5567328328767328
11200.000000000002 0.5568875668491832
11210.0 0.5568875668491832
11220.000000000002 0.5568654619959761
11230.0 0.5569759862620121
11240.000000000002 0.5570201959684264
11250.0 0.5568875668491832
11259.999999999998 0.5567328328767328
11270.0 0.5566886231703184
11279.999999999998 0.5567328328767328
11290.0 0.5567770425831472
11299.999999999998 0.5568433571427688
11310.0 0.5569317765555976
11319.999999999998 0.5569980911152193
11330.0 0.5569980911152193
11339.999999999998 0.5569759862620121
11350.0 0.5569759862620121
11359.999999999998 0.5569759862620121
11370.0 0.5569317765555976
11379.999999999998 0.5569317765555976
11390.0 0.5569980911152193
11399.999999999998 0.5571086153812553
11410.0 0.5572191396472913
11419.999999999998 0.5572412445004986
11430.0 0.5571749299408769
11439.999999999998 0.5571086153812553
11450.0 0.5571307202344625
11459.999999999998 0.5571970347940841
11470.0 0.5572191396472913
11480.0 0.5571749299408769
11490.0 0.5571307202344625
11500.0 0.5570865105280481
11510.0 0.5570865105280481
11520.0 0.5570423008216336
11530.0 0.5569538814088049
11540.0 0.5568875668491832
11550.0 0.5569538814088049
11560.0 0.5569980911152193
11570.0 0.5568654619959761
11580.0 0.5567107280235255
11590.0 0.5566886231703184
11600.0 0.5567107280235255
11610.0 0.5567107280235255
11620.0 0.556644413463904
11630.0 0.5564896794914534
11640.0 0.5563570503722103
11650.0 0.5562907358125886
11660.0 0.5562686309593814
11670.0 0.5562023163997598
11680.0 0.5561581066933454
11690.0 0.5562023163997598
11700.0 0.5562023163997598
11710.0 0.5560033727208948
11720.0 0.5557602193356157
11730.0 0.5556275902163723
11740.0 0.5555612756567507
11750.0 0.5554949610971291
11760.0 0.5554286465375076
11770.0 0.5553402271246787
11780.0 0.5552960174182643
11790.0 0.5553623319778859
11800.0 0.5554065416843003
11810.0 0.5553181222714715
11820.0 0.5552075980054354
11830.0 0.555163388299021
11840.0 0.5551191785926066
11850.0 0.5549865494733633
11860.0 0.5548318155009129
11870.0 0.5546549766752552
11880.0 0.5545665572624264
11890.0 0.5545665572624264
11900.0 0.5545444524092192
11910.0 0.5543897184367688
11920.0 0.5542128796111111
11930.0 0.5541907747579039
11940.0 0.5541686699046967
11950.0 0.5540139359322462
11960.0 0.5538592019597958
11970.0 0.5538592019597958
11980.0 0.5538592019597958
11990.0 0.5537707825469669
12000.0 0.5536381534277237
12010.0 0.5535718388681021
12020.0 0.5535718388681021
12030.0 0.5535276291616877
12040.0 0.5535276291616877
12050.0 0.5535497340148948
12060.0 0.5535718388681021
12070.0 0.553461314602066
12080.0 0.5532844757764084
12090.0 0.5531297418039579
12100.0 0.5530413223911291
12110.0 0.5530855320975435
12120.0 0.5530855320975435
12130.0 0.5529529029783002
12140.0 0.5527760641526426
12150.0 0.5527539592994354
12160.0 0.5528202738590571
12170.0 0.5529086932718859
12180.0 0.5529086932718859
12190.0 0.5527539592994354
12200.0 0.5526434350333994
12210.0 0.5526655398866065
12220.0 0.5527318544462282
12230.0 0.5526876447398138
12240.0 0.5525992253269849
12250.0 0.5526213301801921
12260.0 0.5526434350333994
12270.0 0.5525771204737777
12280.0 0.5524887010609489
12290.000000000002 0.5524887010609489
12300.0 0.5524665962077416
12310.000000000002 0.5523560719417057
12320.0 0.5522013379692552
12330.000000000002 0.5521129185564264
12340.0 0.5520466039968047
12350.000000000002 0.5519802894371831
12360.0 0.551869765171147
12370.000000000002 0.5517592409051111
12380.0 0.5516929263454894
12390.000000000002 0.5517150311986966
12400.0 0.5517150311986966
12410.000000000002 0.5515160875198318
12420.0 0.5513171438409669
12430.000000000002 0.5513613535473812
12440.0 0.5513834584005886
12450.000000000002 0.5512066195749308
12460.0 0.5509855710428587
12470.000000000002 0.55089715163003
12480.0 0.55089715163003
12490.000000000002 0.5508308370704083
12500.0 0.5507424176575795
12509.999999999998 0.550587683685129
12520.0 0.5504108448594714
12529.999999999998 0.5502782157402281
12540.0 0.5501676914741921
12549.999999999998 0.5501234817677777
12560.0 0.550057167208156
12569.999999999998 0.5499245380889128
12580.0 0.5497034895568408
12589.999999999998 0.549416126465147
12600.0 0.549195077933075
12609.999999999998 0.5491508682266606
12620.0 0.5491287633734533
12629.999999999998 0.5490182391074172
12640.0 0.5488414002817597
12649.999999999998 0.5487308760157236
12660.0 0.5485982468964803
12669.999999999998 0.5483329886579938
12680.0 0.5480898352727145
12689.999999999998 0.5479572061534713
12700.0 0.5478687867406424
12709.999999999998 0.5477361576213993
12720.0 0.5476477382085704
12730.0 0.5475814236489488
12740.0 0.5474487945297055
12750.0 0.5471614314380118
12760.0 0.5468961731995253
12770.0 0.5468519634931109
12780.0 0.5468961731995253
12790.0 0.5468519634931109
12800.0 0.5466972295206605
12810.0 0.5464098664289668
12820.0 0.5461667130436875
12830.0 0.5460561887776515
12840.0 0.5460340839244443
12850.0 0.5460340839244443
12860.0 0.5459677693648226
12870.0 0.5458351402455794
12880.0 0.5456804062731289
12890.0 0.5456140917135074
12900.0 0.5455698820070929
12910.0 0.5455256723006785
12920.0 0.5454372528878496
12930.0 0.5453267286218136
12940.0 0.5452383092089848
12950.0 0.5452383092089848
12960.0 0.5452162043557776
12970.0 0.5451277849429488
12980.0 0.5450393655301199
12990.0 0.5451056800897416
13000.0 0.5451719946493632
13010.0 0.545149889796156
13020.0 0.5450614703833272
13030.0 0.5449951558237055
13040.0 0.5449951558237055
13050.0 0.5450393655301199
13060.0 0.545149889796156
13070.0 0.545260414062192
13080.0 0.5453488334750207
13090.0 0.5453930431814352
13100.0 0.5455035674474713
13110.0 0.5457909305391649
13120.0 0.546011979071237
13130.0 0.5459898742180299
13140.0 0.5458793499519938
13150.0 0.5459235596584082
13160.0 0.5460782936308587
13170.0 0.546233027603309
13180.0 0.5463656567225523
13190.0 0.5464098664289668
13200.0 0.5464761809885884
13210.0 0.5465867052546245
13220.0 0.5467414392270749
13230.0 0.5469182780527326
13240.0 0.5470509071719758
13250.0 0.5471614314380118
13260.0 0.5472940605572552
13270.0 0.5474487945297055
13280.0 0.5475593187957416
13290.0 0.5476256333553632
13300.0 0.5476919479149849
13310.0 0.5478908915938497
13320.0 0.548134044979129
13330.0 0.5483329886579938
13340.0 0.548465617777237
13350.0 0.5485098274836515
13360.0 0.5486203517496876
13370.0 0.5488414002817597
13380.0 0.5489961342542101
13390.0 0.5489961342542101
13400.0 0.5489298196945884
13410.0 0.5489961342542101
13420.0 0.5491508682266606
13430.0 0.5493498119055253
13440.0 0.5495045458779758
13450.0 0.5496371749972191
13460.0 0.5497476992632552
13470.0 0.5498803283824983
13480.0 0.5499908526485344
13490.0 0.550057167208156
13500.0 0.5501013769145704
13510.0 0.5501234817677777
13520.0 0.5501234817677777
13530.0 0.5500792720613633
13540.000000000002 0.5500792720613633
13550.0 0.5501455866209849
13560.000000000002 0.5501897963273993
13570.0 0.5501013769145704
13580.000000000002 0.5500350623549489
13590.0 0.5501013769145704
13600.000000000002 0.5502119011806065
13610.0 0.5501455866209849
13620.000000000002 0.5499908526485344
13630.0 0.5498803283824983
13640.000000000002 0.5497919089696696
13650.0 0.5497255944100479
13660.000000000002 0.5497255944100479
13670.0 0.5497919089696696
13680.000000000002 0.5498582235292911
13690.0 0.549836118676084
13700.000000000002 0.5497476992632552
13710.0 0.5496592798504263
13720.000000000002 0.5495487555843903
13730.0 0.5495045458779758
13740.000000000002 0.5494603361715614
13750.0 0.5494603361715614
13759.999999999998 0.5494382313183542
13770.0 0.549416126465147
13779.999999999998 0.5493277070523183
13790.0 0.549195077933075
13799.999999999998 0.5490624488138317
13810.0 0.5489740294010028
13819.999999999998 0.5489077148413812
13830.0 0.5488192954285525
13839.999999999998 0.5486424566028948
13850.0 0.5483993032176155
13859.999999999998 0.5482224643919579
13870.0 0.5481782546855435
13879.999999999998 0.5481561498323362
13890.0 0.5480677304195074
13899.999999999998 0.5480235207130929
13910.0 0.5481782546855435
13919.999999999998 0.5483108838047867
13930.0 0.5482003595387506
13939.999999999998 0.5480014158598857
13950.0 0.5478687867406424
13959.999999999998 0.5478687867406424
13970.0 0.5479351013002641
13980.0 0.5479572061534713
13990.0 0.5478024721810208
14000.0 0.5475593187957416
14010.0 0.5474266896764983
14020.0 0.5473824799700839
14030.0 0.5474266896764983
14040.0 0.5474487945297055
14050.0 0.5473824799700839
14060.0 0.5472277459976335
14070.0 0.547073012025183
14080.0 0.5469403829059397
14090.0 0.5468077537866965
14100.0 0.5466309149610389
14110.0 0.5463656567225523
14120.0 0.5461446081904803
14130.0 0.5461225033372731
14140.0 0.5461446081904803
14150.0 0.5460340839244443
14160.0 0.5458351402455794
14170.0 0.5456804062731289
14180.0 0.5456361965667145
14190.0 0.5457025111263362
14200.0 0.5457688256859577
14210.0 0.5457909305391649
14220.0 0.5459014548052009
14230.0 0.546233027603309
14240.0 0.5466530198142461
14250.0 0.546962487759147
14260.0 0.5471393265848047
14270.0 0.5471393265848047
14280.0 0.5471614314380118
14290.0 0.5472498508508407
14300.0 0.5474045848232911
14310.0 0.5474930042361199
14320.0 0.5475372139425343
14330.0 0.547603528502156
14340.0 0.5476919479149849
14350.0 0.5478024721810208
14360.0 0.5478908915938497
14370.0 0.5479793110066785
14380.0 0.5480014158598857
14390.0 0.5479793110066785
14400.0 0.5480014158598857
14410.0 0.548134044979129
14420.0 0.5482887789515795
14430.0 0.5483993032176155
14440.0 0.5483993032176155
14450.0 0.5483771983644082
14460.0 0.548355093511201
14470.0 0.5483771983644082
14480.0 0.548465617777237
14490.0 0.5485982468964803
14500.0 0.5487308760157236
14510.0 0.5488635051349668
14520.0 0.5489298196945884
14530.0 0.548885609988174
14540.0 0.5488635051349668
14550.0 0.5489519245477956
14560.0 0.5490403439606245
14570.0 0.5490845536670389
14580.0 0.5491287633734533
14590.0 0.5492613924926966
14600.0 0.5493498119055253
14610.0 0.5493940216119397
14620.0 0.5493940216119397
14630.0 0.5494603361715614
14640.0 0.5495045458779758
14650.0 0.5495045458779758
14660.0 0.5494824410247686
14670.0 0.5495929652908047
14680.0 0.5497255944100479
14690.0 0.549836118676084
14700.0 0.5498803283824983
14710.0 0.5498140138228768
14720.0 0.5497919089696696
14730.0 0.5499024332357055
14740.0 0.550057167208156
14750.0 0.5501234817677777
14760.0 0.5501455866209849
