mejiro/data/filter_response/RomanSCA02-F213.ecsv
# %ECSV 1.0
# ---
# datatype:
# - {name: wavelength, unit: Angstrom, datatype: float64}
# - {name: response, datatype: float64}
# meta:
#   __serialized_columns__:
#     wavelength:
#       __class__: astropy.units.quantity.Quantity
#       unit: !astropy.units.Unit {unit: Angstrom}
#       value: !astropy.table.SerializedColumn {name: wavelength}
#   band_name: F213
#   group_name: RomanSCA02
# schema: astropy-2.0
wavelength response
19450.0 0.0
19460.0 2.2104853207207685e-05
19470.0 4.420970641441537e-05
19480.0 0.00011052426603603843
19490.0 0.0002652582384864922
19500.0 0.0005968310365946076
19510.0 0.001326291192432461
19520.0 0.002741001797693753
19530.0 0.005371479329351467
19540.0 0.01003560335607229
19550.0 0.017750197125387772
19560.0 0.02977523727010875
19570.0 0.04752543439549652
19580.0 0.07212813601511868
19590.0 0.10429069743160586
19600.0 0.14392469923212925
19610.0 0.19012384243519329
19620.0 0.24074395627969888
19630.0 0.2928672001422946
19640.0 0.34350941884000746
19650.0 0.3900622396943868
19660.0 0.43044780650395525
19670.0 0.4633619329294875
19680.0 0.48864988499853307
19690.0 0.506952703454101
19700.0 0.519397735809759
19710.0 0.5273112732579394
19720.0 0.5320859215506961
19730.0 0.5349595524676333
19740.0 0.536528997045345
19750.0 0.5371037232287323
19760.0 0.53728056205439
19770.0 0.5374574008800477
19780.0 0.5376342397057053
19790.0 0.5377668688249485
19800.0 0.5378552882377774
19810.0 0.5378552882377774
19820.0 0.5378773930909846
19830.0 0.5378994979441918
19840.0 0.5378994979441918
19850.0 0.5377668688249485
19860.0 0.5376563445589125
19870.0 0.5376342397057053
19880.0 0.5376342397057053
19890.0 0.5375679251460838
19900.0 0.5375016105864621
19910.0 0.5374795057332549
19920.0 0.5375237154396694
19930.0 0.5376121348524981
19940.0 0.5377226591185341
19950.0 0.5378110785313629
19960.0 0.5377889736781558
19970.0 0.5375237154396694
19980.0 0.537391086320426
19990.0 0.5376121348524981
20000.0 0.5378994979441918
20010.0 0.5378773930909846
20019.999999999996 0.5376563445589125
20030.0 0.5374574008800477
20040.0 0.5373247717608044
20050.0 0.5372142474947683
20059.999999999996 0.537059513522318
20070.0 0.5367942552838314
20080.0 0.536528997045345
20090.0 0.5363742630728945
20099.999999999996 0.5363742630728945
20110.0 0.5364626824857233
20120.0 0.5364626824857233
20130.0 0.5362195291004441
20139.999999999996 0.5359321660087504
20150.0 0.5357553271830927
20160.0 0.5357111174766783
20170.0 0.535689012623471
20179.999999999996 0.5355342786510205
20190.0 0.5351363912932908
20200.0 0.5346721893759395
20210.0 0.5343848262842458
20219.999999999996 0.5343185117246241
20230.0 0.5344953505502819
20240.0 0.5346500845227322
20250.0 0.5345616651099034
20259.999999999996 0.5343627214310387
20270.0 0.5342079874585881
20280.0 0.5341637777521737
20290.0 0.5341637777521737
20299.999999999996 0.5341195680457593
20310.0 0.5339427292201017
20320.0 0.5336995758348224
20330.0 0.5335006321559574
20339.999999999996 0.533345898183507
20350.0 0.5332132690642638
20360.0 0.5331690593578493
20370.0 0.5332795836238854
20379.999999999996 0.5333680030367143
20390.0 0.5333237933302999
20400.0 0.5331911642110566
20410.0 0.5331027447982278
20419.999999999996 0.5331248496514349
20430.0 0.5332795836238854
20440.0 0.533456422449543
20450.0 0.5335669467155791
20460.0 0.5335227370091647
20470.0 0.5333680030367143
20480.0 0.5331690593578493
20490.0 0.533014325385399
20500.0 0.5330364302386061
20510.0 0.533345898183507
20520.0 0.5335890515687863
20530.0 0.5335227370091647
20540.0 0.5335227370091647
20550.0 0.5338985195136872
20560.0 0.5342521971650026
20570.0 0.5341416728989665
20580.0 0.5339427292201017
20590.0 0.5340532534861376
20600.0 0.5343185117246241
20610.0 0.534517455403489
20620.0 0.5346279796695251
20630.0 0.5347606087887683
20640.0 0.5348711330548044
20650.0 0.5349816573208404
20660.0 0.5352248107061197
20670.0 0.5356448029170566
20680.0 0.5359100611555431
20690.0 0.5357995368895071
20700.0 0.5358658514491287
20710.0 0.5365511018985522
20720.0 0.5372142474947683
20730.0 0.5372142474947683
20740.0 0.5371700377883539
20750.0 0.5376784494121197
20760.0 0.5381868610358855
20770.0 0.5380542319166423
20780.0 0.5378110785313629
20790.0 0.5380984416230566
20800.0 0.5385626435404081
20810.0 0.5387836920724801
20820.0 0.5390047406045523
20830.000000000004 0.5394689425219036
20840.0 0.5398226201732189
20850.0 0.5398447250264261
20860.0 0.5398889347328405
20870.000000000004 0.5403310317969846
20880.0 0.5408394434207504
20890.0 0.541104701659237
20900.0 0.5411931210720657
20910.000000000004 0.5412594356316873
20920.0 0.5413920647509306
20930.0 0.5416352181362099
20940.0 0.5419004763746964
20950.000000000004 0.5420331054939397
20960.0 0.54218783946639
20970.0 0.5425194122644982
20980.0 0.5428951947690207
20990.000000000004 0.5432267675671288
21000.0 0.5433593966863721
21010.0 0.5433151869799577
21020.0 0.5433372918331649
21030.000000000004 0.5436467597780659
21040.0 0.543978332576174
21050.0 0.5440667519890028
21060.0 0.5441109616954172
21070.000000000004 0.5442878005210748
21080.0 0.5443320102274892
21090.0 0.5440446471357955
21100.0 0.543757284044102
21110.000000000004 0.5438899131633451
21120.0 0.544199381108246
21130.0 0.544420429640318
21140.0 0.544619373319183
21150.000000000004 0.5448625267044622
21160.0 0.545149889796156
21170.0 0.5454151480346424
21180.0 0.5455256723006785
21190.000000000004 0.5453267286218136
21200.0 0.5451719946493632
21210.0 0.5452825189153993
21220.0 0.5453488334750207
21230.000000000004 0.5449951558237055
21240.0 0.5445751636127686
21250.0 0.5444646393467325
21260.0 0.5446635830255974
21269.999999999996 0.5450614703833272
21280.0 0.5453046237686063
21290.0 0.5451940995025704
21300.0 0.5451056800897416
21309.999999999996 0.545370938328228
21320.0 0.5457246159795434
21330.0 0.5458793499519938
21340.0 0.5458793499519938
21349.999999999996 0.5458351402455794
21360.0 0.5456361965667145
21370.0 0.545149889796156
21380.0 0.5448625267044622
21389.999999999996 0.5450614703833272
21400.0 0.5453046237686063
21410.0 0.5450835752365343
21420.0 0.544840421851255
21429.999999999996 0.5449951558237055
21440.0 0.5453267286218136
21450.0 0.545481462594264
21460.0 0.5455477771538857
21469.999999999996 0.5455919868603001
21480.0 0.5456361965667145
21490.0 0.5456583014199218
21500.0 0.5457909305391649
21509.999999999996 0.5460782936308587
21520.0 0.5462551324565164
21530.0 0.546011979071237
21540.0 0.5456361965667145
21549.999999999996 0.5454593577410568
21560.0 0.5453930431814352
21570.0 0.5452825189153993
21580.0 0.5451940995025704
21589.999999999996 0.5452383092089848
21600.0 0.5454372528878496
21610.0 0.5457467208327506
21620.0 0.5460340839244443
21629.999999999996 0.5460782936308587
21640.0 0.5460561887776515
21650.0 0.5461003984840659
21660.0 0.5461888178968947
21669.999999999996 0.5463214470161379
21680.0 0.5463656567225523
21690.0 0.5462551324565164
21700.0 0.5461225033372731
21710.0 0.5461003984840659
21720.0 0.5460782936308587
21730.0 0.546011979071237
21740.0 0.546011979071237
21750.0 0.5461888178968947
21760.0 0.5464098664289668
21770.0 0.5464982858417956
21780.0 0.5466088101078316
21790.0 0.5469403829059397
21800.0 0.5473161654104622
21810.0 0.5474930042361199
21820.0 0.5474266896764983
21830.0 0.5471393265848047
21840.0 0.5468961731995253
21850.0 0.5469182780527326
21860.0 0.5469845926123542
21870.0 0.5468077537866965
21880.0 0.5467856489334892
21890.0 0.5471614314380118
21900.0 0.5474487945297055
21910.0 0.5471614314380118
21920.0 0.5468077537866965
21930.0 0.5468519634931109
21940.0 0.5470509071719758
21950.0 0.5469845926123542
21960.0 0.5468298586399037
21970.0 0.5468298586399037
21980.0 0.5470509071719758
21990.0 0.5474930042361199
22000.0 0.5476477382085704
22010.0 0.5471393265848047
22020.0 0.5466088101078316
22030.0 0.5466751246674533
22040.0 0.5471614314380118
22050.0 0.5477361576213993
22060.0 0.5478466818874353
22070.0 0.5471614314380118
22080.000000000004 0.5466309149610389
22090.0 0.5470288023187686
22100.0 0.5475814236489488
22110.0 0.5474708993829128
22120.000000000004 0.5471835362912191
22130.0 0.5472940605572552
22140.0 0.5474708993829128
22150.0 0.5473824799700839
22160.000000000004 0.5472940605572552
22170.0 0.5474930042361199
22180.0 0.5478466818874353
22190.0 0.5480898352727145
22200.000000000004 0.5479129964470569
22210.0 0.5472719557040479
22220.0 0.5467193343738677
22230.0 0.5468740683463181
22240.000000000004 0.5474930042361199
22250.0 0.5481119401259218
22260.0 0.5482224643919579
22270.0 0.547603528502156
22280.000000000004 0.5470066974655614
22290.0 0.5471393265848047
22300.0 0.547603528502156
22310.0 0.5478024721810208
22320.000000000004 0.5476919479149849
22330.0 0.5473382702636695
22340.0 0.5470509071719758
22350.0 0.5471393265848047
22360.000000000004 0.5473161654104622
22370.0 0.5472940605572552
22380.0 0.5470951168783902
22390.0 0.5468519634931109
22400.000000000004 0.5468298586399037
22410.0 0.5471835362912191
22420.0 0.5474045848232911
22430.0 0.5470288023187686
22440.000000000004 0.5465424955482101
22450.0 0.5464540761353812
22460.0 0.5465203906950028
22470.0 0.5464761809885884
22480.000000000004 0.5463435518693451
22490.0 0.546233027603309
22500.0 0.5463656567225523
22510.0 0.5467856489334892
22519.999999999996 0.5471393265848047
22530.0 0.5471393265848047
22540.0 0.5470509071719758
22550.0 0.5472056411444262
22559.999999999996 0.5471835362912191
22570.0 0.5466530198142461
22580.0 0.546210922750102
22590.0 0.5464761809885884
22599.999999999996 0.5469182780527326
22610.0 0.5470066974655614
22620.0 0.5468961731995253
22630.0 0.5467856489334892
22639.999999999996 0.5465424955482101
22650.0 0.5461225033372731
22660.0 0.5460782936308587
22670.0 0.5468740683463181
22679.999999999996 0.5476698430617776
22690.0 0.5476698430617776
22700.0 0.5472056411444262
22710.0 0.5467635440802822
22719.999999999996 0.5464982858417956
22730.0 0.546431971282174
22740.0 0.5463214470161379
22750.0 0.5459677693648226
22759.999999999996 0.5456140917135074
22770.0 0.5455035674474713
22780.0 0.5456140917135074
22790.0 0.5458793499519938
22799.999999999996 0.546011979071237
22810.0 0.5458572450987865
22820.0 0.5456140917135074
22830.0 0.5455256723006785
22839.999999999996 0.5455919868603001
22850.0 0.5456361965667145
22860.0 0.5456804062731289
22870.0 0.5457246159795434
22879.999999999996 0.5457909305391649
22890.0 0.5459014548052009
22900.0 0.5459898742180299
22910.0 0.546011979071237
22919.999999999996 0.5458572450987865
22930.0 0.5455035674474713
22940.0 0.5449067364108767
22950.0 0.5441109616954172
22960.0 0.543248872420336
22970.0 0.5424973074112911
22980.0 0.5416131132830028
22990.0 0.5402426123841558
23000.0 0.5379658125038135
23010.0 0.534296406871417
23020.0 0.5290796615145159
23030.0 0.5218955842221735
23040.0 0.511528408067993
23050.0 0.4968065758319927
23060.0 0.47739851471606437
23070.0 0.4533926441330368
23080.0 0.4248994883489461
23090.0 0.392206410455486
23100.0 0.3551586764802059
23110.0 0.31444153687252935
23120.0 0.27217705754034827
23130.0 0.23031046556589688
23140.0 0.19003542302236448
23150.0 0.15250138227652582
23160.0 0.11894621510798456
23170.0 0.09020990593861457
23180.0 0.06638087418124468
23190.0 0.047326490716631656
23200.0 0.03269307789346017
23210.0 0.021861699821928402
23220.0 0.014147106052612919
23230.0 0.008864046136090282
23240.0 0.005371479329351467
23250.0 0.0031388891554234915
23260.0 0.0017683882565766149
23270.0 0.0009726135411171382
23280.0 0.0005084116237657767
23290.0 0.0002652582384864922
23300.0 0.0001326291192432461
23310.0 6.631455962162305e-05
23320.0 2.2104853207207685e-05
23330.000000000004 2.2104853207207685e-05
23340.0 0.0
