mejiro/data/filter_response/RomanSCA10-F146.ecsv
# %ECSV 1.0
# ---
# datatype:
# - {name: wavelength, unit: Angstrom, datatype: float64}
# - {name: response, datatype: float64}
# meta:
#   __serialized_columns__:
#     wavelength:
#       __class__: astropy.units.quantity.Quantity
#       unit: !astropy.units.Unit {unit: Angstrom}
#       value: !astropy.table.SerializedColumn {name: wavelength}
#   band_name: F146
#   group_name: RomanSCA10
# schema: astropy-2.0
wavelength response
[from data line 567]
14840.0 0.5467635440802822
14850.000000000002 0.5469182780527326
14860.0 0.5470951168783902
14870.000000000002 0.5472277459976335
14880.0 0.5473382702636695
14890.000000000002 0.5474487945297055
14900.0 0.5475814236489488
14910.000000000002 0.5477582624746065
14920.0 0.5479351013002641
14930.000000000002 0.5480456255663001
14940.0 0.5481782546855435
14950.000000000002 0.5483993032176155
14960.0 0.5486203517496876
14970.000000000002 0.5487750857221381
14980.0 0.5488635051349668
14990.000000000002 0.5489077148413812
15000.0 0.5489961342542101
15009.999999999998 0.5491508682266606
15020.0 0.5493498119055253
15029.999999999998 0.5495487555843903
15040.0 0.5497034895568408
15049.999999999998 0.5498582235292911
15060.0 0.5500350623549489
15069.999999999998 0.5501676914741921
15080.0 0.5502782157402281
15089.999999999998 0.5503003205934354
15100.0 0.550366635153057
15109.999999999998 0.5505213691255074
15120.0 0.5507645225107867
15129.999999999998 0.5509634661896516
15140.0 0.5510960953088948
15149.999999999998 0.5511624098685164
15160.0 0.5511845147217237
15169.999999999998 0.5512287244281381
15180.0 0.5512950389877598
15189.999999999998 0.5513613535473812
15200.0 0.5514718778134173
15209.999999999998 0.5515824020794533
15220.0 0.5516929263454894
15230.0 0.5517813457583183
15240.0 0.5518918700243544
15250.0 0.5520023942903903
15260.0 0.5521571282628408
15270.0 0.552289757382084
15280.0 0.5523781767949129
15290.0 0.5524223865013272
15300.0 0.5524887010609489
15310.0 0.5526655398866065
15320.0 0.5528202738590571
15330.0 0.5528644835654715
15340.0 0.5528423787122642
15350.0 0.5528644835654715
15360.0 0.552930798125093
15370.0 0.5529750078315074
15380.0 0.5530634272443362
15390.0 0.553240266069994
15400.0 0.5533728951892373
15410.0 0.5533950000424444
15420.0 0.55335079033603
15430.0 0.5533286854828228
15440.0 0.5533728951892373
15450.0 0.5535497340148948
15460.0 0.5537265728405525
15470.0 0.5538149922533813
15480.0 0.5538592019597958
15490.0 0.5539476213726245
15500.0 0.5540139359322462
15510.0 0.553991831079039
15520.0 0.5539697262258318
15530.0 0.5540360407854534
15540.0 0.5541465650514894
15550.0 0.5541907747579039
15560.0 0.5541907747579039
15570.0 0.5541465650514894
15580.0 0.5541244601982823
15590.0 0.5542570893175255
15600.0 0.5543676135835615
15610.0 0.5543455087303544
15620.0 0.5543455087303544
15630.0 0.5545002427028048
15640.0 0.5546991863816696
15650.0 0.5547212912348769
15660.0 0.5546770815284625
15670.0 0.5546991863816696
15680.0 0.5547876057944985
15690.0 0.5549644446201561
15700.0 0.5550749688861921
15710.0 0.5549865494733633
15720.0 0.5548981300605346
15730.0 0.5550307591797777
15740.0 0.5552518077118498
15750.0 0.5553623319778859
15760.0 0.5553623319778859
15770.0 0.5553402271246787
15780.0 0.5552960174182643
15790.0 0.5553623319778859
15800.0 0.5554286465375076
15810.0 0.5554507513907148
15820.0 0.5555170659503363
15830.0 0.5556496950695796
15840.0 0.5557602193356157
15850.0 0.5557823241888228
15860.0 0.5558044290420301
15870.0 0.5559591630144805
15880.0 0.5561581066933454
15890.0 0.5562686309593814
15900.0 0.556334945519003
15910.0 0.5563791552254175
15920.0 0.5564675746382463
15930.0 0.556644413463904
15940.0 0.5568433571427688
15950.0 0.5569317765555976
15960.0 0.5569538814088049
15970.0 0.5569980911152193
15980.0 0.5571307202344625
15990.0 0.5573738736197418
16000.0 0.5575949221518138
16010.0 0.5577275512710571
16020.0 0.5577938658306788
16030.0 0.557926494949922
16040.000000000002 0.5580812289223724
16050.0 0.5582580677480301
16060.000000000002 0.558457011426895
16070.0 0.558678059958967
16080.000000000002 0.558877003637832
16090.0 0.5590096327570752
16100.000000000002 0.5591643667295256
16110.0 0.5594296249680122
16120.000000000002 0.5596506735000842
16130.0 0.5597611977661203
16140.000000000002 0.5598938268853635
16150.0 0.5601148754174355
16160.000000000002 0.5604243433623364
16170.0 0.5607117064540301
16180.000000000002 0.5609548598393095
16190.0 0.5611538035181743
16200.000000000002 0.561330642343832
16210.0 0.5614853763162824
16220.000000000002 0.5617064248483545
16230.0 0.5619274733804266
16240.000000000002 0.5621264170592914
16250.0 0.5622811510317418
16259.999999999998 0.5624579898573996
16270.0 0.5627453529490932
16279.999999999998 0.5630106111875798
16290.0 0.5631211354536158
16299.999999999998 0.5632316597196518
16310.0 0.5634748131049312
16319.999999999998 0.5637621761966247
16330.0 0.5640274344351113
16339.999999999998 0.5642705878203906
16350.0 0.5644695314992554
16359.999999999998 0.564646370324913
16370.0 0.5648895237101924
16379.999999999998 0.5651105722422646
16390.0 0.5653537256275437
16400.0 0.5655305644532014
16410.0 0.5656410887192375
16420.0 0.5657958226916879
16430.0 0.5660610809301744
16440.0 0.5663263391686608
16450.0 0.5664589682879042
16460.0 0.5665252828475258
16470.0 0.5666358071135619
16480.0 0.566768436232805
16490.0 0.566878960498841
16500.0 0.5670557993244988
16510.0 0.5673652672693996
16520.0 0.5675642109482646
16530.0 0.5675200012418501
16540.0 0.5674757915354357
16550.0 0.5676747352143006
16560.0 0.5679620983059942
16570.0 0.5681389371316519
16580.0 0.5682052516912736
16590.0 0.5683157759573096
16600.0 0.56847050992976
16610.0 0.5687357681682466
16620.0 0.5688905021406969
16630.0 0.5688020827278681
16640.0 0.5686915584618322
16650.0 0.5688683972874898
16660.0 0.5691336555259763
16670.0 0.5693104943516339
16680.0 0.5693547040580483
16690.0 0.5692662846452196
16700.0 0.569199970085598
16710.0 0.5693104943516339
16720.0 0.5694431234708771
16730.0 0.5694431234708771
16740.0 0.5694431234708771
16750.0 0.5695757525901205
16760.0 0.5697525914157782
16770.0 0.5698189059753996
16780.0 0.5698852205350213
16790.0 0.5700178496542646
16800.0 0.5701946884799223
16810.0 0.570283107892751
16820.0 0.5703494224523727
16830.0 0.5704378418652015
16840.0 0.5705262612780303
16850.0 0.5705483661312376
16860.0 0.5705704709844448
16870.0 0.5706367855440664
16880.0 0.5707473098101024
16890.0 0.5708357292229312
16900.0 0.5709020437825529
16910.0 0.5709462534889673
16920.0 0.5710567777550034
16930.0 0.5712778262870755
16940.0 0.5714325602595259
16950.0 0.5714325602595259
16960.0 0.5714767699659403
16970.0 0.5717420282044268
16980.0 0.5719630767364988
16990.0 0.5718967621768772
17000.0 0.5718525524704628
17010.0 0.5720736010025349
17020.0 0.5724272786538502
17030.0 0.5726483271859223
17040.0 0.5727367465987512
17050.0 0.5727367465987512
17060.0 0.5727588514519584
17070.0 0.5729577951308232
17080.0 0.5731788436628953
17090.0 0.5733114727821386
17100.0 0.5733777873417601
17110.0 0.5734883116077961
17120.0 0.5736430455802466
17130.0 0.5737977795526972
17140.0 0.5739304086719403
17150.0 0.5739746183783547
17160.0 0.574107247497598
17170.0 0.5744609251489133
17180.0 0.5748146028002287
17190.0 0.5749030222130574
17200.0 0.5749251270662648
17210.0 0.5750798610387151
17220.0 0.5752566998643728
17230.0 0.575389328983616
17240.0 0.5755440629560665
17250.0 0.5757651114881386
17260.0 0.5759640551670034
17270.0 0.5760524745798322
17280.0 0.5761187891394539
17290.0 0.5762293134054899
17300.0 0.5764061522311477
17310.0 0.5766272007632197
17320.0 0.5768261444420846
17330.0 0.5770029832677422
17340.0 0.5771798220933999
17350.0 0.5773566609190575
17360.0 0.5775334997447151
17370.0 0.5776440240107512
17380.0 0.5776661288639585
17390.0 0.5776219191575441
17400.0 0.5776882337171656
17410.0 0.5779534919556522
17420.0 0.5782629599005531
17430.0 0.5784176938730035
17440.0 0.5785282181390395
17450.0 0.57868295211149
17460.0 0.5788376860839404
17470.0 0.5788597909371477
17480.0 0.5788597909371477
17490.0 0.5789261054967694
17500.0 0.5789924200563908
17510.0 0.5790366297628053
17520.0 0.5791692588820485
17530.0 0.5794124122673279
17540.0 0.5796555656526071
17550.0 0.579743985065436
17560.0 0.579743985065436
17570.0 0.5797660899186431
17580.0 0.5798102996250576
17590.0 0.5798987190378865
17600.0 0.5800092433039225
17610.0 0.5801639772763729
17620.0 0.5802523966892017
17630.0 0.5802302918359945
17640.0 0.5802302918359945
17650.0 0.5803408161020306
17660.0 0.5804734452212738
17670.0 0.5805618646341026
17680.0 0.5805618646341026
17690.0 0.5805176549276883
17700.0 0.5804955500744811
17710.0 0.5805176549276883
17720.0 0.5805397597808954
17730.0 0.5805618646341026
17740.0 0.5806281791937243
17750.0 0.5807608083129675
17760.0 0.5808934374322108
17770.0 0.5809376471386252
17780.0 0.5809818568450396
17790.0 0.5810923811110756
17800.0 0.5812029053771117
17810.0 0.5812250102303189
17820.0 0.5811808005239044
17830.0 0.5810481714046613
17840.0 0.5809818568450396
17850.0 0.5809818568450396
17860.0 0.5810923811110756
17870.0 0.5812692199367333
17880.0 0.581446058762391
17890.0 0.5816007927348414
17900.0 0.5816892121476702
17910.0 0.5817334218540846
17920.0 0.5816892121476702
17930.0 0.5816450024412558
17940.0 0.581667107294463
17950.0 0.5818660509733279
17960.0 0.5820207849457784
17970.0 0.581998680092571
17980.0 0.5819102606797423
17990.0 0.5819544703861567
18000.0 0.5821313092118144
18010.0 0.5823744625970937
18020.0 0.5825513014227514
18030.0 0.5825955111291657
18040.0 0.5825513014227514
18050.0 0.5825734062759585
18060.0 0.5826839305419946
18070.0 0.582838664514445
18080.0 0.5830155033401028
18090.0 0.5831923421657604
18100.0 0.5833028664317964
18110.0 0.5833470761382108
18120.0 0.5833912858446253
18130.0 0.58359022952349
18140.0 0.5838333829087694
18150.0 0.5839881168812199
18160.0 0.5841207460004632
18170.0 0.5842091654132919
18180.0 0.5841870605600846
18190.0 0.5839881168812199
18200.0 0.5838333829087694
18210.0 0.5839439071748055
18220.0 0.5842091654132919
18230.0 0.5844965285049857
18240.0 0.5848059964498865
18250.0 0.5851375692479946
18260.0 0.5854691420461028
18270.0 0.585712295431382
18280.0 0.585822819697418
18290.0 0.5857565051377965
18300.0 0.5857344002845892
18310.0 0.5858891342570397
18320.0 0.5860438682294901
18330.0 0.5860438682294901
18340.0 0.586021763376283
18350.0 0.5861543924955261
18360.0 0.5863975458808055
18370.0 0.586662804119292
18380.0 0.5869059575045713
18390.0 0.5871049011834362
18400.0 0.5872375303026794
18410.0 0.5872817400090938
18420.0 0.5872375303026794
18430.0 0.5871712157430578
18440.0 0.5871270060366434
18450.0 0.5871712157430578
18460.0 0.5872596351558865
18470.0 0.5873480545687154
18480.0 0.5874806836879587
18490.0 0.5876575225136164
18500.0 0.5877238370732379
18510.0 0.5875691031007875
18520.0 0.587414369128337
18530.0 0.5875027885411659
18540.0 0.587635417660409
18550.0 0.587613312807202
18560.0 0.5875248933943731
18570.0 0.5875691031007875
18580.0 0.5876575225136164
18590.0 0.5877459419264451
18600.0 0.5878122564860667
18610.0 0.5878785710456884
18620.0 0.5879448856053101
18630.0 0.5879227807521028
18640.0 0.5877459419264451
18650.0 0.5873480545687154
18660.0 0.5870164817706074
18670.0 0.5869722720641929
18680.0 0.5870385866238145
18690.0 0.5869943769174001
18700.0 0.5868396429449496
18710.0 0.586662804119292
18720.0 0.5867070138257063
18730.0 0.5870606914770218
18740.0 0.5873701594219226
18750.0 0.5872596351558865
18760.0 0.5870606914770218
18770.0 0.5871049011834362
18780.0 0.5871712157430578
18790.0 0.5870164817706074
18800.0 0.5868396429449496
18810.0 0.5868396429449496
18820.0 0.586883852651364
18830.0 0.586773328385328
18840.0 0.5866185944128776
18850.0 0.5865964895596704
18860.0 0.5865964895596704
18870.0 0.5865301750000487
18880.0 0.5864196507340127
18890.0 0.5863312313211838
18900.0 0.5863533361743911
18910.0 0.5865080701468416
18920.0 0.5864859652936343
18930.0 0.5860659730826974
18940.0 0.585601771165346
18950.0 0.5854691420461028
18960.0 0.5854249323396884
18970.0 0.5852038838076163
18980.0 0.5850491498351659
18990.0 0.585181778954409
19000.0 0.5853807226332739
19010.0 0.5853807226332739
19020.0 0.5852923032204451
19030.0 0.5853144080736523
19040.0 0.5854028274864811
19050.0 0.5854470371928955
19060.0 0.5853586177800667
19070.0 0.5850933595415803
19080.0 0.5847838915966793
19090.0 0.5846291576242288
19100.0 0.5846291576242288
19110.0 0.5847396818902649
19120.0 0.5848502061563009
19130.0 0.5848281013030938
19140.0 0.5847617867434721
19150.0 0.5847396818902649
19160.0 0.5846733673306432
19170.0 0.5844523187985712
19180.0 0.5840986411472558
19190.0 0.5837449634959405
19200.0 0.5836786489363189
19210.0 0.5841207460004632
19220.0 0.5845628430646073
19230.0 0.5845849479178145
19240.0 0.5843860042389496
19250.0 0.5842533751197063
19260.0 0.5840323265876343
19270.0 0.5836123343766974
19280.0 0.5833470761382108
19290.0 0.583568124670283
19300.0 0.5839439071748055
19310.0 0.5840986411472558
19320.0 0.5839660120280126
19330.0 0.5836344392299045
19340.0 0.5833470761382108
19350.0 0.5833470761382108
19360.0 0.5834133906978325
19370.0 0.583369180991418
19380.0 0.5832807615785892
19390.0 0.5832807615785892
19400.0 0.5834133906978325
19410.0 0.5836344392299045
19420.0 0.5837228586427333
19430.0 0.5835460198170757
19440.0 0.5832365518721748
19450.0 0.5829491887804811
19460.0 0.5828165596612378
19470.0 0.5828828742208594
19480.0 0.5829270839272739
19490.0 0.5827944548080306
19500.0 0.5826839305419946
19510.0 0.5828607693676523
19520.0 0.5830818178997244
19530.0 0.5831260276061387
19540.0 0.5830818178997244
19550.0 0.5831039227529315
19560.0 0.5831923421657604
19570.0 0.5833028664317964
19580.0 0.5832807615785892
19590.0 0.5830155033401028
19600.0 0.5828828742208594
19610.0 0.5831260276061387
19620.0 0.5833912858446253
19630.0 0.5832365518721748
19640.0 0.5829933984868955
19650.0 0.5829933984868955
19660.0 0.5831481324593459
19670.0 0.5832586567253819
19680.0 0.5833470761382108
19690.0 0.5833912858446253
19700.0 0.583369180991418
19710.0 0.5832144470189675
19720.0 0.5831260276061387
19730.0 0.5831923421657604
19740.0 0.5832365518721748
19750.0 0.5830376081933099
19760.0 0.5828165596612378
19770.0 0.5827944548080306
19780.0 0.5829049790740667
19790.0 0.5829933984868955
19800.0 0.5830376081933099
19810.0 0.5830155033401028
19820.0 0.5830155033401028
19830.0 0.5830155033401028
19840.0 0.5829712936336884
19850.0 0.5828165596612378
19860.0 0.5826618256887873
19870.0 0.5826176159823729
19880.0 0.5825955111291657
19890.0 0.582507091716337
19900.0 0.5823744625970937
19910.0 0.5822860431842648
19920.0 0.5820870995054
19930.0 0.581556583028427
19940.0 0.5801418724231656
19950.0 0.5767598298824629
19960.0 0.56942101861767
19970.0 0.5553844368310932
19980.0 0.5317764536057953
19990.0 0.49587817199729
20000.0 0.4458106794829646
20010.0 0.3825023798975218
20019.999999999996 0.31048476814843917
20030.0 0.23658824387674388
20040.0 0.16810740864081444
20050.0 0.1107453145681105
20059.999999999996 0.0673313828691546
20070.0 0.03762246015866748
20080.0 0.019253327143477893
20090.0 0.009018780108540736
20099.999999999996 0.003846244458054137
20110.0 0.0015031300180901226
20120.0 0.0005305164769729844
20130.0 0.00017683882565766148
20139.999999999996 4.420970641441537e-05
20150.0 2.2104853207207685e-05
20160.0 0.0
