mejiro/data/filter_response/RomanSCA04-F158.ecsv
# %ECSV 1.0
# ---
# datatype:
# - {name: wavelength, unit: Angstrom, datatype: float64}
# - {name: response, datatype: float64}
# meta:
#   __serialized_columns__:
#     wavelength:
#       __class__: astropy.units.quantity.Quantity
#       unit: !astropy.units.Unit {unit: Angstrom}
#       value: !astropy.table.SerializedColumn {name: wavelength}
#   band_name: F158
#   group_name: RomanSCA04
# schema: astropy-2.0
wavelength response
13710.0 0.0
13720.000000000002 4.420970641441537e-05
13730.0 0.00011052426603603843
13740.000000000002 0.00035367765131532296
13750.0 0.0009726135411171382
13759.999999999998 0.0025199532656216763
13770.0 0.005946205512738867
13779.999999999998 0.012865024566594873
13790.0 0.025553210307532083
13799.999999999998 0.04672965968003705
13810.0 0.07889222109652423
13819.999999999998 0.1233450808962189
13830.0 0.1792040449508327
13839.999999999998 0.24297654645362687
13850.0 0.3092247915156283
13859.999999999998 0.37184784065164767
13870.0 0.4257836824772344
13879.999999999998 0.4680039521030011
13890.0 0.4979560281987675
13899.999999999998 0.517386194167903
13910.0 0.5289912421016871
13919.999999999998 0.5352911252657414
13930.0 0.5381868610358855
13939.999999999998 0.5393363134026603
13950.0 0.5397784104668044
13959.999999999998 0.5399773541456694
13970.0 0.5401320881181197
13980.0 0.5401984026777414
13990.0 0.5400657735584982
14000.0 0.5398447250264261
14010.0 0.53973420076039
14020.0 0.5397120959071829
14030.0 0.5397563056135973
14040.0 0.5397784104668044
14050.0 0.5397120959071829
14060.0 0.5395794667879396
14070.0 0.5394247328154892
14080.0 0.5392921036962459
14090.0 0.5391594745770026
14100.0 0.538982635751345
14110.0 0.5387173775128585
14120.0 0.5384963289807865
14130.0 0.5384742241275792
14140.0 0.5384963289807865
14150.0 0.5383636998615432
14160.0 0.5381647561826783
14170.0 0.5380100222102279
14180.0 0.5379658125038135
14190.0 0.5380100222102279
14200.0 0.5380542319166423
14210.0 0.5380542319166423
14220.0 0.5381647561826783
14230.0 0.5384742241275792
14240.0 0.538872111485309
14250.0 0.5391815794302098
14260.0 0.5393363134026603
14270.0 0.5393363134026603
14280.0 0.5393363134026603
14290.0 0.5394247328154892
14300.0 0.5395573619347324
14310.0 0.5396236764943539
14320.0 0.5396678862007684
14330.0 0.5397120959071829
14340.0 0.5398005153200117
14350.0 0.5398889347328405
14360.0 0.5399773541456694
14370.0 0.540043668705291
14380.0 0.5400657735584982
14390.0 0.540043668705291
14400.0 0.540043668705291
14410.0 0.5401762978245342
14420.0 0.5403531366501919
14430.0 0.5404415560630207
14440.0 0.5404636609162279
14450.0 0.5404415560630207
14460.0 0.5404194512098135
14470.0 0.5404415560630207
14480.0 0.5405299754758496
14490.0 0.5406626045950927
14500.0 0.5408173385675432
14510.0 0.5409499676867865
14520.0 0.5410383870996153
14530.0 0.5410383870996153
14540.0 0.5410162822464081
14550.0 0.5411268065124442
14560.0 0.5412373307784802
14570.0 0.5413036453381018
14580.0 0.5413699598977234
14590.0 0.5415246938701739
14600.0 0.5416573229894172
14610.0 0.5417236375490387
14620.0 0.5417678472554531
14630.0 0.5418562666682819
14640.0 0.5419446860811109
14650.0 0.541966790934318
14660.0 0.5420110006407325
14670.0 0.5421436297599757
14680.0 0.5423204685856333
14690.0 0.5424752025580838
14700.0 0.5425415171177055
14710.0 0.5425415171177055
14720.0 0.5425636219709126
14730.0 0.5427183559433632
14740.0 0.542917299622228
14750.0 0.543027823888264
14760.0 0.5430941384478857
14770.0 0.5432046627139216
14780.0 0.5433151869799577
14790.000000000002 0.5434478160992009
14800.0 0.5435804452184442
14810.000000000002 0.5437351791908946
14820.0 0.5438899131633451
14830.000000000002 0.5439562277229667
14840.0 0.5440446471357955
14850.000000000002 0.5441551714018316
14860.0 0.5442878005210748
14870.000000000002 0.5443983247871109
14880.0 0.5444867441999397
14890.000000000002 0.5445309539063541
14900.0 0.5446414781723902
14910.000000000002 0.5447741072916334
14920.0 0.5449288412640838
14930.000000000002 0.5450172606769127
14940.0 0.5451056800897416
14950.000000000002 0.5453046237686063
14960.0 0.545481462594264
14970.000000000002 0.5456140917135074
14980.0 0.5456804062731289
14990.000000000002 0.5457025111263362
15000.0 0.5457909305391649
15009.999999999998 0.5459235596584082
15020.0 0.5461003984840659
15029.999999999998 0.5462772373097234
15040.0 0.546431971282174
15049.999999999998 0.5465867052546245
15060.0 0.5467193343738677
15069.999999999998 0.5468740683463181
15080.0 0.546962487759147
15089.999999999998 0.5469845926123542
15100.0 0.5470288023187686
15109.999999999998 0.5472056411444262
15120.0 0.5474487945297055
15129.999999999998 0.5476477382085704
15140.0 0.5477803673278137
15149.999999999998 0.5478466818874353
15160.0 0.5478687867406424
15169.999999999998 0.5479129964470569
15180.0 0.5479793110066785
15189.999999999998 0.5480677304195074
15200.0 0.5481782546855435
15209.999999999998 0.5483108838047867
15220.0 0.5484435129240299
15230.0 0.5485319323368587
15240.0 0.5486424566028948
15250.0 0.5487971905753452
15260.0 0.5489519245477956
15270.0 0.5490845536670389
15280.0 0.549195077933075
15290.0 0.5492613924926966
15300.0 0.5493498119055253
15310.0 0.5495487555843903
15320.0 0.5497034895568408
15330.0 0.5497698041164624
15340.0 0.5497698041164624
15350.0 0.5498140138228768
15360.0 0.5498803283824983
15370.0 0.5499687477953272
15380.0 0.550057167208156
15390.0 0.5502340060338137
15400.0 0.5504108448594714
15410.0 0.5504550545658858
15420.0 0.5504329497126785
15430.0 0.5504108448594714
15440.0 0.5504550545658858
15450.0 0.5506539982447506
15460.0 0.5508529419236156
15470.0 0.5509634661896516
15480.0 0.5510297807492731
15490.0 0.5511403050153092
15500.0 0.5512066195749308
15510.0 0.5512066195749308
15520.0 0.5511845147217237
15530.0 0.5512729341345525
15540.0 0.5513834584005886
15550.0 0.5514497729602101
15560.0 0.5514497729602101
15570.0 0.5514055632537957
15580.0 0.5514055632537957
15590.0 0.5515602972262462
15600.0 0.5516708214922822
15610.0 0.551648716639075
15620.0 0.551648716639075
15630.0 0.5518255554647327
15640.0 0.5520244991435975
15650.0 0.5520466039968047
15660.0 0.5520244991435975
15670.0 0.5520244991435975
15680.0 0.5521350234096335
15690.0 0.5523118622352913
15700.0 0.55240028164812
15710.0 0.5523339670884985
15720.0 0.5522455476756696
15730.0 0.5523781767949129
15740.0 0.5525992253269849
15750.0 0.552709749593021
15760.0 0.552709749593021
15770.0 0.5526655398866065
15780.0 0.5526434350333994
15790.0 0.5526876447398138
15800.0 0.5527539592994354
15810.0 0.5527760641526426
15820.0 0.5528423787122642
15830.0 0.5529750078315074
15840.0 0.5530855320975435
15850.0 0.5530855320975435
15860.0 0.5531076369507507
15870.0 0.5532623709232012
15880.0 0.5534392097488587
15890.0 0.5535497340148948
15900.0 0.5535939437213092
15910.0 0.5536381534277237
15920.0 0.5537265728405525
15930.0 0.5539034116662102
15940.0 0.5540802504918679
15950.0 0.5541465650514894
15960.0 0.5541686699046967
15970.0 0.5542128796111111
15980.0 0.5543234038771471
15990.0 0.5545444524092192
16000.0 0.5547655009412913
16010.0 0.5548760252073274
16020.0 0.554942339766949
16030.0 0.5550307591797777
16040.000000000002 0.5551854931522282
16050.0 0.5553402271246787
16060.000000000002 0.5555391708035435
16070.0 0.5557381144824084
16080.000000000002 0.5559149533080661
16090.0 0.5560475824273093
16100.000000000002 0.5561802115465525
16110.0 0.5564233649318319
16120.000000000002 0.556644413463904
16130.0 0.5567328328767328
16140.000000000002 0.5568433571427688
16150.0 0.5570644056748408
16160.000000000002 0.5573517687665346
16170.0 0.5576170270050211
16180.000000000002 0.5578601803903003
16190.0 0.558037019215958
16200.000000000002 0.5581917531884084
16210.0 0.5583685920140661
16220.000000000002 0.5585454308397239
16230.0 0.5587664793717959
16240.000000000002 0.5589654230506608
16250.0 0.5591201570231111
16259.999999999998 0.5592748909955616
16270.0 0.5595622540872554
16279.999999999998 0.5598275123257418
16290.0 0.5599380365917779
16299.999999999998 0.5600485608578138
16310.0 0.560269609389886
16319.999999999998 0.5605569724815797
16330.0 0.5608443355732734
16339.999999999998 0.5610874889585526
16350.0 0.5612864326374176
16359.999999999998 0.5614853763162824
16370.0 0.5617064248483545
16379.999999999998 0.5619495782336338
16390.0 0.562192731618913
16400.0 0.5623695704445707
16410.0 0.562502199563814
16420.0 0.5626790383894716
16430.0 0.5629664014811654
16440.0 0.563253764572859
16450.0 0.5634084985453095
16460.0 0.5634969179581383
16470.0 0.5636295470773816
16480.0 0.563784281049832
16490.0 0.5639390150222825
16500.0 0.5641379587011472
16510.0 0.5644695314992554
16520.0 0.5647126848845347
16530.0 0.5647126848845347
16540.0 0.5647126848845347
16550.0 0.564955838269814
16560.0 0.5652874110679221
16570.0 0.565486354746787
16580.0 0.5656189838660303
16590.0 0.5657516129852735
16600.0 0.5659726615173456
16610.0 0.5663042343154537
16620.0 0.5665031779943186
16630.0 0.5664589682879042
16640.0 0.5664147585814897
16650.0 0.5666358071135619
16660.0 0.56696737991167
16670.0 0.5672105332969491
16680.0 0.567298952709778
16690.0 0.5672768478565708
16700.0 0.5672768478565708
16710.0 0.5674536866822285
16720.0 0.5676305255078862
16730.0 0.5676968400675078
16740.0 0.5677631546271293
16750.0 0.5679620983059942
16760.0 0.5681831468380663
16770.0 0.5683157759573096
16780.0 0.5684484050765528
16790.0 0.5686473487554177
16800.0 0.5688905021406969
16810.0 0.5690452361131475
16820.0 0.5691778652323907
16830.0 0.5693104943516339
16840.0 0.5694652283240844
16850.0 0.569531542883706
16860.0 0.5696199622965349
16870.0 0.5697525914157782
16880.0 0.5699073253882285
16890.0 0.570062059360679
16900.0 0.5701725836267151
16910.0 0.570283107892751
16920.0 0.5704378418652015
16930.0 0.570703100103688
16940.0 0.5709241486357601
16950.0 0.5709683583421745
16960.0 0.5710567777550034
16970.0 0.5713662456999042
16980.0 0.5716315039383907
16990.0 0.5716093990851836
17000.0 0.5715872942319763
17010.0 0.5718525524704628
17020.0 0.5722283349749853
17030.0 0.5724935932134718
17040.0 0.5726262223327151
17050.0 0.5726262223327151
17060.0 0.5726925368923368
17070.0 0.5728914805712015
17080.0 0.5731346339564809
17090.0 0.5732893679289314
17100.0 0.5733998921949673
17110.0 0.5735104164610034
17120.0 0.5736872552866611
17130.0 0.5738640941123186
17140.0 0.5739967232315619
17150.0 0.5740409329379764
17160.0 0.5741956669104268
17170.0 0.5745493445617422
17180.0 0.5749030222130574
17190.0 0.5750135464790935
17200.0 0.5750356513323007
17210.0 0.5751903853047512
17220.0 0.5753672241304089
17230.0 0.575499853249652
17240.0 0.5756545872221026
17250.0 0.5758535309009675
17260.0 0.5760524745798322
17270.0 0.5761408939926611
17280.0 0.5761851036990755
17290.0 0.5762956279651116
17300.0 0.5764724667907692
17310.0 0.5766714104696341
17320.0 0.576870354148499
17330.0 0.5770250881209494
17340.0 0.5771798220933999
17350.0 0.5773566609190575
17360.0 0.577511394891508
17370.0 0.5775998143043368
17380.0 0.5775998143043368
17390.0 0.5775556045979224
17400.0 0.5775998143043368
17410.0 0.5778429676896161
17420.0 0.5781303307813098
17430.0 0.5782629599005531
17440.0 0.5783513793133819
17450.0 0.5784840084326252
17460.0 0.5786166375518683
17470.0 0.5786166375518683
17480.0 0.5785945326986612
17490.0 0.5786166375518683
17500.0 0.57868295211149
17510.0 0.5787050569646972
17520.0 0.578793476377526
17530.0 0.5790366297628053
17540.0 0.5792576782948774
17550.0 0.5793018880012918
17560.0 0.5792797831480846
17570.0 0.5792797831480846
17580.0 0.5793018880012918
17590.0 0.5793460977077062
17600.0 0.5794345171205351
17610.0 0.5795671462397783
17620.0 0.5796334607993999
17630.0 0.5795892510929855
17640.0 0.579545041386571
17650.0 0.5796113559461927
17660.0 0.5797218802122287
17670.0 0.5797218802122287
17680.0 0.5795671462397783
17690.0 0.5792355734416702
17700.0 0.5786166375518683
17710.0 0.5774671851850935
17720.0 0.5753009095707872
17730.0 0.5714325602595259
17740.0 0.5649337334166068
17750.0 0.5546107669688408
17760.0 0.5390047406045523
17770.0 0.5167009437184796
17780.0 0.4867709724759205
17790.0 0.4488611492255593
17800.0 0.4034577807379547
17810.0 0.35208610188440403
17820.0 0.29722185622411457
17830.0 0.24195972320609532
17840.0 0.18939438227935546
17850.0 0.14222262553517423
17860.0 0.10223494608333555
17870.0 0.07022711863929881
17880.0 0.046000199524199196
17890.0 0.02871420431616278
17900.0 0.017042841822757126
17910.0 0.009615611145135343
17920.0 0.005150430797279391
17930.0 0.002630477531657715
17940.0 0.0012599766328108381
17950.0 0.0005747261833873998
17960.0 0.00024315338527928454
17970.0 0.00011052426603603843
17980.0 4.420970641441537e-05
17990.0 2.2104853207207685e-05
18000.0 0.0
