mejiro/data/filter_response/RomanSCA01-F146.ecsv
# %ECSV 1.0
# ---
# datatype:
# - {name: wavelength, unit: Angstrom, datatype: float64}
# - {name: response, datatype: float64}
# meta:
#   __serialized_columns__:
#     wavelength:
#       __class__: astropy.units.quantity.Quantity
#       unit: !astropy.units.Unit {unit: Angstrom}
#       value: !astropy.table.SerializedColumn {name: wavelength}
#   band_name: F146
#   group_name: RomanSCA01
# schema: astropy-2.0
wavelength response
9170.0 0.0
9180.0 4.420970641441537e-05
9190.0 0.00017683882565766148
9200.0 0.0007073553026306459
9210.0 0.0023431144399640147
9220.0 0.006852504494234382
9230.0 0.01739651947407245
9240.0 0.03870559796582066
9250.0 0.07577543679430794
9260.0 0.13125861834439922
9270.0 0.2027236087633017
9280.0 0.28192529780472686
9290.0 0.3575238957733771
9300.0 0.4196606381388379
9310.0 0.4637156105808028
9320.0 0.490661426640389
9330.0 0.5049190569590379
9340.0 0.5115505129212002
9350.0 0.5144683535445517
9360.0 0.5158167495901913
9370.0 0.5165904194524437
9380.0 0.5172093553422454
9390.0 0.51780618637884
9400.0 0.5183809125622274
9410.0 0.5188230096263716
9420.0 0.519287211543723
9430.0 0.5198840425803176
9440.0 0.5204587687637049
9450.0 0.5208787609746419
9460.0 0.5212987531855788
9470.0 0.5218955842221735
9480.0 0.5224924152587681
9490.0 0.5229566171761194
9500.0 0.523442923946678
9510.0 0.5240618598364798
9520.0 0.5246586908730744
9530.0 0.5251228927904258
9540.0 0.5254986752949483
9550.0 0.5259186675058852
9560.0 0.5263828694232366
9570.0 0.5268912810470023
9580.0 0.5273554829643538
9590.0 0.5277312654688763
9600.0 0.5281070479733988
9610.0 0.5285491450375429
9620.0 0.5289912421016871
9630.0 0.5293891294594169
9640.0 0.5297428071107322
9650.0 0.5301185896152547
9660.0 0.5304501624133628
9670.0 0.5307154206518493
9680.0 0.531002783743543
9690.0 0.5314448808076871
9700.0 0.5318869778718314
9710.0 0.5321964458167322
9720.0 0.5324617040552186
9730.0 0.5328595914129485
9740.0 0.533235373917471
9750.0 0.5335227370091647
9760.0 0.5338101001008584
9770.0 0.5342079874585881
9780.0 0.5346058748163178
9790.0 0.5348048184951827
9800.0 0.5350037621740477
9810.0 0.5353353349721558
9820.0 0.5356669077702638
9830.0 0.535887956302336
9840.0 0.5360647951279935
9850.0 0.5363742630728945
9860.0 0.536750045577417
9870.0 0.5371037232287323
9880.0 0.5373247717608044
9890.0 0.537391086320426
9900.0 0.5375016105864621
9910.0 0.5378331833845702
9920.0 0.5381647561826783
9930.0 0.5383858047147504
9940.0 0.5385405386872009
9950.0 0.5387615872192729
9960.0 0.5390268454577594
9970.0 0.5392257891366243
9980.0 0.5394689425219036
9990.0 0.5398226201732189
10000.0 0.5401762978245342
10009.999999999998 0.5404415560630207
10020.0 0.5406626045950927
10029.999999999998 0.5408173385675432
10040.0 0.5409941773932009
10049.999999999998 0.5411931210720657
10060.0 0.541436274457345
10069.999999999998 0.5416794278426244
10080.0 0.5419225812279036
10089.999999999998 0.5420773152003541
10100.0 0.5422541540260117
10109.999999999998 0.5425415171177055
10120.0 0.5428509850626063
10129.999999999998 0.5430941384478857
10140.0 0.543248872420336
10149.999999999998 0.5433815015395793
10160.0 0.5435141306588226
10169.999999999998 0.543757284044102
10180.0 0.5440225422825884
10189.999999999998 0.5442435908146604
10200.0 0.5444425344935253
10209.999999999998 0.544619373319183
10220.0 0.5448183169980478
10230.0 0.5450172606769127
10240.0 0.5452162043557776
10250.0 0.545370938328228
10260.0 0.5455035674474713
10270.0 0.5455919868603001
10280.0 0.5457467208327506
10290.0 0.5459898742180299
10300.0 0.546210922750102
10310.0 0.5463214470161379
10320.0 0.5463877615757595
10330.0 0.5465203906950028
10340.0 0.5466972295206605
10350.0 0.5468519634931109
10360.0 0.546962487759147
10370.0 0.547073012025183
10380.0 0.5471614314380118
10390.0 0.5472277459976335
10400.0 0.5472498508508407
10410.0 0.5472940605572552
10420.0 0.5473603751168767
10430.0 0.5475593187957416
10440.0 0.5476698430617776
10450.0 0.5476256333553632
10460.0 0.5475151090893272
10470.0 0.5475372139425343
10480.0 0.5476919479149849
10490.0 0.5478466818874353
10500.0 0.5479129964470569
10510.0 0.547824577034228
10520.0 0.547714052768192
10530.0 0.5477361576213993
10540.0 0.547824577034228
10550.0 0.5478908915938497
10560.0 0.5479351013002641
10570.0 0.5479351013002641
10580.0 0.547824577034228
10590.0 0.5476256333553632
10600.0 0.5474487945297055
10610.0 0.5474266896764983
10620.0 0.5474708993829128
10630.0 0.5474487945297055
10640.0 0.5473603751168767
10650.0 0.5471614314380118
10660.0 0.546962487759147
10670.0 0.5468740683463181
10680.0 0.5468077537866965
10690.0 0.5466751246674533
10700.0 0.5465646004014172
10710.0 0.5464982858417956
10720.0 0.546431971282174
10730.0 0.5463656567225523
10740.0 0.5463214470161379
10750.0 0.5462993421629307
10760.0 0.546233027603309
10770.0 0.5460782936308587
10780.0 0.5458793499519938
10790.0 0.5457025111263362
10800.0 0.5455919868603001
10810.0 0.5456140917135074
10820.0 0.5455919868603001
10830.0 0.5454151480346424
10840.0 0.5452383092089848
10850.0 0.5451940995025704
10860.0 0.5451940995025704
10870.0 0.5450614703833272
10880.0 0.5448625267044622
10890.0 0.5447520024384261
10900.0 0.5446856878788047
10910.0 0.5445972684659757
10920.0 0.5444867441999397
10930.0 0.5443541150806965
10940.0 0.5442435908146604
10950.0 0.5441551714018316
10960.0 0.5440667519890028
10970.0 0.5439562277229667
10980.0 0.5440446471357955
10990.0 0.5444867441999397
11000.0 0.5449288412640838
11010.0 0.5449730509704982
11020.0 0.544840421851255
11030.0 0.5448183169980478
11040.000000000002 0.5448625267044622
11050.0 0.5449288412640838
11060.000000000002 0.5449951558237055
11070.0 0.5451056800897416
11080.000000000002 0.5451277849429488
11090.0 0.5450172606769127
11100.000000000002 0.5449730509704982
11110.0 0.5450835752365343
11120.000000000002 0.5452383092089848
11130.0 0.5453046237686063
11140.000000000002 0.545370938328228
11150.0 0.5455256723006785
11160.000000000002 0.5456583014199218
11170.0 0.5455698820070929
11180.000000000002 0.5455035674474713
11190.0 0.5456361965667145
11200.000000000002 0.5458351402455794
11210.0 0.5458572450987865
11220.000000000002 0.5458793499519938
11230.0 0.546011979071237
11240.000000000002 0.5461003984840659
11250.0 0.5459898742180299
11259.999999999998 0.5458572450987865
11270.0 0.5458572450987865
11279.999999999998 0.5459235596584082
11290.0 0.546011979071237
11299.999999999998 0.5460782936308587
11310.0 0.5461888178968947
11319.999999999998 0.5462993421629307
11330.0 0.5463214470161379
11339.999999999998 0.5463214470161379
11350.0 0.5463435518693451
11359.999999999998 0.5463656567225523
11370.0 0.5463435518693451
11379.999999999998 0.5463435518693451
11390.0 0.546431971282174
11399.999999999998 0.5465646004014172
11410.0 0.5466751246674533
11419.999999999998 0.5467193343738677
11430.0 0.5466751246674533
11439.999999999998 0.5466088101078316
11450.0 0.5466530198142461
11459.999999999998 0.5467414392270749
11470.0 0.5467635440802822
11480.0 0.5467193343738677
11490.0 0.5466751246674533
11500.0 0.5466530198142461
11510.0 0.5466309149610389
11520.0 0.5466088101078316
11530.0 0.5465203906950028
11540.0 0.5464540761353812
11550.0 0.5465203906950028
11560.0 0.5465424955482101
11570.0 0.5464098664289668
11580.0 0.5462551324565164
11590.0 0.546210922750102
11600.0 0.546233027603309
11610.0 0.546233027603309
11620.0 0.5461446081904803
11630.0 0.5459898742180299
11640.0 0.5458351402455794
11650.0 0.5457467208327506
11660.0 0.5457025111263362
11670.0 0.5456140917135074
11680.0 0.5455698820070929
11690.0 0.5455919868603001
11700.0 0.5455477771538857
11710.0 0.5453488334750207
11720.0 0.5450835752365343
11730.0 0.5449288412640838
11740.0 0.544840421851255
11750.0 0.5447520024384261
11760.0 0.5446414781723902
11770.0 0.5445309539063541
11780.0 0.5444646393467325
11790.0 0.5445088490531469
11800.0 0.5445088490531469
11810.0 0.5443983247871109
11820.0 0.5442435908146604
11830.0 0.5441551714018316
11840.0 0.54408885684221
11850.0 0.5439341228697595
11860.0 0.5437351791908946
11870.0 0.5435362355120298
11880.0 0.5434036063927865
11890.0 0.5433815015395793
11900.0 0.5433151869799577
11910.0 0.5431162433010928
11920.0 0.542917299622228
11930.0 0.5428509850626063
11940.0 0.5427846705029846
11950.0 0.5425857268241199
11960.0 0.5424088879984622
11970.0 0.5423425734388405
11980.0 0.5423204685856333
11990.0 0.542165734613183
12000.0 0.5419888957875253
12010.0 0.5419004763746964
12020.0 0.5418562666682819
12030.0 0.5417678472554531
12040.0 0.5417015326958315
12050.0 0.5417015326958315
12060.0 0.5416573229894172
12070.0 0.5415025890169667
12080.0 0.5412815404848946
12090.0 0.541104701659237
12100.0 0.5409720725399937
12110.0 0.5409720725399937
12120.0 0.5409278628335792
12130.0 0.5407510240079216
12140.0 0.5405520803290567
12150.0 0.5404857657694351
12160.0 0.5405078706226423
12170.0 0.5405299754758496
12180.0 0.5404857657694351
12190.0 0.5403089269437775
12200.0 0.540154192971327
12210.0 0.540154192971327
12220.0 0.5401762978245342
12230.0 0.5400878784117054
12240.0 0.5399773541456694
12250.0 0.5399552492924621
12260.0 0.539933144439255
12270.0 0.5398447250264261
12280.0 0.5397120959071829
12290.000000000002 0.5396899910539756
12300.0 0.5396457813475612
12310.000000000002 0.539513152228318
12320.0 0.5393363134026603
12330.000000000002 0.539203684283417
12340.0 0.5391152648705883
12350.000000000002 0.5390268454577594
12360.0 0.5389163211917234
12370.000000000002 0.5387836920724801
12380.0 0.5386952726596512
12390.000000000002 0.5387173775128585
12400.0 0.5386952726596512
12410.000000000002 0.5384963289807865
12420.0 0.5382973853019216
12430.000000000002 0.5383194901551287
12440.0 0.538341595008336
12450.000000000002 0.5381647561826783
12460.0 0.5379437076506063
12470.000000000002 0.5378773930909846
12480.0 0.5378773930909846
12490.000000000002 0.5378331833845702
12500.0 0.5377447639717414
12509.999999999998 0.5376121348524981
12520.0 0.5374574008800477
12529.999999999998 0.5373468766140116
12540.0 0.5372584572011828
12549.999999999998 0.5372363523479756
12560.0 0.5371921426415612
12569.999999999998 0.5371037232287323
12580.0 0.5369047795498675
12589.999999999998 0.5366616261645882
12600.0 0.5364626824857233
12609.999999999998 0.5364405776325162
12620.0 0.5364626824857233
12629.999999999998 0.5363963679261017
12640.0 0.5362637388068585
12649.999999999998 0.5361974242472368
12660.0 0.5360868999812007
12669.999999999998 0.5358658514491287
12680.0 0.5356669077702638
12689.999999999998 0.5355784883574349
12700.0 0.5355121737978135
12709.999999999998 0.5354458592381918
12720.0 0.5353795446785702
12730.0 0.5353574398253629
12740.0 0.5352690204125341
12750.0 0.5350037621740477
12760.0 0.5347827136419755
12770.0 0.5347827136419755
12780.0 0.5348490282015972
12790.0 0.5348490282015972
12800.0 0.5347163990823539
12810.0 0.5344732456970747
12820.0 0.5342521971650026
12830.0 0.5341858826053809
12840.0 0.5341858826053809
12850.0 0.5342079874585881
12860.0 0.5341637777521737
12870.0 0.5340311486329306
12880.0 0.5338985195136872
12890.0 0.5338322049540656
12900.0 0.5338101001008584
12910.0 0.533765890394444
12920.0 0.5336774709816151
12930.0 0.5335669467155791
12940.0 0.5335006321559574
12950.0 0.5334785273027504
12960.0 0.533456422449543
12970.0 0.533345898183507
12980.0 0.533235373917471
12990.0 0.5332795836238854
13000.0 0.5333237933302999
13010.0 0.5332574787706782
13020.0 0.5331469545046422
13030.0 0.5330585350918133
13040.0 0.5329922205321918
13050.0 0.5329922205321918
13060.0 0.5330364302386061
13070.0 0.5331027447982278
13080.0 0.5331248496514349
13090.0 0.5331027447982278
13100.0 0.5331690593578493
13110.0 0.5333680030367143
13120.0 0.5335227370091647
13130.0 0.5334122127431287
13140.0 0.533235373917471
13150.0 0.5332132690642638
13160.0 0.5332795836238854
13170.0 0.533345898183507
13180.0 0.5333901078899214
13190.0 0.5333680030367143
13200.0 0.5333237933302999
13210.0 0.5333680030367143
13220.0 0.5334343175963359
13230.0 0.5335006321559574
13240.0 0.5335448418623719
13250.0 0.5335669467155791
13260.0 0.5336111564219935
13270.0 0.533655366128408
13280.0 0.5336995758348224
13290.0 0.533655366128408
13300.0 0.5336332612752007
13310.0 0.5337437855412368
13320.0 0.5338985195136872
13330.0 0.533986938926516
13340.0 0.5340311486329306
13350.0 0.533986938926516
13360.0 0.533986938926516
13370.0 0.5341195680457593
13380.0 0.5342079874585881
13390.0 0.534097463192552
13400.0 0.5339648340733089
13410.0 0.5339427292201017
13420.0 0.5340311486329306
13430.0 0.5341195680457593
13440.0 0.5342079874585881
13450.0 0.5342521971650026
13460.0 0.534296406871417
13470.0 0.5343627214310387
13480.0 0.5344069311374531
13490.0 0.5344069311374531
13500.0 0.5343848262842458
13510.0 0.5343627214310387
13520.0 0.534296406871417
13530.0 0.5342300923117953
13540.000000000002 0.5341637777521737
13550.0 0.5342079874585881
13560.000000000002 0.5341858826053809
13570.0 0.5340753583393449
13580.000000000002 0.5339648340733089
13590.0 0.5340090437797232
13600.000000000002 0.5340532534861376
13610.0 0.5339648340733089
13620.000000000002 0.5338101001008584
13630.0 0.533655366128408
13640.000000000002 0.5335669467155791
13650.0 0.5334785273027504
13660.000000000002 0.5334343175963359
13670.0 0.5335006321559574
13680.000000000002 0.5335448418623719
13690.0 0.5335006321559574
13700.000000000002 0.5334122127431287
13710.0 0.5332795836238854
13720.000000000002 0.5331911642110566
13730.0 0.5331027447982278
13740.000000000002 0.5330585350918133
13750.0 0.5330364302386061
13759.999999999998 0.533014325385399
13770.0 0.5329922205321918
13779.999999999998 0.5329038011193629
13790.0 0.5327490671469124
13799.999999999998 0.532594333174462
13810.0 0.5325059137616331
13819.999999999998 0.5324395992020116
13830.0 0.5323290749359755
13839.999999999998 0.5321522361103178
13850.0 0.5319090827250386
13859.999999999998 0.5317101390461737
13870.0 0.5316659293397592
13879.999999999998 0.5316217196333448
13890.0 0.5315111953673088
13899.999999999998 0.5314669856608945
13910.0 0.5315996147801376
13919.999999999998 0.5317101390461737
13930.0 0.5315775099269304
13939.999999999998 0.5313564613948584
13950.0 0.5312238322756151
13959.999999999998 0.5311796225692007
13970.0 0.5312238322756151
13980.0 0.5312238322756151
13990.0 0.5310248885967502
14000.0 0.5307817352114709
14010.0 0.5306048963858132
14020.0 0.5305164769729844
14030.0 0.5305164769729844
14040.0 0.5304943721197772
14050.0 0.5303838478537412
14060.0 0.5302070090280836
14070.0 0.5300080653492186
14080.0 0.5298091216703538
14090.0 0.5296543876979034
14100.0 0.5294333391658312
14110.0 0.5291017663677232
14120.0 0.5288365081292367
14130.0 0.5287701935696151
14140.0 0.5287480887164078
14150.0 0.5285712498907502
14160.0 0.5283280965054709
14170.0 0.5281291528266061
14180.0 0.52801862856057
14190.0 0.52801862856057
14200.0 0.52801862856057
14210.0 0.5279744188541556
14220.0 0.52801862856057
14230.0 0.5282838867990565
14240.0 0.5286154595971646
14250.0 0.528880717835651
14260.0 0.5289691372484798
14270.0 0.5289249275420654
14280.0 0.5288586129824439
14290.0 0.5289028226888584
14300.0 0.5289912421016871
14310.0 0.5290133469548943
14320.0 0.5289912421016871
14330.0 0.5289912421016871
14340.0 0.5290133469548943
14350.0 0.5290575566613088
14360.0 0.5291017663677232
14370.0 0.5291238712209304
14380.0 0.5291017663677232
14390.0 0.5290133469548943
14400.0 0.5289912421016871
14410.0 0.5290796615145159
14420.0 0.529190185780552
14430.0 0.5292343954869664
14440.0 0.529190185780552
14450.0 0.5291238712209304
14460.0 0.5290575566613088
14470.0 0.5290575566613088
14480.0 0.5290796615145159
14490.0 0.5291680809273448
14500.0 0.5292565003401736
14510.0 0.5293670246062097
14520.0 0.5293891294594169
14530.0 0.5293449197530024
14540.0 0.529300710046588
14550.0 0.5293449197530024
14560.0 0.529411234312624
14570.0 0.5294333391658312
14580.0 0.5294554440190384
14590.0 0.5295659682850745
14600.0 0.5296543876979034
14610.0 0.5296764925511105
14620.0 0.5296764925511105
14630.0 0.529720702257525
14640.0 0.5297649119639394
14650.0 0.5297428071107322
14660.0 0.5297428071107322
14670.0 0.5298312265235611
14680.0 0.5299638556428042
14690.0 0.5300743799088403
14700.0 0.5300964847620475
14710.0 0.5300522750556331
14720.0 0.5300301702024259
14730.0 0.5301406944684619
14740.0 0.5302954284409124
14750.0 0.5303617430005341
14760.0 0.5304059527069485
14770.0 0.53047226726657
14780.0 0.5305385818261917
14790.000000000002 0.5306048963858132
14800.0 0.5307154206518493
14810.000000000002 0.5308259449178854
14820.0 0.5309364691839213
