mejiro/data/filter_response/RomanSCA17-F062.ecsv
# %ECSV 1.0
# ---
# datatype:
# - {name: wavelength, unit: Angstrom, datatype: float64}
# - {name: response, datatype: float64}
# meta:
#   __serialized_columns__:
#     wavelength:
#       __class__: astropy.units.quantity.Quantity
#       unit: !astropy.units.Unit {unit: Angstrom}
#       value: !astropy.table.SerializedColumn {name: wavelength}
#   band_name: F062
#   group_name: RomanSCA17
# schema: astropy-2.0
wavelength response
4710.0 0.0
4720.0 4.420970641441537e-05
4730.0 0.00022104853207207686
4740.0 0.0010389281007387612
4750.0 0.003802034751639722
4760.0 0.011538733374162412
4770.0 0.028868938288613234
4780.0 0.060390458962091394
4790.0 0.10672223128439871
4800.0 0.1618959448895891
4810.0 0.21393076933935598
4820.0 0.2538963439379875
4830.0 0.2785211504108168
4840.0 0.2903914565830874
4850.0 0.2946355883988712
4860.0 0.2954092582611235
4870.0 0.2950113709033938
4880.0 0.2943482253071775
4890.0 0.2936629748577541
4900.0 0.29306614382115953
4910.0 0.2924914176377721
4920.0 0.2918945866011775
4930.0 0.2913419652709973
4940.0 0.29092197306006035
4950.0 0.29065671482157385
4960.0 0.2905461905555378
4970.0 0.29061250511515946
4980.0 0.29078934394081707
4990.0 0.290988287619682
5000.0 0.2911430215921324
5010.0 0.2914082798306189
5020.0 0.29185037689476306
5030.0 0.2925135224909793
5040.0 0.293331402059646
5050.0 0.2942598058943487
5060.0 0.2952987339950875
5070.0 0.29642608150865507
5080.0 0.2976418484350515
5090.0 0.29899024448069117
5100.0 0.30051547935198847
5110.0 0.30210702878290746
5120.0 0.30367647336061915
5130.0 0.30531223249795253
5140.0 0.30714693531415077
5150.0 0.3091142672495923
5160.0 0.31110370403824095
5170.0 0.3131373505333041
5180.0 0.315259416441196
5190.0 0.31742569205550236
5200.0 0.31961407252301594
5210.0 0.3218687675501511
5220.0 0.3241897771369079
5230.0 0.32659920613649357
5240.0 0.329097054548908
5250.0 0.3316170078145297
5260.0 0.33409275137373695
5270.0 0.336546390079737
5280.0 0.3390221336389443
5290.0 0.3416084014641876
5300.0 0.34432729840867415
5310.0 0.3471125099127823
5320.0 0.34980930200406163
5330.0 0.35243977953571937
5340.0 0.3551365716269987
5350.0 0.3578554685714852
5360.0 0.36059647036917897
5370.0 0.3633595770200799
5380.0 0.36612268367098094
5390.0 0.36879737090905307
5400.0 0.3714278484407107
5410.0 0.37399201141274685
5420.0 0.37655617438478295
5430.0 0.3792087567696478
5440.0 0.3819718634205488
5450.0 0.38475707492465694
5460.0 0.38743176216272907
5470.0 0.38997382028155797
5480.0 0.3923390395747292
5490.0 0.39466004916148606
5500.0 0.39700316360145005
5510.0 0.39930206833499965
5520.000000000001 0.4015346585089276
5530.000000000001 0.4037672486828556
5540.000000000001 0.40599983885678353
5550.000000000001 0.40821032417750436
5560.000000000001 0.41026607552577465
5570.000000000001 0.4122555123144233
5580.000000000001 0.414244949103072
5590.000000000001 0.4161680713320991
5600.000000000001 0.41802487900150453
5610.000000000001 0.4198374769644956
5620.000000000001 0.4216500749274866
5629.999999999999 0.4234847777436848
5639.999999999999 0.42531948055988306
5649.999999999999 0.42719839308249574
5659.999999999999 0.4290552007519012
5669.999999999999 0.4306246453296129
5679.999999999999 0.43179620254959494
5689.999999999999 0.43296775976957697
5699.999999999999 0.4345814140537031
5709.999999999999 0.4363055926038653
5719.999999999999 0.43776451291554097
5729.999999999999 0.4390244895483518
5740.0 0.44032867588757707
5750.0 0.44167707193321676
5760.0 0.4431138873916852
5770.0 0.4444622834373249
5780.0 0.44563384065730693
5790.0 0.44680539787728896
5800.0 0.44815379392292864
5810.0 0.4495463996749827
5820.0 0.4507400617481719
5830.0 0.45182319955532513
5840.0 0.4529505470688927
5850.0 0.453945265463217
5860.0 0.4547189353254693
5870.0 0.4554705003345144
5880.0 0.4564431138756315
5890.0 0.45750414682957746
5900.0 0.4584767603706946
5910.0 0.45940516420539734
5920.0 0.46026725348047837
5930.0 0.4610188184895235
5940.0 0.46157143981970367
5950.0 0.4621461660030911
5960.0 0.4628756261589289
5970.0 0.46373771543401004
5980.0 0.4646219095622984
5990.0 0.4654839988373794
6000.0 0.4663460881124606
6010.0 0.4671418628279201
6020.0 0.4679155326901723
6030.0 0.46882183167166774
6040.0 0.46999338889164977
6050.0 0.4713196800840823
6060.0 0.47262386642330756
6070.0 0.47377331879008233
6080.0 0.4747238274779923
6090.0 0.47563012645948777
6100.0 0.47666905456022657
6110.0 0.47775219236737976
6120.0 0.47883533017453284
6130.0 0.47989636312847883
6140.0 0.48086897666959594
6150.0 0.48184159021071316
6160.0 0.4828142037518303
6170.0 0.4837868172929474
6180.0 0.4847373259808573
6190.0 0.4855773104027312
6200.0 0.4862625608521547
6210.0 0.4869036015951637
6220.0 0.48754464233817274
6230.0 0.4881856830811817
6240.0 0.48882672382419073
6250.0 0.4893351354479565
6260.0 0.4896667082460646
6270.0 0.4900645956037944
6280.0 0.4907056363468034
6290.0 0.49139088679622683
6300.0 0.4918992984199926
6310.0 0.49229718577772236
6320.0 0.4926950731354521
6330.0 0.49304875078676746
6340.0 0.49329190417204666
6350.0 0.4935571624105332
6360.0 0.49395504976826293
6370.0 0.49433083227278546
6380.0 0.4945518808048575
6390.0 0.4946624050708936
6400.0 0.4947729293369297
6410.0 0.49499397786900173
6420.0 0.49541397007993865
6430.0 0.4957676477312539
6440.0 0.4959002768504972
6450.0 0.4958339622908756
6460.0 0.49578975258446123
6470.0 0.4958339622908756
6480.0 0.4960550108229477
6490.0 0.4964307933274702
6500.0 0.4967844709787855
6510.0 0.4970718340704792
6520.0 0.4972265680429297
6530.0 0.49724867289613683
6540.0 0.49724867289613683
6550.0 0.4972265680429297
6560.0 0.49724867289613683
6570.0 0.49733709230896567
6580.0 0.4975360359878306
6590.0 0.49773497966669544
6600.0 0.4977791893731099
6610.0 0.4977128748134882
6620.0 0.49762445540065936
6630.0 0.4975139311346234
6640.0 0.497469721428209
6650.0 0.497469721428209
6660.0 0.4975139311346234
6670.0 0.49755814084103783
6680.0 0.49749182628141614
6690.0 0.4973591971621729
6700.0 0.49713814863010086
6710.0 0.49696130980444325
6720.0 0.49689499524482156
6730.0 0.49689499524482156
6740.0 0.49685078553840717
6750.0 0.49671815641916395
6760.0 0.49651921274029903
6770.000000000001 0.4962318496486053
6780.000000000001 0.4959444865569116
6790.000000000001 0.49565712346521795
6800.000000000001 0.495347655520317
6810.000000000001 0.4950823972818305
6820.000000000001 0.4949497681625873
6830.000000000001 0.49475082448372243
6840.000000000001 0.49437504197919985
6850.000000000001 0.4939329449150558
6860.000000000001 0.4935792672637404
6870.000000000001 0.4933140090252539
6879.999999999999 0.49315927505280344
6889.999999999999 0.49291612166752424
6899.999999999999 0.49247402460338
6909.999999999999 0.49200982268602866
6919.999999999999 0.49163404018150614
6929.999999999999 0.491302467383398
6939.999999999999 0.4909045800256683
6949.999999999999 0.4905730072275602
6959.999999999999 0.4903740635486953
6969.999999999999 0.4902193295762448
6979.999999999999 0.4900645956037944
6990.0 0.4899319664845512
7000.0 0.4899319664845512
7010.0 0.48986565192492953
7020.0 0.4895782888332358
7030.0 0.4891804014755061
7040.0 0.4888930383838124
7050.0 0.48864988499853307
7060.0 0.4883625219068394
7070.0 0.4881414733747673
7080.0 0.4880530539619385
7090.0 0.4880530539619385
7100.0 0.4880972636683529
7110.0 0.4880530539619385
7120.0 0.4878762151362808
7130.0 0.4876330617510015
7140.0 0.4875004326317583
7150.0 0.48758885204458713
7160.0 0.48792042484269527
7170.0 0.4882298927875961
7180.0 0.4882519976408034
7190.0 0.4881856830811817
7200.0 0.4881856830811817
7210.0 0.48820778793438896
7220.0 0.4881414733747673
7230.0 0.4880088442555241
7240.0 0.48792042484269527
7250.0 0.4878099005766592
7260.0 0.48765516660420877
7270.0 0.48752253748496543
7280.0 0.48754464233817274
7290.0 0.48765516660420877
7300.0 0.48772148116383035
7310.0 0.48765516660420877
7320.0 0.48743411807213666
7330.0 0.48723517439327185
7340.0 0.487257279246479
7350.0 0.4875004326317583
7360.0 0.48796463454910965
7370.0 0.4883846267600466
7380.0 0.4886056752921187
7390.0 0.48869409470494746
7400.0 0.48876040926456915
7410.0 0.48895935294343407
7420.0 0.4892909257415421
7430.0 0.48960039368644304
7440.0 0.48973302280568626
7450.0 0.4899098616313439
7460.0 0.4903298538422809
7470.0 0.49077195090642506
7480.0 0.4910593139981187
7490.0 0.49156772562188455
7500.0 0.4924961294565873
7510.0 0.4930266459335602
7520.0 0.4916561450347134
7530.0 0.48624045599894744
7540.0 0.47317648775348775
7550.0 0.44735801920746915
7560.0 0.40434197486624296
7570.0 0.3431778460418993
7580.0 0.26881711985285267
7590.0 0.19127329480196809
7600.0 0.1219966848505792
7610.0 0.06905556141931682
7620.0 0.03441725644362237
7630.0 0.015031300180901227
7640.0 0.005703052127459583
7650.0 0.0018789125226126534
7660.0 0.0005305164769729844
7670.0 0.0001326291192432461
7680.0 2.2104853207207685e-05
7690.0 0.0
