mejiro/data/filter_response/RomanSCA14-F106.ecsv
# %ECSV 1.0
# ---
# datatype:
# - {name: wavelength, unit: Angstrom, datatype: float64}
# - {name: response, datatype: float64}
# meta:
#   __serialized_columns__:
#     wavelength:
#       __class__: astropy.units.quantity.Quantity
#       unit: !astropy.units.Unit {unit: Angstrom}
#       value: !astropy.table.SerializedColumn {name: wavelength}
#   band_name: F106
#   group_name: RomanSCA14
# schema: astropy-2.0
wavelength response
9230.0 0.0
9240.0 2.2104853207207685e-05
9250.0 0.00011052426603603843
9260.0 0.0005968310365946076
9270.0 0.002431533852792845
9280.0 0.00831142480591009
9290.0 0.023652192931712224
9300.0 0.056566319357244474
9310.0 0.11434840564088536
9320.0 0.19744054884677906
9330.0 0.2953429437015019
9340.0 0.38984119116231475
9350.0 0.4647103289751272
9360.0 0.5133852157373985
9370.0 0.5394026279622819
9380.0 0.5509413613364443
9390.0 0.5553623319778859
9400.0 0.5569317765555976
9410.0 0.5575286075921922
9420.0 0.557926494949922
9430.0 0.5584128017204805
9440.0 0.5588991084910391
9450.0 0.5592306812891472
9460.0 0.5595622540872554
9470.0 0.5600485608578138
9480.0 0.560579077334787
9490.0 0.5609990695457239
9500.0 0.5614190617566608
9510.0 0.561971683086841
9520.0 0.5625243044170212
9530.0 0.5629442966279581
9540.0 0.5632758694260662
9550.0 0.5636295470773816
9560.0 0.5640716441415258
9570.0 0.5645358460588771
9580.0 0.5649779431230212
9590.0 0.5653095159211293
9600.0 0.5656410887192375
9610.0 0.5660610809301744
9620.0 0.5664810731411114
9630.0 0.5668568556456339
9640.0 0.5671884284437421
9650.0 0.5675421060950573
9660.0 0.5678515740399582
9670.0 0.5680726225720303
9680.0 0.5683378808105168
9690.0 0.5687578730214538
9700.0 0.569199970085598
9710.0 0.5694652283240844
9720.0 0.5697083817093637
9730.0 0.5700841642138863
9740.0 0.5704378418652015
9750.0 0.570703100103688
9760.0 0.5709462534889673
9770.0 0.5713220359934899
9780.0 0.5716757136448051
9790.0 0.5718525524704628
9800.0 0.5720072864429132
9810.0 0.572294649534607
9820.0 0.5725820126263007
9830.0 0.5727367465987512
9840.0 0.5728693757179945
9850.0 0.5731346339564809
9860.0 0.5734441019013817
9870.0 0.5737314649930755
9880.0 0.5738640941123186
9890.0 0.5738640941123186
9900.0 0.573886198965526
9910.0 0.5741293523508052
9920.0 0.5743946105892918
9930.0 0.5745051348553278
9940.0 0.5745493445617422
9950.0 0.5746598688277782
9960.0 0.5748146028002287
9970.0 0.5748809173598503
9980.0 0.5750135464790935
9990.0 0.5752124901579584
10000.0 0.5754335386900306
10009.999999999998 0.5755661678092737
10020.0 0.5755882726624809
10029.999999999998 0.5755882726624809
10040.0 0.5755882726624809
10049.999999999998 0.5756103775156881
10060.0 0.5756545872221026
10069.999999999998 0.5757209017817241
10080.0 0.5757430066349314
10089.999999999998 0.575698796928517
10100.0 0.5756766920753097
10109.999999999998 0.5757430066349314
10120.0 0.5758314260477602
10129.999999999998 0.5758314260477602
10140.0 0.5757651114881386
10149.999999999998 0.5756545872221026
10160.0 0.5755440629560665
10169.999999999998 0.5755440629560665
10180.0 0.5755661678092737
10189.999999999998 0.5755440629560665
10200.0 0.575499853249652
10209.999999999998 0.5754114338368232
10220.0 0.5753451192772016
10230.0 0.57527880471758
10240.0 0.5752345950111656
10250.0 0.5751240707451295
10260.0 0.5749693367726791
10270.0 0.5747924979470214
10280.0 0.5746819736809854
10290.0 0.5746598688277782
10300.0 0.5746156591213638
10310.0 0.5744388202957061
10320.0 0.5742398766168413
10330.0 0.574107247497598
10340.0 0.5740188280847692
10350.0 0.573886198965526
10360.0 0.5737535698462827
10370.0 0.5735767310206251
10380.0 0.5733998921949673
10390.0 0.5732009485161025
10400.0 0.5729798999840304
10410.0 0.5727367465987512
10420.0 0.5725599077730934
10430.0 0.5724935932134718
10440.0 0.5723830689474358
10450.0 0.5720514961493277
10460.0 0.5716978184980124
10470.0 0.5714988748191475
10480.0 0.5714104554063186
10490.0 0.5713220359934899
10500.0 0.5711673020210394
10510.0 0.5708578340761384
10520.0 0.5705262612780303
10530.0 0.5703273175991654
10540.0 0.5702167933331295
10550.0 0.5700841642138863
10560.0 0.5699294302414357
10570.0 0.5697304865625709
10580.0 0.56942101861767
10590.0 0.5690231312599402
10600.0 0.5686473487554177
10610.0 0.5684484050765528
10620.0 0.5683157759573096
10630.0 0.5681168322784448
10640.0 0.5678515740399582
10650.0 0.5674757915354357
10660.0 0.5671000090309132
10670.0 0.5668347507924266
10680.0 0.5665915974071474
10690.0 0.5663042343154537
10700.0 0.5660389760769673
10710.0 0.5657958226916879
10720.0 0.5655968790128231
10730.0 0.565375830480751
10740.0 0.565176886801886
10750.0 0.5650000479762285
10760.0 0.5648011042973635
10770.0 0.5644916363524627
10780.0 0.5641158538479402
10790.0 0.563784281049832
10800.0 0.5635411276645527
10810.0 0.5634084985453095
10820.0 0.563253764572859
10830.0 0.5629000869215437
10840.0 0.5625685141234356
10850.0 0.5624137801509851
10860.0 0.5622590461785347
10870.0 0.5619495782336338
10880.0 0.5616180054355258
10890.0 0.5613527471970391
10900.0 0.561131698664967
10910.0 0.5608885452796878
10920.0 0.5606232870412013
10930.0 0.5603359239495076
10940.0 0.5600706657110212
10950.0 0.5598275123257418
10960.0 0.5595843589404625
10970.0 0.5592969958487688
10980.0 0.55920857643594
10990.0 0.559518044380841
11000.0 0.5598054074725347
11010.0 0.5596727783532913
11020.0 0.5593633104083905
11030.0 0.5591643667295256
11040.000000000002 0.5590538424634895
11050.0 0.5589433181974536
11060.000000000002 0.5588327939314175
11070.0 0.5587443745185886
11080.000000000002 0.5585896405461382
11090.0 0.5583022774544445
11100.000000000002 0.5580591240691652
11110.0 0.5579928095095437
11120.000000000002 0.5579707046563364
11130.0 0.5578380755370932
11140.000000000002 0.5577275512710571
11150.0 0.5577054464178499
11160.000000000002 0.5576612367114355
11170.0 0.557395978472949
11180.000000000002 0.5571307202344625
11190.0 0.5571086153812553
11200.000000000002 0.5571086153812553
11210.0 0.5569759862620121
11220.000000000002 0.5567991474363544
11230.0 0.5567770425831472
11240.000000000002 0.5566886231703184
11250.0 0.5564233649318319
11259.999999999998 0.5561138969869309
11270.0 0.5559591630144805
11279.999999999998 0.5558707436016517
11290.0 0.5558044290420301
11299.999999999998 0.5557381144824084
11310.0 0.555693904775994
11319.999999999998 0.5556496950695796
11330.0 0.5555391708035435
11339.999999999998 0.5554065416843003
11350.0 0.5553181222714715
11359.999999999998 0.5552075980054354
11370.0 0.5550749688861921
11379.999999999998 0.5549644446201561
11390.0 0.554942339766949
11399.999999999998 0.5549865494733633
11410.0 0.5550086543265706
11419.999999999998 0.5549644446201561
11430.0 0.5548318155009129
11439.999999999998 0.5546991863816696
11450.0 0.5546770815284625
11459.999999999998 0.5546991863816696
11470.0 0.5546770815284625
11480.0 0.5545886621156336
11490.0 0.554522347556012
11500.0 0.5544560329963905
11510.0 0.5544339281431832
11520.0 0.5543897184367688
11530.0 0.5542791941707327
11540.0 0.5542349844643183
11550.0 0.55430129902394
11560.0 0.5543676135835615
11570.0 0.5542570893175255
11580.0 0.5541244601982823
11590.0 0.5541244601982823
11600.0 0.5542128796111111
11610.0 0.5542570893175255
11620.0 0.5542128796111111
11630.0 0.5541244601982823
11640.0 0.5540360407854534
11650.0 0.5540360407854534
11660.0 0.5540581456386606
11670.0 0.5540581456386606
11680.0 0.554102355345075
11690.0 0.5542128796111111
11700.0 0.5542791941707327
11710.0 0.5541686699046967
11720.0 0.5540139359322462
11730.0 0.5539476213726245
11740.0 0.5539697262258318
11750.0 0.553991831079039
11760.0 0.553991831079039
11770.0 0.553991831079039
11780.0 0.5540360407854534
11790.0 0.5541907747579039
11800.0 0.5543234038771471
11810.0 0.5543234038771471
11820.0 0.5542791941707327
11830.0 0.5543234038771471
11840.0 0.5543676135835615
11850.0 0.5543455087303544
11860.0 0.5542570893175255
11870.0 0.5541465650514894
11880.0 0.5540581456386606
11890.0 0.5538592019597958
11900.0 0.5530855320975435
11910.0 0.5508087322172011
11920.0 0.5455477771538857
11930.0 0.53482692334839
11940.0 0.514822031195867
11950.0 0.48162054167864105
11960.0 0.4329235500631625
11970.0 0.36957104077130526
11980.0 0.2961166135637541
11990.0 0.22042959618227503
12000.0 0.15113088137767894
12010.0 0.09478561055250656
12020.0 0.05409057579803721
12030.0 0.02796263930711772
12040.0 0.013041863392252533
12050.0 0.0054598987421802985
12060.0 0.0020557513482703147
12070.0 0.0006852504494234382
12080.0 0.00022104853207207686
12090.0 6.631455962162305e-05
12100.0 2.2104853207207685e-05
12110.0 0.0
