mejiro/data/filter_response/RomanSCA08-F184.ecsv
# %ECSV 1.0
# ---
# datatype:
# - {name: wavelength, unit: Angstrom, datatype: float64}
# - {name: response, datatype: float64}
# meta:
#   __serialized_columns__:
#     wavelength:
#       __class__: astropy.units.quantity.Quantity
#       unit: !astropy.units.Unit {unit: Angstrom}
#       value: !astropy.table.SerializedColumn {name: wavelength}
#   band_name: F184
#   group_name: RomanSCA08
# schema: astropy-2.0
wavelength response
16590.0 0.0
16600.0 2.2104853207207685e-05
16610.0 4.420970641441537e-05
16620.0 0.00011052426603603843
16630.0 0.0002652582384864922
16640.0 0.0006189358898018152
16650.0 0.0013483960456396689
16660.0 0.002807316357315376
16670.0 0.005570423008216337
16680.0 0.010389281007387612
16690.0 0.01834702816198238
16700.0 0.030747850811225892
16710.0 0.04891804014755061
16720.0 0.07391862912490249
16730.0 0.10630223907346176
16740.0 0.14575940204832746
16750.0 0.1910301414166888
16760.0 0.23988186700461778
16770.0 0.2894188430419702
16780.0 0.3367011240521875
16790.0 0.3792087567696478
16800.0 0.415195457790982
16810.0 0.44375492813469425
16820.0 0.4651524260392713
16830.0 0.4802279359265869
16840.0 0.4902635392826593
16850.0 0.4964971078870919
16860.0 0.5002107232259028
16870.0 0.5023327891337946
16880.0 0.5035043463537767
16890.0 0.5041674919499929
16900.0 0.5045211696013082
16910.0 0.5047422181333803
16920.0 0.5049411618122451
16930.0 0.5052064200507316
16940.0 0.5054274685828037
16950.0 0.5054937831424253
16960.0 0.5055822025552542
16970.0 0.5058695656469478
16980.0 0.5061127190322272
16990.0 0.5061348238854343
17000.0 0.5061127190322272
17010.0 0.5063779772707137
17020.0 0.5067095500688218
17030.0 0.506952703454101
17040.0 0.5070853325733443
17050.0 0.5071074374265515
17060.0 0.5071516471329659
17070.0 0.5073505908118308
17080.0 0.5075716393439028
17090.0 0.5077042684631462
17100.0 0.507792687875975
17110.0 0.507903212142011
17120.0 0.5080579461144614
17130.0 0.5082126800869119
17140.0 0.5083232043529479
17150.0 0.5083674140593624
17160.0 0.5085000431786055
17170.0 0.5088316159767137
17180.0 0.5091410839216146
17190.0 0.5092295033344435
17200.0 0.5092516081876506
17210.0 0.5093621324536867
17220.0 0.5095389712793443
17230.0 0.5096494955453804
17240.0 0.5097600198114164
17250.0 0.5099589634902812
17260.0 0.5101358023159389
17270.0 0.5102021168755606
17280.0 0.510246326581975
17290.0 0.5103347459948039
17300.0 0.5104894799672544
17310.0 0.5106663187929119
17320.0 0.5108210527653625
17330.0 0.5109536818846057
17340.0 0.511108415857056
17350.0 0.5112631498295066
17360.0 0.5113957789487498
17370.0 0.5114841983615785
17380.0 0.5114841983615785
17390.0 0.5114399886551642
17400.0 0.5114620935083715
17410.0 0.5117052468936507
17420.0 0.51194840027893
17430.0 0.5120810293981732
17440.0 0.5121473439577948
17450.0 0.5123020779302453
17460.0 0.5124126021962814
17470.0 0.5124126021962814
17480.0 0.5124126021962814
17490.0 0.5124568119026958
17500.0 0.5125010216091102
17510.0 0.5125452313155247
17520.0 0.5126557555815606
17530.0 0.5128768041136327
17540.0 0.5130757477924975
17550.0 0.5131420623521192
17560.0 0.5131420623521192
17570.0 0.5131641672053264
17580.0 0.5132083769117408
17590.0 0.5132746914713625
17600.0 0.5133852157373985
17610.0 0.5135178448566418
17620.0 0.5136062642694706
17630.0 0.5135841594162633
17640.0 0.5135841594162633
17650.0 0.5136725788290921
17660.0 0.5138052079483354
17670.0 0.5138715225079571
17680.0 0.5138936273611643
17690.0 0.5138715225079571
17700.0 0.5138494176547499
17710.0 0.5138715225079571
17720.0 0.5138936273611643
17730.0 0.5139157322143715
17740.0 0.5139820467739932
17750.0 0.5141146758932363
17760.0 0.5142252001592723
17770.0 0.514291514718894
17780.0 0.5143357244253084
17790.0 0.5144462486913445
17800.0 0.5145567729573804
17810.0 0.5145788778105878
17820.0 0.5145346681041734
17830.0 0.5144462486913445
17840.0 0.5143799341317228
17850.0 0.5144020389849301
17860.0 0.5145125632509661
17870.0 0.5146451923702093
17880.0 0.514822031195867
17890.0 0.5149546603151103
17900.0 0.5150651845811463
17910.0 0.5150872894343534
17920.0 0.5150651845811463
17930.0 0.5150430797279391
17940.0 0.5150651845811463
17950.0 0.515242023406804
17960.0 0.5153967573792544
17970.0 0.5153746525260472
17980.0 0.5153083379664255
17990.0 0.51535254767284
18000.0 0.5155072816452905
18010.0 0.5157283301773625
18020.0 0.515883064149813
18030.0 0.5159051690030202
18040.0 0.515883064149813
18050.0 0.5159051690030202
18060.0 0.515993588415849
18070.0 0.5161262175350922
18080.0 0.5162809515075427
18090.0 0.5164356854799932
18100.0 0.5165462097460293
18110.0 0.5165683145992364
18120.0 0.5166125243056509
18130.0 0.5167893631313084
18140.0 0.5169883068101734
18150.0 0.5171430407826239
18160.0 0.5172535650486598
18170.0 0.5173419844614886
18180.0 0.5173198796082815
18190.0 0.5171430407826239
18200.0 0.5170104116633806
18210.0 0.5170988310762095
18220.0 0.5173419844614886
18230.0 0.517585137846768
18240.0 0.5178725009384616
18250.0 0.5181819688833625
18260.0 0.5184693319750563
18270.0 0.5186903805071283
18280.0 0.5188009047731644
18290.0 0.5187566950667499
18300.0 0.5187345902135427
18310.0 0.5188893241859932
18320.0 0.5190440581584437
18330.0 0.5190440581584437
18340.0 0.5190440581584437
18350.0 0.519176687277687
18360.0 0.519397735809759
18370.0 0.5196629940482456
18380.0 0.5199061474335247
18390.0 0.5200829862591824
18400.0 0.5202377202316328
18410.0 0.5202819299380472
18420.0 0.5203040347912545
18430.0 0.5202598250848401
18440.0 0.5202377202316328
18450.0 0.5203261396444617
18460.0 0.5204366639104978
18470.0 0.5205471881765338
18480.0 0.5207019221489843
18490.0 0.5209008658278491
18500.0 0.5210113900938852
18510.0 0.5209008658278491
18520.0 0.5208345512682274
18530.0 0.5209671803874707
18540.0 0.5211219143599212
18550.0 0.5211661240663356
18560.0 0.5211440192131285
18570.0 0.5212324386259573
18580.0 0.5213650677452005
18590.0 0.5214976968644437
18600.0 0.521630325983687
18610.0 0.5217629551029301
18620.0 0.5218734793689662
18630.0 0.5219397939285879
18640.0 0.521851374515759
18650.0 0.5215640114240654
18660.0 0.521320858038786
18670.0 0.5213650677452005
18680.0 0.5214976968644437
18690.0 0.521519801717651
18700.0 0.5214534871580293
18710.0 0.5213650677452005
18720.0 0.5214755920112365
18730.0 0.5218734793689662
18740.0 0.5222050521670744
18750.0 0.5221829473138672
18760.0 0.5220724230478312
18770.0 0.5221829473138672
18780.0 0.5223155764331103
18790.0 0.5222492618734887
18800.0 0.52216084246066
18810.0 0.5222271570202816
18820.0 0.5223155764331103
18830.0 0.5222934715799032
18840.0 0.5222271570202816
18850.0 0.5222492618734887
18860.0 0.5223155764331103
18870.0 0.5223155764331103
18880.0 0.5222713667266959
18890.0 0.5222492618734887
18900.0 0.5223376812863176
18910.0 0.5225366249651825
18920.0 0.5225587298183897
18930.0 0.5222271570202816
18940.0 0.521851374515759
18950.0 0.5217850599561374
18960.0 0.5218071648093446
18970.0 0.521630325983687
18980.0 0.521519801717651
18990.0 0.5216966405433086
19000.0 0.5218955842221735
19010.0 0.5219176890753806
19020.0 0.5218734793689662
19030.0 0.5219176890753806
19040.0 0.5220061084882095
19050.0 0.5220724230478312
19060.0 0.5220061084882095
19070.0 0.5217629551029301
19080.0 0.5214976968644437
19090.0 0.5213650677452005
19100.0 0.5213871725984076
19110.0 0.5214976968644437
19120.0 0.5215861162772726
19130.0 0.5215640114240654
19140.0 0.521519801717651
19150.0 0.5214976968644437
19160.0 0.5214313823048221
19170.0 0.5212324386259573
19180.0 0.5209008658278491
19190.0 0.5205913978829483
19200.0 0.5205250833233266
19210.0 0.5209008658278491
19220.0 0.5212766483323716
19230.0 0.5212987531855788
19240.0 0.521099809506714
19250.0 0.5209671803874707
19260.0 0.5207682367086058
19270.0 0.5203703493508761
19280.0 0.5201271959655969
19290.0 0.5203040347912545
19300.0 0.5206356075893627
19310.0 0.5207682367086058
19320.0 0.5206356075893627
19330.0 0.5203261396444617
19340.0 0.5200608814059752
19350.0 0.520038776552768
19360.0 0.5200829862591824
19370.0 0.520038776552768
19380.0 0.5199503571399391
19390.0 0.5199503571399391
19400.0 0.5200608814059752
19410.0 0.5202377202316328
19420.0 0.5203261396444617
19430.0 0.5201714056720113
19440.0 0.5198840425803176
19450.0 0.5196408891950383
19460.0 0.5195303649290022
19470.0 0.5195966794886239
19480.0 0.5196408891950383
19490.0 0.5195303649290022
19500.0 0.5194419455161734
19510.0 0.5196187843418311
19520.0 0.5198177280206959
19530.0 0.5198840425803176
19540.0 0.5198840425803176
19550.0 0.5199061474335247
19560.0 0.5200166716995608
19570.0 0.5201271959655969
19580.0 0.5201493008188041
19590.0 0.5199503571399391
19600.0 0.5198619377271103
19610.0 0.5201050911123897
19620.0 0.5203703493508761
19630.0 0.5202819299380472
19640.0 0.5201050911123897
19650.0 0.5201271959655969
19660.0 0.5203040347912545
19670.0 0.5204587687637049
19680.0 0.520569293029741
19690.0 0.5206577124425699
19700.0 0.5206798172957771
19710.0 0.5205913978829483
19720.0 0.5205250833233266
19730.0 0.5206577124425699
19740.0 0.5207240270021914
19750.0 0.520569293029741
19760.0 0.5203703493508761
19770.0 0.5203261396444617
19780.0 0.5203261396444617
19790.0 0.5202156153784258
19800.0 0.5198840425803176
19810.0 0.5192651066905157
19820.0 0.5182703882961913
19830.0 0.5167009437184796
19840.0 0.5142694098656868
19850.0 0.5106442139397047
19860.0 0.5055158879956326
19870.0 0.49861917379498377
19880.0 0.4894014500075782
19890.0 0.4773322001564428
19900.0 0.4620798514434694
19910.0 0.44344546018979336
19920.0 0.42123008271654966
19930.0 0.3955000335833599
19940.0 0.3664984661755034
19950.0 0.33475589696995317
19960.0 0.3008691570033038
19970.0 0.26574454525705077
19980.0 0.23055361895117615
19990.0 0.19635741103962587
20000.0 0.1639295913846522
20010.0 0.13393330558247135
20019.999999999996 0.10703169922929961
20030.0 0.08364476453607389
20040.0 0.0638830257688302
20050.0 0.04768016836794698
20059.999999999996 0.03472672438852327
20070.0 0.024669016179243778
20080.0 0.017109156382378747
20090.0 0.01156083822736962
20099.999999999996 0.007626174356486652
20110.0 0.004907277412000107
20120.0 0.003072574595801868
20130.0 0.0018789125226126534
20139.999999999996 0.0011052426603603842
20150.0 0.0006410407430090229
20160.0 0.00035367765131532296
20170.0 0.00019894367886486917
20179.999999999996 0.00011052426603603843
20190.0 4.420970641441537e-05
20200.0 2.2104853207207685e-05
20210.0 2.2104853207207685e-05
20219.999999999996 0.0
