mejiro/data/filter_response/RomanSCA01-F062.ecsv
# %ECSV 1.0
# ---
# datatype:
# - {name: wavelength, unit: Angstrom, datatype: float64}
# - {name: response, datatype: float64}
# meta:
#   __serialized_columns__:
#     wavelength:
#       __class__: astropy.units.quantity.Quantity
#       unit: !astropy.units.Unit {unit: Angstrom}
#       value: !astropy.table.SerializedColumn {name: wavelength}
#   band_name: F062
#   group_name: RomanSCA01
# schema: astropy-2.0
wavelength response
4730.0 0.0
4740.0 2.2104853207207685e-05
4750.0 0.00011052426603603843
4760.0 0.0006189358898018152
4770.0 0.002586267825243299
4780.0 0.008598787897603788
4790.0 0.023254305573982486
4800.0 0.05143799341317228
4810.0 0.09376878730497501
4820.0 0.14423416717703014
4830.0 0.19169328701290506
4840.0 0.22672947934632925
4850.0 0.24686700061809544
4860.0 0.2556426273413569
4870.0 0.25818468546018575
4880.0 0.25820679031339294
4890.0 0.25745522530434795
4900.0 0.2565710311760596
4910.0 0.2556868370477713
4920.0 0.25475843321306857
4930.0 0.2538742390847803
4940.0 0.2531226740757352
4950.0 0.2524816333327262
4960.0 0.2520174314153748
4970.0 0.2516858586172667
4980.0 0.2514427052319874
4990.0 0.25122165669991536
5000.0 0.25100060816784325
5010.0 0.25082376934218564
5020.0 0.25086797904860003
5030.0 0.2510669227274649
5040.0 0.25139849552557303
5050.0 0.25184059258971714
5060.0 0.25237110906669014
5070.0 0.25299004495649197
5080.0 0.2536974002591226
5090.0 0.2545373846809965
5100.0 0.2555099982221136
5110.0 0.2565489263228524
5120.0 0.257565749570384
5130.0 0.2586488873775371
5140.0 0.25990886401034796
5150.0 0.26127936490919484
5160.0 0.2626719706612489
5170.0 0.26410878611971744
5180.0 0.26563402099101474
5190.0 0.26718136071551934
5200.0 0.2687729101464382
5210.0 0.27043077413697886
5220.0 0.2721328478339338
5230.0 0.2739233409437177
5240.0 0.2757801486131231
5250.0 0.27765906113573574
5260.0 0.279493763951934
5270.0 0.2813284667681322
5280.0 0.28318527443753766
5290.0 0.28513050151977193
5300.0 0.28723046257445667
5310.0 0.2893525284823486
5320.0 0.2914082798306189
5330.0 0.2934198214724748
5340.0 0.2954534679675379
5350.0 0.29755342902222265
5360.0 0.2996533900769074
5370.0 0.3017975608380065
5380.0 0.30389752189269126
5390.0 0.3059753780941688
5400.0 0.30798691973602466
5410.0 0.3099542516714661
5420.0 0.31192158360690764
5430.0 0.313977334955178
5440.0 0.31609940086306987
5450.0 0.31826567647737625
5460.0 0.3203214278256466
5470.0 0.32226665490788087
5480.0 0.32410135772407905
5490.0 0.3258697459806557
5500.0 0.3276381342372323
5510.0 0.3294065224938089
5520.000000000001 0.33110859619076394
5530.000000000001 0.3328106698877189
5540.000000000001 0.3345127435846739
5550.000000000001 0.3361927124284217
5560.000000000001 0.33776215700613343
5570.000000000001 0.33928739187743073
5580.000000000001 0.3407905218955209
5590.000000000001 0.3422494422071966
5600.000000000001 0.3436641528124579
5610.000000000001 0.34505675856451196
5620.000000000001 0.34644936431656603
5629.999999999999 0.34786407492182736
5639.999999999999 0.3493008903802959
5649.999999999999 0.35078191554517874
5659.999999999999 0.35224083585685445
5669.999999999999 0.3534787076364581
5679.999999999999 0.3543850066179536
5689.999999999999 0.3553134104526563
5699.999999999999 0.3566397016450888
5709.999999999999 0.35805441225035006
5719.999999999999 0.3592480743235393
5729.999999999999 0.3603091072774853
5740.0 0.36141434993784566
5750.0 0.3625638023046205
5760.0 0.3638016740842241
5770.0 0.3649953361574133
5780.0 0.36605636911135925
5790.0 0.36713950691851244
5800.0 0.3683994835513233
5810.0 0.36968156503734134
5820.0 0.3708310174041161
5830.0 0.37193626006447655
5840.0 0.3730636075780441
5850.0 0.37412464053199007
5860.0 0.37500883466027835
5870.0 0.37591513364177387
5880.0 0.37699827144892706
5890.0 0.3782140383753235
5900.0 0.3793634907420983
5910.0 0.3804908382556659
5920.0 0.38161818576923345
5930.0 0.38265711386997225
5940.0 0.3835634128514678
5950.0 0.3845139215393777
5960.0 0.38564126905294527
5970.0 0.38687914083254893
5980.0 0.3881833271717742
5990.0 0.3894875135109994
6000.0 0.3908138047034319
6010.0 0.39214009589586435
6020.0 0.3934663870882968
6030.0 0.3949253073999725
6040.0 0.3966494859501347
6050.0 0.39850629361954015
6060.0 0.4003852061421528
6070.0 0.4021314895455222
6080.0 0.4037451438296484
6090.0 0.40533669326056737
6100.0 0.4070387669575223
6110.0 0.40880715521409894
6120.0 0.41057554347067554
6130.0 0.41232182687404495
6140.0 0.41402390057099997
6150.0 0.41570386941474774
6160.0 0.41740594311170276
6170.0 0.4191080168086577
6180.0 0.4207437759459911
6190.0 0.42231322052370285
6200.0 0.4237500359821713
6210.0 0.4251205368810182
6220.0 0.4264910377798651
6230.0 0.42783943382550477
6240.0 0.42914362016473
6250.0 0.4303372822379192
6260.0 0.431376210338658
6270.0 0.4324151384393967
6280.0 0.4336751150722076
6290.0 0.4349571965582256
6300.0 0.43604033436537876
6310.0 0.437012947906496
6320.0 0.4379634565944059
6330.0 0.4388697555759014
6340.0 0.4396655302913609
6350.0 0.4404392001536131
6360.0 0.4413233942819014
6370.0 0.4421854835569825
6380.0 0.4428928388596132
6390.0 0.4434675650430006
6400.0 0.4440201863731808
6410.0 0.44468333196939697
6420.0 0.44547910668485646
6430.0 0.4462306716939015
6440.0 0.4467390833176673
6450.0 0.4470927609689827
6460.0 0.44742433376709073
6470.0 0.4478222211248205
6480.0 0.44839694730820795
6490.0 0.4490600929044241
6500.0 0.44972323850064033
6510.0 0.4502979646840278
6520.0 0.45071795689496474
6530.0 0.4510495296930729
6540.0 0.4513147879315593
6550.0 0.45158004617004577
6560.0 0.45184530440853227
6570.0 0.4521768772066404
6580.0 0.4525968694175773
6590.0 0.4530168616285143
6600.0 0.4532600150137936
6610.0 0.4533926441330368
6620.0 0.45348106354586565
6630.0 0.4535694829586945
6640.0 0.45368000722473056
6650.0 0.45383474119718104
6660.0 0.45401158002283865
6670.0 0.4541663139952892
6680.0 0.4542326285549107
6690.0 0.4541884188484963
6700.0 0.45407789458246023
6710.0 0.4539894751696314
6720.0 0.45401158002283865
6730.0 0.4540557897292531
6740.0 0.45403368487604584
6750.0 0.453945265463217
6760.0 0.45376842663755934
6770.000000000001 0.4535031683990729
6780.000000000001 0.45323791016058634
6790.000000000001 0.45292844221568546
6800.000000000001 0.4525968694175773
6810.000000000001 0.4523316111790909
6820.000000000001 0.45213266750022596
6830.000000000001 0.45188951411494666
6840.000000000001 0.451491626757217
6850.000000000001 0.4510053199866584
6860.000000000001 0.4505853277757215
6870.000000000001 0.4502537549776134
6879.999999999999 0.44998849673912683
6889.999999999999 0.44967902879422594
6899.999999999999 0.4491706171704602
6909.999999999999 0.44861799584028
6919.999999999999 0.4481758987761358
6929.999999999999 0.44775590656519887
6939.999999999999 0.4472695997946403
6949.999999999999 0.44682750273049615
6959.999999999999 0.4465401396388024
6969.999999999999 0.44627488140031596
6979.999999999999 0.44600962316182946
6990.0 0.4457885746297574
7000.0 0.4456559455105141
7010.0 0.44547910668485646
7020.0 0.44510332418033394
7030.0 0.4446170174097754
7040.0 0.44424123490525286
7050.0 0.4439096621071447
7060.0 0.44355598445582944
7070.0 0.4432244116577213
7080.0 0.44302546797885645
7090.0 0.44291494371282036
7100.0 0.44282652429999153
7110.0 0.44267179032754117
7120.0 0.44236232238264017
7130.0 0.4420307495845321
7140.0 0.4417654913460456
7150.0 0.44169917678642395
7160.0 0.4418539107588744
7170.0 0.44196443502491045
7180.0 0.4418318059056672
7190.0 0.4416107573735951
7200.0 0.4414339185479375
7210.0 0.4412570797222798
7220.0 0.4409697166305861
7230.0 0.4406602486856852
7240.0 0.4403728855939915
7250.0 0.4400192079426762
7260.0 0.4396213205849464
7270.0 0.43924553808042394
7280.0 0.43900238469514463
7290.0 0.43882554586948697
7300.0 0.4386044973374149
7310.0 0.4382508196860996
7320.0 0.43776451291554097
7330.0 0.4372782061449824
7340.0 0.4369908430532888
7350.0 0.4369024236404599
7360.0 0.4369908430532888
7370.0 0.43705715761291036
7380.0 0.4369466333468743
7390.0 0.43670347996159503
7400.0 0.4364603265763157
7410.0 0.4363055926038653
7420.0 0.4363055926038653
7430.0 0.43626138289745087
7440.0 0.43608454407179326
7450.0 0.43595191495255
7460.0 0.43604033436537876
7470.0 0.43615085863141484
7480.0 0.43615085863141484
7490.0 0.43639401201669414
7500.0 0.4371455770257392
7510.0 0.4380297711540275
7520.0 0.4386044973374149
7530.0 0.43880344101627977
7540.0 0.43844976336496444
7550.0 0.4367476896680095
7560.0 0.4317077831367661
7570.0 0.42003642064336044
7580.0 0.39715789757390046
7590.0 0.35882808211260236
7600.0 0.3041627801311777
7610.0 0.23771559139031143
7620.0 0.16872634453061625
7630.0 0.10734116717420052
7640.0 0.060567297787749066
7650.0 0.030062600361802454
7660.0 0.013063968245459742
7670.0 0.004951487118414521
7680.0 0.0016357591373333687
7690.0 0.00046420191735136135
7700.0 0.00011052426603603843
7710.0 2.2104853207207685e-05
7720.0 0.0
