mejiro/data/filter_response/RomanSCA13-F062.ecsv
# %ECSV 1.0
# ---
# datatype:
# - {name: wavelength, unit: Angstrom, datatype: float64}
# - {name: response, datatype: float64}
# meta:
#   __serialized_columns__:
#     wavelength:
#       __class__: astropy.units.quantity.Quantity
#       unit: !astropy.units.Unit {unit: Angstrom}
#       value: !astropy.table.SerializedColumn {name: wavelength}
#   band_name: F062
#   group_name: RomanSCA13
# schema: astropy-2.0
wavelength response
4720.0 0.0
4730.0 2.2104853207207685e-05
4740.0 0.00011052426603603843
4750.0 0.0005526213301801921
4760.0 0.0022104853207207684
4770.0 0.007184077292342498
4780.0 0.019231222290270685
4790.0 0.04288341522198291
4800.0 0.08043956082102877
4810.0 0.1282744631614262
4820.0 0.17770091493274257
4830.0 0.2188601516045633
4840.0 0.24649121811357289
4850.0 0.2614119940284381
4860.0 0.26791082087135715
4870.0 0.2701655158984923
4880.0 0.2708065566415014
4890.0 0.270983395467159
4900.0 0.2710718148799878
4910.0 0.27113812943960947
4920.0 0.27116023429281666
4930.0 0.27116023429281666
4940.0 0.27127075855885274
4950.0 0.2714697022377176
4960.0 0.2717791701826185
4970.0 0.27219916239355546
4980.0 0.2726633643109068
4990.0 0.27308335652184373
5000.0 0.27343703417315907
5010.0 0.2737907118244744
5020.0 0.27429912344824015
5030.0 0.274918059338042
5040.0 0.2756254146406726
5050.0 0.2763990845029249
5060.0 0.2772169640715916
5070.0 0.2780790533466727
5080.0 0.2789853523281682
5090.0 0.27995796586928534
5100.0 0.28104110367643853
5110.0 0.2821684511900061
5120.0 0.2832294841439521
5130.0 0.28433472680431243
5140.0 0.2855725985839161
5150.0 0.28687678492314134
5160.0 0.288225180968781
5170.0 0.2895735770144207
5180.0 0.29094407791326754
5190.0 0.29238089337173606
5200.0 0.29379560397699733
5210.0 0.2952545242886731
5220.0 0.2967797591599704
5230.0 0.29837130859088934
5240.0 0.3000070677282227
5250.0 0.3016649317187633
5260.0 0.3033006908560967
5270.0 0.3048922402870156
5280.0 0.3065058945711418
5290.0 0.30820796826809677
5300.0 0.3100647759375022
5310.0 0.3119657933133221
5320.0 0.3138004961295203
5330.0 0.3155909892393041
5340.0 0.31744779690870956
5350.0 0.31932670943132224
5360.0 0.3212719365135565
5370.0 0.323239268448998
5380.0 0.3252066003844395
5390.0 0.32715182746667376
5400.0 0.3290528448424936
5410.0 0.33095386221831347
5420.0 0.33285487959413335
5430.0 0.3348885260891964
5440.0 0.3370326968502956
5450.0 0.33924318217101634
5460.0 0.3413873529321155
5470.0 0.3434431042803858
5480.0 0.3454104362158273
5490.0 0.34735566329806156
5500.0 0.34936720493991746
5510.0 0.35140085143498057
5520.000000000001 0.3534123930768365
5530.000000000001 0.3554681444251068
5540.000000000001 0.3575681054797915
5550.000000000001 0.35966806653447625
5560.000000000001 0.36170171302953935
5570.000000000001 0.36369114981818806
5580.000000000001 0.36570269146004397
5590.000000000001 0.3677142331018998
5600.000000000001 0.3696594601841341
5610.000000000001 0.3716267921195756
5620.000000000001 0.3735941240550171
5629.999999999999 0.375605665696873
5639.999999999999 0.3776614170451433
5649.999999999999 0.379761378099828
5659.999999999999 0.38183923430130556
5669.999999999999 0.383696041970711
5679.999999999999 0.3851770671355939
5689.999999999999 0.38670230200689126
5699.999999999999 0.38862542423591834
5709.999999999999 0.39065907073098144
5719.999999999999 0.39242745898755804
5729.999999999999 0.3940411132716842
5740.0 0.39567687240901755
5750.0 0.3973789461059726
5760.0 0.399125229509342
5770.0 0.40080519835308975
5780.0 0.40228622351797266
5790.0 0.40378935353606277
5800.0 0.40542511267339615
5810.0 0.4070829766639367
5820.0 0.40854189697561244
5830.0 0.4099123978744593
5840.0 0.411260793920099
5850.0 0.4124765608464954
5860.0 0.4134712792408198
5870.0 0.4143996830755225
5880.0 0.4155049257358828
5890.0 0.41665437810265765
5900.0 0.4177154110566036
5910.0 0.41866591974451356
5920.0 0.41955011387280183
5930.0 0.4202574691754325
5940.0 0.4207658807991983
5950.0 0.42123008271654966
5960.0 0.4218269137531443
5970.0 0.42246795449615326
5980.0 0.4230647855327479
5990.0 0.42359530200972084
6000.0 0.42405950392707226
6010.0 0.4244352864315947
6020.0 0.4247226495232885
6030.0 0.425098432027811
6040.0 0.4256510533579912
6050.0 0.4262920941010002
6060.0 0.42688892513759485
6070.0 0.42730891734853177
6080.0 0.42750786102739663
6090.0 0.4276625949998471
6100.0 0.42788364353191916
6110.0 0.42814890177040565
6120.0 0.42839205515568496
6130.0 0.4285909988345498
6140.0 0.42872362795379304
6150.0 0.4288562570730363
6160.0 0.4289888861922796
6170.0 0.4290994104583156
6180.0 0.42920993472435165
6190.0 0.42923203957755884
6200.0 0.4291657250179372
6210.0 0.4290552007519012
6220.0 0.42896678133907234
6230.0 0.4289225716326579
6240.0 0.4288783619262435
6250.0 0.4287899425134147
6260.0 0.4285688939813426
6270.0 0.42843626486209935
6280.0 0.4285688939813426
6290.0 0.4287899425134147
6300.0 0.4288562570730363
6310.0 0.4288783619262435
6320.0 0.4289225716326579
6330.0 0.42896678133907234
6340.0 0.4289446764858651
6350.0 0.42896678133907234
6360.0 0.4291215153115228
6370.0 0.4292983541371804
6380.0 0.42934256384359487
6390.0 0.4293204589903877
6400.0 0.4293204589903877
6410.0 0.4294309832564237
6420.0 0.4297183463481174
6430.0 0.4299836045866039
6440.0 0.43004991914622553
6450.0 0.4299836045866039
6460.0 0.4299172900269823
6470.0 0.4299393948801895
6480.0 0.43013833855905437
6490.0 0.43046991135716245
6500.0 0.4308014841552706
6510.0 0.43104463754054984
6520.0 0.4311772666597931
6530.0 0.43124358121941475
6540.0 0.43124358121941475
6550.0 0.43126568607262195
6560.0 0.43128779092582914
6570.0 0.43139831519186517
6580.0 0.4316193637239372
6590.0 0.43181830740280214
6600.0 0.4318846219624238
6610.0 0.4318625171092165
6620.0 0.43181830740280214
6630.0 0.43177409769638775
6640.0 0.43177409769638775
6650.0 0.43181830740280214
6660.0 0.43190672681563097
6670.0 0.43197304137525255
6680.0 0.43197304137525255
6690.0 0.43190672681563097
6700.0 0.4317519928431805
6710.0 0.4316635734303517
6720.0 0.4316635734303517
6730.0 0.4317298879899733
6740.0 0.4317298879899733
6750.0 0.4316856782835589
6760.0 0.43155304916431564
6770.000000000001 0.431376210338658
6780.000000000001 0.43119937151300036
6790.000000000001 0.43100042783413545
6800.000000000001 0.4308014841552706
6810.000000000001 0.4306688550360273
6820.000000000001 0.4306246453296129
6830.000000000001 0.4305362259167841
6840.000000000001 0.43031517738471203
6850.000000000001 0.43004991914622553
6860.000000000001 0.4298288706141534
6870.000000000001 0.4297404512013246
6879.999999999999 0.4297183463481174
6889.999999999999 0.42965203178849576
6899.999999999999 0.4294309832564237
6909.999999999999 0.4291878298711444
6919.999999999999 0.4290552007519012
6929.999999999999 0.42896678133907234
6939.999999999999 0.42883415221982907
6949.999999999999 0.4287457328070003
6959.999999999999 0.4288120473666219
6969.999999999999 0.42896678133907234
6979.999999999999 0.4290773056051084
6990.0 0.42927624928397323
7000.0 0.42960782208208137
7010.0 0.42987308032056787
7020.0 0.4299614997333967
7030.0 0.4300057094398111
7040.0 0.4301162337058471
7050.0 0.43029307253150484
7060.0 0.43046991135716245
7070.0 0.4306909598892345
7080.0 0.43104463754054984
7090.0 0.431486734604694
7100.0 0.43195093652204536
7110.0 0.43237092873298233
7120.0 0.43263618697146883
7130.0 0.4328793403567481
7140.0 0.4332109131548562
7150.0 0.43371932477862196
7160.0 0.4344487849344599
7170.0 0.4351561402370905
7180.0 0.43562034215444184
7190.0 0.4359740198057572
7200.0 0.4363719071634869
7210.0 0.43679189937442386
7220.0 0.4371013673193248
7230.0 0.43734452070460406
7240.0 0.43760977894309055
7250.0 0.4378529323283698
7260.0 0.4379855614476131
7270.0 0.43816240027327075
7280.0 0.43844976336496444
7290.0 0.4387813361630726
7300.0 0.43909080410797346
7310.0 0.43924553808042394
7320.0 0.43926764293363113
7330.0 0.4392897477868383
7340.0 0.4394886914657032
7350.0 0.43988657882343296
7360.0 0.44046130500682035
7370.0 0.44101392633700054
7380.0 0.4413676039883158
7390.0 0.4415886525203879
7400.0 0.44180970105246
7410.0 0.442119168997361
7420.0 0.4425612660615051
7430.0 0.442981258272442
7440.0 0.4432465165109285
7450.0 0.44355598445582944
7460.0 0.4440865009328024
7470.0 0.4446391222629826
7480.0 0.44508121932712674
7490.0 0.445744364923343
7500.0 0.44691592214332493
7510.0 0.44819800362934303
7520.0 0.4489716734915953
7530.0 0.4488611492255593
7540.0 0.44704855126256826
7550.0 0.44156654766718073
7560.0 0.42914362016473
7570.0 0.40573458061829704
7580.0 0.3678689670743503
7590.0 0.31475100481743024
7600.0 0.25022693830559095
7610.0 0.18240924866587782
7620.0 0.12058197424531793
7630.0 0.0715976195381457
7640.0 0.037909823250361185
7650.0 0.01779440683180219
7660.0 0.007383020971207367
7670.0 0.0026967920912793378
7680.0 0.0008620892750810997
7690.0 0.00024315338527928454
7700.0 6.631455962162305e-05
7710.0 2.2104853207207685e-05
7720.0 0.0
