mejiro/data/filter_response/RomanSCA14-F158.ecsv
# %ECSV 1.0
# ---
# datatype:
# - {name: wavelength, unit: Angstrom, datatype: float64}
# - {name: response, datatype: float64}
# meta:
#   __serialized_columns__:
#     wavelength:
#       __class__: astropy.units.quantity.Quantity
#       unit: !astropy.units.Unit {unit: Angstrom}
#       value: !astropy.table.SerializedColumn {name: wavelength}
#   band_name: F158
#   group_name: RomanSCA14
# schema: astropy-2.0
wavelength response
13700.000000000002 0.0
13710.0 2.2104853207207685e-05
13720.000000000002 4.420970641441537e-05
13730.0 0.0001326291192432461
13740.000000000002 0.000419992210936946
13750.0 0.0011715572199820074
13759.999999999998 0.00296205032976583
13770.0 0.00687460934744159
13779.999999999998 0.014677622529585904
13790.0 0.028780518875784408
13799.999999999998 0.05201271959655969
13810.0 0.08682786339791178
13819.999999999998 0.13422066867416504
13830.0 0.1929311587925087
13839.999999999998 0.2590467747352668
13850.0 0.326753940108944
13859.999999999998 0.38986329601552194
13870.0 0.44344546018979336
13879.999999999998 0.484803640540479
13890.0 0.5137388933887138
13899.999999999998 0.5322406555231466
13910.0 0.5431825578607145
13919.999999999998 0.5490182391074172
13930.0 0.5516929263454894
13939.999999999998 0.552709749593021
13950.0 0.5530855320975435
13959.999999999998 0.5532844757764084
13970.0 0.5534392097488587
13980.0 0.5535055243084804
13990.0 0.5533728951892373
14000.0 0.5531739515103723
14010.0 0.5530634272443362
14020.0 0.5530413223911291
14030.0 0.5530855320975435
14040.0 0.5531297418039579
14050.0 0.5530634272443362
14060.0 0.552930798125093
14070.0 0.5527760641526426
14080.0 0.5526434350333994
14090.0 0.552510805914156
14100.0 0.5523560719417057
14110.0 0.5520687088500119
14120.0 0.5518255554647327
14130.0 0.5518255554647327
14140.0 0.5518255554647327
14150.0 0.5517150311986966
14160.0 0.5515160875198318
14170.0 0.5513613535473812
14180.0 0.5512950389877598
14190.0 0.5513392486941742
14200.0 0.5514055632537957
14210.0 0.5514055632537957
14220.0 0.5515160875198318
14230.0 0.5518476603179399
14240.0 0.5522676525288769
14250.0 0.5525771204737777
14260.0 0.5527318544462282
14270.0 0.5527318544462282
14280.0 0.5527318544462282
14290.0 0.5528202738590571
14300.0 0.5529529029783002
14310.0 0.5530413223911291
14320.0 0.5530855320975435
14330.0 0.5531518466571652
14340.0 0.553240266069994
14350.0 0.55335079033603
14360.0 0.5534392097488587
14370.0 0.5535276291616877
14380.0 0.5535497340148948
14390.0 0.5535497340148948
14400.0 0.5535718388681021
14410.0 0.5537265728405525
14420.0 0.5539034116662102
14430.0 0.5540139359322462
14440.0 0.5540581456386606
14450.0 0.5540360407854534
14460.0 0.5540360407854534
14470.0 0.554102355345075
14480.0 0.5542128796111111
14490.0 0.5543676135835615
14500.0 0.5545444524092192
14510.0 0.5547212912348769
14520.0 0.5548539203541201
14530.0 0.5548760252073274
14540.0 0.5548981300605346
14550.0 0.5550307591797777
14560.0 0.5551854931522282
14570.0 0.5552960174182643
14580.0 0.5554065416843003
14590.0 0.5555833805099579
14600.0 0.5557823241888228
14610.0 0.5558707436016517
14620.0 0.5559591630144805
14630.0 0.5560917921337237
14640.0 0.556224421252967
14650.0 0.5562907358125886
14660.0 0.5563791552254175
14670.0 0.556555994051075
14680.0 0.5567991474363544
14690.0 0.5569980911152193
14700.0 0.5571307202344625
14710.0 0.5571528250876697
14720.0 0.5572412445004986
14730.0 0.5574401881793634
14740.0 0.5576833415646427
14750.0 0.5578601803903003
14760.0 0.5579707046563364
14770.0 0.5581254386287868
14780.0 0.5583022774544445
14790.000000000002 0.5584791162801022
14800.0 0.5586559551057598
14810.000000000002 0.558877003637832
14820.0 0.5590759473166967
14830.000000000002 0.55920857643594
14840.0 0.5593191007019761
14850.000000000002 0.5594959395276337
14860.0 0.5596727783532913
14870.000000000002 0.5598275123257418
14880.0 0.5599601414449851
14890.000000000002 0.5600706657110212
14900.0 0.5602032948302643
14910.000000000002 0.5604022385091293
14920.0 0.560579077334787
14930.000000000002 0.5607117064540301
14940.0 0.5608664404264806
14950.000000000002 0.5610874889585526
14960.0 0.561330642343832
14970.000000000002 0.5614853763162824
14980.0 0.5615737957291113
14990.000000000002 0.5616622151419401
15000.0 0.5617506345547689
15009.999999999998 0.5619274733804266
15020.0 0.5621485219124986
15029.999999999998 0.5623474655913635
15040.0 0.5625243044170212
15049.999999999998 0.5627011432426788
15060.0 0.5628779820683365
15069.999999999998 0.5630548208939942
15080.0 0.5631653451600301
15089.999999999998 0.5632095548664445
15100.0 0.5632758694260662
15109.999999999998 0.5634748131049312
15120.0 0.5637400713434176
15129.999999999998 0.5639611198754897
15140.0 0.5641158538479402
15149.999999999998 0.5642042732607689
15160.0 0.5642484829671833
15169.999999999998 0.5642926926735978
15180.0 0.5643811120864266
15189.999999999998 0.5644916363524627
15200.0 0.5646021606184987
15209.999999999998 0.5647568945909491
15220.0 0.5648895237101924
15230.0 0.5650000479762285
15240.0 0.5651326770954717
15250.0 0.5652653062147149
15260.0 0.5654421450403726
15270.0 0.5656189838660303
15280.0 0.5657295081320662
15290.0 0.5657958226916879
15300.0 0.5658842421045167
15310.0 0.5661052906365888
15320.0 0.5662821294622464
15330.0 0.5663263391686608
15340.0 0.5663484440218681
15350.0 0.5664147585814897
15360.0 0.5664810731411114
15370.0 0.5665694925539402
15380.0 0.5666800168199763
15390.0 0.566878960498841
15400.0 0.5670557993244988
15410.0 0.5671000090309132
15420.0 0.567077904177706
15430.0 0.567077904177706
15440.0 0.5671442187373276
15450.0 0.5673652672693996
15460.0 0.5675863158014717
15470.0 0.5676968400675078
15480.0 0.5677631546271293
15490.0 0.5678957837463727
15500.0 0.5679842031592015
15510.0 0.5679842031592015
15520.0 0.5679842031592015
15530.0 0.5680947274252375
15540.0 0.5682273565444809
15550.0 0.5683157759573096
15560.0 0.5683378808105168
15570.0 0.5682936711041023
15580.0 0.5683378808105168
15590.0 0.5684926147829673
15600.0 0.5686252439022105
15610.0 0.5686252439022105
15620.0 0.5686473487554177
15630.0 0.5688462924342825
15640.0 0.5690673409663546
15650.0 0.5691336555259763
15660.0 0.5691115506727691
15670.0 0.5691557603791836
15680.0 0.5692662846452196
15690.0 0.5694873331772916
15700.0 0.5695978574433276
15710.0 0.569531542883706
15720.0 0.5694652283240844
15730.0 0.5696420671497421
15740.0 0.5698631156818141
15750.0 0.5700178496542646
15760.0 0.5700399545074718
15770.0 0.5700178496542646
15780.0 0.5700178496542646
15790.0 0.570062059360679
15800.0 0.5701504787735078
15810.0 0.5702167933331295
15820.0 0.570283107892751
15830.0 0.5704378418652015
15840.0 0.5705483661312376
15850.0 0.5705704709844448
15860.0 0.5706146806908592
15870.0 0.5707915195165169
15880.0 0.5709904631953817
15890.0 0.571123092314625
15900.0 0.5711894068742466
15910.0 0.5712115117274538
15920.0 0.5713220359934899
15930.0 0.5715209796723547
15940.0 0.5716978184980124
15950.0 0.5717862379108412
15960.0 0.5718083427640485
15970.0 0.5718525524704628
15980.0 0.5719851815897061
15990.0 0.5722062301217782
16000.0 0.5724272786538502
16010.0 0.5725378029198863
16020.0 0.5726041174795078
16030.0 0.5727146417455439
16040.000000000002 0.5728472708647872
16050.0 0.5730020048372376
16060.000000000002 0.5732009485161025
16070.0 0.5733998921949673
16080.000000000002 0.5735767310206251
16090.0 0.5736872552866611
16100.000000000002 0.5738198844059043
16110.0 0.5740630377911836
16120.000000000002 0.5742619814700485
16130.0 0.5743504008828773
16140.000000000002 0.5744388202957061
16150.0 0.574637763974571
16160.000000000002 0.5749251270662648
16170.0 0.5751903853047512
16180.000000000002 0.5754114338368232
16190.0 0.5755661678092737
16200.000000000002 0.5757209017817241
16210.0 0.5758535309009675
16220.000000000002 0.5760303697266251
16230.0 0.5762293134054899
16240.000000000002 0.5764061522311477
16250.0 0.5765166764971836
16259.999999999998 0.5766714104696341
16270.0 0.5769366687081205
16279.999999999998 0.5771577172401927
16290.0 0.5772682415062287
16299.999999999998 0.5773345560658504
16310.0 0.5775334997447151
16319.999999999998 0.5777987579832017
16330.0 0.5780640162216881
16339.999999999998 0.5782629599005531
16350.0 0.5784397987262108
16359.999999999998 0.5786166375518683
16370.0 0.5788155812307333
16379.999999999998 0.5790366297628053
16390.0 0.5792355734416702
16400.0 0.5793903074141207
16410.0 0.5794787268269496
16420.0 0.5796334607993999
16430.0 0.5798987190378865
16440.0 0.5801418724231656
16450.0 0.5802523966892017
16460.0 0.5802966063956162
16470.0 0.5804071306616523
16480.0 0.5805397597808954
16490.0 0.5806502840469314
16500.0 0.5808271228725892
16510.0 0.5811144859642828
16520.0 0.581335534496355
16530.0 0.5812692199367333
16540.0 0.5812250102303189
16550.0 0.581446058762391
16560.0 0.5817334218540846
16570.0 0.5819102606797423
16580.0 0.5820207849457784
16590.0 0.5821092043586071
16600.0 0.5823081480374721
16610.0 0.5825734062759585
16620.0 0.5827502451016162
16630.0 0.5826618256887873
16640.0 0.5825955111291657
16650.0 0.5827723499548234
16660.0 0.5830597130465172
16670.0 0.5832586567253819
16680.0 0.5833249712850036
16690.0 0.5832586567253819
16700.0 0.5832365518721748
16710.0 0.583369180991418
16720.0 0.5835239149638685
16730.0 0.5835460198170757
16740.0 0.583568124670283
16750.0 0.5837449634959405
16760.0 0.5839439071748055
16770.0 0.5840544314408415
16780.0 0.5841428508536702
16790.0 0.584319689679328
16800.0 0.5845186333581928
16810.0 0.584651262477436
16820.0 0.5847617867434721
16830.0 0.5848723110095082
16840.0 0.5850049401287514
16850.0 0.5850491498351659
16860.0 0.5851154643947873
16870.0 0.5852259886608234
16880.0 0.5853586177800667
16890.0 0.58549124689931
16900.0 0.5855796663121388
16910.0 0.5856680857249676
16920.0 0.585822819697418
16930.0 0.5860659730826974
16940.0 0.5862649167615622
16950.0 0.5863091264679766
16960.0 0.5863754410275982
16970.0 0.5866849089724993
16980.0 0.5869280623577784
16990.0 0.5869059575045713
17000.0 0.586883852651364
17010.0 0.5871491108898506
17020.0 0.5875248933943731
17030.0 0.5877901516328595
17040.0 0.5879227807521028
17050.0 0.5879448856053101
17060.0 0.5879890953117245
17070.0 0.5882101438437966
17080.0 0.5884532972290758
17090.0 0.5886301360547335
17100.0 0.5887185554675622
17110.0 0.5888511845868055
17120.0 0.5890280234124632
17130.0 0.589226967091328
17140.0 0.5893817010637785
17150.0 0.5894259107701929
17160.0 0.5896027495958506
17170.0 0.5899785321003731
17180.0 0.5903543146048956
17190.0 0.5904869437241389
17200.0 0.5905311534305533
17210.0 0.5906858874030038
17220.0 0.5909069359350758
17230.0 0.5910616699075263
17240.0 0.5912164038799768
17250.0 0.591459557265256
17260.0 0.5916806057973281
17270.0 0.5917911300633641
17280.0 0.591879549476193
17290.0 0.5920121785954362
17300.0 0.5922111222743011
17310.0 0.5924321708063731
17320.0 0.5926532193384452
17330.0 0.592830058164103
17340.0 0.5930290018429678
17350.0 0.5932279455218327
17360.0 0.5934268892006975
17370.0 0.5935374134667335
17380.0 0.5935816231731479
17390.0 0.5935374134667335
17400.0 0.5936258328795625
17410.0 0.5938910911180489
17420.0 0.5942226639161571
17430.0 0.5943995027418146
17440.0 0.5945100270078506
17450.0 0.5946868658335084
17460.0 0.5948415998059587
17470.0 0.5948858095123732
17480.0 0.5948858095123732
17490.0 0.5949521240719948
17500.0 0.5950184386316165
17510.0 0.5950847531912381
17520.0 0.5952173823104813
17530.0 0.5954826405489679
17540.0 0.5957257939342471
17550.0 0.595814213347076
17560.0 0.595814213347076
17570.0 0.5958363182002832
17580.0 0.5959026327599048
17590.0 0.5959910521727336
17600.0 0.5961015764387696
17610.0 0.5962563104112201
17620.0 0.5963668346772562
17630.0 0.596344729824049
17640.0 0.5963226249708418
17650.0 0.5964331492368777
17660.0 0.596565778356121
17670.0 0.5965878832093282
17680.0 0.5964331492368777
17690.0 0.5961015764387696
17700.0 0.5954163259893462
17710.0 0.594112139650121
17720.0 0.591658500944121
17730.0 0.5873259497155082
17740.0 0.5800755578635441
17750.0 0.5686694536086249
17760.0 0.5515602972262462
17770.0 0.5273554829643538
17780.0 0.4951487118414522
17790.0 0.45476314503188375
17800.0 0.40686192813186467
17810.0 0.35316923969155717
17820.0 0.2963818718022406
17830.0 0.23972713303216736
17840.0 0.186366017389968
17850.0 0.1389290024073003
17860.0 0.09911816178111926
17870.0 0.06755243140122669
17880.0 0.04390023846951446
17890.0 0.027166864591658246
17900.0 0.01598180886881116
17910.0 0.008952465548919113
17920.0 0.004752543439549652
17930.0 0.0023873241463784303
17940.0 0.0011494523667747996
17950.0 0.0005305164769729844
17960.0 0.00022104853207207686
17970.0 8.841941282883074e-05
17980.0 4.420970641441537e-05
17990.0 2.2104853207207685e-05
18000.0 0.0
