mejiro/data/filter_response/RomanSCA12-F087.ecsv
# %ECSV 1.0
# ---
# datatype:
# - {name: wavelength, unit: Angstrom, datatype: float64}
# - {name: response, datatype: float64}
# meta:
#   __serialized_columns__:
#     wavelength:
#       __class__: astropy.units.quantity.Quantity
#       unit: !astropy.units.Unit {unit: Angstrom}
#       value: !astropy.table.SerializedColumn {name: wavelength}
#   band_name: F087
#   group_name: RomanSCA12
# schema: astropy-2.0
wavelength response
7520.0 0.0
7530.0 6.631455962162305e-05
7540.0 0.00037578250452253065
7550.0 0.001702073696954992
7560.0 0.006255673457639775
7570.0 0.018789125226126534
7580.0 0.04666334512041543
7590.0 0.09644347454304714
7600.0 0.1679747795215712
7610.0 0.2507132450761496
7620.0 0.3277928682096828
7630.0 0.38568547875935966
7640.0 0.4206553565331623
7650.0 0.4377203032091266
7660.0 0.444572807703361
7670.0 0.44724749494143307
7680.0 0.44894956863838814
7690.0 0.4502758598308205
7700.0 0.4511158442526944
7710.0 0.45169057043608185
7720.0 0.4522874014726765
7730.0 0.45297265192209984
7740.0 0.4537021120779378
7750.0 0.45451999164660445
7760.0 0.4554041857748927
7770.0 0.4561336459307306
7780.0 0.45659784784808194
7790.0 0.45708415461864055
7800.0 0.4578357196276856
7810.0 0.4585872846367307
7820.0 0.45900727684766757
7830.0 0.4592283253797397
7840.0 0.4594272690586045
7850.0 0.4596262127374694
7860.0 0.459803051563127
7870.0 0.4600683098016136
7880.0 0.4604661971593433
7890.0 0.46097460878310903
7900.0 0.4615935446729109
7910.0 0.4621240611498838
7920.0 0.46252194850761363
7930.0 0.46305246498458663
7940.0 0.4639587639660821
7950.0 0.46466611926871276
7960.0 0.4648650629475777
7970.0 0.4655945231034155
7980.0 0.4676281695984786
7990.0 0.4689986704973255
8000.0 0.4679155326901723
8010.0 0.46608082987397403
8020.000000000001 0.46557241825020823
8030.000000000001 0.4662134589932173
8040.000000000001 0.4673850162131993
8050.000000000001 0.46853446857997416
8060.000000000001 0.46937445300184805
8070.000000000001 0.4700375985980642
8080.000000000001 0.4708112684603165
8090.000000000001 0.4714302043501183
8100.000000000001 0.4716512528821904
8110.000000000001 0.47182809170784806
8120.000000000001 0.47224808391878503
8129.999999999999 0.47266807612972195
8139.999999999999 0.4728449149553796
8149.999999999999 0.4730880683406589
8159.999999999999 0.4736848993772535
8169.999999999999 0.47445856923950575
8179.999999999999 0.4751438196889292
8189.999999999999 0.4757185458723166
8200.0 0.476293272055704
8210.0 0.47706694191795623
8220.0 0.4781721845783166
8230.0 0.4793658466515059
8240.0 0.48031635533941575
8250.0 0.4807805572567671
8260.0 0.4806921378439383
8270.0 0.480979500935632
8280.0 0.48228368727485726
8290.0 0.4835878736140825
8300.0 0.4837868172929474
8310.0 0.48356576876087537
8320.0 0.4837205027333258
8330.0 0.4840962852378483
8340.0 0.48442785803595645
8350.0 0.48484785024689336
8360.0 0.4855331006963168
8370.0 0.4862846657053619
8380.0 0.4868593918887493
8390.0 0.487146754980443
8400.0 0.4871909646868574
8410.0 0.4873899083657222
8420.0 0.48807515881514574
8430.0 0.48869409470494746
8440.0 0.4887383044113619
8450.0 0.48906987720947004
8460.0 0.4903740635486953
8470.0 0.4917887741539566
8480.0 0.4923856051905512
8490.0 0.49260665372262324
8500.0 0.4930708556399746
8510.0 0.49368979152977643
8520.0 0.4943087274195783
8530.0 0.49492766330938004
8540.0 0.49556870405238906
8550.0 0.4960550108229477
8560.0 0.4962318496486053
8570.0 0.4964971078870919
8580.0 0.4971823583365153
8590.0 0.49817707673083955
8600.0 0.49921600483157835
8610.0 0.499923360134209
8620.0 0.5001001989598667
8630.0 0.5003654571983531
8640.0 0.5013822804458847
8650.0 0.5027969910511461
8660.0 0.5041011773903713
8670.0 0.5051622103443172
8680.0 0.5060464044726055
8690.0 0.5066653403624074
8700.0 0.5070853325733443
8710.0 0.5076158490503173
8720.0 0.5085221480318128
8730.0 0.5096494955453804
8740.0 0.5107105284993264
8750.0 0.5114841983615785
8760.0 0.51194840027893
8770.0 0.512478916755903
8780.0 0.513429425443813
8790.0 0.5145346681041734
8800.0 0.5154409670856688
8810.0 0.5163030563607499
8820.0 0.517275669901867
8830.0 0.5180714446173266
8840.0 0.5183809125622274
8850.0 0.5186240659475068
8860.0 0.5192651066905157
8870.0 0.5201271959655969
8880.0 0.5210113900938852
8890.0 0.5218734793689662
8900.0 0.5227134637908402
8910.0 0.5234650287998852
8920.0 0.5241281743961015
8930.0 0.5249018442583537
8940.0 0.5259186675058852
8950.0 0.5268691761937953
8960.0 0.5274217975239754
8970.0 0.5278638945881196
8980.0 0.5285049353311285
8990.0 0.529300710046588
9000.0 0.5302070090280836
9010.0 0.5311354128627863
9020.0 0.5319975021378673
9030.0 0.5327711720001197
9040.0 0.5335227370091647
9050.0 0.5343406165778314
9060.0 0.5352690204125341
9070.0 0.5362637388068585
9080.0 0.5372584572011828
9090.0 0.5382089658890927
9100.0 0.5391373697237954
9110.0 0.540043668705291
9120.0 0.5410383870996153
9130.0 0.5420994200535613
9140.0 0.5431604530075073
9150.0 0.5441551714018316
9160.0 0.5450835752365343
9170.0 0.5459456645116154
9180.0 0.5468519634931109
9190.0 0.5479351013002641
9200.0 0.5490182391074172
9210.0 0.5499466429421199
9220.0 0.5508529419236156
9230.0 0.5518255554647327
9240.0 0.5528423787122642
9250.0 0.5538149922533813
9260.0 0.5547876057944985
9270.0 0.5557823241888228
9280.0 0.55675493772994
9290.0 0.5577054464178499
9300.0 0.5586559551057598
9310.0 0.5596506735000842
9320.0 0.5606453918944085
9330.0 0.5615516908759041
9340.0 0.5624358850041924
9350.0 0.5634306033985167
9360.0 0.564425321792841
9370.0 0.5653979353339581
9380.0 0.5663705488750753
9390.0 0.5673431624161925
9400.0 0.5682273565444809
9410.0 0.569001026406733
9420.0 0.5697525914157782
9430.0 0.5706367855440664
9440.0 0.571454665112733
9450.0 0.5721178107089493
9460.0 0.5727367465987512
9470.0 0.5735104164610034
9480.0 0.5743061911764629
9490.0 0.574947231919472
9500.0 0.5755661678092737
9510.0 0.5763177328183188
9520.0 0.5770471929741566
9530.0 0.5776219191575441
9540.0 0.5780861210748954
9550.0 0.5785724278454539
9560.0 0.5791250491756341
9570.0 0.5796776705058143
9580.0 0.5802081869827873
9590.0 0.580606074340517
9600.0 0.5809818568450396
9610.0 0.581446058762391
9620.0 0.5819102606797423
9630.0 0.5822860431842648
9640.0 0.5826397208355802
9650.0 0.5829933984868955
9660.0 0.5832807615785892
9670.0 0.5834797052574541
9680.0 0.5837228586427333
9690.0 0.5841207460004632
9700.0 0.5845186333581928
9710.0 0.5847175770370577
9720.0 0.5849165207159226
9730.0 0.5852259886608234
9740.0 0.5855133517525172
9750.0 0.5855354566057244
9760.0 0.5848944158627153
9770.0 0.581667107294463
9780.0 0.5700841642138863
9790.0 0.5394910473751108
9800.0 0.47786271663341573
9810.0 0.3816845003288551
9820.0 0.26503718995442016
9830.0 0.15510975495497634
9840.0 0.0747807183999836
9850.0 0.029222615939928562
9860.0 0.009129304374576775
9870.0 0.002276799880342392
9880.0 0.0004420970641441537
9890.0 6.631455962162305e-05
9900.0 0.0
