mejiro/data/filter_response/RomanSCA02-F129.ecsv
# %ECSV 1.0
# ---
# datatype:
# - {name: wavelength, unit: Angstrom, datatype: float64}
# - {name: response, datatype: float64}
# meta:
#   __serialized_columns__:
#     wavelength:
#       __class__: astropy.units.quantity.Quantity
#       unit: !astropy.units.Unit {unit: Angstrom}
#       value: !astropy.table.SerializedColumn {name: wavelength}
#   band_name: F129
#   group_name: RomanSCA02
# schema: astropy-2.0
wavelength response
11190.0 0.0
11200.000000000002 2.2104853207207685e-05
11210.0 0.00019894367886486917
11220.000000000002 0.0010168232475315534
11230.0 0.004310446375405498
11240.000000000002 0.014699727382793112
11250.0 0.04069503475446935
11259.999999999998 0.09239828640612813
11270.0 0.17409782385996772
11279.999999999998 0.27670855244782583
11290.0 0.37903191794399016
11299.999999999998 0.46013462436123514
11310.0 0.5111747304166777
11319.999999999998 0.5366837310177954
11330.0 0.5467193343738677
11339.999999999998 0.5497919089696696
11350.0 0.5504992642723002
11359.999999999998 0.5505655788319218
11370.0 0.5504550545658858
11379.999999999998 0.5503445302998498
11390.0 0.5503224254466424
11399.999999999998 0.5503445302998498
11410.0 0.550366635153057
11419.999999999998 0.5503224254466424
11430.0 0.5501676914741921
11439.999999999998 0.5500350623549489
11450.0 0.5500129575017416
11459.999999999998 0.5500350623549489
11470.0 0.5499908526485344
11480.0 0.5499245380889128
11490.0 0.549836118676084
11500.0 0.5497698041164624
11510.0 0.5497255944100479
11520.0 0.5496813847036335
11530.0 0.5495708604375975
11540.0 0.5495045458779758
11550.0 0.5495708604375975
11560.0 0.5496150701440119
11570.0 0.5494824410247686
11580.0 0.5493498119055253
11590.0 0.5493498119055253
11600.0 0.549416126465147
11610.0 0.5494382313183542
11620.0 0.549416126465147
11630.0 0.549305602199111
11640.0 0.549195077933075
11650.0 0.549195077933075
11660.0 0.549195077933075
11670.0 0.549195077933075
11680.0 0.5492171827862822
11690.0 0.549305602199111
11700.0 0.5493719167587326
11710.0 0.5492392876394894
11720.0 0.5490624488138317
11730.0 0.5489961342542101
11740.0 0.5489961342542101
11750.0 0.5490182391074172
11760.0 0.5489961342542101
11770.0 0.5489740294010028
11780.0 0.5490182391074172
11790.0 0.5491508682266606
11800.0 0.5492834973459038
11810.0 0.5492613924926966
11820.0 0.5492171827862822
11830.0 0.5492392876394894
11840.0 0.5492613924926966
11850.0 0.5492171827862822
11860.0 0.5491287633734533
11870.0 0.5490403439606245
11880.0 0.5490182391074172
11890.0 0.5490845536670389
11900.0 0.5491287633734533
11910.0 0.5490182391074172
11920.0 0.5489077148413812
11930.0 0.5489519245477956
11940.0 0.5489961342542101
11950.0 0.548885609988174
11960.0 0.5487750857221381
11970.0 0.5488192954285525
11980.0 0.5488635051349668
11990.0 0.5487971905753452
12000.0 0.5486866663093092
12010.0 0.5486866663093092
12020.0 0.5486866663093092
12030.0 0.5486866663093092
12040.0 0.5486866663093092
12050.0 0.5487308760157236
12060.0 0.5487529808689308
12070.0 0.5486424566028948
12080.0 0.548465617777237
12090.0 0.5483108838047867
12100.0 0.548244569245165
12110.0 0.5482666740983723
12120.0 0.5482666740983723
12130.0 0.5481119401259218
12140.0 0.5479351013002641
12150.0 0.5478908915938497
12160.0 0.5479351013002641
12170.0 0.5480014158598857
12180.0 0.5479793110066785
12190.0 0.5478024721810208
12200.0 0.5476698430617776
12210.0 0.5476698430617776
12220.0 0.547714052768192
12230.0 0.5476256333553632
12240.0 0.5475151090893272
12250.0 0.5475151090893272
12260.0 0.5475151090893272
12270.0 0.5474045848232911
12280.0 0.5472940605572552
12290.000000000002 0.5472498508508407
12300.0 0.5472056411444262
12310.000000000002 0.547073012025183
12320.0 0.5468961731995253
12330.000000000002 0.5467635440802822
12340.0 0.5466530198142461
12350.000000000002 0.5465646004014172
12360.0 0.5464540761353812
12370.000000000002 0.5462993421629307
12380.0 0.546210922750102
12390.000000000002 0.546233027603309
12400.0 0.5461888178968947
12410.000000000002 0.5459677693648226
12420.0 0.5457688256859577
12430.000000000002 0.5457909305391649
12440.0 0.5458130353923721
12450.000000000002 0.5456140917135074
12460.0 0.5453930431814352
12470.000000000002 0.5453046237686063
12480.0 0.5453046237686063
12490.000000000002 0.545260414062192
12500.0 0.545149889796156
12509.999999999998 0.5450172606769127
12520.0 0.5448625267044622
12529.999999999998 0.5447298975852191
12540.0 0.5446414781723902
12549.999999999998 0.544619373319183
12560.0 0.5445751636127686
12569.999999999998 0.5444867441999397
12580.0 0.5442878005210748
12589.999999999998 0.5440225422825884
12600.0 0.5438235986037234
12609.999999999998 0.5438235986037234
12620.0 0.5438457034569307
12629.999999999998 0.543779388897309
12640.0 0.5436467597780659
12649.999999999998 0.5435804452184442
12660.0 0.5434920258056153
12669.999999999998 0.5432930821267505
12680.0 0.5430720335946784
12689.999999999998 0.5429836141818496
12700.0 0.5429615093286424
12709.999999999998 0.5428951947690207
12720.0 0.5428509850626063
12730.0 0.5428509850626063
12740.0 0.5427625656497775
12750.0 0.5425194122644982
12760.0 0.5423204685856333
12770.0 0.5423204685856333
12780.0 0.5424309928516694
12790.0 0.5424530977048766
12800.0 0.5423425734388405
12810.0 0.5421215249067685
12820.0 0.5419225812279036
12830.0 0.5418783715214892
12840.0 0.5419225812279036
12850.0 0.541966790934318
12860.0 0.541966790934318
12870.0 0.5418562666682819
12880.0 0.5417678472554531
12890.0 0.5417457424022459
12900.0 0.5417678472554531
12910.0 0.5417457424022459
12920.0 0.5417236375490387
12930.0 0.5416573229894172
12940.0 0.5416131132830028
12950.0 0.5416573229894172
12960.0 0.5416794278426244
12970.0 0.5416131132830028
12980.0 0.5415689035765884
12990.0 0.5416573229894172
13000.0 0.5417678472554531
13010.0 0.5417678472554531
13020.0 0.5417015326958315
13030.0 0.5416573229894172
13040.0 0.5416794278426244
13050.0 0.5417457424022459
13060.0 0.5418562666682819
13070.0 0.5419888957875253
13080.0 0.5420994200535613
13090.0 0.5421436297599757
13100.0 0.5422541540260117
13110.0 0.5425415171177055
13120.0 0.5427846705029846
13130.0 0.5427625656497775
13140.0 0.5426520413837415
13150.0 0.5426962510901558
13160.0 0.5428509850626063
13170.0 0.5430057190350568
13180.0 0.5431383481543001
13190.0 0.5431825578607145
13200.0 0.5432267675671288
13210.0 0.5433593966863721
13220.0 0.5435141306588226
13230.0 0.543668864631273
13240.0 0.5438014937505163
13250.0 0.5439120180165523
13260.0 0.5440225422825884
13270.0 0.5441772762550389
13280.0 0.5442878005210748
13290.0 0.5443541150806965
13300.0 0.544420429640318
13310.0 0.544619373319183
13320.0 0.5448625267044622
13330.0 0.5450614703833272
13340.0 0.5451719946493632
13350.0 0.5452162043557776
13360.0 0.5453267286218136
13370.0 0.5455477771538857
13380.0 0.5457025111263362
13390.0 0.5457025111263362
13400.0 0.5456583014199218
13410.0 0.5457246159795434
13420.0 0.5458793499519938
13430.0 0.5460782936308587
13440.0 0.5462551324565164
13450.0 0.5463877615757595
13460.0 0.5465203906950028
13470.0 0.5466530198142461
13480.0 0.5467856489334892
13490.0 0.5468740683463181
13500.0 0.5469403829059397
13510.0 0.5469845926123542
13520.0 0.5470066974655614
13530.0 0.5470066974655614
13540.000000000002 0.5470509071719758
13550.0 0.5471614314380118
13560.000000000002 0.5472277459976335
13570.0 0.5471614314380118
13580.000000000002 0.5471393265848047
13590.0 0.5472498508508407
13600.000000000002 0.5473824799700839
13610.0 0.5473824799700839
13620.000000000002 0.5472719557040479
13630.0 0.5472056411444262
13640.000000000002 0.5471614314380118
13650.0 0.5471614314380118
13660.000000000002 0.5471835362912191
13670.0 0.5473161654104622
13680.000000000002 0.5474266896764983
13690.0 0.5474487945297055
13700.000000000002 0.5474266896764983
13710.0 0.5473603751168767
13720.000000000002 0.5473382702636695
13730.0 0.5473161654104622
13740.000000000002 0.5473382702636695
13750.0 0.5473824799700839
13759.999999999998 0.5474266896764983
13770.0 0.5474487945297055
13779.999999999998 0.5474045848232911
13790.0 0.5473161654104622
13799.999999999998 0.5472277459976335
13810.0 0.5471835362912191
13819.999999999998 0.5471835362912191
13830.0 0.5471172217315974
13839.999999999998 0.5469845926123542
13850.0 0.5467856489334892
13859.999999999998 0.5466530198142461
13870.0 0.5466530198142461
13879.999999999998 0.5466751246674533
13890.0 0.5466088101078316
13899.999999999998 0.5466088101078316
13910.0 0.5468077537866965
13919.999999999998 0.546962487759147
13930.0 0.5468740683463181
13939.999999999998 0.5466972295206605
13950.0 0.5465867052546245
13959.999999999998 0.5466088101078316
13970.0 0.5466972295206605
13980.0 0.5467414392270749
13990.0 0.5465867052546245
14000.0 0.5463656567225523
14010.0 0.546233027603309
14020.0 0.546210922750102
14030.0 0.546233027603309
14040.0 0.5462551324565164
14050.0 0.5461888178968947
14060.0 0.5460340839244443
14070.0 0.5458793499519938
14080.0 0.5457246159795434
14090.0 0.5455919868603001
14100.0 0.5454151480346424
14110.0 0.5451056800897416
14120.0 0.5448625267044622
14130.0 0.544840421851255
14140.0 0.544840421851255
14150.0 0.5447077927320118
14160.0 0.5444867441999397
14170.0 0.5443320102274892
14180.0 0.5442656956678676
14190.0 0.5442878005210748
14200.0 0.5443320102274892
14210.0 0.5443320102274892
14220.0 0.544420429640318
14230.0 0.5447298975852191
14240.0 0.5451277849429488
14250.0 0.5454372528878496
14260.0 0.5455698820070929
14270.0 0.5455698820070929
14280.0 0.5455477771538857
14290.0 0.5456361965667145
14300.0 0.5457688256859577
14310.0 0.5458351402455794
14320.0 0.5458793499519938
14330.0 0.5459235596584082
14340.0 0.5459898742180299
14350.0 0.5461003984840659
14360.0 0.5461888178968947
14370.0 0.5462551324565164
14380.0 0.5462772373097234
14390.0 0.5462551324565164
14400.0 0.5462772373097234
14410.0 0.546431971282174
14420.0 0.5465867052546245
14430.0 0.5466972295206605
14440.0 0.5467193343738677
14450.0 0.5466088101078316
14460.0 0.5461667130436875
14470.0 0.544619373319183
14480.0 0.5397784104668044
14490.0 0.5272228538451105
14500.0 0.5001001989598667
14510.0 0.4516021510232531
14520.0 0.3793413858888911
14530.0 0.2897504158400783
14540.0 0.19733002458074303
14550.0 0.117929391860453
14560.0 0.06105360455830763
14570.0 0.02714475973845104
14580.0 0.010278756741351574
14590.0 0.0032936231278739452
14600.0 0.0009062989814955152
14610.0 0.00019894367886486917
14620.0 4.420970641441537e-05
14630.0 0.0
