mejiro/data/filter_response/RomanSCA09-Prism.ecsv
# %ECSV 1.0
# ---
# datatype:
# - {name: wavelength, unit: Angstrom, datatype: float64}
# - {name: response, datatype: float64}
# meta:
#   __serialized_columns__:
#     wavelength:
#       __class__: astropy.units.quantity.Quantity
#       unit: !astropy.units.Unit {unit: Angstrom}
#       value: !astropy.table.SerializedColumn {name: wavelength}
#   band_name: Prism
#   group_name: RomanSCA09
# schema: astropy-2.0
wavelength response
[from data line 574]
13210.0 0.5355121737978135
13220.0 0.5356448029170566
13230.0 0.5357553271830927
13240.0 0.5358658514491287
13250.0 0.5359542708619575
13260.0 0.5360426902747863
13270.0 0.5361532145408224
13280.0 0.5362195291004441
13290.0 0.5362416339536512
13300.0 0.5362858436600656
13310.0 0.5364405776325162
13320.0 0.536639521311381
13330.0 0.5367942552838314
13340.0 0.5368826746966602
13350.0 0.5368826746966602
13360.0 0.5369489892562819
13370.0 0.5371258280819395
13380.0 0.5372584572011828
13390.0 0.5372142474947683
13400.0 0.5371258280819395
13410.0 0.5371700377883539
13420.0 0.5373026669075972
13430.0 0.5374574008800477
13440.0 0.537590029999291
13450.0 0.5377005542653269
13460.0 0.5377889736781558
13470.0 0.537921602797399
13480.0 0.5380100222102279
13490.0 0.5380763367698496
13500.0 0.538120546476264
13510.0 0.538142651329471
13520.0 0.5381647561826783
13530.0 0.538142651329471
13540.000000000002 0.5381647561826783
13550.0 0.5382531755955071
13560.000000000002 0.5383194901551287
13570.0 0.5382531755955071
13580.000000000002 0.5382089658890927
13590.0 0.5383194901551287
13600.000000000002 0.5384521192743721
13610.0 0.5384300144211648
13620.000000000002 0.538341595008336
13630.0 0.5382752804487143
13640.000000000002 0.5382310707422999
13650.0 0.5382310707422999
13660.000000000002 0.5382752804487143
13670.0 0.5383858047147504
13680.000000000002 0.5384963289807865
13690.0 0.5385405386872009
13700.000000000002 0.5385184338339937
13710.0 0.5384742241275792
13720.000000000002 0.5384521192743721
13730.0 0.5384521192743721
13740.000000000002 0.5384742241275792
13750.0 0.5385405386872009
13759.999999999998 0.5385847483936153
13770.0 0.5386289581000296
13779.999999999998 0.5386068532468224
13790.0 0.5385405386872009
13799.999999999998 0.5384742241275792
13810.0 0.5384521192743721
13819.999999999998 0.5384521192743721
13830.0 0.5384079095679576
13839.999999999998 0.5382973853019216
13850.0 0.538120546476264
13859.999999999998 0.5380100222102279
13870.0 0.5380321270634351
13879.999999999998 0.5380763367698496
13890.0 0.5380321270634351
13899.999999999998 0.5380542319166423
13910.0 0.5382531755955071
13919.999999999998 0.5384300144211648
13930.0 0.5383858047147504
13939.999999999998 0.5382310707422999
13950.0 0.538142651329471
13959.999999999998 0.5381647561826783
13970.0 0.5382973853019216
13980.0 0.538341595008336
13990.0 0.5382089658890927
14000.0 0.5380321270634351
14010.0 0.5378994979441918
14020.0 0.5378994979441918
14030.0 0.5379437076506063
14040.0 0.5379879173570207
14050.0 0.537921602797399
14060.0 0.5378110785313629
14070.0 0.5376563445589125
14080.0 0.5375237154396694
14090.0 0.5374131911736333
14100.0 0.5372363523479756
14110.0 0.5369489892562819
14120.0 0.5367279407242098
14130.0 0.5367058358710026
14140.0 0.5367279407242098
14150.0 0.5365953116049667
14160.0 0.5363963679261017
14170.0 0.5362416339536512
14180.0 0.5361753193940296
14190.0 0.5362195291004441
14200.0 0.5362637388068585
14210.0 0.5362637388068585
14220.0 0.5363521582196873
14230.0 0.5366616261645882
14240.0 0.537059513522318
14250.0 0.5373468766140116
14260.0 0.5374795057332549
14270.0 0.5374795057332549
14280.0 0.5374352960268404
14290.0 0.5375237154396694
14300.0 0.5376342397057053
14310.0 0.5377005542653269
14320.0 0.5377226591185341
14330.0 0.5377447639717414
14340.0 0.5378110785313629
14350.0 0.5378773930909846
14360.0 0.5379658125038135
14370.0 0.5380100222102279
14380.0 0.5380100222102279
14390.0 0.5379658125038135
14400.0 0.5379437076506063
14410.0 0.5380542319166423
14420.0 0.5382089658890927
14430.0 0.5382752804487143
14440.0 0.5382752804487143
14450.0 0.5382089658890927
14460.0 0.5381647561826783
14470.0 0.5381868610358855
14480.0 0.5382531755955071
14490.0 0.538341595008336
14500.0 0.5384742241275792
14510.0 0.5385847483936153
14520.0 0.5386510629532368
14530.0 0.5386068532468224
14540.0 0.5385847483936153
14550.0 0.5386510629532368
14560.0 0.5387394823660657
14570.0 0.5387836920724801
14580.0 0.5388279017788946
14590.0 0.5389384260449306
14600.0 0.5390489503109667
14610.0 0.5390931600173811
14620.0 0.5390931600173811
14630.0 0.5391594745770026
14640.0 0.5392257891366243
14650.0 0.5392257891366243
14660.0 0.5392257891366243
14670.0 0.5393363134026603
14680.0 0.5394689425219036
14690.0 0.5396015716411469
14700.0 0.5396457813475612
14710.0 0.5396236764943539
14720.0 0.5396236764943539
14730.0 0.5397563056135973
14740.0 0.5399110395860477
14750.0 0.5399994589988765
14760.0 0.540043668705291
14770.0 0.5401099832649126
14780.0 0.5402205075309486
14790.000000000002 0.5403089269437775
14800.0 0.5404194512098135
14810.000000000002 0.5405520803290567
14820.0 0.5406626045950927
14830.000000000002 0.5407289191547144
14840.0 0.5407731288611288
14850.000000000002 0.5408615482739577
14860.0 0.5409720725399937
14870.000000000002 0.5410604919528226
14880.0 0.541104701659237
14890.000000000002 0.5411489113656514
14900.0 0.5412152259252729
14910.000000000002 0.5413478550445162
14920.0 0.5414583793105523
14930.000000000002 0.5415246938701739
14940.0 0.5415910084297955
14950.000000000002 0.5417678472554531
14960.0 0.5419446860811109
14970.000000000002 0.5420331054939397
14980.0 0.5420773152003541
14990.000000000002 0.5420994200535613
15000.0 0.5421436297599757
15009.999999999998 0.5422762588792189
15020.0 0.5424309928516694
15029.999999999998 0.5425857268241199
15040.0 0.5427183559433632
15049.999999999998 0.5428509850626063
15060.0 0.5429836141818496
15069.999999999998 0.5431162433010928
15080.0 0.5432046627139216
15089.999999999998 0.5432046627139216
15100.0 0.543248872420336
15109.999999999998 0.5434036063927865
15120.0 0.5436246549248586
15129.999999999998 0.5438014937505163
15140.0 0.5439341228697595
15149.999999999998 0.543978332576174
15160.0 0.5440004374293811
15169.999999999998 0.5440446471357955
15180.0 0.5441109616954172
15189.999999999998 0.5441772762550389
15200.0 0.5442878005210748
15209.999999999998 0.5443983247871109
15220.0 0.5445088490531469
15230.0 0.544619373319183
15240.0 0.5447077927320118
15250.0 0.544840421851255
15260.0 0.5449951558237055
15270.0 0.5451277849429488
15280.0 0.5452383092089848
15290.0 0.5453046237686063
15300.0 0.545370938328228
15310.0 0.5455698820070929
15320.0 0.5457246159795434
15330.0 0.5457688256859577
15340.0 0.5457688256859577
15350.0 0.5458130353923721
15360.0 0.5459014548052009
15370.0 0.5459677693648226
15380.0 0.5460782936308587
15390.0 0.5462551324565164
15400.0 0.5464098664289668
15410.0 0.5464540761353812
15420.0 0.546431971282174
15430.0 0.5464098664289668
15440.0 0.5464761809885884
15450.0 0.5466530198142461
15460.0 0.5468519634931109
15470.0 0.546962487759147
15480.0 0.5470288023187686
15490.0 0.5471393265848047
15500.0 0.5472056411444262
15510.0 0.5472056411444262
15520.0 0.5472056411444262
15530.0 0.5472719557040479
15540.0 0.5474045848232911
15550.0 0.5474708993829128
15560.0 0.5474708993829128
15570.0 0.5474266896764983
15580.0 0.5474487945297055
15590.0 0.5475814236489488
15600.0 0.547714052768192
15610.0 0.5476919479149849
15620.0 0.5476919479149849
15630.0 0.5478687867406424
15640.0 0.5480677304195074
15650.0 0.5481119401259218
15660.0 0.5480677304195074
15670.0 0.5480898352727145
15680.0 0.5482003595387506
15690.0 0.5483771983644082
15700.0 0.548465617777237
15710.0 0.5483993032176155
15720.0 0.5483108838047867
15730.0 0.5484435129240299
15740.0 0.548664561456102
15750.0 0.5487750857221381
15760.0 0.5487750857221381
15770.0 0.5487308760157236
15780.0 0.5487087711625164
15790.0 0.5487529808689308
15800.0 0.5488192954285525
15810.0 0.5488414002817597
15820.0 0.548885609988174
15830.0 0.5490182391074172
15840.0 0.5491066585202462
15850.0 0.5491066585202462
15860.0 0.5491287633734533
15870.0 0.5492613924926966
15880.0 0.5494603361715614
15890.0 0.5495487555843903
15900.0 0.5495929652908047
15910.0 0.5496150701440119
15920.0 0.5496813847036335
15930.0 0.549836118676084
15940.0 0.5500129575017416
15950.0 0.550057167208156
15960.0 0.550057167208156
15970.0 0.5500792720613633
15980.0 0.5501897963273993
15990.0 0.5503887400062641
16000.0 0.550587683685129
16010.0 0.5506539982447506
16020.0 0.5506982079511651
16030.0 0.5507866273639939
16040.000000000002 0.55089715163003
16050.0 0.5510297807492731
16060.000000000002 0.5511845147217237
16070.0 0.5513613535473812
16080.000000000002 0.5515160875198318
16090.0 0.5516045069326606
16100.000000000002 0.5517150311986966
16110.0 0.5519139748775614
16120.000000000002 0.5521129185564264
16130.0 0.552179233116048
16140.000000000002 0.5522455476756696
16150.0 0.5524223865013272
16160.000000000002 0.5526655398866065
16170.0 0.5529086932718859
16180.000000000002 0.5531076369507507
16190.0 0.553240266069994
16200.000000000002 0.5533728951892373
16210.0 0.5535055243084804
16220.000000000002 0.5536381534277237
16230.0 0.5538370971065886
16240.000000000002 0.553991831079039
16250.0 0.5540802504918679
16259.999999999998 0.5542128796111111
16270.0 0.5544560329963905
16279.999999999998 0.5546770815284625
16290.0 0.554743396088084
16299.999999999998 0.5548097106477057
16310.0 0.5550086543265706
16319.999999999998 0.5552518077118498
16330.0 0.5554949610971291
16339.999999999998 0.555693904775994
16350.0 0.5558486387484445
16359.999999999998 0.5560033727208948
16370.0 0.5562023163997598
16379.999999999998 0.5564012600786247
16390.0 0.5566002037574895
16400.0 0.55675493772994
16410.0 0.5568433571427688
16420.0 0.5569759862620121
16430.0 0.5572412445004986
16440.0 0.5574843978857777
16450.0 0.5575949221518138
16460.0 0.5576612367114355
16470.0 0.5577717609774715
16480.0 0.5579043900967148
16490.0 0.5580149143627509
16500.0 0.5581917531884084
16510.0 0.5584791162801022
16520.0 0.5587001648121742
16530.0 0.558678059958967
16540.0 0.5586338502525526
16550.0 0.5588548987846247
16560.0 0.5591643667295256
16570.0 0.5593633104083905
16580.0 0.5594738346744266
16590.0 0.5595843589404625
16600.0 0.5597833026193274
16610.0 0.5600706657110212
16620.0 0.560269609389886
16630.0 0.5602032948302643
16640.0 0.5601369802706427
16650.0 0.5603359239495076
16660.0 0.5606453918944085
16670.0 0.5608664404264806
16680.0 0.5609548598393095
16690.0 0.5609106501328951
16700.0 0.5609106501328951
16710.0 0.5610653841053455
16720.0 0.5612201180777959
16730.0 0.5612643277842103
16740.0 0.561330642343832
16750.0 0.5615074811694897
16760.0 0.5617285297015617
16770.0 0.5618611588208049
16780.0 0.561971683086841
16790.0 0.5621485219124986
16800.0 0.5623695704445707
16810.0 0.562502199563814
16820.0 0.5626348286830573
16830.0 0.5627674578023005
16840.0 0.5628779820683365
16850.0 0.5629664014811654
16860.0 0.563032716040787
16870.0 0.5631653451600301
16880.0 0.5632979742792734
16890.0 0.5634306033985167
16900.0 0.5635411276645527
16910.0 0.5636295470773816
16920.0 0.5637621761966247
16930.0 0.5640274344351113
16940.0 0.5642042732607689
16950.0 0.5642484829671833
16960.0 0.564314797526805
16970.0 0.5646021606184987
16980.0 0.564845314003778
16990.0 0.5648232091505708
17000.0 0.5647789994441564
17010.0 0.5650221528294356
17020.0 0.565375830480751
17030.0 0.5656189838660303
17040.0 0.5657295081320662
17050.0 0.5657295081320662
17060.0 0.5657737178384807
17070.0 0.5659505566641383
17080.0 0.5661716051962105
17090.0 0.5663042343154537
17100.0 0.5663926537282825
17110.0 0.5664810731411114
17120.0 0.5666137022603546
17130.0 0.5667905410860122
17140.0 0.5669010653520483
17150.0 0.5669231702052555
17160.0 0.5670557993244988
17170.0 0.5673873721226069
17180.0 0.567718944920715
17190.0 0.5678073643335438
17200.0 0.5678073643335438
17210.0 0.5679399934527871
17220.0 0.5681168322784448
17230.0 0.5682273565444809
17240.0 0.5683378808105168
17250.0 0.5685368244893817
17260.0 0.5687136633150394
17270.0 0.568779977874661
17280.0 0.5688241875810754
17290.0 0.5689347118471114
17300.0 0.5690894458195619
17310.0 0.5692662846452196
17320.0 0.5694431234708771
17330.0 0.5695978574433276
17340.0 0.5697304865625709
17350.0 0.5699073253882285
17360.0 0.570062059360679
17370.0 0.5701283739203007
17380.0 0.5701283739203007
17390.0 0.5700841642138863
17400.0 0.5701283739203007
17410.0 0.5703715273055798
17420.0 0.5706588903972736
17430.0 0.5707915195165169
17440.0 0.5708799389293456
17450.0 0.5710346729017961
17460.0 0.5711673020210394
17470.0 0.5711673020210394
17480.0 0.5711673020210394
17490.0 0.5712115117274538
17500.0 0.5712778262870755
17510.0 0.5713220359934899
17520.0 0.5714325602595259
17530.0 0.5716757136448051
17540.0 0.5719188670300844
17550.0 0.5720072864429132
17560.0 0.5720072864429132
17570.0 0.5720293912961205
17580.0 0.5720736010025349
17590.0 0.5721620204153638
17600.0 0.5722725446813998
17610.0 0.5724272786538502
17620.0 0.5725378029198863
17630.0 0.5725378029198863
17640.0 0.5725378029198863
17650.0 0.5726483271859223
17660.0 0.5728030611583728
17670.0 0.5728914805712015
17680.0 0.5728914805712015
17690.0 0.5728914805712015
17700.0 0.5728693757179945
17710.0 0.5728914805712015
17720.0 0.5729356902776159
17730.0 0.5729798999840304
17740.0 0.573046214543652
17750.0 0.5732009485161025
17760.0 0.5733335776353458
17770.0 0.5733998921949673
17780.0 0.573466206754589
17790.0 0.5735988358738322
17800.0 0.5737314649930755
17810.0 0.5737756746994899
17820.0 0.5737314649930755
17830.0 0.5736209407270395
17840.0 0.5735546261674178
17850.0 0.5735988358738322
17860.0 0.5737093601398683
17870.0 0.573886198965526
17880.0 0.5740630377911836
17890.0 0.5742177717636341
17900.0 0.5743061911764629
17910.0 0.5743061911764629
17920.0 0.5741956669104268
17930.0 0.5739746183783547
17940.0 0.5736872552866611
17950.0 0.5733335776353458
17960.0 0.5726041174795078
17970.0 0.571123092314625
17980.0 0.568779977874661
17990.0 0.5654421450403726
18000.0 0.5606674967476157
18010.0 0.553881306813003
18020.0 0.544420429640318
18030.0 0.5316659293397592
18040.0 0.5151757088471823
18050.0 0.49464030021768635
18060.0 0.46986075977240654
18070.0 0.4408370875113429
18080.0 0.4078124368197746
18090.0 0.3714278484407107
18100.0 0.3324790970896108
18110.0 0.2921377399864568
18120.0 0.25166375376405953
18130.0 0.21233921990843702
18140.0 0.17529148593315697
18150.0 0.14140474596650757
18160.0 0.11138635531111953
18170.0 0.08558999161830816
18180.0 0.0641261791541095
18190.0 0.04681807909286587
18200.0 0.033289908930054776
18210.0 0.023055361895117615
18220.0 0.015539711804667003
18230.0 0.010190337328522743
18240.0 0.006498826842919059
18250.0 0.004023083283711799
18260.0 0.002431533852792845
18270.0 0.0014147106052612918
18280.0 0.0008178795686666844
18290.0 0.0004420970641441537
18300.0 0.00024315338527928454
18310.0 0.0001326291192432461
18320.0 6.631455962162305e-05
18330.0 2.2104853207207685e-05
18340.0 2.2104853207207685e-05
18350.0 0.0
