mejiro/data/filter_response/RomanSCA06-F129.ecsv
# %ECSV 1.0
# ---
# datatype:
# - {name: wavelength, unit: Angstrom, datatype: float64}
# - {name: response, datatype: float64}
# meta:
#   __serialized_columns__:
#     wavelength:
#       __class__: astropy.units.quantity.Quantity
#       unit: !astropy.units.Unit {unit: Angstrom}
#       value: !astropy.table.SerializedColumn {name: wavelength}
#   band_name: F129
#   group_name: RomanSCA06
# schema: astropy-2.0
wavelength response
11150.0 0.0
11160.000000000002 4.420970641441537e-05
11170.0 0.00017683882565766148
11180.000000000002 0.0008620892750810997
11190.0 0.0032715182746667374
11200.000000000002 0.010477700420216443
11210.0 0.028316316958433042
11220.000000000002 0.0647009053374969
11230.0 0.12606397784070544
11240.000000000002 0.21163186460580638
11250.0 0.3100647759375022
11259.999999999998 0.40365672441681955
11270.0 0.47731009530323554
11279.999999999998 0.5252113122032546
11290.0 0.5509634661896516
11299.999999999998 0.5624358850041924
11310.0 0.5667021216731835
11319.999999999998 0.5680505177188231
11330.0 0.568359985663724
11339.999999999998 0.5684263002233456
11350.0 0.5684484050765528
11359.999999999998 0.5684484050765528
11370.0 0.5684041953701384
11379.999999999998 0.5684041953701384
11390.0 0.5684926147829673
11399.999999999998 0.5686252439022105
11410.0 0.5687357681682466
11419.999999999998 0.5687578730214538
11430.0 0.5686915584618322
11439.999999999998 0.5686473487554177
11450.0 0.5686915584618322
11459.999999999998 0.568779977874661
11470.0 0.5688020827278681
11480.0 0.5687578730214538
11490.0 0.5687136633150394
11500.0 0.5686915584618322
11510.0 0.5686915584618322
11520.0 0.5686694536086249
11530.0 0.5685810341957961
11540.0 0.5685368244893817
11550.0 0.5686031390490033
11560.0 0.5686473487554177
11570.0 0.5685147196361744
11580.0 0.568359985663724
11590.0 0.5683378808105168
11600.0 0.5683820905169312
11610.0 0.5684041953701384
11620.0 0.5683157759573096
11630.0 0.5681831468380663
11640.0 0.5680284128656159
11650.0 0.5679842031592015
11660.0 0.5679399934527871
11670.0 0.5678736788931654
11680.0 0.5678515740399582
11690.0 0.5678957837463727
11700.0 0.5678957837463727
11710.0 0.5676968400675078
11720.0 0.5674536866822285
11730.0 0.5673210575629852
11740.0 0.5672547430033635
11750.0 0.5671884284437421
11760.0 0.5671000090309132
11770.0 0.5670115896180844
11780.0 0.56696737991167
11790.0 0.5670336944712915
11800.0 0.567077904177706
11810.0 0.5669894847648771
11820.0 0.5668568556456339
11830.0 0.5668126459392194
11840.0 0.5667463313795978
11850.0 0.5666358071135619
11860.0 0.5664589682879042
11870.0 0.5662821294622464
11880.0 0.5661716051962105
11890.0 0.5661716051962105
11900.0 0.5661273954897961
11910.0 0.5659505566641383
11920.0 0.5657737178384807
11930.0 0.5657516129852735
11940.0 0.5657295081320662
11950.0 0.5655526693064087
11960.0 0.565375830480751
11970.0 0.5653537256275437
11980.0 0.5653537256275437
11990.0 0.5652210965083005
12000.0 0.56506636253585
12010.0 0.5650221528294356
12020.0 0.5649779431230212
12030.0 0.5649337334166068
12040.0 0.5648895237101924
12050.0 0.5649116285633996
12060.0 0.5649116285633996
12070.0 0.5647789994441564
12080.0 0.5645800557652915
12090.0 0.5644032169396339
12100.0 0.564314797526805
12110.0 0.564314797526805
12120.0 0.564314797526805
12130.0 0.5641379587011472
12140.0 0.5639611198754897
12150.0 0.5639169101690753
12160.0 0.5639832247286969
12170.0 0.5640495392883185
12180.0 0.5640274344351113
12190.0 0.5638727004626608
12200.0 0.5637179664902103
12210.0 0.5637621761966247
12220.0 0.5638063859030392
12230.0 0.5637400713434176
12240.0 0.5636737567837959
12250.0 0.5636737567837959
12260.0 0.5636958616370032
12270.0 0.5636295470773816
12280.0 0.5635411276645527
12290.000000000002 0.5635190228113456
12300.0 0.5635190228113456
12310.000000000002 0.5634084985453095
12320.0 0.5632758694260662
12330.000000000002 0.5631653451600301
12340.0 0.5630990306004086
12350.000000000002 0.5630548208939942
12360.0 0.5629885063343726
12370.000000000002 0.5628779820683365
12380.0 0.5628116675087149
12390.000000000002 0.5628779820683365
12400.0 0.5629000869215437
12410.000000000002 0.562723248095886
12420.0 0.5625685141234356
12430.000000000002 0.5626348286830573
12440.0 0.5627011432426788
12450.000000000002 0.5625685141234356
12460.0 0.5623695704445707
12470.000000000002 0.5623474655913635
12480.0 0.5623916752977779
12490.000000000002 0.5623916752977779
12500.0 0.5623474655913635
12509.999999999998 0.5622590461785347
12520.0 0.5621706267657058
12529.999999999998 0.5620822073528771
12540.0 0.5620601024996698
12549.999999999998 0.5620822073528771
12560.0 0.5621043122060843
12569.999999999998 0.5620601024996698
12580.0 0.5619274733804266
12589.999999999998 0.5617064248483545
12600.0 0.5615737957291113
12609.999999999998 0.5616180054355258
12620.0 0.5617064248483545
12629.999999999998 0.5616622151419401
12640.0 0.5616180054355258
12649.999999999998 0.5615959005823185
12660.0 0.5615516908759041
12669.999999999998 0.5613969569034536
12680.0 0.5612422229310031
12689.999999999998 0.5612201180777959
12700.0 0.5612201180777959
12709.999999999998 0.5612201180777959
12720.0 0.5612201180777959
12730.0 0.5612864326374176
12740.0 0.5612643277842103
12750.0 0.5610653841053455
12760.0 0.5608885452796878
12770.0 0.5609548598393095
12780.0 0.56110959381176
12790.0 0.5611980132245887
12800.0 0.561131698664967
12810.0 0.5609548598393095
12820.0 0.560800125866859
12830.0 0.560800125866859
12840.0 0.5608885452796878
12850.0 0.5609990695457239
12860.0 0.5610211743989311
12870.0 0.5609769646925166
12880.0 0.5609106501328951
12890.0 0.5609327549861022
12900.0 0.5609990695457239
12910.0 0.5610432792521383
12920.0 0.5610432792521383
12930.0 0.5610211743989311
12940.0 0.5610211743989311
12950.0 0.5610874889585526
12960.0 0.5611538035181743
12970.0 0.56110959381176
12980.0 0.56110959381176
12990.0 0.5612201180777959
13000.0 0.5613748520502464
13010.0 0.5613969569034536
13020.0 0.5613748520502464
13030.0 0.5613527471970391
13040.0 0.5613969569034536
13050.0 0.5614853763162824
13060.0 0.5616180054355258
13070.0 0.5617948442611833
13080.0 0.5619053685272193
13090.0 0.561971683086841
13100.0 0.5621264170592914
13110.0 0.5624358850041924
13120.0 0.5627011432426788
13130.0 0.5626790383894716
13140.0 0.5625906189766429
13150.0 0.5626569335362644
13160.0 0.562833772361922
13170.0 0.5630106111875798
13180.0 0.5631432403068231
13190.0 0.5632095548664445
13200.0 0.5632758694260662
13210.0 0.5634084985453095
13220.0 0.5635853373709672
13230.0 0.5637400713434176
13240.0 0.5638948053158681
13250.0 0.5640053295819041
13260.0 0.5641379587011472
13270.0 0.5642926926735978
13280.0 0.564425321792841
13290.0 0.5644916363524627
13300.0 0.5645579509120843
13310.0 0.5647568945909491
13320.0 0.5650221528294356
13330.0 0.5652210965083005
13340.0 0.5653537256275437
13350.0 0.5654200401871654
13360.0 0.5655084595999942
13370.0 0.5657295081320662
13380.0 0.5659284518109312
13390.0 0.5659063469577239
13400.0 0.5658621372513095
13410.0 0.5659284518109312
13420.0 0.5661052906365888
13430.0 0.5663042343154537
13440.0 0.5664810731411114
13450.0 0.5666358071135619
13460.0 0.566768436232805
13470.0 0.5669231702052555
13480.0 0.5670557993244988
13490.0 0.5671442187373276
13500.0 0.5672105332969491
13510.0 0.5672547430033635
13520.0 0.567298952709778
13530.0 0.567298952709778
13540.000000000002 0.5673210575629852
13550.0 0.5674536866822285
13560.000000000002 0.5675200012418501
13570.0 0.5674757915354357
13580.000000000002 0.5674536866822285
13590.0 0.5675863158014717
13600.000000000002 0.567718944920715
13610.0 0.567718944920715
13620.000000000002 0.567608420654679
13630.0 0.5675642109482646
13640.000000000002 0.5675200012418501
13650.0 0.5675200012418501
13660.000000000002 0.5675642109482646
13670.0 0.5676968400675078
13680.000000000002 0.567829469186751
13690.0 0.5678736788931654
13700.000000000002 0.5678736788931654
13710.0 0.567829469186751
13720.000000000002 0.5678073643335438
13730.0 0.5678073643335438
13740.000000000002 0.5678515740399582
13750.0 0.5678957837463727
13759.999999999998 0.5679620983059942
13770.0 0.5680063080124087
13779.999999999998 0.5680063080124087
13790.0 0.5679399934527871
13799.999999999998 0.5678736788931654
13810.0 0.5678736788931654
13819.999999999998 0.5678736788931654
13830.0 0.5678515740399582
13839.999999999998 0.5677410497739221
13850.0 0.5675863158014717
13859.999999999998 0.5674757915354357
13870.0 0.5674978963886429
13879.999999999998 0.5675642109482646
13890.0 0.5675421060950573
13899.999999999998 0.5675863158014717
13910.0 0.567829469186751
13919.999999999998 0.5680505177188231
13930.0 0.5680063080124087
13939.999999999998 0.5678736788931654
13950.0 0.567829469186751
13959.999999999998 0.5678957837463727
13970.0 0.5680505177188231
13980.0 0.5681389371316519
13990.0 0.5680505177188231
14000.0 0.5678957837463727
14010.0 0.5678073643335438
14020.0 0.5678515740399582
14030.0 0.5679620983059942
14040.0 0.5680505177188231
14050.0 0.5680505177188231
14060.0 0.5679620983059942
14070.0 0.5678736788931654
14080.0 0.5677852594803366
14090.0 0.567718944920715
14100.0 0.567608420654679
14110.0 0.5673873721226069
14120.0 0.5672105332969491
14130.0 0.5672547430033635
14140.0 0.5673431624161925
14150.0 0.5672768478565708
14160.0 0.5671442187373276
14170.0 0.5670557993244988
14180.0 0.5670557993244988
14190.0 0.5671663235905348
14200.0 0.567298952709778
14210.0 0.5673652672693996
14220.0 0.5675421060950573
14230.0 0.5679399934527871
14240.0 0.5684041953701384
14250.0 0.5688020827278681
14260.0 0.5690231312599402
14270.0 0.5690673409663546
14280.0 0.5691336555259763
14290.0 0.5692883894984268
14300.0 0.5694652283240844
14310.0 0.5695978574433276
14320.0 0.5697083817093637
14330.0 0.5697968011221926
14340.0 0.5699294302414357
14350.0 0.5700841642138863
14360.0 0.5702167933331295
14370.0 0.5703273175991654
14380.0 0.5703936321587871
14390.0 0.5703936321587871
14400.0 0.5703936321587871
14410.0 0.5703494224523727
14420.0 0.5698189059753996
14430.0 0.5676305255078862
14440.0 0.5615737957291113
14450.0 0.5476698430617776
14460.0 0.5204366639104978
14470.0 0.47459119835874897
14480.0 0.40821032417750436
14490.0 0.3255602780357548
14500.0 0.237030340940888
14510.0 0.15555185201912047
14520.0 0.09102778550728124
14530.0 0.04712754703776679
14540.0 0.021463812464198664
14550.0 0.008554578191189374
14560.0 0.00296205032976583
14570.0 0.0009062989814955152
14580.0 0.00024315338527928454
14590.0 4.420970641441537e-05
14600.0 0.0
