mejiro/data/filter_response/RomanSCA06-F213.ecsv
# %ECSV 1.0
# ---
# datatype:
# - {name: wavelength, unit: Angstrom, datatype: float64}
# - {name: response, datatype: float64}
# meta:
#   __serialized_columns__:
#     wavelength:
#       __class__: astropy.units.quantity.Quantity
#       unit: !astropy.units.Unit {unit: Angstrom}
#       value: !astropy.table.SerializedColumn {name: wavelength}
#   band_name: F213
#   group_name: RomanSCA06
# schema: astropy-2.0
wavelength response
19390.0 0.0
19400.0 2.2104853207207685e-05
19410.0 4.420970641441537e-05
19420.0 8.841941282883074e-05
19430.0 0.00022104853207207686
19440.0 0.0005084116237657767
19450.0 0.0011052426603603842
19460.0 0.002276799880342392
19470.0 0.004420970641441537
19480.0 0.008200900539874052
19490.0 0.014434469144306617
19500.0 0.024271128821514037
19510.0 0.038926646497892736
19520.0 0.059616789099839126
19530.0 0.08726996046205594
19540.0 0.12228404794227292
19550.0 0.1643053738891747
19560.0 0.21209606652315774
19570.0 0.26357826964274444
19580.0 0.3160551911566555
19590.0 0.3666089904415395
19600.0 0.4129186579106396
19610.0 0.4533926441330368
19620.0 0.4867046579162988
19630.0 0.5123904973430742
19640.0 0.5312238322756151
19650.0 0.5445751636127686
19660.0 0.5535939437213092
19670.0 0.5593191007019761
19680.0 0.5627895626555076
19690.0 0.5648011042973635
19700.0 0.5658842421045167
19710.0 0.5663705488750753
19720.0 0.566657911966769
19730.0 0.5669894847648771
19740.0 0.5672105332969491
19750.0 0.5671663235905348
19760.0 0.5671000090309132
19770.0 0.5672105332969491
19780.0 0.5674536866822285
19790.0 0.5676747352143006
19800.0 0.5678515740399582
19810.0 0.5679842031592015
19820.0 0.5681168322784448
19830.0 0.568249461397688
19840.0 0.5683378808105168
19850.0 0.5683157759573096
19860.0 0.5682936711041023
19870.0 0.5683820905169312
19880.0 0.5684926147829673
19890.0 0.5685368244893817
19900.0 0.5685589293425889
19910.0 0.5686694536086249
19920.0 0.5688020827278681
19930.0 0.569001026406733
19940.0 0.569199970085598
19950.0 0.56942101861767
19960.0 0.5694873331772916
19970.0 0.5693104943516339
19980.0 0.5692662846452196
19990.0 0.5695978574433276
20000.0 0.5699957448010573
20010.0 0.570062059360679
20019.999999999996 0.5699515350946429
20030.0 0.5698189059753996
20040.0 0.5697746962689852
20050.0 0.5697525914157782
20059.999999999996 0.5696862768561565
20070.0 0.5694873331772916
20080.0 0.5692883894984268
20090.0 0.5692441797920124
20099.999999999996 0.5693325992048411
20110.0 0.5695094380304988
20120.0 0.5695978574433276
20130.0 0.5694431234708771
20139.999999999996 0.5692220749388051
20150.0 0.5691336555259763
20160.0 0.5691778652323907
20170.0 0.5692441797920124
20179.999999999996 0.5691778652323907
20190.0 0.5688462924342825
20200.0 0.56847050992976
20210.0 0.568249461397688
20219.999999999996 0.5682715662508953
20230.0 0.5685589293425889
20240.0 0.5688241875810754
20250.0 0.5688241875810754
20259.999999999996 0.5687136633150394
20270.0 0.5686473487554177
20280.0 0.5686915584618322
20290.0 0.5688020827278681
20299.999999999996 0.5688683972874898
20310.0 0.568779977874661
20320.0 0.5686252439022105
20330.0 0.5685147196361744
20339.999999999996 0.5684484050765528
20350.0 0.5684263002233456
20360.0 0.5685147196361744
20370.0 0.5687136633150394
20379.999999999996 0.5689347118471114
20390.0 0.569001026406733
20400.0 0.569001026406733
20410.0 0.5690231312599402
20419.999999999996 0.5691557603791836
20430.0 0.5694431234708771
20440.0 0.5697746962689852
20450.0 0.5699957448010573
20460.0 0.5701062690670934
20470.0 0.570062059360679
20480.0 0.5699957448010573
20490.0 0.5699515350946429
20500.0 0.5701283739203007
20510.0 0.570592575837652
20520.0 0.571012568048589
20530.0 0.5711009874614178
20540.0 0.5712336165806611
20550.0 0.5717862379108412
20560.0 0.572294649534607
20570.0 0.5723388592410213
20580.0 0.572294649534607
20590.0 0.5725599077730934
20600.0 0.5730020048372376
20610.0 0.5733777873417601
20620.0 0.5736430455802466
20630.0 0.5739304086719403
20640.0 0.5742177717636341
20650.0 0.5744830300021205
20660.0 0.5749030222130574
20670.0 0.575499853249652
20680.0 0.5759419503137962
20690.0 0.5759640551670034
20700.0 0.5761851036990755
20710.0 0.5770692978273638
20720.0 0.5779092822492377
20730.0 0.578041911368481
20740.0 0.5781303307813098
20750.0 0.5788155812307333
20760.0 0.5795008316801566
20770.0 0.5794787268269496
20780.0 0.5793460977077062
20790.0 0.5797660899186431
20800.0 0.5803629209552378
20810.0 0.5807387034597603
20820.0 0.5810923811110756
20830.000000000004 0.581667107294463
20840.0 0.5821534140650216
20850.0 0.5822639383310577
20860.0 0.5823965674503009
20870.000000000004 0.5829270839272739
20880.0 0.583568124670283
20890.0 0.5839218023215982
20900.0 0.5840765362940487
20910.000000000004 0.5841870605600846
20920.0 0.5843860042389496
20930.0 0.5846954721838504
20940.0 0.5850049401287514
20950.000000000004 0.585181778954409
20960.0 0.5853586177800667
20970.0 0.585712295431382
20980.0 0.5861322876423191
20990.000000000004 0.5864638604404271
21000.0 0.5866185944128776
21010.0 0.5865301750000487
21020.0 0.5865080701468416
21030.000000000004 0.5867954332385352
21040.0 0.5871270060366434
21050.0 0.5871491108898506
21060.0 0.5871270060366434
21070.000000000004 0.5872596351558865
21080.0 0.5872375303026794
21090.0 0.5868175380917424
21100.0 0.5864196507340127
21110.000000000004 0.5864417555872199
21120.0 0.586662804119292
21130.0 0.5867954332385352
21140.0 0.586883852651364
21150.000000000004 0.5870164817706074
21160.0 0.587193320596265
21170.0 0.5873480545687154
21180.0 0.5873038448623009
21190.000000000004 0.5869501672109857
21200.0 0.5866185944128776
21210.0 0.5865964895596704
21220.0 0.5864859652936343
21230.000000000004 0.5859333439634541
21240.0 0.5853144080736523
21250.0 0.5850049401287514
21260.0 0.5850491498351659
21269.999999999996 0.5852701983672379
21280.0 0.5853586177800667
21290.0 0.5850491498351659
21300.0 0.5847617867434721
21309.999999999996 0.5848281013030938
21320.0 0.5850270449819586
21330.0 0.584960730422337
21340.0 0.5847617867434721
21349.999999999996 0.5845186333581928
21360.0 0.5840765362940487
21370.0 0.583369180991418
21380.0 0.582838664514445
21389.999999999996 0.582838664514445
21400.0 0.5828607693676523
21410.0 0.5824407771567153
21420.0 0.5819544703861567
21429.999999999996 0.5819102606797423
21440.0 0.5820207849457784
21450.0 0.581976575239364
21460.0 0.5818218412669135
21469.999999999996 0.581667107294463
21480.0 0.5814902684688054
21490.0 0.5812913247899405
21500.0 0.5812029053771117
21509.999999999996 0.5813134296431477
21520.0 0.5812692199367333
21530.0 0.5808050180193819
21540.0 0.5802081869827873
21549.999999999996 0.5798102996250576
21560.0 0.579522936533364
21570.0 0.5791913637352558
21580.0 0.5789040006435621
21589.999999999996 0.5787271618179044
21600.0 0.5787492666711116
21610.0 0.5789040006435621
21620.0 0.5789924200563908
21629.999999999996 0.5788597909371477
21640.0 0.5786387424050756
21650.0 0.5784840084326252
21660.0 0.5784176938730035
21669.999999999996 0.5783734841665891
21680.0 0.5782408550473458
21690.0 0.5779534919556522
21700.0 0.5776219191575441
21710.0 0.5774229754786792
21720.0 0.5772461366530215
21730.0 0.5770029832677422
21740.0 0.5768482492952918
21750.0 0.5768924590017062
21760.0 0.5769587735613279
21770.0 0.5768924590017062
21780.0 0.5768924590017062
21790.0 0.577091402680571
21800.0 0.5773566609190575
21810.0 0.5774229754786792
21820.0 0.5772240317998143
21830.0 0.5767819347356702
21840.0 0.5764061522311477
21850.0 0.5763177328183188
21860.0 0.5762735231119044
21870.0 0.5760082648734178
21880.0 0.5758756357541747
21890.0 0.5761851036990755
21900.0 0.5763840473779404
21910.0 0.5760082648734178
21920.0 0.5755661678092737
21930.0 0.5755440629560665
21940.0 0.5756766920753097
21950.0 0.5755440629560665
21960.0 0.5753451192772016
21970.0 0.57527880471758
21980.0 0.575499853249652
21990.0 0.575919845460589
22000.0 0.5760303697266251
22010.0 0.575499853249652
22020.0 0.5749030222130574
22030.0 0.5749693367726791
22040.0 0.575499853249652
22050.0 0.5760966842862467
22060.0 0.5762072085522827
22070.0 0.575499853249652
22080.000000000004 0.574947231919472
22090.0 0.575389328983616
22100.0 0.5760082648734178
22110.0 0.5759419503137962
22120.000000000004 0.5756545872221026
22130.0 0.5757872163413458
22140.0 0.5760303697266251
22150.0 0.5759861600202106
22160.000000000004 0.575919845460589
22170.0 0.5761851036990755
22180.0 0.5766050959100124
22190.0 0.5769145638549134
22200.000000000004 0.5768040395888774
22210.0 0.5761629988458683
22220.0 0.5756545872221026
22230.0 0.5758756357541747
22240.000000000004 0.576560886203598
22250.0 0.5772682415062287
22260.0 0.5774671851850935
22270.0 0.576870354148499
22280.000000000004 0.5762735231119044
22290.0 0.5764724667907692
22300.0 0.5770250881209494
22310.0 0.5773124512126431
22320.000000000004 0.5772240317998143
22330.0 0.5769145638549134
22340.0 0.5766714104696341
22350.0 0.5768040395888774
22360.000000000004 0.5770471929741566
22370.0 0.5770692978273638
22380.0 0.5768924590017062
22390.0 0.5766714104696341
22400.000000000004 0.5766935153228414
22410.0 0.577091402680571
22420.0 0.5773345560658504
22430.0 0.5769808784145349
22440.000000000004 0.5764945716439764
22450.0 0.5764061522311477
22460.0 0.5764945716439764
22470.0 0.576450361937562
22480.000000000004 0.5762956279651116
22490.0 0.5761851036990755
22500.0 0.5762956279651116
22510.0 0.5767156201760485
22519.999999999996 0.577091402680571
22530.0 0.5770471929741566
22540.0 0.5769145638549134
22550.0 0.5770250881209494
22559.999999999996 0.5769587735613279
22570.0 0.5763619425247333
22580.0 0.5758535309009675
22590.0 0.5760524745798322
22599.999999999996 0.5764724667907692
22610.0 0.5765166764971836
22620.0 0.5763177328183188
22630.0 0.5761187891394539
22639.999999999996 0.5757872163413458
22650.0 0.57527880471758
22660.0 0.575168280451544
22670.0 0.575919845460589
22679.999999999996 0.5766714104696341
22690.0 0.5766050959100124
22700.0 0.5760082648734178
22710.0 0.5754556435432376
22719.999999999996 0.5751019658919224
22730.0 0.574947231919472
22740.0 0.5747261833873999
22750.0 0.5742840863232557
22759.999999999996 0.5738198844059043
22770.0 0.5736209407270395
22780.0 0.5736651504334539
22790.0 0.5738419892591116
22799.999999999996 0.5739083038187331
22810.0 0.5736651504334539
22820.0 0.5733114727821386
22830.0 0.5731567388096881
22839.999999999996 0.5731346339564809
22850.0 0.5731125291032736
22860.0 0.573046214543652
22870.0 0.5729577951308232
22879.999999999996 0.5728472708647872
22890.0 0.5726925368923368
22900.0 0.5723388592410213
22910.0 0.5716315039383907
22919.999999999996 0.5703052127459584
22930.0 0.5680726225720303
22940.0 0.5646021606184987
22950.0 0.559518044380841
22960.0 0.5525550156205705
22970.0 0.5432930821267505
22980.0 0.5310469934499574
22990.0 0.5150430797279391
23000.0 0.49461819536447915
23010.0 0.4694628724146769
23020.0 0.4398202642638113
23030.0 0.4061324679760268
23040.0 0.36862053208339535
23050.0 0.32799181188854765
23060.0 0.28577154226278095
23070.0 0.24368390175625754
23080.0 0.20327623009348186
23090.0 0.16567587478802162
23100.0 0.13159019114250736
23110.0 0.10159390534032653
23120.0 0.07630595327128094
23130.0 0.05581475434819941
23140.0 0.039700316360145003
23150.0 0.02741001797693753
23160.0 0.018369133015189585
23170.0 0.011958725585099358
23180.0 0.00753775494365782
23190.0 0.004619914320306406
23200.0 0.002741001797693753
23210.0 0.0015694445777117458
23220.0 0.0008841941282883074
23230.0 0.00046420191735136135
23240.0 0.00024315338527928454
23250.0 0.0001326291192432461
23260.0 6.631455962162305e-05
23270.0 2.2104853207207685e-05
23280.0 2.2104853207207685e-05
23290.0 0.0
