mejiro/data/filter_response/RomanSCA14-Grism_1stOrder.ecsv
# %ECSV 1.0
# ---
# datatype:
# - {name: wavelength, unit: Angstrom, datatype: float64}
# - {name: response, datatype: float64}
# meta:
#   __serialized_columns__:
#     wavelength:
#       __class__: astropy.units.quantity.Quantity
#       unit: !astropy.units.Unit {unit: Angstrom}
#       value: !astropy.table.SerializedColumn {name: wavelength}
#   band_name: Grism_1stOrder
#   group_name: RomanSCA14
# schema: astropy-2.0
wavelength response
[from data line 545]
15350.0 0.4325256627054328
15360.0 0.43217198505411747
15370.0 0.43179620254959494
15380.0 0.4314425248982796
15390.0 0.43115516180658586
15400.0 0.43084569386168503
15410.0 0.43044780650395525
15420.0 0.4299836045866039
15430.0 0.42954150752245973
15440.0 0.4291657250179372
15450.0 0.4288783619262435
15460.0 0.4285909988345498
15470.0 0.4282373211832345
15480.0 0.42783943382550477
15490.0 0.42748575617418944
15500.0 0.42710997366966685
15510.0 0.42666787660552274
15520.0 0.4262257795413786
15530.0 0.4258499970368561
15540.0 0.4254963193855408
15550.0 0.4251205368810182
15560.0 0.42467843981687403
15570.0 0.4242142378995227
15580.0 0.42377214083537856
15590.0 0.4234405680372704
15600.0 0.4230868903859551
15610.0 0.42262268846860374
15620.0 0.42218059140445957
15630.0 0.4218711234595587
15640.0 0.421583760367865
15650.0 0.421163768156928
15660.0 0.42069956623957666
15670.0 0.4202574691754325
15680.0 0.41990379152411716
15690.0 0.41959432357921633
15700.0 0.41921854107469375
15710.0 0.418710129450928
15720.0 0.4182017178271622
15730.0 0.4178480401758469
15740.0 0.4175606770841532
15750.0 0.41718489457963065
15760.0 0.4167427975154865
15770.0 0.4162785955981351
15780.0 0.4157922888275766
15790.0 0.4153722966166396
15800.0 0.4149744092589099
15810.0 0.4145323121947657
15820.0 0.41411231998382875
15830.0 0.4137586423325134
15840.0 0.41338285982799094
15850.0 0.4129186579106396
15860.0 0.4124765608464954
15870.0 0.4121228831951801
15880.0 0.4118134152502792
15890.0 0.4114376327457566
15900.0 0.4109955356816125
15910.0 0.41055343861746835
15920.0 0.41015555125973857
15930.0 0.4098018736084233
15940.0 0.40947030081031516
15950.0 0.40905030859937824
15960.0 0.4085861066820269
15970.0 0.4081440096178827
15980.0 0.4077682271133602
15990.0 0.40743665431525206
16000.0 0.40712718637035117
16010.0 0.40672929901262145
16020.0 0.4062872019484773
16030.0 0.4058893145907475
16040.000000000002 0.4054914272330178
16050.0 0.40513774958170246
16060.000000000002 0.4047840719303871
16070.0 0.40445249913227904
16080.000000000002 0.4040988214809637
16090.0 0.40367882927002674
16100.000000000002 0.4033030467655042
16110.0 0.4029714739673961
16120.000000000002 0.402639901169288
16130.0 0.4022199089583511
16140.000000000002 0.4017778118942069
16150.0 0.4014462390960988
16160.000000000002 0.4011588760044051
16170.0 0.40084940805950414
16180.000000000002 0.40051783526139606
16190.0 0.40014205275687353
16200.000000000002 0.3997441653991438
16210.0 0.39936838289462123
16220.000000000002 0.3989926003900987
16230.0 0.3986389227387834
16240.000000000002 0.3982852450874681
16250.0 0.39786525287653113
16259.999999999998 0.3974894703720086
16270.0 0.39715789757390046
16279.999999999998 0.3968484296289996
16290.0 0.3964063325648554
16299.999999999998 0.3959863403539185
16310.0 0.39561055784939597
16319.999999999998 0.39530108990449503
16330.0 0.39499162195959414
16339.999999999998 0.3946379443082788
16350.0 0.3942621618037563
16359.999999999998 0.39388637929923376
16370.0 0.3935327016479184
16379.999999999998 0.3931790239966031
16390.0 0.39282534634528776
16400.0 0.39242745898755804
16410.0 0.3920074667766211
16420.0 0.39160957941889135
16430.0 0.39127800662078327
16440.0 0.3909685386758823
16450.0 0.39054854646494536
16460.0 0.390084344547594
16470.0 0.38964224748344983
16480.0 0.3892443601257201
16490.0 0.38882436791478314
16500.0 0.3884264805570535
16510.0 0.38813911746535973
16520.0 0.3877854398140444
16530.0 0.38725492333707145
16540.0 0.38672440686009846
16550.0 0.38634862435557593
16560.0 0.38606126126388224
16570.0 0.38568547875935966
16580.0 0.38524338169521555
16590.0 0.3848012846310714
16600.0 0.38442550212654886
16610.0 0.38411603418164797
16620.0 0.38374025167712544
16630.0 0.38318763034694525
16640.0 0.38261290416355787
16650.0 0.38223712165903534
16660.0 0.3819276537141344
16670.0 0.38157397606281906
16680.0 0.3811097741454677
16690.0 0.3805571528152875
16700.0 0.38004874119152177
16710.0 0.3796287489805848
16720.0 0.3792308616228551
16730.0 0.37874455485229647
16740.0 0.3782582480817379
16750.0 0.3778824655772154
16760.0 0.37750668307269286
16770.0 0.3770645860085487
16780.0 0.37662248894440453
16790.0 0.376246706439882
16800.0 0.3758709239353595
16810.0 0.3754509317244225
16820.0 0.37500883466027835
16830.0 0.3745888424493415
16840.0 0.3741688502384045
16850.0 0.37370464832105316
16860.0 0.37324044640370174
16870.0 0.3728204541927648
16880.0 0.3724004619818279
16890.0 0.37198046977089094
16900.0 0.3715383727067468
16910.0 0.3710962756426026
16920.0 0.3706762834316657
16930.0 0.37034471063355756
16940.0 0.36996892812903504
16950.0 0.3694826213584765
16960.0 0.3690184194411251
16970.0 0.3687089514962242
16980.0 0.3683773786981161
16990.0 0.3678689670743503
17000.0 0.3673384505973773
17010.0 0.3670068777992692
17020.0 0.3667416195607827
17030.0 0.3664100467626746
17040.0 0.36599005455173766
17050.0 0.36548164292797186
17060.0 0.3650174410106205
17070.0 0.36466376335930517
17080.0 0.36431008570798984
17090.0 0.3639121983502602
17100.0 0.363470101286116
17110.0 0.36305010907517904
17120.0 0.3626522217174493
17130.0 0.36227643921292674
17140.0 0.3618564470019898
17150.0 0.36141434993784566
17160.0 0.3609943577269087
17170.0 0.3607290994884222
17180.0 0.36046384124993575
17190.0 0.3600438490389988
17200.0 0.3595575422684402
17210.0 0.3591596549107105
17220.0 0.3587838724061879
17230.0 0.3583859850484582
17240.0 0.3579880976907285
17250.0 0.35763442003941315
17260.0 0.3572586375348906
17270.0 0.3568386453239537
17280.0 0.35637444340660235
17290.0 0.3559544511956654
17300.0 0.35557866869114285
17310.0 0.35520288618662027
17320.0 0.35484920853530494
17330.0 0.3544513211775752
17340.0 0.3540755386730527
17350.0 0.35369975616853017
17360.0 0.35330186881080045
17370.0 0.3528818765998635
17380.0 0.3523955698293049
17390.0 0.3518871582055392
17400.0 0.3514229562881878
17410.0 0.3510913834900797
17420.0 0.35078191554517874
17430.0 0.350384028187449
17440.0 0.34996403597651204
17450.0 0.3495661486187823
17460.0 0.34914615640784535
17470.0 0.348681954490494
17480.0 0.34817354286672825
17490.0 0.3477314458025841
17500.0 0.3472672438852327
17510.0 0.34680304196788136
17520.0 0.3463830497569444
17530.0 0.3460514769588363
17540.0 0.34569779930752104
17550.0 0.34525570224337687
17560.0 0.34476939547281826
17570.0 0.3442830887022597
17580.0 0.3438188867849083
17590.0 0.34335468486755694
17600.0 0.34293469265662
17610.0 0.3425368052988903
17620.0 0.34209470823474614
17630.0 0.3416084014641876
17640.0 0.3410999898404218
17650.0 0.3406799976294848
17660.0 0.3402600054185479
17670.0 0.3398179083544038
17680.0 0.3393316015838452
17690.0 0.3388231899600794
17700.0 0.3383147783363136
17710.0 0.3378284715657551
17720.0 0.33734216479519646
17730.0 0.3368779628778451
17740.0 0.33641376096049375
17750.0 0.336015873602764
17760.0 0.33559588139182706
17770.0 0.3351316794744757
17780.0 0.33466747755712434
17790.0 0.3342474853461874
17800.0 0.33382749313525045
17810.0 0.3333632912178991
17820.0 0.33283277474092615
17830.0 0.33228015341074596
17840.0 0.3317496369337729
17850.0 0.33126333016321435
17860.0 0.33084333795227744
17870.0 0.3304675554477549
17880.0 0.3300696680900252
17890.0 0.3296717807322954
17900.0 0.3292517885213585
17910.0 0.32878758660400714
17920.0 0.3283012798334486
17930.0 0.32777076335647554
17940.0 0.32732866629233137
17950.0 0.3269528837878089
17960.0 0.3265549964300791
17970.0 0.32606868965952057
17980.0 0.3255381731825476
17990.0 0.3250960761184034
18000.0 0.32472029361388094
18010.0 0.3243666159625656
18020.0 0.323990833458043
18030.0 0.32352663154069167
18040.0 0.3230403247701331
18050.0 0.32257612285278175
18060.0 0.32215613064184484
18070.0 0.32178034813732226
18080.0 0.32140456563279973
18090.0 0.3210287831282772
18100.0 0.32063089577054743
18110.0 0.32016669385319607
18120.0 0.31974670164225916
18130.0 0.3193709191377367
18140.0 0.31903934633962855
18150.0 0.31866356383510597
18160.0 0.31824357162416905
18170.0 0.3178456842664393
18180.0 0.3173593774958807
18190.0 0.31678465131249334
18200.0 0.31623202998231315
18210.0 0.3158341426245834
18220.0 0.3155246746796825
18230.0 0.3152152067347816
18240.0 0.3149057387898807
18250.0 0.3146404805513942
18260.0 0.31435311745970046
18270.0 0.3140215446615924
18280.0 0.31362365730386266
18290.0 0.3131373505333041
18300.0 0.31267314861595275
18310.0 0.3122973661114302
18320.0 0.31192158360690764
18330.0 0.3114573816895563
18340.0 0.3109931797722049
18350.0 0.3106173972676824
18360.0 0.31028582446957426
18370.0 0.3099763565246734
18380.0 0.3096447837265653
18390.0 0.30931321092845715
18400.0 0.3089153235707274
18410.0 0.30849533135979046
18420.0 0.3080311294424391
18430.0 0.30754482267188055
18440.0 0.3070806207545292
18450.0 0.306638523690385
18460.0 0.30624063633265525
18470.0 0.3058427489749255
18480.0 0.3054890713236102
18490.0 0.3051353936722949
18500.0 0.30471540146135795
18510.0 0.304184884984385
18520.0 0.30367647336061915
18530.0 0.3032785860028895
18540.0 0.30290280349836696
18550.0 0.3024607064342228
18560.0 0.30197439966366424
18570.0 0.30155440745272727
18580.0 0.30117862494820474
18590.0 0.30078073759047497
18600.0 0.30038285023274525
18610.0 0.29998496287501547
18620.0 0.29956497066407856
18630.0 0.2991449784531416
18640.0 0.29861446197616864
18650.0 0.2979734212331596
18660.0 0.297376590196565
18670.0 0.2969123882792136
18680.0 0.2965145009214839
18690.0 0.29607240385733974
18700.0 0.29556399223357394
18710.0 0.2950555806098082
18720.0 0.2946355883988712
18730.0 0.29439243501359197
18740.0 0.2941050719218983
18750.0 0.2936187651513397
18760.0 0.2930882486743667
18770.0 0.29269036131663695
18780.0 0.29229247395890723
18790.0 0.2917840623351415
18800.0 0.2912535458581685
18810.0 0.2908335536472315
18820.0 0.2903914565830874
18830.0 0.2899051498125288
18840.0 0.2893746333355558
18850.0 0.28888832656499724
18860.0 0.2884020197944387
18870.0 0.2878493984642585
18880.0 0.28723046257445667
18890.0 0.28658942183144764
18900.0 0.2859262762352314
18910.0 0.28526313063901515
18920.0 0.2843789365107269
18930.0 0.28318527443753766
18940.0 0.28177056383227633
18950.0 0.2803116435206007
18960.0 0.27860956982364565
18970.0 0.2765096087689609
18980.0 0.2740559700629609
18990.0 0.27129286341205994
19000.0 0.26804344999060037
19010.0 0.26413089097292464
19020.0 0.2595109766526182
19030.0 0.25425002158930277
19040.0 0.24825960637014952
19050.0 0.24145131158232955
19060.0 0.2337809275194285
19070.0 0.2252263493282391
19080.0 0.21587599642159025
19090.0 0.20584039306551796
19100.0 0.19516374896643665
19110.0 0.18391237868396793
19120.0 0.17217470163094067
19130.0 0.16001703236697642
19140.0 0.1476162097177329
19150.0 0.1351490725088678
19160.0 0.12274824985962428
19170.0 0.11052426603603843
19180.0 0.09865395986376789
19190.0 0.08729206531526315
19200.0 0.07657121150976742
19210.0 0.06662402756652397
19220.0 0.05740630377911836
19230.0 0.04896224985396502
19240.0 0.04133607549747837
19250.0 0.03454988556286561
19260.0 0.028581575196919538
19270.0 0.023409039546432937
19280.0 0.018965964051784193
19290.0 0.015208139006558888
19300.0 0.012091354704342604
19310.0 0.009482982025892097
19320.0 0.00736091611800016
19330.0 0.005658842421045167
19340.0 0.004288341522198291
19350.0 0.0032273085682523223
19360.0 0.0024094289995856377
19370.0 0.0017683882565766149
19380.0 0.0012820814860180457
19390.0 0.0009284038347027227
19400.0 0.0006631455962162305
19410.0 0.00046420191735136135
19420.0 0.0003094679449009076
19430.0 0.00022104853207207686
19440.0 0.0001547339724504538
19450.0 8.841941282883074e-05
19460.0 6.631455962162305e-05
19470.0 4.420970641441537e-05
19480.0 2.2104853207207685e-05
19490.0 2.2104853207207685e-05
19500.0 2.2104853207207685e-05
19510.0 0.0
