mejiro/data/filter_response/RomanSCA12-Grism_1stOrder.ecsv
# %ECSV 1.0
# ---
# datatype:
# - {name: wavelength, unit: Angstrom, datatype: float64}
# - {name: response, datatype: float64}
# meta:
#   __serialized_columns__:
#     wavelength:
#       __class__: astropy.units.quantity.Quantity
#       unit: !astropy.units.Unit {unit: Angstrom}
#       value: !astropy.table.SerializedColumn {name: wavelength}
#   band_name: Grism_1stOrder
#   group_name: RomanSCA12
# schema: astropy-2.0
wavelength response
9910.0 0.0
9920.0 2.2104853207207685e-05
9930.0 0.00022104853207207686
9940.0 0.0015252348712973302
9950.0 0.0072061821455497044
9960.0 0.024514282206793324
9970.0 0.06116412882434367
9980.0 0.11529891432879527
9990.0 0.1711578783834091
10000.0 0.21160975975259919
10009.999999999998 0.23252095088661764
10020.0 0.2407660611329061
10029.999999999998 0.24388284543512237
10040.0 0.24569544339811342
10049.999999999998 0.2472648879758252
10060.0 0.2488343325535369
10069.999999999998 0.2504037771312487
10080.0 0.2519732217089604
10089.999999999998 0.25349845658025777
10100.0 0.25504579630476226
10109.999999999998 0.25663734573568125
10120.0 0.25822889516660014
10129.999999999998 0.25979833974431193
10140.0 0.26132357461560923
10149.999999999998 0.2628488094869066
10160.0 0.2643740443582039
10169.999999999998 0.2659434889359157
10180.0 0.26751293351362737
10189.999999999998 0.26908237809133917
10200.0 0.27062971781584366
10209.999999999998 0.27217705754034827
10220.0 0.27370229241164556
10230.0 0.2752717369893573
10240.0 0.27681907671386186
10250.0 0.2783443115851592
10260.0 0.2798474416032493
10270.0 0.2813284667681322
10280.0 0.2828537016394296
10290.0 0.28442314621714126
10300.0 0.28597048594164587
10310.0 0.2874515111065287
10320.0 0.28893253627141163
10330.0 0.2904356662895018
10340.0 0.2919609011607991
10350.0 0.2934640311788892
10360.0 0.29494505634377216
10370.0 0.29642608150865507
10380.0 0.29788500182033073
10390.0 0.2993439221320065
10400.0 0.30078073759047497
10410.0 0.30219544819573624
10420.0 0.30365436850741195
10430.0 0.3051574985255021
10440.0 0.306638523690385
10450.0 0.3080090245892319
10460.0 0.30933531578166434
10470.0 0.3107500263869256
10480.0 0.3122089466986014
10490.0 0.3136899718634843
10500.0 0.31510468246874557
10510.0 0.316430973661178
10520.0 0.31773516000040325
10530.0 0.31910566089925013
10540.0 0.3205203715045114
10550.0 0.32193508210977273
10560.0 0.3233055830086196
10570.0 0.32465397905425925
10580.0 0.3259360605402773
10590.0 0.32715182746667376
10600.0 0.32838969924627737
10610.0 0.32969388558550267
10620.0 0.3310422816311423
10630.0 0.3323685728235748
10640.0 0.3336285494563856
10650.0 0.3348222115295748
10660.0 0.336015873602764
10670.0 0.3372537453823677
10680.0 0.33851372201517854
10690.0 0.3397294889415749
10700.0 0.34094525586797136
10710.0 0.34218312764757497
10720.0 0.34342099942717863
10730.0 0.34465887120678224
10740.0 0.34589674298638584
10750.0 0.3471567196191967
10760.0 0.34837248654559316
10770.0 0.34954404376557513
10780.0 0.3506492864259355
10790.0 0.3517766339395031
10800.0 0.3529702960126923
10810.0 0.35420816779229597
10820.0 0.3554239347186924
10830.0 0.35652917737905276
10840.0 0.35763442003941315
10850.0 0.35885018696580956
10860.0 0.3600438490389988
10870.0 0.36117119655256635
10880.0 0.36225433435971954
10890.0 0.3633595770200799
10900.0 0.36450902938685475
10910.0 0.3656584817536295
10920.0 0.3667637244139899
10930.0 0.3678468622211431
10940.0 0.3689521048815035
10950.0 0.37007945239507106
10960.0 0.37118469505543145
10970.0 0.3722457280093774
10980.0 0.37346149493577385
10990.0 0.37494252010065676
11000.0 0.3763793355591253
11010.0 0.37757299763231444
11020.0 0.37861192573305325
11030.0 0.3797392732466208
11040.000000000002 0.38091083046660285
11050.0 0.3820823876865848
11060.000000000002 0.38325394490656683
11070.0 0.3844476069797561
11080.000000000002 0.38557495449332363
11090.0 0.38661388259406243
11100.000000000002 0.38767491554800837
11110.0 0.38886857762119764
11120.000000000002 0.390084344547594
11130.0 0.39121169206116163
11140.000000000002 0.3923390395747292
11150.0 0.3935548065011256
11160.000000000002 0.39472636372110764
11170.0 0.3957431869686392
11180.000000000002 0.39676001021617074
11190.0 0.39793156743615277
11200.000000000002 0.399125229509342
11210.0 0.4002083673164952
11220.000000000002 0.4012915051236483
11230.0 0.40241885263721594
11240.000000000002 0.40354620015078346
11250.0 0.4045188136919007
11259.999999999998 0.4054472175266034
11270.0 0.40648614562734214
11279.999999999998 0.40756928343449533
11290.0 0.4086303163884413
11299.999999999998 0.40971345419559446
11310.0 0.41081869685595485
11319.999999999998 0.411901834663108
11330.0 0.4129186579106396
11339.999999999998 0.41393548115817114
11350.0 0.4149523044057027
11359.999999999998 0.415947022800027
11370.0 0.4169196363411442
11379.999999999998 0.4179143547354685
11390.0 0.41895328283620725
11399.999999999998 0.42003642064336044
11410.0 0.42109745359730644
11419.999999999998 0.42209217199163074
11430.0 0.42299847097312626
11439.999999999998 0.423926874807829
11450.0 0.4248994883489461
11459.999999999998 0.4259163115964777
11470.0 0.42688892513759485
11480.0 0.4277952241190903
11490.0 0.42870152310058585
11500.0 0.42960782208208137
11510.0 0.4305141210635769
11520.0 0.43139831519186517
11530.0 0.4322604044669463
11540.0 0.4331224937420274
11550.0 0.4340730024299373
11560.0 0.43500140626464007
11570.0 0.4357750761268923
11580.0 0.4365487459891446
11590.0 0.43741083526422564
11600.0 0.4383171342457212
11610.0 0.4391792235208023
11620.0 0.43997499823626174
11630.0 0.44072656324530685
11640.0 0.4414560234011447
11650.0 0.4422517981166042
11660.0 0.4430475728320637
11670.0 0.4438433475475231
11680.0 0.4446170174097754
11690.0 0.44547910668485646
11700.0 0.44627488140031596
11710.0 0.4469380269965322
11720.0 0.4475348580331268
11730.0 0.44822010848255023
11740.0 0.44894956863838814
11750.0 0.44967902879422594
11760.0 0.45036427924364936
11770.0 0.45107163454628
11780.0 0.4518010947021178
11790.0 0.4525968694175773
11800.0 0.4533705392798297
11810.0 0.45403368487604584
11820.0 0.45465262076584767
11830.0 0.4553378712152711
11840.0 0.4560231216646946
11850.0 0.4566199527012892
11860.0 0.4571725740314694
11870.0 0.4577473002148568
11880.0 0.4583441312514514
11890.0 0.4590293817008748
11900.0 0.4596704224438838
11910.0 0.4601788340676496
11920.0 0.4607093505446226
11930.0 0.4613282864344244
11940.0 0.4619472223242262
11950.0 0.46245563394799194
11960.0 0.46294194071855055
11970.0 0.4635387717551452
11980.0 0.464157707644947
11990.0 0.46466611926871276
12000.0 0.4651524260392713
12010.0 0.4656829425162443
12020.0 0.46625766869963176
12030.0 0.4667881851766047
12040.0 0.46734080650678483
12050.0 0.4679155326901723
12060.0 0.46846815402035247
12070.0 0.4689102510844967
12080.0 0.4692860335890192
12090.0 0.46968392094674893
12100.0 0.470126018010893
12110.0 0.4706786393410733
12120.0 0.4711649461116318
12130.0 0.47154072861615437
12140.0 0.4719165111206769
12150.0 0.472358608184821
12160.0 0.47291122951500125
12170.0 0.4734417459919742
12180.0 0.47390594790932555
12190.0 0.4742375207074337
12200.0 0.47459119835874897
12210.0 0.4750775051293076
12220.0 0.4755859167530733
12230.0 0.47598380411080315
12240.0 0.47635958661532557
12250.0 0.4768016836794698
12260.0 0.47726588559682115
12270.0 0.4776195632481364
12280.0 0.4779732408994518
12290.000000000002 0.4783711282571815
12300.0 0.47879112046811845
12310.000000000002 0.47910058841301945
12320.0 0.47938795150471303
12330.000000000002 0.479697419449614
12340.0 0.48002899224772216
12350.000000000002 0.48038266989903744
12360.0 0.4806921378439383
12370.000000000002 0.480979500935632
12380.0 0.48131107373374016
12390.000000000002 0.4817310659446771
12400.0 0.48210684844919965
12410.000000000002 0.4823278969812717
12420.0 0.48254894551334376
12430.000000000002 0.4829689377242807
12440.0 0.48336682508201045
12450.000000000002 0.4835878736140825
12460.0 0.4837647124397402
12470.000000000002 0.4840741803846411
12480.0 0.4844499628891637
12490.000000000002 0.4847815356872717
12500.0 0.4850688987789654
12509.999999999998 0.485334157017452
12520.0 0.485555205549524
12529.999999999998 0.4858204637880105
12540.0 0.4861078268797042
12549.999999999998 0.48643939967781236
12560.0 0.48674886762271324
12569.999999999998 0.4870141258611997
12580.0 0.4871909646868574
12589.999999999998 0.4873014889528934
12600.0 0.48747832777855105
12609.999999999998 0.4878099005766592
12620.0 0.48816357822797457
12629.999999999998 0.488428836466461
12640.0 0.48862778014532593
12649.999999999998 0.4888930383838124
12660.0 0.4891361917690917
12669.999999999998 0.4892688208883349
12680.0 0.489379345154371
12689.999999999998 0.48960039368644304
12700.0 0.4898877567781368
12709.999999999998 0.49010880531020884
12720.0 0.49035195869548814
12730.0 0.4906393217871817
12740.0 0.4908603703192539
12750.0 0.4909266848788755
12760.0 0.4909929994384971
12770.0 0.49128036253019086
12780.0 0.49163404018150614
12790.0 0.4918992984199926
12800.0 0.49205403239244305
12810.0 0.4920982420988575
12820.0 0.49216455665847914
12830.0 0.49236350033734394
12840.0 0.4926287585758305
12850.0 0.492894016814317
12860.0 0.49311506534638905
12870.0 0.4932255896124251
12880.0 0.49335821873166835
12890.0 0.49353505755732596
12900.0 0.4937340012361909
12910.0 0.4939329449150558
12920.0 0.494065574034299
12930.0 0.494176098300335
12940.0 0.49433083227278546
12950.0 0.4945297759516504
12960.0 0.494706614777308
12970.0 0.4947950341901368
12980.0 0.49488345360296565
12990.0 0.4951045021350377
13000.0 0.49532555066710987
13010.0 0.4954581797863531
13020.0 0.4955244943459746
13030.0 0.4955908089055963
13040.0 0.4957013331716324
13050.0 0.49585606714408276
13060.0 0.4960550108229477
13070.0 0.4962539545018126
13080.0 0.4964307933274702
13090.0 0.4965413175935063
13100.0 0.49671815641916395
13110.0 0.4970276243640648
13120.0 0.4972928826025513
13130.0 0.49733709230896567
13140.0 0.4972707777493441
13150.0 0.4973591971621729
13160.0 0.4975139311346234
13170.0 0.49769076996028105
13180.0 0.4978233990795243
13190.0 0.49788971363914597
13200.0 0.49793392334556036
13210.0 0.4980665524648036
13220.0 0.4981991815840468
13230.0 0.4983318107032901
13240.0 0.4984423349693261
13250.0 0.49855285923536213
13260.0 0.4986412786481909
13270.0 0.498751802914227
13280.0 0.4988402223270558
13290.0 0.4988402223270558
13300.0 0.4988844320334702
13310.0 0.4990170611527135
13320.0 0.4991938999783712
13330.0 0.49932652909761444
13340.0 0.499392843657236
13350.0 0.499392843657236
13360.0 0.4994370533636504
13370.0 0.49956968248289363
13380.0 0.4996581018957226
13390.0 0.4995917873361009
13400.0 0.49948126307006485
13410.0 0.49948126307006485
13420.0 0.4995475776296865
13430.0 0.4996581018957226
13440.0 0.49972441645534416
13450.0 0.4997907310149658
13460.0 0.49981283586817293
13470.0 0.4998570455745874
13480.0 0.49990125528100177
13490.0 0.49990125528100177
13500.0 0.4998570455745874
13510.0 0.49981283586817293
13520.0 0.4997465213085514
13530.0 0.4996581018957226
13540.000000000002 0.4995917873361009
13550.0 0.4995917873361009
13560.000000000002 0.4995475776296865
13570.0 0.499392843657236
13580.000000000002 0.4992602145379928
13590.0 0.49928231939120005
13600.000000000002 0.49928231939120005
13610.0 0.49917179512516396
13620.000000000002 0.4989507465930919
13630.0 0.49879601262064144
13640.000000000002 0.4986412786481909
13650.0 0.4985086495289477
13660.000000000002 0.49842023011611886
13670.0 0.49842023011611886
13680.000000000002 0.4983981252629117
13690.0 0.4983097058500829
13700.000000000002 0.4981549718776324
13710.0 0.49797813305197475
13720.000000000002 0.497801294226317
13730.0 0.4976686651070738
13740.000000000002 0.49755814084103783
13750.0 0.49744761657500175
13759.999999999998 0.4973591971621729
13770.0 0.4972265680429297
13779.999999999998 0.4970718340704792
13790.0 0.49685078553840717
13799.999999999998 0.49660763215312786
13810.0 0.49645289818067734
13819.999999999998 0.4962760593550197
13830.0 0.4960771156761549
13839.999999999998 0.49581185743766837
13850.0 0.49548028463956023
13859.999999999998 0.4951929215478666
13870.0 0.4950381875754161
13879.999999999998 0.49488345360296565
13890.0 0.4946624050708936
13899.999999999998 0.4945076710984431
13910.0 0.4945076710984431
13919.999999999998 0.49448556624523593
13930.0 0.4942424128599566
13939.999999999998 0.4939108400618485
13950.0 0.49364558182336205
13959.999999999998 0.49346874299770443
13970.0 0.4933803235848756
13980.0 0.4932255896124251
13990.0 0.49291612166752424
14000.0 0.4925182343097944
14010.0 0.4922087663648936
14020.0 0.4919877178328214
14030.0 0.491832983860371
14040.0 0.4916561450347134
14050.0 0.49139088679622683
14060.0 0.4910593139981187
14070.0 0.4907056363468034
14080.0 0.49035195869548814
14090.0 0.49004249075058715
14100.0 0.4896667082460646
14110.0 0.4891804014755061
14120.0 0.4887383044113619
14130.0 0.4884951510260827
14140.0 0.48827410249401054
14150.0 0.48792042484269527
14160.0 0.4875004326317583
14170.0 0.48712465012723577
14180.0 0.486837287035542
14190.0 0.48661623850346997
14200.0 0.4864172948246051
14210.0 0.4861741414393258
14220.0 0.4860194074668754
14230.0 0.4860415123200826
14240.0 0.48612993173291136
14250.0 0.48612993173291136
14260.0 0.48599730261366814
14270.0 0.4857320443751817
14280.0 0.48544468128348794
14290.0 0.4852457376046231
14300.0 0.48509100363217267
14310.0 0.48486995510010056
14320.0 0.48460469686161406
14330.0 0.48436154347633475
14340.0 0.4841404949442627
14350.0 0.48391944641219065
14360.0 0.4837205027333258
14370.0 0.4834773493480465
14380.0 0.4831678814031456
14390.0 0.48283630860503746
14400.0 0.48254894551334376
14410.0 0.48235000183447896
14420.0 0.4821731630088212
14430.0 0.481930009623542
14440.0 0.48162054167864105
14450.0 0.4812668640273257
14460.0 0.48091318637601044
14470.0 0.48062582328431674
14480.0 0.4803605650458302
14490.0 0.48013951651375814
14500.0 0.4799184679816861
14510.0 0.479697419449614
14520.0 0.47943216121112747
14530.0 0.4790563787066049
14540.0 0.4787027010552896
14550.0 0.47843744281680317
14560.0 0.4781721845783166
14570.0 0.47786271663341573
14580.0 0.47757535354172204
14590.0 0.4773322001564428
14600.0 0.47706694191795623
14610.0 0.47675747397305535
14620.0 0.47640379632174
14630.0 0.4761164332300464
14640.0 0.4758069652851454
14650.0 0.4754532876338301
14660.0 0.4750996099825148
14670.0 0.47481224689082113
14680.0 0.47459119835874897
14690.0 0.4743259401202625
14700.0 0.4739943673221544
14710.0 0.47359647996442467
14720.0 0.47322069745990214
14730.0 0.4729554392214157
14740.0 0.4727122858361364
14750.0 0.4724028178912355
14760.0 0.47207124509312737
14770.0 0.47173967229501923
14780.0 0.4714302043501183
14790.000000000002 0.4711207364052174
14800.0 0.47083337331352365
14810.000000000002 0.47054601022182996
14820.0 0.4702586471301363
14830.000000000002 0.46990496947882093
14840.0 0.46955129182750566
14850.000000000002 0.4692197190293976
14860.0 0.4689102510844967
14870.000000000002 0.46857867828638855
14880.0 0.46822500063507316
14890.000000000002 0.46784921813055064
14900.0 0.46749554047923536
14910.000000000002 0.4671860725343345
14920.0 0.4668766045894335
14930.000000000002 0.4665229269381182
14940.0 0.4661692492868029
14950.000000000002 0.46588188619510923
14960.0 0.4656166279566227
14970.000000000002 0.4652850551585146
14980.0 0.46490927265399207
14990.000000000002 0.46448928044305515
15000.0 0.46411349793853257
15009.999999999998 0.4637819251404245
15020.0 0.46349456204873074
15029.999999999998 0.46318509410382985
15040.0 0.4628756261589289
15049.999999999998 0.462566158214028
15060.0 0.4622345854159199
15069.999999999998 0.46190301261781175
15080.0 0.46154933496649647
15089.999999999998 0.4611072379023523
15100.0 0.4607093505446226
15109.999999999998 0.4603998825997217
15120.0 0.46013462436123514
15129.999999999998 0.45984726126954145
15140.0 0.4595156884714334
15149.999999999998 0.4591178011137036
15160.0 0.4586978089027667
15169.999999999998 0.4582778166918297
15180.0 0.45787992933410004
15189.999999999998 0.45750414682957746
15200.0 0.45712836432505494
15209.999999999998 0.45677468667373955
15220.0 0.4564210090224243
15230.0 0.45604522651790175
15240.0 0.4556694440133792
15250.0 0.4553378712152711
15260.0 0.45500629841716295
15270.0 0.4546747256190549
15280.0 0.4542989431145324
15290.0 0.4538789509035954
15300.0 0.4535031683990729
15310.0 0.4531937004541719
15320.0 0.4528621276560639
15330.0 0.45244213544512696
15340.0 0.4519779335277756
15350.0 0.45155794131683863
