mejiro/data/filter_response/RomanSCA11-F129.ecsv
# %ECSV 1.0
# ---
# datatype:
# - {name: wavelength, unit: Angstrom, datatype: float64}
# - {name: response, datatype: float64}
# meta:
#   __serialized_columns__:
#     wavelength:
#       __class__: astropy.units.quantity.Quantity
#       unit: !astropy.units.Unit {unit: Angstrom}
#       value: !astropy.table.SerializedColumn {name: wavelength}
#   band_name: F129
#   group_name: RomanSCA11
# schema: astropy-2.0
wavelength response
11190.0 0.0
11200.000000000002 2.2104853207207685e-05
11210.0 0.00019894367886486917
11220.000000000002 0.0010168232475315534
11230.0 0.004310446375405498
11240.000000000002 0.014655517676378694
11250.0 0.040562405635226104
11259.999999999998 0.09213302816764163
11270.0 0.17363362194261636
11279.999999999998 0.2759790922919879
11290.0 0.37810351410928744
11299.999999999998 0.45905148655408207
11310.0 0.5100694877563173
11319.999999999998 0.5356005932106422
11330.0 0.5456804062731289
11339.999999999998 0.5488192954285525
11350.0 0.5496150701440119
11359.999999999998 0.5497255944100479
11370.0 0.5496813847036335
11379.999999999998 0.5496592798504263
11390.0 0.5497034895568408
11399.999999999998 0.5497919089696696
11410.0 0.5498803283824983
11419.999999999998 0.5499024332357055
11430.0 0.5498140138228768
11439.999999999998 0.5497476992632552
11450.0 0.5497698041164624
11459.999999999998 0.549836118676084
11470.0 0.5498582235292911
11480.0 0.549836118676084
11490.0 0.5497919089696696
11500.0 0.5497698041164624
11510.0 0.5497919089696696
11520.0 0.5497698041164624
11530.0 0.5497034895568408
11540.0 0.5496813847036335
11550.0 0.5497698041164624
11560.0 0.549836118676084
11570.0 0.5497476992632552
11580.0 0.5496592798504263
11590.0 0.5496813847036335
11600.0 0.5497476992632552
11610.0 0.5498140138228768
11620.0 0.5497919089696696
11630.0 0.5497034895568408
11640.0 0.5496150701440119
11650.0 0.5496150701440119
11660.0 0.5496371749972191
11670.0 0.5496371749972191
11680.0 0.5496592798504263
11690.0 0.5497698041164624
11700.0 0.5498140138228768
11710.0 0.5497034895568408
11720.0 0.5495266507311831
11730.0 0.5494603361715614
11740.0 0.5494603361715614
11750.0 0.5494603361715614
11760.0 0.5494382313183542
11770.0 0.549416126465147
11780.0 0.5494382313183542
11790.0 0.5495708604375975
11800.0 0.5496813847036335
11810.0 0.5496592798504263
11820.0 0.5495929652908047
11830.0 0.5495929652908047
11840.0 0.5496150701440119
11850.0 0.5495487555843903
11860.0 0.5494382313183542
11870.0 0.5493277070523183
11880.0 0.5492834973459038
11890.0 0.5493277070523183
11900.0 0.5493498119055253
11910.0 0.5492171827862822
11920.0 0.5490845536670389
11930.0 0.5491066585202462
11940.0 0.5491066585202462
11950.0 0.5489740294010028
11960.0 0.5488414002817597
11970.0 0.5488414002817597
11980.0 0.5488635051349668
11990.0 0.5487750857221381
12000.0 0.5486424566028948
12010.0 0.5485982468964803
12020.0 0.5485761420432731
12030.0 0.5485319323368587
12040.0 0.5485098274836515
12050.0 0.5485098274836515
12060.0 0.5485098274836515
12070.0 0.548355093511201
12080.0 0.5481561498323362
12090.0 0.5479793110066785
12100.0 0.5478687867406424
12110.0 0.5478687867406424
12120.0 0.547824577034228
12130.0 0.5476477382085704
12140.0 0.5474487945297055
12150.0 0.5473824799700839
12160.0 0.5474045848232911
12170.0 0.5474266896764983
12180.0 0.5473824799700839
12190.0 0.5471835362912191
12200.0 0.5470066974655614
12210.0 0.5470066974655614
12220.0 0.5470288023187686
12230.0 0.5469182780527326
12240.0 0.5468077537866965
12250.0 0.5467856489334892
12260.0 0.5467414392270749
12270.0 0.5466309149610389
12280.0 0.5465203906950028
12290.000000000002 0.5464540761353812
12300.0 0.5464098664289668
12310.000000000002 0.5462772373097234
12320.0 0.5461003984840659
12330.000000000002 0.5459677693648226
12340.0 0.5458572450987865
12350.000000000002 0.5457688256859577
12360.0 0.5456583014199218
12370.000000000002 0.5455256723006785
12380.0 0.5454372528878496
12390.000000000002 0.545481462594264
12400.0 0.5454593577410568
12410.000000000002 0.545260414062192
12420.0 0.5450835752365343
12430.000000000002 0.5451277849429488
12440.0 0.5451719946493632
12450.000000000002 0.5450172606769127
12460.0 0.5448183169980478
12470.000000000002 0.5447741072916334
12480.0 0.5448183169980478
12490.000000000002 0.5448183169980478
12500.0 0.5447741072916334
12509.999999999998 0.5446856878788047
12520.0 0.5445972684659757
12529.999999999998 0.5445309539063541
12540.0 0.5445088490531469
12549.999999999998 0.5445530587595613
12560.0 0.5445751636127686
12569.999999999998 0.5445530587595613
12580.0 0.5444425344935253
12589.999999999998 0.5442656956678676
12600.0 0.5441551714018316
12609.999999999998 0.5442214859614533
12620.0 0.5443541150806965
12629.999999999998 0.5443541150806965
12640.0 0.5443320102274892
12649.999999999998 0.5443541150806965
12660.0 0.5443541150806965
12669.999999999998 0.5442435908146604
12680.0 0.5441330665486244
12689.999999999998 0.5441330665486244
12700.0 0.544199381108246
12709.999999999998 0.5442435908146604
12720.0 0.5442878005210748
12730.0 0.5443983247871109
12740.0 0.544420429640318
12750.0 0.5442656956678676
12760.0 0.5441551714018316
12770.0 0.5442656956678676
12780.0 0.5444867441999397
12790.0 0.5445972684659757
12800.0 0.5445751636127686
12810.0 0.5444646393467325
12820.0 0.5443762199339036
12830.0 0.544420429640318
12840.0 0.5445530587595613
12850.0 0.5446856878788047
12860.0 0.5447741072916334
12870.0 0.5447741072916334
12880.0 0.5447520024384261
12890.0 0.5448183169980478
12900.0 0.5449288412640838
12910.0 0.5449951558237055
12920.0 0.5450393655301199
12930.0 0.5450393655301199
12940.0 0.5450835752365343
12950.0 0.5451940995025704
12960.0 0.5452825189153993
12970.0 0.5452825189153993
12980.0 0.5453046237686063
12990.0 0.5454372528878496
13000.0 0.5455919868603001
13010.0 0.5456583014199218
13020.0 0.5456361965667145
13030.0 0.5456361965667145
13040.0 0.5456804062731289
13050.0 0.5457909305391649
13060.0 0.5459235596584082
13070.0 0.5461003984840659
13080.0 0.546210922750102
13090.0 0.5462772373097234
13100.0 0.546431971282174
13110.0 0.5467193343738677
13120.0 0.546962487759147
13130.0 0.5469403829059397
13140.0 0.5468519634931109
13150.0 0.5468961731995253
13160.0 0.5470509071719758
13170.0 0.5472056411444262
13180.0 0.5473161654104622
13190.0 0.5473603751168767
13200.0 0.5474045848232911
13210.0 0.5475151090893272
13220.0 0.5476698430617776
13230.0 0.5478024721810208
13240.0 0.5479129964470569
13250.0 0.5480014158598857
13260.0 0.5481119401259218
13270.0 0.5482224643919579
13280.0 0.5483329886579938
13290.0 0.548355093511201
13300.0 0.5483993032176155
13310.0 0.5485540371900659
13320.0 0.5487750857221381
13330.0 0.5489298196945884
13340.0 0.5490182391074172
13350.0 0.5490403439606245
13360.0 0.5491066585202462
13370.0 0.5492834973459038
13380.0 0.549416126465147
13390.0 0.5493719167587326
13400.0 0.5492834973459038
13410.0 0.5493277070523183
13420.0 0.5494382313183542
13430.0 0.5495929652908047
13440.0 0.5497255944100479
13450.0 0.549836118676084
13460.0 0.5499245380889128
13470.0 0.5500350623549489
13480.0 0.5501234817677777
13490.0 0.5501897963273993
13500.0 0.5502119011806065
13510.0 0.5502119011806065
13520.0 0.5502119011806065
13530.0 0.5501676914741921
13540.000000000002 0.5501676914741921
13550.0 0.5502340060338137
13560.000000000002 0.5502782157402281
13570.0 0.5501897963273993
13580.000000000002 0.5501234817677777
13590.0 0.5502119011806065
13600.000000000002 0.5503224254466424
13610.0 0.550256110887021
13620.000000000002 0.5501455866209849
13630.0 0.5500350623549489
13640.000000000002 0.5499687477953272
13650.0 0.5499245380889128
13660.000000000002 0.5499466429421199
13670.0 0.5500350623549489
13680.000000000002 0.5501234817677777
13690.0 0.5501455866209849
13700.000000000002 0.5500792720613633
13710.0 0.5500129575017416
13720.000000000002 0.5499466429421199
13730.0 0.5499245380889128
13740.000000000002 0.5499245380889128
13750.0 0.5499466429421199
13759.999999999998 0.5499687477953272
13770.0 0.5499687477953272
13779.999999999998 0.5499245380889128
13790.0 0.549836118676084
13799.999999999998 0.5497255944100479
13810.0 0.5496813847036335
13819.999999999998 0.5496592798504263
13830.0 0.5495929652908047
13839.999999999998 0.5494603361715614
13850.0 0.5492613924926966
13859.999999999998 0.5491066585202462
13870.0 0.5491066585202462
13879.999999999998 0.5491508682266606
13890.0 0.5490845536670389
13899.999999999998 0.5490845536670389
13910.0 0.5492834973459038
13919.999999999998 0.5494603361715614
13930.0 0.5493940216119397
13939.999999999998 0.5492171827862822
13950.0 0.5491287633734533
13959.999999999998 0.5491508682266606
13970.0 0.5492613924926966
13980.0 0.549305602199111
13990.0 0.5491729730798677
14000.0 0.5489961342542101
14010.0 0.5488635051349668
14020.0 0.5488635051349668
14030.0 0.5489298196945884
14040.0 0.5489740294010028
14050.0 0.5489298196945884
14060.0 0.5488192954285525
14070.0 0.5486866663093092
14080.0 0.5485540371900659
14090.0 0.548465617777237
14100.0 0.5483108838047867
14110.0 0.5480456255663001
14120.0 0.5478466818874353
14130.0 0.5478687867406424
14140.0 0.5479129964470569
14150.0 0.5478024721810208
14160.0 0.5476256333553632
14170.0 0.5474930042361199
14180.0 0.5474708993829128
14190.0 0.5475372139425343
14200.0 0.5476256333553632
14210.0 0.5476477382085704
14220.0 0.5477803673278137
14230.0 0.548134044979129
14240.0 0.5485761420432731
14250.0 0.5489077148413812
14260.0 0.5490845536670389
14270.0 0.5491066585202462
14280.0 0.5491287633734533
14290.0 0.5492392876394894
14300.0 0.5493940216119397
14310.0 0.5495045458779758
14320.0 0.5495708604375975
14330.0 0.5496371749972191
14340.0 0.5497476992632552
14350.0 0.5498582235292911
14360.0 0.5499687477953272
14370.0 0.550057167208156
14380.0 0.5501013769145704
14390.0 0.5501013769145704
14400.0 0.5501234817677777
14410.0 0.5502782157402281
14420.0 0.5504550545658858
14430.0 0.5505655788319218
14440.0 0.5505655788319218
14450.0 0.5504550545658858
14460.0 0.5500129575017416
14470.0 0.5484435129240299
14480.0 0.543558340365237
14490.0 0.530892259477507
14500.0 0.5035706609133982
14510.0 0.45469683047226206
14520.0 0.3819276537141344
14530.0 0.29169564292231265
14540.0 0.19865631577317547
14550.0 0.11870306172270528
14560.0 0.061473596769244576
14570.0 0.0273215985641087
14580.0 0.010345071300973197
14590.0 0.0033157279810811526
14600.0 0.0009062989814955152
14610.0 0.00019894367886486917
14620.0 4.420970641441537e-05
14630.0 0.0
