mejiro/data/filter_response/RomanSCA13-Grism_1stOrder.ecsv
# %ECSV 1.0
# ---
# datatype:
# - {name: wavelength, unit: Angstrom, datatype: float64}
# - {name: response, datatype: float64}
# meta:
#   __serialized_columns__:
#     wavelength:
#       __class__: astropy.units.quantity.Quantity
#       unit: !astropy.units.Unit {unit: Angstrom}
#       value: !astropy.table.SerializedColumn {name: wavelength}
#   band_name: Grism_1stOrder
#   group_name: RomanSCA13
# schema: astropy-2.0
wavelength response
9900.0 0.0
9910.0 2.2104853207207685e-05
9920.0 0.00019894367886486917
9930.0 0.0011052426603603842
9940.0 0.004575704613891991
9950.0 0.014611307969964281
9960.0 0.0365172174983071
9970.0 0.0727691767581277
9980.0 0.11819465009893948
9990.0 0.1614096381190305
10000.0 0.19275431996685102
10009.999999999998 0.21030557341337391
10020.0 0.2182633205679687
10029.999999999998 0.22162325825546425
10040.0 0.22343585621845527
10049.999999999998 0.22487267167692382
10060.0 0.22624317257577067
10069.999999999998 0.22761367347461756
10080.0 0.2289841743734644
10089.999999999998 0.23031046556589688
10100.0 0.23163675675832934
10109.999999999998 0.23302936251038342
10120.0 0.2344219682624375
10129.999999999998 0.23577036430807718
10140.0 0.23711876035371685
10149.999999999998 0.2384229466929421
10160.0 0.23972713303216736
10169.999999999998 0.24109763393101422
10180.0 0.2424681348298611
10189.999999999998 0.24381653087550076
10200.0 0.24514282206793322
10209.999999999998 0.24649121811357289
10220.0 0.24781750930600535
10230.0 0.24914380049843782
10240.0 0.2504921965440775
10250.0 0.25179638288330275
10260.0 0.253100569222528
10270.0 0.25438265070854604
10280.0 0.2556868370477713
10290.0 0.257035233093411
10300.0 0.25836152428584347
10310.0 0.2596436057718615
10320.0 0.2609035824046723
10330.0 0.26220776874389756
10340.0 0.2635119550831228
10350.0 0.26481614142234805
10360.0 0.2660761180551589
10370.0 0.26735819954117696
10380.0 0.2686181761739878
10390.0 0.26985604795359147
10400.0 0.271093919733195
10410.0 0.2723096866595915
10420.0 0.27356966329240234
10430.0 0.2748517447784204
10440.0 0.27613382626443844
10450.0 0.2772832786312132
10460.0 0.27843273099798804
10470.0 0.2796484979243844
10480.0 0.28090847455719525
10490.0 0.2821905560432133
10500.0 0.2834063229696097
10510.0 0.2845336704831773
10520.0 0.2856610179967449
10530.0 0.28685468006993414
10540.0 0.28807044699633055
10550.0 0.28928621392272696
10560.0 0.2904798759959162
10570.0 0.2916514332158982
10580.0 0.2927566758762586
10590.0 0.2938177088302045
10600.0 0.2948787417841505
10610.0 0.2960060892977181
10620.0 0.2971776465177001
10630.0 0.2983270988844749
10640.0 0.2994102366916281
10650.0 0.30044916479236683
10660.0 0.3014880928931056
10670.0 0.3025712307002588
10680.0 0.30365436850741195
10690.0 0.30471540146135795
10700.0 0.3057764344153039
10710.0 0.30685957222245713
10720.0 0.30794271002961027
10730.0 0.3090037429835562
10740.0 0.3100868807907094
10750.0 0.3111921234510698
10760.0 0.3122531564050158
10770.0 0.3132699796525473
10780.0 0.31424259319366443
10790.0 0.3152152067347816
10800.0 0.3162541348355204
10810.0 0.3173593774958807
10820.0 0.31842041044982666
10830.0 0.3193930239909439
10840.0 0.3203435326788538
10850.0 0.32140456563279973
10860.0 0.3224655985867457
10870.0 0.3234382121278629
10880.0 0.3243887208157728
10890.0 0.3253613343568899
10900.0 0.32637815760442146
10910.0 0.3273728759987458
10920.0 0.328345489539863
10930.0 0.3292959982277729
10940.0 0.3302465069156828
10950.0 0.33124122531000716
10960.0 0.33221383885112427
10970.0 0.33316434753903423
10980.0 0.33422538049298023
10990.0 0.3355074619789983
11000.0 0.33678954346501633
11010.0 0.3378284715657551
11020.0 0.3387568754004578
11030.0 0.3397294889415749
11040.000000000002 0.3407684170423137
11050.0 0.34178524028984525
11060.000000000002 0.342824168390584
11070.0 0.3438630964913228
11080.000000000002 0.3448578148856471
11090.0 0.3457641138671426
11100.000000000002 0.34671462255505253
11110.0 0.3477535506557913
11120.000000000002 0.34881458360973727
11130.0 0.34980930200406163
11140.000000000002 0.350804020398386
11150.0 0.351865053352332
11160.000000000002 0.3528818765998635
11170.0 0.353788175581359
11180.000000000002 0.35467236970964733
11190.0 0.3557112978103861
11200.000000000002 0.3567502259111248
11210.0 0.3577007345990348
11220.000000000002 0.3586512432869447
11230.0 0.35964596168126906
11240.000000000002 0.36061857522238616
11250.0 0.3614806644974673
11259.999999999998 0.362298544066134
11270.0 0.36320484304762946
11279.999999999998 0.3641553517355394
11290.0 0.36508375557024214
11299.999999999998 0.36603426425815205
11310.0 0.3670068777992692
11319.999999999998 0.36795738648717913
11330.0 0.36884158061546746
11339.999999999998 0.3697257747437558
11350.0 0.37063207372525125
11359.999999999998 0.3715162678535396
11370.0 0.37235625227541347
11379.999999999998 0.37321834155049455
11390.0 0.3741467453851973
11399.999999999998 0.37509725407310723
11410.0 0.37602565790780995
11419.999999999998 0.37688774718289103
11430.0 0.3777056267515577
11439.999999999998 0.37850140146701716
11450.0 0.3793634907420983
11459.999999999998 0.38024768487038657
11470.0 0.3810876692922605
11480.0 0.3819055488609272
11490.0 0.38267921872317945
11500.0 0.3834749934386389
11510.0 0.3842928730073056
11520.0 0.3850665428695579
11530.0 0.38579600302539574
11540.0 0.386569672887648
11550.0 0.38740965730952187
11560.0 0.38822753687818856
11570.0 0.38891278732761203
11580.0 0.38957593292382825
11590.0 0.39034960278608055
11600.0 0.39114537750154
11610.0 0.39189694251058504
11620.0 0.3926042978132157
11630.0 0.39324533855622473
11640.0 0.39390848415244095
11650.0 0.39461583945507156
11660.0 0.3953231947577022
11670.0 0.3960084452071257
11680.0 0.3967158005097563
11690.0 0.3974673655188014
11700.0 0.398174720821432
11710.0 0.39874944700481946
11720.0 0.39930206833499965
11730.0 0.39989889937159423
11740.0 0.4005620449678105
11750.0 0.4012030857108195
11760.0 0.4018220216006213
11770.0 0.40244095749042313
11780.0 0.40310410308663935
11790.0 0.40381145838927
11800.0 0.4045188136919007
11810.0 0.40511564472849526
11820.0 0.40569037091188265
11830.0 0.4063093068016845
11840.0 0.40692824269148625
11850.0 0.40748086402166644
11860.0 0.40798927564543225
11870.0 0.40849768726919805
11880.0 0.40907241345258544
11890.0 0.4096913493423872
11900.0 0.41028818037898185
11910.0 0.41077448714954046
11920.0 0.411260793920099
11930.0 0.4118355201034864
11940.0 0.412432351140081
11950.0 0.41289655305743234
11960.0 0.41336075497478375
11970.0 0.41393548115817114
11980.0 0.4145323121947657
11990.0 0.41501861896532427
12000.0 0.41548282088267563
12010.0 0.4160133373596486
12020.0 0.4165438538366216
12030.0 0.4170743703135946
12040.0 0.4176048867905676
12050.0 0.41817961297395495
12060.0 0.418710129450928
12070.0 0.41915222651507217
12080.0 0.41955011387280183
12090.0 0.4199480012305316
12100.0 0.42041220314788297
12110.0 0.42096482447806316
12120.0 0.42147323610182896
12130.0 0.4218490186063515
12140.0 0.42222480111087396
12150.0 0.42271110788143257
12160.0 0.42324162435840557
12170.0 0.42379424568858576
12180.0 0.4242584476059371
12190.0 0.42463423011045964
12200.0 0.42501001261498217
12210.0 0.4254963193855408
12220.0 0.4260047310093065
12230.0 0.4264247232202435
12240.0 0.4268226105779732
12250.0 0.42730891734853177
12260.0 0.42775101441267593
12270.0 0.42814890177040565
12280.0 0.42852468427492824
12290.000000000002 0.4289446764858651
12300.0 0.42936466869680207
12310.000000000002 0.4297183463481174
12320.0 0.43002781429301834
12330.000000000002 0.4303593870911264
12340.0 0.43071306474244175
12350.000000000002 0.4310888472469643
12360.0 0.4314204200450724
12370.000000000002 0.4317298879899733
12380.0 0.43208356564128864
12390.000000000002 0.43250355785222555
12400.0 0.43290144520995527
12410.000000000002 0.4331224937420274
12420.0 0.4333877519805139
12430.000000000002 0.4337856393382436
12440.0 0.43420563154918057
12450.000000000002 0.4344266800812527
12460.0 0.4346256237601175
12470.000000000002 0.4349571965582256
12480.0 0.43531087420954095
12490.000000000002 0.4356424470076491
12500.0 0.4359298100993428
12509.999999999998 0.4361729634846221
12520.0 0.43641611686990134
12529.999999999998 0.43665927025518064
12540.0 0.4369245284936671
12549.999999999998 0.43723399643856803
12560.0 0.4375434643834689
12569.999999999998 0.4377866177687482
12580.0 0.4379413517411987
12589.999999999998 0.4380518760072347
12600.0 0.43820660997968514
12609.999999999998 0.4385160779245861
12620.0 0.43882554586948697
12629.999999999998 0.43906869925476627
12640.0 0.43924553808042394
12649.999999999998 0.4394886914657032
12660.0 0.4396876351445681
12669.999999999998 0.43979815941060413
12680.0 0.43988657882343296
12689.999999999998 0.44008552250229777
12700.0 0.44032867588757707
12709.999999999998 0.44052761956644193
12720.0 0.44072656324530685
12730.0 0.4409697166305861
12740.0 0.44114655545624376
12750.0 0.4411907651626582
12760.0 0.4412349748690726
12770.0 0.4414781282543519
12780.0 0.4417654913460456
12790.0 0.4420086447313249
12800.0 0.442119168997361
12810.0 0.4421412738505681
12820.0 0.4421854835569825
12830.0 0.44234021752943303
12840.0 0.4425612660615051
12850.0 0.44278231459357714
12860.0 0.44295915341923475
12870.0 0.44306967768527084
12880.0 0.44315809709809967
12890.0 0.4432907262173429
12900.0 0.4434675650430006
12910.0 0.443622299015451
12920.0 0.44375492813469425
12930.0 0.4438433475475231
12940.0 0.44395387181355916
12950.0 0.4441307106392168
12960.0 0.44426333975846
12970.0 0.44435175917128894
12980.0 0.4444401785841178
12990.0 0.4446170174097754
13000.0 0.44483806594184744
13010.0 0.4449485902078835
13020.0 0.44499279991429797
13030.0 0.4450591144739195
13040.0 0.4451696387399556
13050.0 0.44532437271240605
13060.0 0.4455012115380637
13070.0 0.44570015521692863
13080.0 0.445854889189379
13090.0 0.44596541345541507
13100.0 0.44614225228107274
13110.0 0.44645172022597357
13120.0 0.4467169784644601
13130.0 0.4467390833176673
13140.0 0.4467169784644601
13150.0 0.44680539787728896
13160.0 0.4469822367029466
13170.0 0.44715907552860423
13180.0 0.44731380950105476
13190.0 0.4473801240606763
13200.0 0.44746854347350523
13210.0 0.44760117259274845
13220.0 0.44775590656519887
13230.0 0.44791064053764934
13240.0 0.4480211648036854
13250.0 0.4481316890697214
13260.0 0.4482643181889646
13270.0 0.44839694730820795
13280.0 0.4484853667210368
13290.0 0.4485516812806583
13300.0 0.44859589098707275
13310.0 0.44877272981273036
13320.0 0.44894956863838814
13330.0 0.4491043026108385
13340.0 0.4492148268768746
13350.0 0.44923693173008183
13360.0 0.4493032462897034
13370.0 0.4494579802621539
13380.0 0.4495906093813971
13390.0 0.4495463996749827
13400.0 0.449480085115361
13410.0 0.44952429482177547
13420.0 0.4496127142346043
13430.0 0.44974534335384764
13440.0 0.4498558676198836
13450.0 0.44992218217950525
13460.0 0.44998849673912683
13470.0 0.45007691615195566
13480.0 0.4501432307115773
13490.0 0.45016533556478455
13500.0 0.45016533556478455
13510.0 0.45016533556478455
13520.0 0.4501432307115773
13530.0 0.45007691615195566
13540.000000000002 0.45005481129874847
13550.0 0.45007691615195566
13560.000000000002 0.45007691615195566
13570.0 0.44996639188591964
13580.000000000002 0.44987797247309086
13590.0 0.44992218217950525
13600.000000000002 0.44996639188591964
13610.0 0.44987797247309086
13620.000000000002 0.44972323850064033
13630.0 0.4495906093813971
13640.000000000002 0.449480085115361
13650.0 0.44939166570253225
13660.000000000002 0.4493474559961178
13670.0 0.4493474559961178
13680.000000000002 0.44936956084932506
13690.0 0.4493032462897034
13700.000000000002 0.44919272202366733
13710.0 0.4490600929044241
13720.000000000002 0.4489274637851809
13730.0 0.4488169395191449
13740.000000000002 0.448728520106316
13750.0 0.4486622055466944
13759.999999999998 0.44859589098707275
13770.0 0.4485074715742439
13779.999999999998 0.4483748424550007
13790.0 0.4481758987761358
13799.999999999998 0.4479990599504782
13810.0 0.44784432597802765
13819.999999999998 0.4477116968587844
13830.0 0.4475348580331268
13839.999999999998 0.44731380950105476
13850.0 0.447026446409361
13859.999999999998 0.4467832930240817
13870.0 0.4466506639048385
13879.999999999998 0.4465401396388024
13890.0 0.4463411959599376
13899.999999999998 0.4462085668406944
13910.0 0.4462085668406944
13919.999999999998 0.4462085668406944
13930.0 0.4459875183086222
13939.999999999998 0.4456780503637214
13950.0 0.4454348969784421
13959.999999999998 0.4453022678591988
13970.0 0.44521384844637
13980.0 0.44508121932712674
13990.0 0.44479385623543305
14000.0 0.4444401785841178
14010.0 0.4441749203456312
14020.0 0.44395387181355916
14030.0 0.44382124269431594
14040.0 0.4436444038686583
14050.0 0.443401250483379
14060.0 0.4430917825384781
14070.0 0.44278231459357714
14080.0 0.442450741795469
14090.0 0.44216337870377537
14100.0 0.44180970105246
14110.0 0.4413676039883158
14120.0 0.4409697166305861
14130.0 0.44072656324530685
14140.0 0.44052761956644193
14150.0 0.44019604676833385
14160.0 0.4398202642638113
14170.0 0.439466586612496
14180.0 0.4391792235208023
14190.0 0.43898027984193744
14200.0 0.43880344101627977
14210.0 0.43856028763100047
14220.0 0.43840555365855005
14230.0 0.43842765851175725
14240.0 0.4384939730713789
14250.0 0.4384939730713789
14260.0 0.4383613439521356
14270.0 0.4381181905668563
14280.0 0.4378529323283698
14290.0 0.43765398864950494
14300.0 0.4374992546770545
14310.0 0.4373003109981896
14320.0 0.43707926246611756
14330.0 0.43683610908083825
14340.0 0.43663716540197345
14350.0 0.43643822172310853
14360.0 0.4362392780442437
14370.0 0.43601822951217156
14380.0 0.4357529712736851
14390.0 0.4354656081819914
14400.0 0.4351782450902977
14410.0 0.43500140626464007
14420.0 0.4348687771453968
14430.0 0.4346477286133247
14440.0 0.43438247037483824
14450.0 0.4340730024299373
14460.0 0.4337635344850364
14470.0 0.43349827624654996
14480.0 0.43327722771447785
14490.0 0.433078284035613
14500.0 0.43290144520995527
14510.0 0.43272460638429766
14520.0 0.43250355785222555
14530.0 0.43219408990732466
14540.0 0.4318846219624238
14550.0 0.4316635734303517
14560.0 0.4314646297514868
14570.0 0.43119937151300036
14580.0 0.43095621812772106
14590.0 0.4307793793020634
14600.0 0.4305804356231985
14610.0 0.43031517738471203
14620.0 0.43002781429301834
14630.0 0.42980676576094623
14640.0 0.429563612375667
14650.0 0.42927624928397323
14660.0 0.4289888861922796
14670.0 0.4287678376602075
14680.0 0.4285909988345498
14690.0 0.42839205515568496
14700.0 0.42812679691719846
14710.0 0.4278173289722976
14720.0 0.42750786102739663
14730.0 0.42730891734853177
14740.0 0.4271320785228741
14750.0 0.42691102999080205
14760.0 0.4266457717523155
14770.0 0.42638051351382905
14780.0 0.42615946498175694
14790.000000000002 0.4259163115964777
14800.0 0.4256952630644056
14810.000000000002 0.42547421453233353
14820.0 0.4252531660002614
14830.000000000002 0.424987907761775
14840.0 0.4247005446700813
14850.000000000002 0.424457391284802
14860.0 0.4242363427527299
14870.000000000002 0.42397108451424337
14880.0 0.42368372142254973
14890.000000000002 0.423396358330856
14900.0 0.4231311000923695
14910.000000000002 0.42288794670709023
14920.0 0.4226668981750181
14930.000000000002 0.4223795350833245
14940.0 0.42209217199163074
14950.000000000002 0.4218932283127659
14960.0 0.421694284633901
14970.000000000002 0.4214290263954145
14980.0 0.42111955845051363
14990.000000000002 0.4207879856524055
15000.0 0.42047851770750455
15009.999999999998 0.4202353643222253
15020.0 0.4200143157901532
15029.999999999998 0.41979326725808114
15040.0 0.41955011387280183
15049.999999999998 0.4192848556343154
15060.0 0.4190417022490361
15069.999999999998 0.41877644401054964
15080.0 0.4184890809188559
15089.999999999998 0.41813540326754056
15100.0 0.4178038304694324
15109.999999999998 0.4175606770841532
15120.0 0.41736173340528826
15129.999999999998 0.41714068487321626
15140.0 0.4168754266347297
15149.999999999998 0.4165438538366216
15160.0 0.4161901761853063
15169.999999999998 0.41583649853399096
15180.0 0.4155049257358828
15189.999999999998 0.415195457790982
15200.0 0.41488598984608105
15209.999999999998 0.41459862675438736
15220.0 0.41431126366269366
15230.0 0.4140017957177927
15240.0 0.413714432626099
15250.0 0.41342706953440533
15260.0 0.41316181129591883
15270.0 0.41287444820422514
15280.0 0.41256498025932425
15290.0 0.4122113026080089
15300.0 0.411901834663108
15310.0 0.41163657642462154
15320.0 0.41139342303934223
15330.0 0.4110176405348197
