mejiro/data/filter_response/RomanSCA18-Prism.ecsv
# %ECSV 1.0
# ---
# datatype:
# - {name: wavelength, unit: Angstrom, datatype: float64}
# - {name: response, datatype: float64}
# meta:
#   __serialized_columns__:
#     wavelength:
#       __class__: astropy.units.quantity.Quantity
#       unit: !astropy.units.Unit {unit: Angstrom}
#       value: !astropy.table.SerializedColumn {name: wavelength}
#   band_name: Prism
#   group_name: RomanSCA18
# schema: astropy-2.0
wavelength response
[from data line 573]
13210.0 0.5831039227529315
13220.0 0.5831702373125531
13230.0 0.5832365518721748
13240.0 0.5832586567253819
13250.0 0.5832807615785892
13260.0 0.5833028664317964
13270.0 0.5833470761382108
13280.0 0.583369180991418
13290.0 0.5833249712850036
13300.0 0.5833028664317964
13310.0 0.5833912858446253
13320.0 0.5835460198170757
13330.0 0.5836344392299045
13340.0 0.5836565440831117
13350.0 0.5836123343766974
13360.0 0.5836123343766974
13370.0 0.5837228586427333
13380.0 0.5838112780555621
13390.0 0.5837007537895261
13400.0 0.5835239149638685
13410.0 0.5835018101106613
13420.0 0.583568124670283
13430.0 0.5836565440831117
13440.0 0.5837449634959405
13450.0 0.583789173202355
13460.0 0.5838333829087694
13470.0 0.5838775926151838
13480.0 0.5839218023215982
13490.0 0.5839218023215982
13500.0 0.5838996974683911
13510.0 0.5838554877619766
13520.0 0.583789173202355
13530.0 0.5837007537895261
13540.000000000002 0.5836565440831117
13550.0 0.5836786489363189
13560.000000000002 0.5836786489363189
13570.0 0.5835239149638685
13580.000000000002 0.5834133906978325
13590.0 0.5834576004042469
13600.000000000002 0.5835239149638685
13610.0 0.5834354955510397
13620.000000000002 0.5832586567253819
13630.0 0.5831039227529315
13640.000000000002 0.5829933984868955
13650.0 0.5829049790740667
13660.000000000002 0.5828607693676523
13670.0 0.5829049790740667
13680.000000000002 0.5829712936336884
13690.0 0.5829270839272739
13700.000000000002 0.5828165596612378
13710.0 0.5826839305419946
13720.000000000002 0.5825734062759585
13730.0 0.5824849868631298
13740.000000000002 0.5824407771567153
13750.0 0.5824186723035081
13759.999999999998 0.5823965674503009
13770.0 0.5823523577438865
13779.999999999998 0.5822418334778504
13790.0 0.5820870995054
13799.999999999998 0.5819102606797423
13810.0 0.5817997364137063
13819.999999999998 0.5817113170008775
13830.0 0.5815786878816341
13839.999999999998 0.5813797442027694
13850.0 0.5810923811110756
13859.999999999998 0.5808713325790036
13870.0 0.5808050180193819
13879.999999999998 0.5807387034597603
13890.0 0.580606074340517
13899.999999999998 0.5805176549276883
13910.0 0.5806502840469314
13919.999999999998 0.5807387034597603
13930.0 0.5805839694873098
13939.999999999998 0.5803187112488234
13950.0 0.5801197675699585
13959.999999999998 0.5800534530103368
13970.0 0.5800755578635441
13980.0 0.5800313481571296
13990.0 0.5797660899186431
14000.0 0.5794566219737423
14010.0 0.5792355734416702
14020.0 0.5791029443224269
14030.0 0.5790366297628053
14040.0 0.5789703152031838
14050.0 0.578793476377526
14060.0 0.5785503229922468
14070.0 0.5782629599005531
14080.0 0.5779977016620665
14090.0 0.5777766531299945
14100.0 0.5774671851850935
14110.0 0.5770471929741566
14120.0 0.5766935153228414
14130.0 0.5765387813503908
14140.0 0.576450361937562
14150.0 0.5761851036990755
14160.0 0.5758535309009675
14170.0 0.5755661678092737
14180.0 0.575389328983616
14190.0 0.5753009095707872
14200.0 0.5752345950111656
14210.0 0.5751019658919224
14220.0 0.5750798610387151
14230.0 0.5753009095707872
14240.0 0.5755882726624809
14250.0 0.5757872163413458
14260.0 0.5758093211945531
14270.0 0.5756766920753097
14280.0 0.5755440629560665
14290.0 0.575499853249652
14300.0 0.575499853249652
14310.0 0.5754556435432376
14320.0 0.5753672241304089
14330.0 0.5753009095707872
14340.0 0.5752345950111656
14350.0 0.5752124901579584
14360.0 0.575168280451544
14370.0 0.5751240707451295
14380.0 0.5750135464790935
14390.0 0.5748588125066431
14400.0 0.574748288240607
14410.0 0.574748288240607
14420.0 0.5747924979470214
14430.0 0.5747703930938143
14440.0 0.5746598688277782
14450.0 0.5745272397085349
14460.0 0.5743725057360844
14470.0 0.5743061911764629
14480.0 0.5742840863232557
14490.0 0.5742840863232557
14500.0 0.5743282960296701
14510.0 0.5743725057360844
14520.0 0.5743504008828773
14530.0 0.5742398766168413
14540.0 0.5741293523508052
14550.0 0.574107247497598
14560.0 0.5741293523508052
14570.0 0.574107247497598
14580.0 0.5740851426443908
14590.0 0.5741293523508052
14600.0 0.5741956669104268
14610.0 0.5741514572040124
14620.0 0.574107247497598
14630.0 0.574107247497598
14640.0 0.574107247497598
14650.0 0.5740409329379764
14660.0 0.5739967232315619
14670.0 0.5740409329379764
14680.0 0.5741514572040124
14690.0 0.5742177717636341
14700.0 0.5742177717636341
14710.0 0.5741293523508052
14720.0 0.5740851426443908
14730.0 0.5741735620572197
14740.0 0.5743061911764629
14750.0 0.5743282960296701
14760.0 0.5743504008828773
14770.0 0.5743725057360844
14780.0 0.5744388202957061
14790.000000000002 0.5744830300021205
14800.0 0.5745493445617422
14810.000000000002 0.5746598688277782
14820.0 0.574748288240607
14830.000000000002 0.574748288240607
14840.0 0.5747703930938143
14850.000000000002 0.5748146028002287
14860.0 0.5749030222130574
14870.000000000002 0.574947231919472
14880.0 0.5749693367726791
14890.000000000002 0.5749693367726791
14900.0 0.5749914416258863
14910.000000000002 0.5751019658919224
14920.0 0.5751903853047512
14930.000000000002 0.5752124901579584
14940.0 0.5752566998643728
14950.000000000002 0.575389328983616
14960.0 0.5755440629560665
14970.000000000002 0.5756103775156881
14980.0 0.5756103775156881
14990.000000000002 0.5755882726624809
15000.0 0.5756103775156881
15009.999999999998 0.575698796928517
15020.0 0.5758314260477602
15029.999999999998 0.5759640551670034
15040.0 0.5760745794330395
15049.999999999998 0.5761629988458683
15060.0 0.5762735231119044
15069.999999999998 0.5763619425247333
15080.0 0.5764061522311477
15089.999999999998 0.5763840473779404
15100.0 0.5763840473779404
15109.999999999998 0.5764945716439764
15120.0 0.5766935153228414
15129.999999999998 0.5768482492952918
15140.0 0.5769366687081205
15149.999999999998 0.5769587735613279
15160.0 0.5769366687081205
15169.999999999998 0.5769366687081205
15180.0 0.5769587735613279
15189.999999999998 0.5770029832677422
15200.0 0.5770471929741566
15209.999999999998 0.5771356123869854
15220.0 0.5772019269466071
15230.0 0.5772682415062287
15240.0 0.5773345560658504
15250.0 0.5774229754786792
15260.0 0.5775334997447151
15270.0 0.5776440240107512
15280.0 0.5777103385703729
15290.0 0.5777103385703729
15300.0 0.5777545482767873
15310.0 0.5779092822492377
15320.0 0.5780198065152737
15330.0 0.5780198065152737
15340.0 0.5779755968088593
15350.0 0.5779755968088593
15360.0 0.5779977016620665
15370.0 0.5780198065152737
15380.0 0.5780861210748954
15390.0 0.5782187501941387
15400.0 0.5783292744601747
15410.0 0.5783292744601747
15420.0 0.5782408550473458
15430.0 0.5781745404877242
15440.0 0.5781745404877242
15450.0 0.5783292744601747
15460.0 0.5784840084326252
15470.0 0.5785282181390395
15480.0 0.5785503229922468
15490.0 0.5785945326986612
15500.0 0.5786387424050756
15510.0 0.5785724278454539
15520.0 0.5785061132858323
15530.0 0.5785282181390395
15540.0 0.5785945326986612
15550.0 0.5785945326986612
15560.0 0.5785503229922468
15570.0 0.5784397987262108
15580.0 0.5783955890197963
15590.0 0.5784840084326252
15600.0 0.5785503229922468
15610.0 0.5784619035794178
15620.0 0.5783955890197963
15630.0 0.5785282181390395
15640.0 0.5786608472582828
15650.0 0.5786608472582828
15660.0 0.5785503229922468
15670.0 0.5785061132858323
15680.0 0.5785503229922468
15690.0 0.57868295211149
15700.0 0.5787271618179044
15710.0 0.5785945326986612
15720.0 0.5784619035794178
15730.0 0.5785282181390395
15740.0 0.5787050569646972
15750.0 0.5787492666711116
15760.0 0.5787050569646972
15770.0 0.5786166375518683
15780.0 0.5785282181390395
15790.0 0.5785282181390395
15800.0 0.5785282181390395
15810.0 0.5785061132858323
15820.0 0.5785282181390395
15830.0 0.5785945326986612
15840.0 0.5786608472582828
15850.0 0.5786166375518683
15860.0 0.5785724278454539
15870.0 0.57868295211149
15880.0 0.5788376860839404
15890.0 0.5789040006435621
15900.0 0.5789040006435621
15910.0 0.5788818957903549
15920.0 0.5789261054967694
15930.0 0.5790808394692197
15940.0 0.5792134685884629
15950.0 0.5792355734416702
15960.0 0.5792134685884629
15970.0 0.5792134685884629
15980.0 0.5793018880012918
15990.0 0.5795008316801566
16000.0 0.5796776705058143
16010.0 0.5797660899186431
16020.0 0.5797881947718504
16030.0 0.5798545093314721
16040.000000000002 0.5799650335975081
16050.0 0.5800976627167512
16060.000000000002 0.580274501542409
16070.0 0.5804513403680667
16080.000000000002 0.580606074340517
16090.0 0.5806944937533458
16100.000000000002 0.5808271228725892
16110.0 0.581026066551454
16120.000000000002 0.5812250102303189
16130.0 0.5813134296431477
16140.000000000002 0.5813797442027694
16150.0 0.5815786878816341
16160.000000000002 0.5818439461201207
16170.0 0.5820870995054
16180.000000000002 0.5823081480374721
16190.0 0.5824849868631298
16200.000000000002 0.5826176159823729
16210.0 0.5827502451016162
16220.000000000002 0.5829270839272739
16230.0 0.5831260276061387
16240.000000000002 0.5833028664317964
16250.0 0.5834133906978325
16259.999999999998 0.583568124670283
16270.0 0.5838112780555621
16279.999999999998 0.5840544314408415
16290.0 0.5841649557068775
16299.999999999998 0.5842312702664991
16310.0 0.584430213945364
16319.999999999998 0.5846954721838504
16330.0 0.584960730422337
16339.999999999998 0.585159674101202
16350.0 0.5853365129268595
16359.999999999998 0.5855133517525172
16370.0 0.585712295431382
16379.999999999998 0.5859333439634541
16390.0 0.5861322876423191
16400.0 0.5862870216147694
16410.0 0.5863754410275982
16420.0 0.5865080701468416
16430.0 0.586773328385328
16440.0 0.5870164817706074
16450.0 0.5871049011834362
16460.0 0.5871491108898506
16470.0 0.5872596351558865
16480.0 0.5873701594219226
16490.0 0.5874585788347514
16500.0 0.587613312807202
16510.0 0.5879006758988956
16520.0 0.5880996195777605
16530.0 0.5880333050181389
16540.0 0.5879448856053101
16550.0 0.5881438292841749
16560.0 0.5884311923758686
16570.0 0.5885859263483191
16580.0 0.5886522409079407
16590.0 0.5887185554675622
16600.0 0.5888732894400128
16610.0 0.5891385476784993
16620.0 0.5892711767977424
16630.0 0.5891606525317064
16640.0 0.5890501282656704
16650.0 0.5892048622381209
16660.0 0.5894701204766074
16670.0 0.5896248544490579
16680.0 0.589646959302265
16690.0 0.5895585398894362
16700.0 0.5894922253298145
16710.0 0.5896027495958506
16720.0 0.5897132738618867
16730.0 0.5896911690086795
16740.0 0.5896911690086795
16750.0 0.5898237981279226
16760.0 0.5900006369535803
16770.0 0.590066951513202
16780.0 0.5901111612196164
16790.0 0.5902658951920668
16800.0 0.5904206291645172
16810.0 0.5905311534305533
16820.0 0.590597467990175
16830.0 0.5906858874030038
16840.0 0.5907522019626253
16850.0 0.5907964116690397
16860.0 0.590818516522247
16870.0 0.5908848310818686
16880.0 0.5909953553479047
16890.0 0.5910837747607335
16900.0 0.5911721941735624
16910.0 0.5912164038799768
16920.0 0.5913269281460128
16930.0 0.5915700815312921
16940.0 0.5917248155037425
16950.0 0.5917469203569498
16960.0 0.5917911300633641
16970.0 0.5920563883018506
16980.0 0.59229954168713
16990.0 0.5922553319807156
17000.0 0.5922111222743011
17010.0 0.5924542756595804
17020.0 0.592830058164103
17030.0 0.5930953164025894
17040.0 0.5931837358154183
17050.0 0.5932058406686255
17060.0 0.5932500503750399
17070.0 0.5934489940539047
17080.0 0.593692147439184
17090.0 0.5938468814116344
17100.0 0.5939574056776705
17110.0 0.5940679299437065
17120.0 0.5942447687693642
17130.0 0.5944437124482291
17140.0 0.5945763415674723
17150.0 0.594642656127094
17160.0 0.5947973900995444
17170.0 0.5951952774572742
17180.0 0.5955710599617967
17190.0 0.5957036890810399
17200.0 0.5957478987874544
17210.0 0.5959247376131119
17220.0 0.5961236812919769
17230.0 0.5963005201176346
17240.0 0.596455254090085
17250.0 0.5966984074753642
17260.0 0.5969415608606435
17270.0 0.5970520851266796
17280.0 0.5971405045395084
17290.0 0.5972731336587517
17300.0 0.5974720773376165
17310.0 0.5977152307228959
17320.0 0.597936279254968
17330.0 0.5981352229338328
17340.0 0.5983341666126976
17350.0 0.5985552151447697
17360.0 0.5987541588236346
17370.0 0.5988646830896707
17380.0 0.5989088927960851
17390.0 0.5988867879428778
17400.0 0.5989752073557068
17410.0 0.5992625704474003
17420.0 0.5995941432455084
17430.0 0.5997709820711661
17440.0 0.5998815063372022
17450.0 0.6000583451628598
17460.0 0.6002130791353103
17470.0 0.6002572888417247
17480.0 0.6002793936949319
17490.0 0.6003457082545536
17500.0 0.6004120228141752
17510.0 0.6004783373737967
17520.0 0.60061096649304
17530.0 0.6008762247315266
17540.0 0.601141482970013
17550.0 0.6012299023828418
17560.0 0.6012299023828418
17570.0 0.6012299023828418
17580.0 0.6012962169424635
17590.0 0.6013625315020851
17600.0 0.6014951606213284
17610.0 0.6016498945937788
17620.0 0.6017383140066076
17630.0 0.6017162091534004
17640.0 0.6017162091534004
17650.0 0.6018267334194364
17660.0 0.6019593625386797
17670.0 0.6020477819515084
17680.0 0.6020477819515084
17690.0 0.602003572245094
17700.0 0.601981467391887
17710.0 0.601981467391887
17720.0 0.602003572245094
17730.0 0.6020256770983013
17740.0 0.6021140965111301
17750.0 0.6022467256303734
17760.0 0.6023793547496166
17770.0 0.6024235644560311
17780.0 0.6024677741624455
17790.0 0.6026004032816887
17800.0 0.6027109275477247
17810.0 0.6027551372541391
17820.0 0.6027109275477247
17830.0 0.6025782984284815
17840.0 0.6025119838688598
17850.0 0.602534088722067
17860.0 0.6026446129881031
17870.0 0.6027993469605536
17880.0 0.6029761857862111
17890.0 0.6030867100522472
17900.0 0.6031088149054545
17910.0 0.6029761857862111
17920.0 0.6026888226945176
17930.0 0.602202515923959
17940.0 0.6015393703277427
17950.0 0.6006330713462472
17960.0 0.5991520461813643
17970.0 0.5966984074753642
17980.0 0.593161630962211
17990.0 0.5883869826694541
18000.0 0.581998680092571
18010.0 0.5735325213142105
18020.0 0.5624358850041924
18030.0 0.5482224643919579
18040.0 0.5306933157986421
18050.0 0.5096937052517948
18060.0 0.48515731819179425
18070.0 0.45712836432505494
18080.0 0.4258721018900633
18090.0 0.39185273280417066
18100.0 0.35566708810397163
18110.0 0.318133047358133
18120.0 0.28024532896097903
18130.0 0.24295444160041965
18140.0 0.2070782648451216
18150.0 0.17339046855733709
18160.0 0.14255419833328237
18170.0 0.11498944638389438
18180.0 0.09093936609445241
18190.0 0.07049237687778531
18200.0 0.05356005932106422
18210.0 0.039855050332595454
18220.0 0.02906788196747811
18230.0 0.020756457161568015
18240.0 0.014500783703928244
18250.0 0.009902974236829043
18260.0 0.006631455962162305
18270.0 0.0043325512286127065
18280.0 0.0027631066509009607
18290.0 0.0017241785501621995
18300.0 0.0010610329539459688
18310.0 0.0006189358898018152
18320.0 0.00037578250452253065
18330.0 0.00019894367886486917
18340.0 0.00011052426603603843
18350.0 6.631455962162305e-05
18360.0 4.420970641441537e-05
18370.0 2.2104853207207685e-05
18380.0 0.0
