mejiro/data/filter_response/RomanSCA01-F146.ecsv
# %ECSV 1.0
# ---
# datatype:
# - {name: wavelength, unit: Angstrom, datatype: float64}
# - {name: response, datatype: float64}
# meta:
#   __serialized_columns__:
#     wavelength:
#       __class__: astropy.units.quantity.Quantity
#       unit: !astropy.units.Unit {unit: Angstrom}
#       value: !astropy.table.SerializedColumn {name: wavelength}
#   band_name: F146
#   group_name: RomanSCA01
# schema: astropy-2.0
wavelength response
[from data line 567]
14840.0 0.531002783743543
14850.000000000002 0.5310912031563718
14860.0 0.5311796225692007
14870.000000000002 0.5312459371288224
14880.0 0.5312680419820295
14890.000000000002 0.5313122516884439
14900.0 0.5313564613948584
14910.000000000002 0.5314669856608945
14920.0 0.5315554050737232
14930.000000000002 0.5315996147801376
14940.0 0.5316659293397592
14950.000000000002 0.5318206633122097
14960.0 0.5319753972846601
14970.000000000002 0.5320417118442817
14980.0 0.532063816697489
14990.000000000002 0.532063816697489
15000.0 0.5320859215506961
15009.999999999998 0.5321964458167322
15020.0 0.5323290749359755
15029.999999999998 0.5324617040552186
15040.0 0.5325722283212547
15049.999999999998 0.5326827525872908
15060.0 0.5327932768533268
15069.999999999998 0.5329038011193629
15080.0 0.5329480108257773
15089.999999999998 0.5329259059725701
15100.0 0.5329480108257773
15109.999999999998 0.5330806399450205
15120.0 0.5332574787706782
15129.999999999998 0.5334343175963359
15140.0 0.5335227370091647
15149.999999999998 0.5335448418623719
15160.0 0.5335448418623719
15169.999999999998 0.5335669467155791
15180.0 0.5335890515687863
15189.999999999998 0.5336332612752007
15200.0 0.5337216806880295
15209.999999999998 0.5337879952476512
15220.0 0.53387641466048
15230.0 0.5339427292201017
15240.0 0.5340311486329306
15250.0 0.5341195680457593
15260.0 0.5342521971650026
15270.0 0.5343627214310387
15280.0 0.5344290359906602
15290.0 0.5344732456970747
15300.0 0.534517455403489
15310.0 0.5346721893759395
15320.0 0.5348048184951827
15330.0 0.53482692334839
15340.0 0.5348048184951827
15350.0 0.53482692334839
15360.0 0.5348711330548044
15370.0 0.5349153427612188
15380.0 0.5349816573208404
15390.0 0.5351363912932908
15400.0 0.5352469155593269
15410.0 0.5352690204125341
15420.0 0.5352248107061197
15430.0 0.5351806009997053
15440.0 0.5352248107061197
15450.0 0.5353795446785702
15460.0 0.5355563835042279
15470.0 0.5356448029170566
15480.0 0.535689012623471
15490.0 0.5357553271830927
15500.0 0.5358216417427143
15510.0 0.5357774320362999
15520.0 0.5357553271830927
15530.0 0.5358216417427143
15540.0 0.5359100611555431
15550.0 0.5359542708619575
15560.0 0.5359542708619575
15570.0 0.535887956302336
15580.0 0.535887956302336
15590.0 0.535998480568372
15600.0 0.536109004834408
15610.0 0.5360647951279935
15620.0 0.5360647951279935
15630.0 0.5362195291004441
15640.0 0.5363742630728945
15650.0 0.5363963679261017
15660.0 0.5363521582196873
15670.0 0.5363521582196873
15680.0 0.5364405776325162
15690.0 0.5365953116049667
15700.0 0.5366837310177954
15710.0 0.5365953116049667
15720.0 0.5365068921921377
15730.0 0.5366174164581737
15740.0 0.5368163601370387
15750.0 0.5369047795498675
15760.0 0.5369047795498675
15770.0 0.5368384649902458
15780.0 0.5367942552838314
15790.0 0.5368384649902458
15800.0 0.5368826746966602
15810.0 0.5368826746966602
15820.0 0.5369268844030747
15830.0 0.5370374086691108
15840.0 0.5371258280819395
15850.0 0.5371037232287323
15860.0 0.5371037232287323
15870.0 0.5372363523479756
15880.0 0.537391086320426
15890.0 0.5374795057332549
15900.0 0.5375016105864621
15910.0 0.5375016105864621
15920.0 0.5375679251460838
15930.0 0.5377226591185341
15940.0 0.5378552882377774
15950.0 0.5378994979441918
15960.0 0.5378773930909846
15970.0 0.5378994979441918
15980.0 0.5379879173570207
15990.0 0.5381647561826783
16000.0 0.538341595008336
16010.0 0.5384079095679576
16020.0 0.5384300144211648
16030.0 0.5384963289807865
16040.000000000002 0.5385847483936153
16050.0 0.5387173775128585
16060.000000000002 0.5388500066321017
16070.0 0.5390047406045523
16080.000000000002 0.5391373697237954
16090.0 0.5392257891366243
16100.000000000002 0.5393142085494531
16110.0 0.5394910473751108
16120.000000000002 0.5396457813475612
16130.0 0.5397120959071829
16140.000000000002 0.5397563056135973
16150.0 0.5399110395860477
16160.000000000002 0.5401320881181197
16170.0 0.5403531366501919
16180.000000000002 0.5405078706226423
16190.0 0.5406404997418857
16200.000000000002 0.5407510240079216
16210.0 0.5408394434207504
16220.000000000002 0.5409720725399937
16230.0 0.5411268065124442
16240.000000000002 0.5412594356316873
16250.0 0.5413478550445162
16259.999999999998 0.541436274457345
16270.0 0.5416573229894172
16279.999999999998 0.5418562666682819
16290.0 0.5419004763746964
16299.999999999998 0.5419446860811109
16310.0 0.5420994200535613
16319.999999999998 0.5423204685856333
16330.0 0.5425194122644982
16339.999999999998 0.5426962510901558
16350.0 0.5428288802093992
16359.999999999998 0.5429615093286424
16370.0 0.5431162433010928
16379.999999999998 0.5432930821267505
16390.0 0.5434478160992009
16400.0 0.5435804452184442
16410.0 0.5436246549248586
16420.0 0.5437351791908946
16430.0 0.5439562277229667
16440.0 0.5441551714018316
16450.0 0.5442435908146604
16460.0 0.5442656956678676
16470.0 0.5443320102274892
16480.0 0.544420429640318
16490.0 0.5445088490531469
16500.0 0.5446414781723902
16510.0 0.5448846315576694
16520.0 0.5450614703833272
16530.0 0.5449951558237055
16540.0 0.5449288412640838
16550.0 0.5451056800897416
16560.0 0.5453488334750207
16570.0 0.5455035674474713
16580.0 0.5455698820070929
16590.0 0.5456361965667145
16600.0 0.5457909305391649
16610.0 0.5460340839244443
16620.0 0.5461667130436875
16630.0 0.5460782936308587
16640.0 0.5459677693648226
16650.0 0.5461225033372731
16660.0 0.5463877615757595
16670.0 0.5465646004014172
16680.0 0.5465867052546245
16690.0 0.5465203906950028
16700.0 0.5464761809885884
16710.0 0.5465867052546245
16720.0 0.5467193343738677
16730.0 0.5467193343738677
16740.0 0.5467193343738677
16750.0 0.5468740683463181
16760.0 0.5470509071719758
16770.0 0.5471393265848047
16780.0 0.5472056411444262
16790.0 0.5473824799700839
16800.0 0.5475372139425343
16810.0 0.5476477382085704
16820.0 0.5477361576213993
16830.0 0.5478466818874353
16840.0 0.5479351013002641
16850.0 0.5480014158598857
16860.0 0.5480456255663001
16870.0 0.548134044979129
16880.0 0.5482666740983723
16890.0 0.5483771983644082
16900.0 0.548465617777237
16910.0 0.5485319323368587
16920.0 0.548664561456102
16930.0 0.5489077148413812
16940.0 0.5490845536670389
16950.0 0.5491287633734533
16960.0 0.549195077933075
16970.0 0.5494603361715614
16980.0 0.5497034895568408
16990.0 0.5496813847036335
17000.0 0.5496592798504263
17010.0 0.5499245380889128
17020.0 0.5502782157402281
17030.0 0.5505434739787146
17040.0 0.5506539982447506
17050.0 0.5506761030979579
17060.0 0.5507203128043723
17070.0 0.5509413613364443
17080.0 0.5511845147217237
17090.0 0.5513392486941742
17100.0 0.5514497729602101
17110.0 0.5515824020794533
17120.0 0.5517592409051111
17130.0 0.5519360797307687
17140.0 0.5520908137032191
17150.0 0.5521571282628408
17160.0 0.5523118622352913
17170.0 0.5526876447398138
17180.0 0.5530634272443362
17190.0 0.5531960563635796
17200.0 0.553240266069994
17210.0 0.5534171048956517
17220.0 0.5536160485745165
17230.0 0.5537707825469669
17240.0 0.5539255165194173
17250.0 0.5541686699046967
17260.0 0.5543897184367688
17270.0 0.5545002427028048
17280.0 0.5545886621156336
17290.0 0.554743396088084
17300.0 0.5549202349137418
17310.0 0.5551412834458138
17320.0 0.5553623319778859
17330.0 0.5555612756567507
17340.0 0.5557381144824084
17350.0 0.5559591630144805
17360.0 0.5561360018401381
17370.0 0.5562465261061742
17380.0 0.5562907358125886
17390.0 0.5562686309593814
17400.0 0.5563570503722103
17410.0 0.5566223086106967
17420.0 0.5569317765555976
17430.0 0.5571086153812553
17440.0 0.5572191396472913
17450.0 0.557395978472949
17460.0 0.5575286075921922
17470.0 0.5575728172986067
17480.0 0.5575949221518138
17490.0 0.5576391318582282
17500.0 0.5577275512710571
17510.0 0.5577717609774715
17520.0 0.5579043900967148
17530.0 0.558147543481994
17540.0 0.5583906968672734
17550.0 0.5584791162801022
17560.0 0.5584791162801022
17570.0 0.5585012211333095
17580.0 0.5585454308397239
17590.0 0.5586117453993454
17600.0 0.5587222696653815
17610.0 0.558877003637832
17620.0 0.5589654230506608
17630.0 0.5589433181974536
17640.0 0.5589212133442464
17650.0 0.5590317376102824
17660.0 0.5591643667295256
17670.0 0.5592306812891472
17680.0 0.5592306812891472
17690.0 0.5591864715827328
17700.0 0.5591643667295256
17710.0 0.5591643667295256
17720.0 0.5591864715827328
17730.0 0.5591864715827328
17740.0 0.5592527861423544
17750.0 0.5593854152615977
17760.0 0.5594959395276337
17770.0 0.559518044380841
17780.0 0.5595622540872554
17790.0 0.5596727783532913
17800.0 0.5597611977661203
17810.0 0.5597833026193274
17820.0 0.559739092912913
17830.0 0.5596064637936697
17840.0 0.559518044380841
17850.0 0.5595401492340482
17860.0 0.5596285686468769
17870.0 0.5597833026193274
17880.0 0.5599601414449851
17890.0 0.5600927705642283
17900.0 0.5601811899770571
17910.0 0.5602253996834716
17920.0 0.5601811899770571
17930.0 0.5601369802706427
17940.0 0.5601811899770571
17950.0 0.5603580288027149
17960.0 0.5605127627751653
17970.0 0.5604906579219581
17980.0 0.5604022385091293
17990.0 0.5604685530687509
18000.0 0.5606453918944085
18010.0 0.5608664404264806
18020.0 0.5610432792521383
18030.0 0.5610874889585526
18040.0 0.5610653841053455
18050.0 0.5610874889585526
18060.0 0.5611980132245887
18070.0 0.5613748520502464
18080.0 0.5615516908759041
18090.0 0.5617506345547689
18100.0 0.5618611588208049
18110.0 0.5619053685272193
18120.0 0.5619937879400483
18130.0 0.562192731618913
18140.0 0.5624358850041924
18150.0 0.56261272382985
18160.0 0.5627674578023005
18170.0 0.5628779820683365
18180.0 0.5628779820683365
18190.0 0.5627011432426788
18200.0 0.5625906189766429
18210.0 0.562723248095886
18220.0 0.5630106111875798
18230.0 0.5632979742792734
18240.0 0.5636295470773816
18250.0 0.5639832247286969
18260.0 0.5643369023800122
18270.0 0.5646021606184987
18280.0 0.5647347897377419
18290.0 0.5647347897377419
18300.0 0.5647347897377419
18310.0 0.5649116285633996
18320.0 0.5651105722422646
18330.0 0.5651326770954717
18340.0 0.565154781948679
18350.0 0.5653316207743366
18360.0 0.5655968790128231
18370.0 0.5659063469577239
18380.0 0.5661937100494177
18390.0 0.5664147585814897
18400.0 0.5665915974071474
18410.0 0.5666800168199763
18420.0 0.5667021216731835
18430.0 0.5666800168199763
18440.0 0.5666800168199763
18450.0 0.566768436232805
18460.0 0.5669010653520483
18470.0 0.5670557993244988
18480.0 0.5672326381501565
18490.0 0.5674757915354357
18500.0 0.5675863158014717
18510.0 0.5674757915354357
18520.0 0.5673873721226069
18530.0 0.5675421060950573
18540.0 0.5677410497739221
18550.0 0.5677631546271293
18560.0 0.5677410497739221
18570.0 0.567829469186751
18580.0 0.5680063080124087
18590.0 0.5681389371316519
18600.0 0.5682715662508953
18610.0 0.5684041953701384
18620.0 0.5685147196361744
18630.0 0.5685810341957961
18640.0 0.56847050992976
18650.0 0.5681610419848592
18660.0 0.5678957837463727
18670.0 0.5679178885995798
18680.0 0.5680505177188231
18690.0 0.5680947274252375
18700.0 0.5680063080124087
18710.0 0.5678957837463727
18720.0 0.5680063080124087
18730.0 0.5684263002233456
18740.0 0.5688020827278681
18750.0 0.5687578730214538
18760.0 0.5686252439022105
18770.0 0.5687357681682466
18780.0 0.5688683972874898
18790.0 0.5688020827278681
18800.0 0.5686915584618322
18810.0 0.5687578730214538
18820.0 0.5688683972874898
18830.0 0.5688241875810754
18840.0 0.5687578730214538
18850.0 0.5688020827278681
18860.0 0.5688683972874898
18870.0 0.5688683972874898
18880.0 0.5688241875810754
18890.0 0.5688020827278681
18900.0 0.5688905021406969
18910.0 0.5691115506727691
18920.0 0.5691557603791836
18930.0 0.5688020827278681
18940.0 0.5684041953701384
18950.0 0.568359985663724
18960.0 0.5683820905169312
18970.0 0.5682052516912736
18980.0 0.5681168322784448
18990.0 0.5683157759573096
19000.0 0.5685589293425889
19010.0 0.5686031390490033
19020.0 0.5685810341957961
19030.0 0.5686473487554177
19040.0 0.5688020827278681
19050.0 0.5688905021406969
19060.0 0.5688683972874898
19070.0 0.5686473487554177
19080.0 0.5683820905169312
19090.0 0.5682936711041023
19100.0 0.5683378808105168
19110.0 0.5685147196361744
19120.0 0.5686473487554177
19130.0 0.5686694536086249
19140.0 0.5686694536086249
19150.0 0.5686915584618322
19160.0 0.5686694536086249
19170.0 0.5684926147829673
19180.0 0.5682052516912736
19190.0 0.5678957837463727
19200.0 0.5678736788931654
19210.0 0.5683378808105168
19220.0 0.5688241875810754
19230.0 0.5688905021406969
19240.0 0.5687357681682466
19250.0 0.5686473487554177
19260.0 0.56847050992976
19270.0 0.5680947274252375
19280.0 0.5678736788931654
19290.0 0.5681389371316519
19300.0 0.5685589293425889
19310.0 0.5687357681682466
19320.0 0.5686473487554177
19330.0 0.568359985663724
19340.0 0.5681389371316519
19350.0 0.5681610419848592
19360.0 0.5682715662508953
19370.0 0.5682715662508953
19380.0 0.5682273565444809
19390.0 0.5682715662508953
19400.0 0.5684484050765528
19410.0 0.5686915584618322
19420.0 0.5688462924342825
19430.0 0.5687136633150394
19440.0 0.5684484050765528
19450.0 0.5682052516912736
19460.0 0.5681389371316519
19470.0 0.568249461397688
19480.0 0.5683378808105168
19490.0 0.568249461397688
19500.0 0.5682052516912736
19510.0 0.5684041953701384
19520.0 0.5686694536086249
19530.0 0.5687578730214538
19540.0 0.568779977874661
19550.0 0.5688462924342825
19560.0 0.5689789215535258
19570.0 0.5691336555259763
19580.0 0.5691557603791836
19590.0 0.5689789215535258
19600.0 0.5688905021406969
19610.0 0.569199970085598
19620.0 0.5694873331772916
19630.0 0.5693989137644627
19640.0 0.5692220749388051
19650.0 0.5692662846452196
19660.0 0.5694652283240844
19670.0 0.5696420671497421
19680.0 0.5697746962689852
19690.0 0.5698852205350213
19700.0 0.5699073253882285
19710.0 0.5697968011221926
19720.0 0.5697525914157782
19730.0 0.5699073253882285
19740.0 0.5699957448010573
19750.0 0.5698410108286069
19760.0 0.5696641720029493
19770.0 0.5697083817093637
19780.0 0.5698631156818141
19790.0 0.5699957448010573
19800.0 0.5701062690670934
19810.0 0.5701504787735078
19820.0 0.5701725836267151
19830.0 0.5702388981863367
19840.0 0.5702388981863367
19850.0 0.5701283739203007
19860.0 0.5700399545074718
19870.0 0.5700399545074718
19880.0 0.570062059360679
19890.0 0.5700178496542646
19900.0 0.5699294302414357
19910.0 0.5698852205350213
19920.0 0.5697525914157782
19930.0 0.5692662846452196
19940.0 0.5679399934527871
19950.0 0.564646370324913
19960.0 0.557506502738985
19970.0 0.5438014937505163
19980.0 0.5207240270021914
19990.0 0.48559941525593847
20000.0 0.436592955695559
20010.0 0.3746109473025487
20019.999999999996 0.3040964655715561
20030.0 0.23174728102436537
20040.0 0.16465905154049004
20050.0 0.10849061954097533
20059.999999999996 0.06596088197030774
20070.0 0.03684879029641521
20080.0 0.018877544638955364
20090.0 0.008841941282883074
20099.999999999996 0.003779929898432514
20110.0 0.001481025164882915
20120.0 0.0005305164769729844
20130.0 0.00017683882565766148
20139.999999999996 4.420970641441537e-05
20150.0 2.2104853207207685e-05
20160.0 0.0
