mejiro/data/filter_response/RomanSCA03-F087.ecsv
# %ECSV 1.0
# ---
# datatype:
# - {name: wavelength, unit: Angstrom, datatype: float64}
# - {name: response, datatype: float64}
# meta:
#   __serialized_columns__:
#     wavelength:
#       __class__: astropy.units.quantity.Quantity
#       unit: !astropy.units.Unit {unit: Angstrom}
#       value: !astropy.table.SerializedColumn {name: wavelength}
#   band_name: F087
#   group_name: RomanSCA03
# schema: astropy-2.0
wavelength response
7520.0 0.0
7530.0 6.631455962162305e-05
7540.0 0.00039788735772973834
7550.0 0.0017683882565766149
7560.0 0.006476721989711852
7570.0 0.01947437567554997
7580.0 0.048343313964163206
7590.0 0.09991393649657875
7600.0 0.1739651947407245
7610.0 0.25955518635903263
7620.0 0.33926528702422354
7630.0 0.3990368100965131
7640.0 0.43506772082426165
7650.0 0.4525747645643702
7660.0 0.4594935836182262
7670.0 0.46210195629667666
7680.0 0.46369350572759566
7690.0 0.4649534823604065
7700.0 0.4656829425162443
7710.0 0.4661471444335957
7720.0 0.4666776609105687
7730.0 0.46729659680037045
7740.0 0.46798184724979397
7750.0 0.46877762196525335
7760.0 0.46968392094674893
7770.0 0.470435485955794
7780.0 0.47094389757955973
7790.0 0.4714744140565327
7800.0 0.47231439847840656
7810.0 0.4731543829002805
7820.0 0.47366279452404625
7830.0 0.4739943673221544
7840.0 0.4743259401202625
7850.0 0.4746575129183706
7860.0 0.4749669808632715
7870.0 0.47536486822100127
7880.0 0.47591748955118146
7890.0 0.4766027400006049
7900.0 0.47737640986285723
7910.0 0.4780837651654878
7920.0 0.4786584913488752
7930.0 0.4793658466515059
7940.0 0.48042687960545183
7950.0 0.48131107373374016
7960.0 0.4816426465318483
7970.0 0.48254894551334376
7980.0 0.48475943083406453
7990.0 0.4862846657053619
8000.0 0.4852457376046231
8010.0 0.48343313964163204
8020.000000000001 0.4829689377242807
8030.000000000001 0.4836983978801186
8040.000000000001 0.4849362696597222
8050.000000000001 0.4861741414393258
8060.000000000001 0.4870583355676141
8070.000000000001 0.48776569087024474
8080.000000000001 0.4885835704389115
8090.000000000001 0.48920250632871326
8100.000000000001 0.4894235548607854
8110.000000000001 0.4895782888332358
8120.000000000001 0.48997617619096556
8129.999999999999 0.4903740635486953
8139.999999999999 0.4905066926679385
8149.999999999999 0.4907056363468034
8159.999999999999 0.49128036253019086
8169.999999999999 0.49200982268602866
8179.999999999999 0.4926508634290377
8189.999999999999 0.4931813799060107
8200.0 0.49371189638298363
8210.0 0.49444135653882154
8220.0 0.4955023894927675
8230.0 0.49665184185954225
8240.0 0.49758024569424497
8250.0 0.4979560281987675
8260.0 0.497801294226317
8270.0 0.49800023790518194
8280.0 0.49928231939120005
8290.0 0.500564400877218
8300.0 0.5006970299964613
8310.0 0.5003875620515604
8320.0 0.5004538766111819
8330.0 0.50078544940929
8340.0 0.5010507076477766
8350.0 0.5014043852990919
8360.0 0.5020454260421009
8370.0 0.5027527813447316
8380.0 0.5032611929684974
8390.0 0.5035043463537767
8400.0 0.5034601366473622
8410.0 0.5035927657666055
8420.0 0.5042338065096145
8430.0 0.504808532693002
8440.0 0.504808532693002
8450.0 0.5050516860782812
8460.0 0.5063337675642993
8470.0 0.5077484781695606
8480.0 0.5083010994997408
8490.0 0.5084779383253983
8500.0 0.5088758256831281
8510.0 0.5094505518665156
8520.0 0.5100252780499029
8530.0 0.5106221090864975
8540.0 0.5112410449762994
8550.0 0.5116831420404435
8560.0 0.5118157711596867
8570.0 0.5120147148385517
8580.0 0.5126778604347679
8590.0 0.513650473975885
8600.0 0.5146894020766237
8610.0 0.5153746525260472
8620.0 0.5155072816452905
8630.0 0.5157504350305697
8640.0 0.516745153424894
8650.0 0.5181598640301553
8660.0 0.5194640503693806
8670.0 0.5205250833233266
8680.0 0.5213871725984076
8690.0 0.5220061084882095
8700.0 0.5224039958459392
8710.0 0.522912407469705
8720.0 0.5238187064512005
8730.0 0.5249460539647681
8740.0 0.5259849820655069
8750.0 0.5267807567809664
8760.0 0.5272228538451105
8770.0 0.5277533703220836
8780.0 0.5287038790099934
8790.0 0.5297870168171466
8800.0 0.5306712109454349
8810.0 0.5315111953673088
8820.0 0.5324617040552186
8830.0 0.5332132690642638
8840.0 0.533456422449543
8850.0 0.5336111564219935
8860.0 0.5341195680457593
8870.0 0.5348711330548044
8880.0 0.5356448029170566
8890.0 0.5363521582196873
8900.0 0.5369931989626963
8910.0 0.5375237154396694
8920.0 0.5379437076506063
8930.0 0.5384300144211648
8940.0 0.5391373697237954
8950.0 0.5397563056135973
8960.0 0.539933144439255
8970.0 0.539933144439255
8980.0 0.5401099832649126
8990.0 0.5404194512098135
9000.0 0.5407731288611288
9010.0 0.541104701659237
9020.0 0.541325750191309
9030.0 0.5414141696041378
9040.0 0.5414583793105523
9050.0 0.5415246938701739
9060.0 0.5416573229894172
9070.0 0.5418341618150748
9080.0 0.5419888957875253
9090.0 0.5420773152003541
9100.0 0.5420994200535613
9110.0 0.5421215249067685
9120.0 0.54218783946639
9130.0 0.5422983637324261
9140.0 0.5424309928516694
9150.0 0.5424752025580838
9160.0 0.5424309928516694
9170.0 0.5423425734388405
9180.0 0.5422983637324261
9190.0 0.5424088879984622
9200.0 0.5425194122644982
9210.0 0.5425194122644982
9220.0 0.5424973074112911
9230.0 0.5425636219709126
9240.0 0.5426741462369487
9250.0 0.5427625656497775
9260.0 0.5428730899158136
9270.0 0.543027823888264
9280.0 0.5431825578607145
9290.0 0.5433372918331649
9300.0 0.5435141306588226
9310.0 0.543779388897309
9320.0 0.5440225422825884
9330.0 0.5442214859614533
9340.0 0.544420429640318
9350.0 0.5447298975852191
9360.0 0.5450835752365343
9370.0 0.5454372528878496
9380.0 0.5457909305391649
9390.0 0.5461667130436875
9400.0 0.5464982858417956
9410.0 0.5467193343738677
9420.0 0.546962487759147
9430.0 0.5473161654104622
9440.0 0.5476477382085704
9450.0 0.5478466818874353
9460.0 0.5480235207130929
9470.0 0.5483771983644082
9480.0 0.5487308760157236
9490.0 0.5489740294010028
9500.0 0.5492171827862822
9510.0 0.5496150701440119
9520.0 0.5499908526485344
9530.0 0.5502340060338137
9540.0 0.5504108448594714
9550.0 0.5506097885383362
9560.0 0.5508529419236156
9570.0 0.5511624098685164
9580.0 0.5514276681070029
9590.0 0.5516045069326606
9600.0 0.5517592409051111
9610.0 0.5520244991435975
9620.0 0.552289757382084
9630.0 0.5524665962077416
9640.0 0.5526434350333994
9650.0 0.5528423787122642
9660.0 0.5529971126847146
9670.0 0.5530634272443362
9680.0 0.5531739515103723
9690.0 0.553461314602066
9700.0 0.5537486776937598
9710.0 0.5538592019597958
9720.0 0.5539697262258318
9730.0 0.5541907747579039
9740.0 0.5543897184367688
9750.0 0.5543676135835615
9760.0 0.5537044679873453
9770.0 0.550587683685129
9780.0 0.5396015716411469
9790.0 0.5106221090864975
9800.0 0.4522652966194692
9810.0 0.3612154062589808
9820.0 0.2508016644889784
9830.0 0.14679833014906624
9840.0 0.070779739969479
9850.0 0.027653171362216813
9860.0 0.008642997604018206
9870.0 0.0021441707610991454
9880.0 0.000419992210936946
9890.0 6.631455962162305e-05
9900.0 0.0
