mejiro/data/filter_response/RomanSCA11-F158.ecsv
# %ECSV 1.0
# ---
# datatype:
# - {name: wavelength, unit: Angstrom, datatype: float64}
# - {name: response, datatype: float64}
# meta:
#   __serialized_columns__:
#     wavelength:
#       __class__: astropy.units.quantity.Quantity
#       unit: !astropy.units.Unit {unit: Angstrom}
#       value: !astropy.table.SerializedColumn {name: wavelength}
#   band_name: F158
#   group_name: RomanSCA11
# schema: astropy-2.0
wavelength response
13720.000000000002 0.0
13730.0 2.2104853207207685e-05
13740.000000000002 6.631455962162305e-05
13750.0 0.00022104853207207686
13759.999999999998 0.0006410407430090229
13770.0 0.001702073696954992
13779.999999999998 0.004199922109369461
13790.0 0.009438772319477682
13799.999999999998 0.01947437567554997
13810.0 0.036959314562451245
13819.999999999998 0.0646788004842897
13830.0 0.10457806052329957
13839.999999999998 0.15678972379872413
13850.0 0.2189043613109777
13859.999999999998 0.2861031150608891
13870.0 0.35228504556326884
13879.999999999998 0.41150394730537826
13890.0 0.45960410788426226
13899.999999999998 0.4951929215478666
13910.0 0.5193093163969301
13919.999999999998 0.534097463192552
13930.0 0.542165734613183
13939.999999999998 0.5461003984840659
13950.0 0.5478908915938497
13959.999999999998 0.5487087711625164
13970.0 0.5491066585202462
13980.0 0.5492613924926966
13990.0 0.5491729730798677
14000.0 0.5489740294010028
14010.0 0.5488635051349668
14020.0 0.5488635051349668
14030.0 0.5489298196945884
14040.0 0.5489740294010028
14050.0 0.5489298196945884
14060.0 0.5488192954285525
14070.0 0.5486866663093092
14080.0 0.5485540371900659
14090.0 0.548465617777237
14100.0 0.5483108838047867
14110.0 0.5480456255663001
14120.0 0.5478466818874353
14130.0 0.5478687867406424
14140.0 0.5479129964470569
14150.0 0.5478024721810208
14160.0 0.5476256333553632
14170.0 0.5474930042361199
14180.0 0.5474708993829128
14190.0 0.5475372139425343
14200.0 0.5476256333553632
14210.0 0.5476477382085704
14220.0 0.5477803673278137
14230.0 0.548134044979129
14240.0 0.5485761420432731
14250.0 0.5489077148413812
14260.0 0.5490845536670389
14270.0 0.5491066585202462
14280.0 0.5491287633734533
14290.0 0.5492392876394894
14300.0 0.5493940216119397
14310.0 0.5495045458779758
14320.0 0.5495708604375975
14330.0 0.5496371749972191
14340.0 0.5497476992632552
14350.0 0.5498582235292911
14360.0 0.5499687477953272
14370.0 0.550057167208156
14380.0 0.5501013769145704
14390.0 0.5501013769145704
14400.0 0.5501234817677777
14410.0 0.5502782157402281
14420.0 0.5504550545658858
14430.0 0.5505655788319218
14440.0 0.550587683685129
14450.0 0.550587683685129
14460.0 0.5505655788319218
14470.0 0.5506097885383362
14480.0 0.5507203128043723
14490.0 0.5508529419236156
14500.0 0.551007675896066
14510.0 0.5511624098685164
14520.0 0.5512508292813452
14530.0 0.5512287244281381
14540.0 0.5512287244281381
14550.0 0.5513171438409669
14560.0 0.5514497729602101
14570.0 0.5514939826666245
14580.0 0.5515824020794533
14590.0 0.5517150311986966
14600.0 0.5518476603179399
14610.0 0.5518918700243544
14620.0 0.5519360797307687
14630.0 0.5520244991435975
14640.0 0.5520908137032191
14650.0 0.5521129185564264
14660.0 0.5521350234096335
14670.0 0.5522455476756696
14680.0 0.5524223865013272
14690.0 0.5525550156205705
14700.0 0.5526213301801921
14710.0 0.5525992253269849
14720.0 0.5525992253269849
14730.0 0.5527539592994354
14740.0 0.552930798125093
14750.0 0.5530192175379218
14760.0 0.5530855320975435
14770.0 0.5531739515103723
14780.0 0.5532623709232012
14790.000000000002 0.5533728951892373
14800.0 0.5534834194552732
14810.000000000002 0.5536381534277237
14820.0 0.5537707825469669
14830.000000000002 0.5538370971065886
14840.0 0.553881306813003
14850.000000000002 0.553991831079039
14860.0 0.5541244601982823
14870.000000000002 0.5542128796111111
14880.0 0.5542570893175255
14890.000000000002 0.5543234038771471
14900.0 0.5543897184367688
14910.000000000002 0.554522347556012
14920.0 0.5546549766752552
14930.000000000002 0.5547212912348769
14940.0 0.5548097106477057
14950.000000000002 0.5549865494733633
14960.0 0.5551854931522282
14970.000000000002 0.5552960174182643
14980.0 0.5553402271246787
14990.000000000002 0.5553623319778859
15000.0 0.5554286465375076
15009.999999999998 0.5555612756567507
15020.0 0.5557381144824084
15029.999999999998 0.5559149533080661
15040.0 0.5560696872805165
15049.999999999998 0.5562023163997598
15060.0 0.5563570503722103
15069.999999999998 0.5565117843446606
15080.0 0.5566002037574895
15089.999999999998 0.5566223086106967
15100.0 0.5566665183171111
15109.999999999998 0.5568433571427688
15120.0 0.5570865105280481
15129.999999999998 0.557285454206913
15140.0 0.5574401881793634
15149.999999999998 0.557506502738985
15160.0 0.5575286075921922
15169.999999999998 0.5575728172986067
15180.0 0.5576612367114355
15189.999999999998 0.5577496561242643
15200.0 0.5578601803903003
15209.999999999998 0.5579928095095437
15220.0 0.5581254386287868
15230.0 0.5582359628948229
15240.0 0.5583685920140661
15250.0 0.5585012211333095
15260.0 0.558678059958967
15270.0 0.5588327939314175
15280.0 0.5589654230506608
15290.0 0.5590317376102824
15300.0 0.5591201570231111
15310.0 0.5593191007019761
15320.0 0.559518044380841
15330.0 0.5595622540872554
15340.0 0.5595843589404625
15350.0 0.5596285686468769
15360.0 0.5597169880597057
15370.0 0.5598054074725347
15380.0 0.5599159317385707
15390.0 0.5601148754174355
15400.0 0.560269609389886
15410.0 0.5603359239495076
15420.0 0.5603138190963004
15430.0 0.5603138190963004
15440.0 0.560380133655922
15450.0 0.560579077334787
15460.0 0.560800125866859
15470.0 0.5609106501328951
15480.0 0.5609769646925166
15490.0 0.5610874889585526
15500.0 0.5611759083713815
15510.0 0.5611759083713815
15520.0 0.5611538035181743
15530.0 0.5612422229310031
15540.0 0.5613748520502464
15550.0 0.561441166609868
15560.0 0.5614632714630752
15570.0 0.5613969569034536
15580.0 0.5614190617566608
15590.0 0.5615516908759041
15600.0 0.5616843199951472
15610.0 0.5616622151419401
15620.0 0.5616622151419401
15630.0 0.5618390539675978
15640.0 0.5620379976464627
15650.0 0.5620822073528771
15660.0 0.5620379976464627
15670.0 0.5620601024996698
15680.0 0.5621485219124986
15690.0 0.5623253607381563
15700.0 0.5624358850041924
15710.0 0.5623474655913635
15720.0 0.5622590461785347
15730.0 0.5623916752977779
15740.0 0.56261272382985
15750.0 0.562723248095886
15760.0 0.562723248095886
15770.0 0.5626790383894716
15780.0 0.5626348286830573
15790.0 0.5626790383894716
15800.0 0.5627453529490932
15810.0 0.5627674578023005
15820.0 0.5628116675087149
15830.0 0.562922191774751
15840.0 0.563032716040787
15850.0 0.563032716040787
15860.0 0.563032716040787
15870.0 0.5631874500132374
15880.0 0.5633642888388951
15890.0 0.5634748131049312
15900.0 0.5634969179581383
15910.0 0.5635190228113456
15920.0 0.5636074422241744
15930.0 0.5637621761966247
15940.0 0.5639390150222825
15950.0 0.5639832247286969
15960.0 0.5640053295819041
15970.0 0.5640274344351113
15980.0 0.5641379587011472
15990.0 0.5643369023800122
16000.0 0.5645358460588771
16010.0 0.564624265471706
16020.0 0.5646905800313275
16030.0 0.5647789994441564
16040.000000000002 0.5648895237101924
16050.0 0.5650442576826429
16060.000000000002 0.5652210965083005
16070.0 0.5653979353339581
16080.000000000002 0.5655747741596159
16090.0 0.5656852984256519
16100.000000000002 0.5657958226916879
16110.0 0.56601687122376
16120.000000000002 0.5662158149026248
16130.0 0.5663042343154537
16140.000000000002 0.5663705488750753
16150.0 0.5665694925539402
16160.000000000002 0.5668347507924266
16170.0 0.5671000090309132
16180.000000000002 0.5673210575629852
16190.0 0.5674757915354357
16200.000000000002 0.567608420654679
16210.0 0.5677631546271293
16220.000000000002 0.5679178885995798
16230.0 0.5681168322784448
16240.000000000002 0.5682936711041023
16250.0 0.5684041953701384
16259.999999999998 0.5685589293425889
16270.0 0.5688241875810754
16279.999999999998 0.5690673409663546
16290.0 0.5691557603791836
16299.999999999998 0.5692441797920124
16310.0 0.5694431234708771
16319.999999999998 0.5697083817093637
16330.0 0.5699515350946429
16339.999999999998 0.5701725836267151
16350.0 0.5703494224523727
16359.999999999998 0.5705262612780303
16370.0 0.5707252049568953
16379.999999999998 0.5709462534889673
16390.0 0.5711673020210394
16400.0 0.5713220359934899
16410.0 0.5714104554063186
16420.0 0.5715651893787691
16430.0 0.5718304476172557
16440.0 0.5720957058557421
16450.0 0.5722062301217782
16460.0 0.5722725446813998
16470.0 0.5723830689474358
16480.0 0.572515698066679
16490.0 0.5726483271859223
16500.0 0.57282516601158
16510.0 0.5731346339564809
16520.0 0.5733335776353458
16530.0 0.5733114727821386
16540.0 0.5732672630757241
16550.0 0.5734883116077961
16560.0 0.5737977795526972
16570.0 0.5739746183783547
16580.0 0.5740851426443908
16590.0 0.5741956669104268
16600.0 0.5743946105892918
16610.0 0.5746819736809854
16620.0 0.5748588125066431
16630.0 0.5747924979470214
16640.0 0.5747261833873999
16650.0 0.5749030222130574
16660.0 0.5752124901579584
16670.0 0.5754335386900306
16680.0 0.575499853249652
16690.0 0.5754556435432376
16700.0 0.5754335386900306
16710.0 0.5755661678092737
16720.0 0.5757209017817241
16730.0 0.5757651114881386
16740.0 0.5758093211945531
16750.0 0.5759861600202106
16760.0 0.5761851036990755
16770.0 0.5762956279651116
16780.0 0.5764061522311477
16790.0 0.5765829910568053
16800.0 0.5767819347356702
16810.0 0.5769145638549134
16820.0 0.5770250881209494
16830.0 0.5771577172401927
16840.0 0.5772682415062287
16850.0 0.5773345560658504
16860.0 0.577400870625472
16870.0 0.577511394891508
16880.0 0.5776440240107512
16890.0 0.5777766531299945
16900.0 0.5778650725428233
16910.0 0.5779534919556522
16920.0 0.5781082259281026
16930.0 0.5783513793133819
16940.0 0.5785503229922468
16950.0 0.5785724278454539
16960.0 0.5786387424050756
16970.0 0.5789261054967694
16980.0 0.5791692588820485
16990.0 0.5791471540288414
17000.0 0.5791029443224269
17010.0 0.5793682025609135
17020.0 0.5797218802122287
17030.0 0.5799871384507153
17040.0 0.5800976627167512
17050.0 0.5800976627167512
17060.0 0.5801418724231656
17070.0 0.5803408161020306
17080.0 0.5805839694873098
17090.0 0.5807165986065531
17100.0 0.5808050180193819
17110.0 0.580915542285418
17120.0 0.5810702762578683
17130.0 0.5812471150835261
17140.0 0.5813797442027694
17150.0 0.5814239539091838
17160.0 0.581556583028427
17170.0 0.5819102606797423
17180.0 0.5822639383310577
17190.0 0.5823744625970937
17200.0 0.5823965674503009
17210.0 0.5825291965695442
17220.0 0.5827060353952018
17230.0 0.582838664514445
17240.0 0.5829712936336884
17250.0 0.5831923421657604
17260.0 0.5833912858446253
17270.0 0.5834576004042469
17280.0 0.5835239149638685
17290.0 0.5836344392299045
17300.0 0.583789173202355
17310.0 0.5839881168812199
17320.0 0.5841870605600846
17330.0 0.5843417945325352
17340.0 0.5844965285049857
17350.0 0.5846733673306432
17360.0 0.5848281013030938
17370.0 0.5849165207159226
17380.0 0.5849165207159226
17390.0 0.5848723110095082
17400.0 0.5849165207159226
17410.0 0.585159674101202
17420.0 0.5854470371928955
17430.0 0.585601771165346
17440.0 0.5856680857249676
17450.0 0.585822819697418
17460.0 0.5859554488166613
17470.0 0.5859554488166613
17480.0 0.5859333439634541
17490.0 0.5859775536698686
17500.0 0.586021763376283
17510.0 0.5860438682294901
17520.0 0.5861543924955261
17530.0 0.5863975458808055
17540.0 0.5866185944128776
17550.0 0.5866849089724993
17560.0 0.5866406992660848
17570.0 0.5866406992660848
17580.0 0.586662804119292
17590.0 0.5867291186789136
17600.0 0.5868175380917424
17610.0 0.5869501672109857
17620.0 0.5870164817706074
17630.0 0.5869943769174001
17640.0 0.5869501672109857
17650.0 0.5870385866238145
17660.0 0.5871712157430578
17670.0 0.5872154254494721
17680.0 0.587193320596265
17690.0 0.5871049011834362
17700.0 0.5870164817706074
17710.0 0.5868396429449496
17720.0 0.5865080701468416
17730.0 0.5857565051377965
17740.0 0.5842754799729136
17750.0 0.581446058762391
17760.0 0.5763177328183188
17770.0 0.5674757915354357
17780.0 0.5535055243084804
17790.0 0.5327932768533268
17800.0 0.5039243385647136
17810.0 0.46605872502076684
17820.0 0.41948379931318025
17830.0 0.3658353205792872
17840.0 0.30783218576357424
17850.0 0.2490332762324018
17860.0 0.1929974733521303
17870.0 0.14288577113139048
17880.0 0.10079813062486705
17890.0 0.0675745362544339
17900.0 0.043016044341226155
17910.0 0.025928992812054616
17920.0 0.014788146795621942
17930.0 0.007979852007801975
17940.0 0.004067292990126214
17950.0 0.0019452270822342764
17960.0 0.0008841941282883074
17970.0 0.00037578250452253065
17980.0 0.0001547339724504538
17990.0 6.631455962162305e-05
18000.0 2.2104853207207685e-05
18010.0 0.0
