mejiro/data/filter_response/RomanSCA05-F129.ecsv
# %ECSV 1.0
# ---
# datatype:
# - {name: wavelength, unit: Angstrom, datatype: float64}
# - {name: response, datatype: float64}
# meta:
#   __serialized_columns__:
#     wavelength:
#       __class__: astropy.units.quantity.Quantity
#       unit: !astropy.units.Unit {unit: Angstrom}
#       value: !astropy.table.SerializedColumn {name: wavelength}
#   band_name: F129
#   group_name: RomanSCA05
# schema: astropy-2.0
wavelength response
11170.0 0.0
11180.000000000002 4.420970641441537e-05
11190.0 0.00024315338527928454
11200.000000000002 0.0011052426603603842
11210.0 0.004089397843333422
11220.000000000002 0.012688185740937212
11230.0 0.033179384664018735
11240.000000000002 0.07352074176717277
11250.0 0.13908373637975074
11259.999999999998 0.2271494715572662
11270.0 0.3250076567055746
11279.999999999998 0.41486388499287385
11290.0 0.4830131474306951
11299.999999999998 0.5257418286802276
11310.0 0.5479351013002641
11319.999999999998 0.5574622930325707
11330.0 0.560800125866859
11339.999999999998 0.5617506345547689
11350.0 0.5619937879400483
11359.999999999998 0.5620379976464627
11370.0 0.5619937879400483
11379.999999999998 0.561971683086841
11390.0 0.5620601024996698
11399.999999999998 0.5621706267657058
11410.0 0.5622811510317418
11419.999999999998 0.5623032558849491
11430.0 0.5622369413253274
11439.999999999998 0.5621706267657058
11450.0 0.5622148364721203
11459.999999999998 0.5623032558849491
11470.0 0.5623253607381563
11480.0 0.5623032558849491
11490.0 0.5622590461785347
11500.0 0.5622369413253274
11510.0 0.5622369413253274
11520.0 0.5622148364721203
11530.0 0.5621264170592914
11540.0 0.5621043122060843
11550.0 0.5621706267657058
11560.0 0.5622369413253274
11570.0 0.5621264170592914
11580.0 0.561971683086841
11590.0 0.561971683086841
11600.0 0.5620379976464627
11610.0 0.5620601024996698
11620.0 0.5619937879400483
11630.0 0.5618611588208049
11640.0 0.5617506345547689
11650.0 0.5617064248483545
11660.0 0.5617064248483545
11670.0 0.5616401102887328
11680.0 0.5616401102887328
11690.0 0.5617064248483545
11700.0 0.5617064248483545
11710.0 0.5615295860226968
11720.0 0.5613085374906247
11730.0 0.5611980132245887
11740.0 0.5611538035181743
11750.0 0.5610874889585526
11760.0 0.5610211743989311
11770.0 0.5609548598393095
11780.0 0.5609327549861022
11790.0 0.5609990695457239
11800.0 0.5610653841053455
11810.0 0.5609769646925166
11820.0 0.5608664404264806
11830.0 0.5608222307200662
11840.0 0.5607780210136518
11850.0 0.5606453918944085
11860.0 0.5604685530687509
11870.0 0.5603138190963004
11880.0 0.5602032948302643
11890.0 0.5602032948302643
11900.0 0.5601590851238499
11910.0 0.5599822462981923
11920.0 0.5598054074725347
11930.0 0.5597611977661203
11940.0 0.5597169880597057
11950.0 0.559518044380841
11960.0 0.5593412055551833
11970.0 0.5592969958487688
11980.0 0.5592748909955616
11990.0 0.5591201570231111
12000.0 0.5589433181974536
12010.0 0.5588548987846247
12020.0 0.558788584225003
12030.0 0.5587222696653815
12040.0 0.5586338502525526
12050.0 0.5586117453993454
12060.0 0.5585675356929309
12070.0 0.5583906968672734
12080.0 0.558147543481994
12090.0 0.557926494949922
12100.0 0.5577938658306788
12110.0 0.5577496561242643
12120.0 0.5576833415646427
12130.0 0.5574622930325707
12140.0 0.5572412445004986
12150.0 0.5571307202344625
12160.0 0.5571307202344625
12170.0 0.5571307202344625
12180.0 0.5570423008216336
12190.0 0.5568433571427688
12200.0 0.556644413463904
12210.0 0.5566002037574895
12220.0 0.5566002037574895
12230.0 0.5564675746382463
12240.0 0.556334945519003
12250.0 0.5562907358125886
12260.0 0.5562465261061742
12270.0 0.5560917921337237
12280.0 0.5559591630144805
12290.000000000002 0.5558928484548589
12300.0 0.5558265338952373
12310.000000000002 0.5556496950695796
12320.0 0.5554507513907148
12330.000000000002 0.5553181222714715
12340.0 0.5551854931522282
12350.000000000002 0.5550970737393994
12360.0 0.5549644446201561
12370.000000000002 0.5548097106477057
12380.0 0.5547212912348769
12390.000000000002 0.5547212912348769
12400.0 0.5546991863816696
12410.000000000002 0.5544781378495975
12420.0 0.55430129902394
12430.000000000002 0.5543234038771471
12440.0 0.5543455087303544
12450.000000000002 0.5541907747579039
12460.0 0.5539697262258318
12470.000000000002 0.5539255165194173
12480.0 0.5539476213726245
12490.000000000002 0.5539255165194173
12500.0 0.5538592019597958
12509.999999999998 0.5537707825469669
12520.0 0.5536602582809309
12529.999999999998 0.5535718388681021
12540.0 0.5535497340148948
12549.999999999998 0.5535718388681021
12560.0 0.5535939437213092
12569.999999999998 0.5535497340148948
12580.0 0.5534171048956517
12589.999999999998 0.5532181612167867
12600.0 0.5531076369507507
12609.999999999998 0.5531739515103723
12620.0 0.5532623709232012
12629.999999999998 0.5532623709232012
12640.0 0.5532181612167867
12649.999999999998 0.5532181612167867
12660.0 0.5532181612167867
12669.999999999998 0.5530855320975435
12680.0 0.5529529029783002
12689.999999999998 0.5529529029783002
12700.0 0.5529971126847146
12709.999999999998 0.5530192175379218
12720.0 0.5530413223911291
12730.0 0.5531297418039579
12740.0 0.5531518466571652
12750.0 0.5529750078315074
12760.0 0.5528423787122642
12770.0 0.5529529029783002
12780.0 0.5531297418039579
12790.0 0.553240266069994
12800.0 0.5531960563635796
12810.0 0.5530634272443362
12820.0 0.552930798125093
12830.0 0.5529750078315074
12840.0 0.5530855320975435
12850.0 0.5531960563635796
12860.0 0.5532623709232012
12870.0 0.553240266069994
12880.0 0.5531960563635796
12890.0 0.553240266069994
12900.0 0.5533286854828228
12910.0 0.5533728951892373
12920.0 0.5533950000424444
12930.0 0.5533728951892373
12940.0 0.5533950000424444
12950.0 0.553461314602066
12960.0 0.5535276291616877
12970.0 0.5535055243084804
12980.0 0.5534834194552732
12990.0 0.5536160485745165
13000.0 0.5537486776937598
13010.0 0.5537707825469669
13020.0 0.5537265728405525
13030.0 0.5536823631341381
13040.0 0.5537044679873453
13050.0 0.5537707825469669
13060.0 0.553881306813003
13070.0 0.5540139359322462
13080.0 0.5541244601982823
13090.0 0.5541465650514894
13100.0 0.5542570893175255
13110.0 0.554522347556012
13120.0 0.554743396088084
13130.0 0.5546991863816696
13140.0 0.5545665572624264
13150.0 0.5545665572624264
13160.0 0.5546991863816696
13170.0 0.5548318155009129
13180.0 0.5549202349137418
13190.0 0.5549202349137418
13200.0 0.554942339766949
13210.0 0.5550086543265706
13220.0 0.5551412834458138
13230.0 0.5552297028586427
13240.0 0.5553181222714715
13250.0 0.5553844368310932
13260.0 0.555472856243922
13270.0 0.5555612756567507
13280.0 0.5556275902163723
13290.0 0.5556275902163723
13300.0 0.5556496950695796
13310.0 0.5558044290420301
13320.0 0.5559812678676878
13330.0 0.5561360018401381
13340.0 0.5562023163997598
13350.0 0.5562023163997598
13360.0 0.5562465261061742
13370.0 0.5564233649318319
13380.0 0.556533889197868
13390.0 0.5564896794914534
13400.0 0.5563791552254175
13410.0 0.5564012600786247
13420.0 0.5565117843446606
13430.0 0.5566665183171111
13440.0 0.5567991474363544
13450.0 0.5568875668491832
13460.0 0.5569759862620121
13470.0 0.5570865105280481
13480.0 0.5571749299408769
13490.0 0.5572412445004986
13500.0 0.5572633493537057
13510.0 0.557285454206913
13520.0 0.557285454206913
13530.0 0.5572633493537057
13540.000000000002 0.5572633493537057
13550.0 0.5573517687665346
13560.000000000002 0.557395978472949
13570.0 0.5573296639133274
13580.000000000002 0.557285454206913
13590.0 0.557395978472949
13600.000000000002 0.5575286075921922
13610.0 0.5574843978857777
13620.000000000002 0.5573738736197418
13630.0 0.5573075590601202
13640.000000000002 0.5572633493537057
13650.0 0.5572412445004986
13660.000000000002 0.557285454206913
13670.0 0.557395978472949
13680.000000000002 0.5575286075921922
13690.0 0.5575507124453994
13700.000000000002 0.5575286075921922
13710.0 0.5574843978857777
13720.000000000002 0.5574401881793634
13730.0 0.5574401881793634
13740.000000000002 0.5574622930325707
13750.0 0.557506502738985
13759.999999999998 0.5575728172986067
13770.0 0.5575949221518138
13779.999999999998 0.5575728172986067
13790.0 0.557506502738985
13799.999999999998 0.5574180833261562
13810.0 0.557395978472949
13819.999999999998 0.557395978472949
13830.0 0.5573517687665346
13839.999999999998 0.5572191396472913
13850.0 0.5570423008216336
13859.999999999998 0.5569096717023905
13870.0 0.5569317765555976
13879.999999999998 0.5569759862620121
13890.0 0.5569096717023905
13899.999999999998 0.5569317765555976
13910.0 0.5571307202344625
13919.999999999998 0.5573296639133274
13930.0 0.5572633493537057
13939.999999999998 0.5570865105280481
13950.0 0.5569980911152193
13959.999999999998 0.5570201959684264
13970.0 0.5571307202344625
13980.0 0.5571749299408769
13990.0 0.5570423008216336
14000.0 0.5568212522895616
14010.0 0.5567107280235255
14020.0 0.5566886231703184
14030.0 0.5567328328767328
14040.0 0.55675493772994
14050.0 0.5566886231703184
14060.0 0.556555994051075
14070.0 0.5563791552254175
14080.0 0.556224421252967
14090.0 0.5560917921337237
14100.0 0.5559149533080661
14110.0 0.5556054853631652
14120.0 0.5553623319778859
14130.0 0.5553402271246787
14140.0 0.5553402271246787
14150.0 0.5552075980054354
14160.0 0.5549865494733633
14170.0 0.5548097106477057
14180.0 0.5547212912348769
14190.0 0.5547655009412913
14200.0 0.5547876057944985
14210.0 0.5547876057944985
14220.0 0.5548539203541201
14230.0 0.555163388299021
14240.0 0.5555612756567507
14250.0 0.5558486387484445
14260.0 0.5559812678676878
14270.0 0.5559591630144805
14280.0 0.5559149533080661
14290.0 0.5559812678676878
14300.0 0.5560917921337237
14310.0 0.5561360018401381
14320.0 0.5561581066933454
14330.0 0.5561802115465525
14340.0 0.5562465261061742
14350.0 0.5563128406657959
14360.0 0.5563791552254175
14370.0 0.5564233649318319
14380.0 0.5564012600786247
14390.0 0.5563570503722103
14400.0 0.556334945519003
14410.0 0.5564233649318319
14420.0 0.556533889197868
14430.0 0.5564012600786247
14440.0 0.5557381144824084
14450.0 0.5535939437213092
14460.0 0.5479572061534713
14470.0 0.5351142864400836
14480.0 0.509715810105002
14490.0 0.4664787172317038
14500.0 0.4031262079398466
14510.0 0.32337189756824125
14520.0 0.23700823608768082
14530.0 0.15665709467948086
14540.0 0.09242039125933534
14550.0 0.04827699940454159
14560.0 0.02219327262003652
14570.0 0.008930360695711905
14580.0 0.0031388891554234915
14590.0 0.0009505086879099305
14600.0 0.00024315338527928454
14610.0 6.631455962162305e-05
14620.0 2.2104853207207685e-05
14630.0 0.0
