mejiro/data/filter_response/RomanSCA18-Prism.ecsv
# %ECSV 1.0
# ---
# datatype:
# - {name: wavelength, unit: Angstrom, datatype: float64}
# - {name: response, datatype: float64}
# meta:
#   __serialized_columns__:
#     wavelength:
#       __class__: astropy.units.quantity.Quantity
#       unit: !astropy.units.Unit {unit: Angstrom}
#       value: !astropy.table.SerializedColumn {name: wavelength}
#   band_name: Prism
#   group_name: RomanSCA18
# schema: astropy-2.0
wavelength response
7480.0 0.0
7490.0 2.2104853207207685e-05
7500.0 0.00017683882565766148
7510.0 0.0010610329539459688
7520.0 0.004907277412000107
7530.0 0.017595463152937318
7540.0 0.049338032358487556
7550.0 0.10981691073340778
7560.0 0.19748475855319345
7570.0 0.2942155961879343
7580.0 0.3756940851097018
7590.0 0.42808258721078407
7600.0 0.4539010557568026
7610.0 0.4639587639660821
7620.0 0.46749554047923536
7630.0 0.4689544607909111
7640.0 0.4697060257999561
7650.0 0.470126018010893
7660.0 0.47041338110258674
7670.0 0.47096600243276693
7680.0 0.4720491402399201
7690.0 0.47317648775348775
7700.0 0.47383963334970397
7710.0 0.47425962556064094
7720.0 0.47467961777157786
7730.0 0.4751659245421364
7740.0 0.4757185458723166
7750.0 0.4763153769089112
7760.0 0.4769785225051274
7770.0 0.4774869341288932
7780.0 0.4776637729545508
7790.0 0.47786271663341573
7800.0 0.4783269185507671
7810.0 0.4787690156149113
7820.0 0.4788795398809473
7830.0 0.4787690156149113
7840.0 0.478636386495668
7850.0 0.47848165252321756
7860.0 0.47834902340397434
7870.0 0.4782606039911455
7880.0 0.4783269185507671
7890.0 0.478525862229632
7900.0 0.4788132253213257
7910.0 0.47903427385339775
7920.0 0.4791226932662266
7930.0 0.4793658466515059
7940.0 0.4800068873945149
7950.0 0.4804710893118663
7960.0 0.4804047747522446
7970.0 0.4808910815228032
7980.0 0.4827699940454159
7990.0 0.48394155126539784
8000.0 0.48263736492617254
8010.0 0.4806037184311095
8020.000000000001 0.4799184679816861
8030.000000000001 0.4804489844586591
8040.000000000001 0.4815321222658122
8050.000000000001 0.4826594697793798
8060.000000000001 0.48343313964163204
8070.000000000001 0.4840741803846411
8080.000000000001 0.484803640540479
8090.000000000001 0.48540047157707356
8100.000000000001 0.48559941525593847
8110.000000000001 0.4857320443751817
8120.000000000001 0.4861520365861186
8129.999999999999 0.48654992394384833
8139.999999999999 0.48672676276950605
8149.999999999999 0.4869478113015781
8159.999999999999 0.48756674719138
8169.999999999999 0.48831831220042493
8179.999999999999 0.4889814577966412
8189.999999999999 0.4895340791268214
8200.0 0.4900867004570016
8210.0 0.4908161606128395
8220.0 0.49187719356678544
8230.0 0.493004541080353
8240.0 0.49388873520864135
8250.0 0.4942203080067494
8260.0 0.4939992594746773
8270.0 0.49413188859392054
8280.0 0.49530344581390257
8290.0 0.49645289818067734
8300.0 0.49645289818067734
8310.0 0.4960108011165333
8320.0 0.49592238170370445
8330.0 0.4960771156761549
8340.0 0.4961876399421909
8350.0 0.49636447876784856
8360.0 0.4968065758319927
8370.0 0.49733709230896567
8380.0 0.49769076996028105
8390.0 0.49773497966669544
8400.0 0.4975139311346234
8410.0 0.497469721428209
8420.0 0.4979560281987675
8430.0 0.49835391555649733
8440.0 0.4981991815840468
8450.0 0.4983097058500829
8460.0 0.49945915821685766
8470.0 0.5007191348496686
8480.0 0.5011833367670199
8490.0 0.5012717561798486
8500.0 0.5016033289779568
8510.0 0.5021338454549298
8520.0 0.50268646678511
8530.0 0.5032611929684974
8540.0 0.5038801288582992
8550.0 0.5043443307756506
8560.0 0.5045211696013082
8570.0 0.5047864278397947
8580.0 0.5054937831424253
8590.0 0.5065548160963713
8600.0 0.5076600587567317
8610.0 0.5084558334721911
8620.0 0.5086768820042633
8630.0 0.5090305596555785
8640.0 0.5101579071691462
8650.0 0.5116831420404435
8660.0 0.5130978526457048
8670.0 0.5143136195721013
8680.0 0.5153083379664255
8690.0 0.5160599029754707
8700.0 0.5165904194524437
8710.0 0.5172535650486598
8720.0 0.5182924931493986
8730.0 0.5195524697822095
8740.0 0.5207461318553986
8750.0 0.5216524308368942
8760.0 0.5222271570202816
8770.0 0.5228681977632906
8780.0 0.5239292307172366
8790.0 0.525144997643633
8800.0 0.5261176111847502
8810.0 0.52706811987266
8820.0 0.5281070479733988
8830.0 0.5289470323952727
8840.0 0.5292786051933809
8850.0 0.5295217585786601
8860.0 0.5301185896152547
8870.0 0.5309585740371286
8880.0 0.5317764536057953
8890.0 0.5325501234680475
8900.0 0.5332795836238854
8910.0 0.53387641466048
8920.0 0.5343406165778314
8930.0 0.5348932379080116
8940.0 0.5356669077702638
8950.0 0.5363079485132729
8960.0 0.5365511018985522
8970.0 0.5366174164581737
8980.0 0.5368163601370387
8990.0 0.5371700377883539
9000.0 0.5375679251460838
9010.0 0.5379437076506063
9020.0 0.5382089658890927
9030.0 0.5383194901551287
9040.0 0.5383858047147504
9050.0 0.5384963289807865
9060.0 0.5386731678064441
9070.0 0.538872111485309
9080.0 0.5390931600173811
9090.0 0.5392257891366243
9100.0 0.5392921036962459
9110.0 0.5393805231090748
9120.0 0.5394910473751108
9130.0 0.5396678862007684
9140.0 0.5398668298796333
9150.0 0.5399994589988765
9160.0 0.540043668705291
9170.0 0.5400215638520838
9180.0 0.5400878784117054
9190.0 0.5403089269437775
9200.0 0.540574185182264
9210.0 0.5407068143015071
9220.0 0.5408173385675432
9230.0 0.5410383870996153
9240.0 0.5413036453381018
9250.0 0.5415910084297955
9260.0 0.5419004763746964
9270.0 0.5422762588792189
9280.0 0.5426520413837415
9290.0 0.543027823888264
9300.0 0.5434699209524082
9310.0 0.543978332576174
9320.0 0.5445088490531469
9330.0 0.5449730509704982
9340.0 0.545481462594264
9350.0 0.5460782936308587
9360.0 0.5467414392270749
9370.0 0.5473824799700839
9380.0 0.5480456255663001
9390.0 0.5487529808689308
9400.0 0.5493940216119397
9410.0 0.5499466429421199
9420.0 0.5504992642723002
9430.0 0.5512066195749308
9440.0 0.551869765171147
9450.0 0.5523781767949129
9460.0 0.5529086932718859
9470.0 0.5535718388681021
9480.0 0.5542791941707327
9490.0 0.5548318155009129
9500.0 0.5554065416843003
9510.0 0.5561138969869309
9520.0 0.5568212522895616
9530.0 0.5573738736197418
9540.0 0.5578380755370932
9550.0 0.5583464871608589
9560.0 0.5588991084910391
9570.0 0.559518044380841
9580.0 0.5600706657110212
9590.0 0.5605348676283725
9600.0 0.5609990695457239
9610.0 0.5615295860226968
9620.0 0.5620822073528771
9630.0 0.5625685141234356
9640.0 0.563032716040787
9650.0 0.5634969179581383
9660.0 0.5639169101690753
9670.0 0.5642705878203906
9680.0 0.564646370324913
9690.0 0.5651989916550934
9700.0 0.5657516129852735
9710.0 0.5661273954897961
9720.0 0.5665031779943186
9730.0 0.5669894847648771
9740.0 0.5674978963886429
9750.0 0.5678736788931654
9760.0 0.568249461397688
9770.0 0.5687578730214538
9780.0 0.5692441797920124
9790.0 0.5695536477369132
9800.0 0.5698631156818141
9810.0 0.570283107892751
9820.0 0.5707252049568953
9830.0 0.5710346729017961
9840.0 0.5713220359934899
9850.0 0.5717420282044268
9860.0 0.5722283349749853
9870.0 0.5726704320391295
9880.0 0.5730020048372376
9890.0 0.5731788436628953
9900.0 0.5733777873417601
9910.0 0.5738198844059043
9920.0 0.5742840863232557
9930.0 0.5745935542681566
9940.0 0.5748588125066431
9950.0 0.5751903853047512
9960.0 0.5755661678092737
9970.0 0.5758977406073819
9980.0 0.5762514182586972
9990.0 0.5767156201760485
10000.0 0.5771798220933999
10009.999999999998 0.5775777094511295
10020.0 0.5779092822492377
10029.999999999998 0.5781745404877242
10040.0 0.5784619035794178
10049.999999999998 0.5787713715243189
10060.0 0.5791471540288414
10069.999999999998 0.579522936533364
10080.0 0.5798766141846792
10089.999999999998 0.5801418724231656
10100.0 0.5804513403680667
10109.999999999998 0.5808492277257964
10120.0 0.5812913247899405
10129.999999999998 0.5816450024412558
10140.0 0.5819323655329496
10149.999999999998 0.5821755189182288
10160.0 0.5824407771567153
10169.999999999998 0.5827944548080306
10180.0 0.5831923421657604
10189.999999999998 0.5835460198170757
10200.0 0.5838554877619766
10209.999999999998 0.5841649557068775
10220.0 0.5844744236517784
10230.0 0.5847838915966793
10240.0 0.5851154643947873
10250.0 0.5853807226332739
10260.0 0.5856238760185533
10270.0 0.5858449245506253
10280.0 0.5861101827891118
10290.0 0.5864859652936343
10300.0 0.5868175380917424
10310.0 0.5870385866238145
10320.0 0.5872154254494721
10330.0 0.5874585788347514
10340.0 0.5877459419264451
10350.0 0.5880112001649316
10360.0 0.5882322486970036
10370.0 0.5884532972290758
10380.0 0.5886301360547335
10390.0 0.5888069748803911
10400.0 0.5889396039996343
10410.0 0.5890722331188776
10420.0 0.5892490719445354
10430.0 0.5895585398894362
10440.0 0.5897795884215082
10450.0 0.5898016932747155
10460.0 0.5897795884215082
10470.0 0.5899122175407515
10480.0 0.5901332660728236
10490.0 0.5903985243113101
10500.0 0.5905532582837606
10510.0 0.5905532582837606
10520.0 0.5905090485773462
10530.0 0.5906195728433822
10540.0 0.5907964116690397
10550.0 0.5909511456414903
10560.0 0.5910837747607335
10570.0 0.5911500893203552
10580.0 0.5911058796139408
10590.0 0.5909511456414903
10600.0 0.5908406213754542
10610.0 0.5908848310818686
10620.0 0.5909953553479047
10630.0 0.5910616699075263
10640.0 0.5910174602011119
10650.0 0.5908848310818686
10660.0 0.5907300971094183
10670.0 0.590707992256211
10680.0 0.5906858874030038
10690.0 0.5906195728433822
10700.0 0.5905532582837606
10710.0 0.5905311534305533
10720.0 0.5905532582837606
10730.0 0.5905311534305533
10740.0 0.5905311534305533
10750.0 0.5905753631369677
10760.0 0.5905753631369677
10770.0 0.5904648388709316
10780.0 0.590288000045274
10790.0 0.5901553709260308
10800.0 0.5901111612196164
10810.0 0.5901774757792381
10820.0 0.5901995806324452
10830.0 0.590066951513202
10840.0 0.5899122175407515
10850.0 0.5899564272471659
10860.0 0.5900006369535803
10870.0 0.5898901126875443
10880.0 0.5897353787150938
10890.0 0.5896690641554723
10900.0 0.589646959302265
10910.0 0.5896027495958506
10920.0 0.5895364350362289
10930.0 0.5894480156234001
10940.0 0.5893817010637785
10950.0 0.5893374913573641
10960.0 0.5892932816509497
10970.0 0.589226967091328
10980.0 0.5893595962105713
10990.0 0.5899122175407515
11000.0 0.5904206291645172
11010.0 0.5905311534305533
11020.0 0.5904427340177245
11030.0 0.5904648388709316
11040.000000000002 0.5905753631369677
11050.0 0.5906858874030038
11060.000000000002 0.590818516522247
11070.0 0.5909732504946975
11080.000000000002 0.5910616699075263
11090.0 0.5909953553479047
11100.000000000002 0.5909953553479047
11110.0 0.5911721941735624
11120.000000000002 0.5913932427056343
11130.0 0.5915037669716704
11140.000000000002 0.5916142912377065
11150.0 0.5918574446229858
11160.000000000002 0.5920342834486435
11170.0 0.591990073742229
11180.000000000002 0.5919679688890218
11190.0 0.5921669125678867
11200.000000000002 0.5924321708063731
11210.0 0.592520590219202
11220.000000000002 0.5925647999256164
11230.0 0.5927637436044813
11240.000000000002 0.5929184775769317
11250.0 0.5928521630173101
11259.999999999998 0.5927637436044813
11270.0 0.5928079533108958
11279.999999999998 0.5929184775769317
11290.0 0.593051106696175
11299.999999999998 0.5931837358154183
11310.0 0.5933605746410758
11319.999999999998 0.5934932037603191
11330.0 0.5935595183199408
11339.999999999998 0.5936258328795625
11350.0 0.593692147439184
11359.999999999998 0.5937584619988057
11370.0 0.5937805668520129
11379.999999999998 0.5938247765584272
11390.0 0.5939574056776705
11399.999999999998 0.5941563493565354
11410.0 0.5943110833289859
11419.999999999998 0.5943995027418146
11430.0 0.5943773978886074
11439.999999999998 0.5943552930354002
11450.0 0.5944437124482291
11459.999999999998 0.5945542367142652
11470.0 0.5946205512738867
11480.0 0.5946205512738867
11490.0 0.5945984464206796
11500.0 0.5945984464206796
11510.0 0.5946205512738867
11520.0 0.5946205512738867
11530.0 0.5945542367142652
11540.0 0.5945321318610579
11550.0 0.5946205512738867
11560.0 0.5946647609803012
11570.0 0.5945542367142652
11580.0 0.5944216075950218
11590.0 0.5943995027418146
11600.0 0.5944658173014362
11610.0 0.5944658173014362
11620.0 0.5943995027418146
11630.0 0.5942668736225715
11640.0 0.594112139650121
11650.0 0.5940679299437065
11660.0 0.5940237202372921
11670.0 0.5939574056776705
11680.0 0.593913195971256
11690.0 0.5939574056776705
11700.0 0.5939574056776705
11710.0 0.5937363571455985
11720.0 0.5934932037603191
11730.0 0.5933384697878687
11740.0 0.5932500503750399
11750.0 0.5931837358154183
11760.0 0.5930732115493822
11770.0 0.5929626872833462
11780.0 0.5929184775769317
11790.0 0.5929626872833462
11800.0 0.5930068969897606
11810.0 0.5928963727237245
11820.0 0.5927416387512742
11830.0 0.5926753241916525
11840.0 0.5925869047788237
11850.0 0.5924542756595804
11860.0 0.5922332271275083
11870.0 0.5920342834486435
11880.0 0.5919237591826074
11890.0 0.5919016543294002
11900.0 0.5918353397697785
11910.0 0.5916142912377065
11920.0 0.5914153475588416
11930.0 0.5913711378524272
11940.0 0.5913048232928055
11950.0 0.5911058796139408
11960.0 0.5909069359350758
11970.0 0.5908627262286614
11980.0 0.5908406213754542
11990.0 0.5906858874030038
12000.0 0.5905090485773462
12010.0 0.5904206291645172
12020.0 0.5903543146048956
12030.0 0.590288000045274
12040.0 0.5902216854856525
12050.0 0.5902216854856525
12060.0 0.5901995806324452
12070.0 0.5900448466599947
12080.0 0.5898016932747155
12090.0 0.5896027495958506
12100.0 0.5894922253298145
12110.0 0.5894922253298145
12120.0 0.5894480156234001
12130.0 0.5892490719445354
12140.0 0.5890501282656704
12150.0 0.5889838137060488
12160.0 0.589005918559256
12170.0 0.5890501282656704
12180.0 0.589005918559256
12190.0 0.5888290797335983
12200.0 0.5886743457611479
12210.0 0.5886743457611479
12220.0 0.588696450614355
12230.0 0.5886080312015262
12240.0 0.5885196117886974
12250.0 0.5884975069354902
12260.0 0.5884975069354902
12270.0 0.5884090875226614
12280.0 0.5882764584034181
12290.000000000002 0.5882543535502109
12300.0 0.5882101438437966
12310.000000000002 0.5880775147245533
12320.0 0.5879227807521028
12330.000000000002 0.5877901516328595
12340.0 0.5877017322200307
12350.000000000002 0.587635417660409
12360.0 0.5875248933943731
12370.000000000002 0.5873922642751299
12380.0 0.5873259497155082
12390.000000000002 0.5873480545687154
12400.0 0.5873480545687154
12410.000000000002 0.5871491108898506
12420.0 0.5869501672109857
12430.000000000002 0.5869943769174001
12440.0 0.5870385866238145
12450.000000000002 0.5868617477981568
12460.0 0.586662804119292
12470.000000000002 0.5865964895596704
12480.0 0.5866185944128776
12490.000000000002 0.5865964895596704
12500.0 0.5865301750000487
12509.999999999998 0.5863975458808055
12520.0 0.5862649167615622
12529.999999999998 0.5861764973487334
12540.0 0.5861101827891118
12549.999999999998 0.5861101827891118
12560.0 0.5861101827891118
12569.999999999998 0.586021763376283
12580.0 0.5858449245506253
12589.999999999998 0.585601771165346
12600.0 0.5854249323396884
12609.999999999998 0.5854470371928955
12620.0 0.58549124689931
12629.999999999998 0.5854470371928955
12640.0 0.5853365129268595
12649.999999999998 0.5852923032204451
12660.0 0.5852038838076163
12669.999999999998 0.5850049401287514
12680.0 0.5848059964498865
12689.999999999998 0.5847396818902649
12700.0 0.5847175770370577
12709.999999999998 0.5846733673306432
12720.0 0.5846291576242288
12730.0 0.584651262477436
12740.0 0.5845849479178145
12750.0 0.5843417945325352
12760.0 0.5841207460004632
12770.0 0.5841428508536702
12780.0 0.5842533751197063
12790.0 0.5842754799729136
12800.0 0.5841649557068775
12810.0 0.5839439071748055
12820.0 0.5837228586427333
12830.0 0.5836786489363189
12840.0 0.5837228586427333
12850.0 0.5837670683491477
12860.0 0.5837449634959405
12870.0 0.5836123343766974
12880.0 0.5835018101106613
12890.0 0.5834576004042469
12900.0 0.5834576004042469
12910.0 0.5834354955510397
12920.0 0.583369180991418
12930.0 0.5832586567253819
12940.0 0.5831923421657604
12950.0 0.5831923421657604
12960.0 0.5831923421657604
12970.0 0.5830818178997244
12980.0 0.5829933984868955
12990.0 0.5830376081933099
13000.0 0.5831039227529315
13010.0 0.5830376081933099
13020.0 0.5829270839272739
13030.0 0.5828165596612378
13040.0 0.5827723499548234
13050.0 0.5827723499548234
13060.0 0.5828165596612378
13070.0 0.5829049790740667
13080.0 0.5829270839272739
13090.0 0.5829049790740667
13100.0 0.5829491887804811
13110.0 0.5831702373125531
13120.0 0.5833470761382108
13130.0 0.5832144470189675
13140.0 0.5830376081933099
13150.0 0.5829712936336884
13160.0 0.5830376081933099
13170.0 0.5831260276061387
13180.0 0.5831702373125531
13190.0 0.5831260276061387
