mejiro/data/filter_response/RomanSCA05-F106.ecsv
# %ECSV 1.0
# ---
# datatype:
# - {name: wavelength, unit: Angstrom, datatype: float64}
# - {name: response, datatype: float64}
# meta:
#   __serialized_columns__:
#     wavelength:
#       __class__: astropy.units.quantity.Quantity
#       unit: !astropy.units.Unit {unit: Angstrom}
#       value: !astropy.table.SerializedColumn {name: wavelength}
#   band_name: F106
#   group_name: RomanSCA05
# schema: astropy-2.0
wavelength response
9230.0 0.0
9240.0 2.2104853207207685e-05
9250.0 0.00011052426603603843
9260.0 0.0005968310365946076
9270.0 0.0024094289995856377
9280.0 0.008245110246288467
9290.0 0.02349745895926177
9300.0 0.056190536852721934
9310.0 0.1135747357786331
9320.0 0.1961805722139682
9330.0 0.29348613603209645
9340.0 0.3874538670159363
9350.0 0.4619472223242262
9360.0 0.5103789557012183
9370.0 0.5363079485132729
9380.0 0.5478466818874353
9390.0 0.5522676525288769
9400.0 0.553881306813003
9410.0 0.5544781378495975
9420.0 0.5548981300605346
9430.0 0.5553844368310932
9440.0 0.5558707436016517
9450.0 0.5561802115465525
9460.0 0.5564896794914534
9470.0 0.5569538814088049
9480.0 0.5574622930325707
9490.0 0.5578380755370932
9500.0 0.5582138580416157
9510.0 0.5587222696653815
9520.0 0.5592306812891472
9530.0 0.5595622540872554
9540.0 0.5598496171789491
9550.0 0.5601369802706427
9560.0 0.5604906579219581
9570.0 0.5608885452796878
9580.0 0.5612643277842103
9590.0 0.5615074811694897
9600.0 0.5617727394079761
9610.0 0.5621043122060843
9620.0 0.5624358850041924
9630.0 0.5627011432426788
9640.0 0.5629442966279581
9650.0 0.5632095548664445
9660.0 0.5634306033985167
9670.0 0.5635411276645527
9680.0 0.5637179664902103
9690.0 0.5640495392883185
9700.0 0.5643811120864266
9710.0 0.5645579509120843
9720.0 0.5647126848845347
9730.0 0.5649779431230212
9740.0 0.5652432013615077
9750.0 0.5653979353339581
9760.0 0.5655526693064087
9770.0 0.5658400323981023
9780.0 0.5661052906365888
9790.0 0.5661716051962105
9800.0 0.566237919755832
9810.0 0.5664368634346969
9820.0 0.566657911966769
9830.0 0.5667242265263907
9840.0 0.566768436232805
9850.0 0.5669452750584627
9860.0 0.5672105332969491
9870.0 0.5674094769758141
9880.0 0.5674978963886429
9890.0 0.5674094769758141
9900.0 0.5673873721226069
9910.0 0.5675642109482646
9920.0 0.5677852594803366
9930.0 0.5678515740399582
9940.0 0.5678515740399582
9950.0 0.5679399934527871
9960.0 0.5680726225720303
9970.0 0.5681389371316519
9980.0 0.5682273565444809
9990.0 0.5684263002233456
10000.0 0.5686473487554177
10009.999999999998 0.568779977874661
10020.0 0.5688241875810754
10029.999999999998 0.5688462924342825
10040.0 0.5688683972874898
10049.999999999998 0.5689126069939042
10060.0 0.569001026406733
10069.999999999998 0.5691115506727691
10080.0 0.5691778652323907
10089.999999999998 0.569199970085598
10100.0 0.5692220749388051
10109.999999999998 0.5693547040580483
10120.0 0.5695094380304988
10129.999999999998 0.5695978574433276
10140.0 0.5696199622965349
10149.999999999998 0.5695757525901205
10160.0 0.5695536477369132
10169.999999999998 0.5696420671497421
10180.0 0.5697525914157782
10189.999999999998 0.5698410108286069
10200.0 0.5698852205350213
10209.999999999998 0.5699073253882285
10220.0 0.5699515350946429
10230.0 0.5699957448010573
10240.0 0.5700399545074718
10250.0 0.5700399545074718
10260.0 0.5700178496542646
10270.0 0.5699736399478502
10280.0 0.5699736399478502
10290.0 0.5700841642138863
10300.0 0.5701504787735078
10310.0 0.5701062690670934
10320.0 0.5700178496542646
10330.0 0.5700178496542646
10340.0 0.570062059360679
10350.0 0.570062059360679
10360.0 0.5700399545074718
10370.0 0.5699957448010573
10380.0 0.5699515350946429
10390.0 0.5698852205350213
10400.0 0.5697746962689852
10410.0 0.5696641720029493
10420.0 0.5696199622965349
10430.0 0.5696862768561565
10440.0 0.5696862768561565
10450.0 0.5694873331772916
10460.0 0.5692441797920124
10470.0 0.5691557603791836
10480.0 0.5691778652323907
10490.0 0.5692220749388051
10500.0 0.5691778652323907
10510.0 0.5689568167003186
10520.0 0.5687357681682466
10530.0 0.5686473487554177
10540.0 0.5686473487554177
10550.0 0.5686031390490033
10560.0 0.5685368244893817
10570.0 0.5684263002233456
10580.0 0.5682273565444809
10590.0 0.5679178885995798
10600.0 0.5676526303610934
10610.0 0.5675200012418501
10620.0 0.5674757915354357
10630.0 0.5673652672693996
10640.0 0.5671663235905348
10650.0 0.566878960498841
10660.0 0.5666137022603546
10670.0 0.5664147585814897
10680.0 0.5662600246090393
10690.0 0.5660610809301744
10700.0 0.5658400323981023
10710.0 0.5657074032788592
10720.0 0.5655747741596159
10730.0 0.5654200401871654
10740.0 0.5652874110679221
10750.0 0.5651989916550934
10760.0 0.56506636253585
10770.0 0.564845314003778
10780.0 0.5645579509120843
10790.0 0.5642926926735978
10800.0 0.5641379587011472
10810.0 0.5640937489947329
10820.0 0.5640053295819041
10830.0 0.5637400713434176
10840.0 0.5634969179581383
10850.0 0.5634084985453095
10860.0 0.5633200791324806
10870.0 0.5631211354536158
10880.0 0.5628558772151293
10890.0 0.5626790383894716
10900.0 0.5625464092702285
10910.0 0.5624137801509851
10920.0 0.5622369413253274
10930.0 0.5620379976464627
10940.0 0.5618611588208049
10950.0 0.5617285297015617
10960.0 0.5615737957291113
10970.0 0.5613748520502464
10980.0 0.5614190617566608
10990.0 0.5618169491143905
11000.0 0.5622148364721203
11010.0 0.5622148364721203
11020.0 0.5620158927932554
11030.0 0.5619274733804266
11040.000000000002 0.5619274733804266
11050.0 0.5619274733804266
11060.000000000002 0.5619495782336338
11070.0 0.5619937879400483
11080.000000000002 0.5619495782336338
11090.0 0.5617948442611833
11100.000000000002 0.5616843199951472
11110.0 0.5617506345547689
11120.000000000002 0.5618611588208049
11130.0 0.5618611588208049
11140.000000000002 0.5618832636740122
11150.0 0.5619937879400483
11160.000000000002 0.5620822073528771
11170.0 0.5619495782336338
11180.000000000002 0.5618169491143905
11190.0 0.5619053685272193
11200.000000000002 0.5620601024996698
11210.0 0.5620379976464627
11220.000000000002 0.5620158927932554
11230.0 0.5621043122060843
11240.000000000002 0.5621485219124986
11250.0 0.5620158927932554
11259.999999999998 0.5618390539675978
11270.0 0.5617948442611833
11279.999999999998 0.5618390539675978
11290.0 0.5618611588208049
11299.999999999998 0.5619274733804266
11310.0 0.5619937879400483
11319.999999999998 0.5620601024996698
11330.0 0.5620601024996698
11339.999999999998 0.5620379976464627
11350.0 0.5620379976464627
11359.999999999998 0.5620379976464627
11370.0 0.5619937879400483
11379.999999999998 0.561971683086841
11390.0 0.5620601024996698
11399.999999999998 0.5621706267657058
11410.0 0.5622811510317418
11419.999999999998 0.5623032558849491
11430.0 0.5622369413253274
11439.999999999998 0.5621706267657058
11450.0 0.5622148364721203
11459.999999999998 0.5623032558849491
11470.0 0.5623253607381563
11480.0 0.5623032558849491
11490.0 0.5622590461785347
11500.0 0.5622369413253274
11510.0 0.5622369413253274
11520.0 0.5622148364721203
11530.0 0.5621264170592914
11540.0 0.5621043122060843
11550.0 0.5621706267657058
11560.0 0.5622369413253274
11570.0 0.5621264170592914
11580.0 0.561971683086841
11590.0 0.561971683086841
11600.0 0.5620379976464627
11610.0 0.5620601024996698
11620.0 0.5619937879400483
11630.0 0.5618611588208049
11640.0 0.5617506345547689
11650.0 0.5617064248483545
11660.0 0.5617064248483545
11670.0 0.5616401102887328
11680.0 0.5616401102887328
11690.0 0.5617064248483545
11700.0 0.5617064248483545
11710.0 0.5615295860226968
11720.0 0.5613085374906247
11730.0 0.5611980132245887
11740.0 0.5611538035181743
11750.0 0.5610874889585526
11760.0 0.5610211743989311
11770.0 0.5609548598393095
11780.0 0.5609327549861022
11790.0 0.5609990695457239
11800.0 0.5610653841053455
11810.0 0.5609769646925166
11820.0 0.5608664404264806
11830.0 0.5608222307200662
11840.0 0.5607780210136518
11850.0 0.5606453918944085
11860.0 0.5604685530687509
11870.0 0.5602917142430932
11880.0 0.5600927705642283
11890.0 0.5598054074725347
11900.0 0.5589433181974536
11910.0 0.556533889197868
11920.0 0.5511624098685164
11930.0 0.5402205075309486
11940.0 0.519928252286732
11950.0 0.48630677055856913
11960.0 0.43707926246611756
11970.0 0.3730636075780441
11980.0 0.29887972021465514
11990.0 0.22244113782413094
12000.0 0.1524792774233186
12010.0 0.09562559497438045
12020.0 0.05455477771538857
12030.0 0.0281836878391898
12040.0 0.013152387658288573
12050.0 0.005504108448594713
12060.0 0.0020778562014775225
12070.0 0.0007073553026306459
12080.0 0.00022104853207207686
12090.0 6.631455962162305e-05
12100.0 2.2104853207207685e-05
12110.0 0.0
