mejiro/data/filter_response/RomanSCA10-F158.ecsv
# %ECSV 1.0
# ---
# datatype:
# - {name: wavelength, unit: Angstrom, datatype: float64}
# - {name: response, datatype: float64}
# meta:
#   __serialized_columns__:
#     wavelength:
#       __class__: astropy.units.quantity.Quantity
#       unit: !astropy.units.Unit {unit: Angstrom}
#       value: !astropy.table.SerializedColumn {name: wavelength}
#   band_name: F158
#   group_name: RomanSCA10
# schema: astropy-2.0
wavelength response
13730.0 0.0
13740.000000000002 2.2104853207207685e-05
13750.0 4.420970641441537e-05
13759.999999999998 0.00017683882565766148
13770.0 0.0005747261833873998
13779.999999999998 0.0016357591373333687
13790.0 0.004199922109369461
13799.999999999998 0.009792449970793005
13810.0 0.02080066686798243
13819.999999999998 0.04029714739673961
13830.0 0.0713544661528664
13839.999999999998 0.11593995507180431
13850.0 0.17352309767658033
13859.999999999998 0.24050080289441964
13870.0 0.31068371182730403
13879.999999999998 0.37684353747647664
13890.0 0.4329456549163697
13899.999999999998 0.4758511749915598
13910.0 0.5055158879956326
13919.999999999998 0.5239513355704437
13930.0 0.5340532534861376
13939.999999999998 0.538982635751345
13950.0 0.5411710162188585
13959.999999999998 0.5420994200535613
13970.0 0.5425415171177055
13980.0 0.5426520413837415
13990.0 0.5425415171177055
14000.0 0.5423204685856333
14010.0 0.542165734613183
14020.0 0.5421215249067685
14030.0 0.5421436297599757
14040.0 0.5421436297599757
14050.0 0.5420552103471469
14060.0 0.5419004763746964
14070.0 0.5417236375490387
14080.0 0.5415467987233811
14090.0 0.5413920647509306
14100.0 0.5411931210720657
14110.0 0.5408836531271648
14120.0 0.5406404997418857
14130.0 0.5405962900354712
14140.0 0.540574185182264
14150.0 0.5404194512098135
14160.0 0.5401984026777414
14170.0 0.5400215638520838
14180.0 0.539933144439255
14190.0 0.5399552492924621
14200.0 0.5399773541456694
14210.0 0.5399552492924621
14220.0 0.540043668705291
14230.0 0.5403310317969846
14240.0 0.5407068143015071
14250.0 0.5409941773932009
14260.0 0.541104701659237
14270.0 0.5410825968060298
14280.0 0.5410604919528226
14290.0 0.5411268065124442
14300.0 0.5412373307784802
14310.0 0.5413036453381018
14320.0 0.541325750191309
14330.0 0.5413478550445162
14340.0 0.5414141696041378
14350.0 0.5414804841637595
14360.0 0.5415689035765884
14370.0 0.5416352181362099
14380.0 0.5416352181362099
14390.0 0.5415910084297955
14400.0 0.5415910084297955
14410.0 0.5417236375490387
14420.0 0.5418783715214892
14430.0 0.541966790934318
14440.0 0.5419888957875253
14450.0 0.541966790934318
14460.0 0.5419446860811109
14470.0 0.5419888957875253
14480.0 0.5420773152003541
14490.0 0.5422099443195973
14500.0 0.542386783145255
14510.0 0.5425415171177055
14520.0 0.5426299365305343
14530.0 0.5426299365305343
14540.0 0.5426520413837415
14550.0 0.5427625656497775
14560.0 0.542917299622228
14570.0 0.5430057190350568
14580.0 0.5431162433010928
14590.0 0.5432709772735432
14600.0 0.5434478160992009
14610.0 0.5435362355120298
14620.0 0.5436025500716514
14630.0 0.5437351791908946
14640.0 0.5438678083101379
14650.0 0.5439120180165523
14660.0 0.5440004374293811
14670.0 0.5441551714018316
14680.0 0.5443762199339036
14690.0 0.5445751636127686
14700.0 0.5446856878788047
14710.0 0.5447077927320118
14720.0 0.5447741072916334
14730.0 0.5449730509704982
14740.0 0.5452162043557776
14750.0 0.545370938328228
14760.0 0.545481462594264
14770.0 0.5456361965667145
14780.0 0.5457909305391649
14790.000000000002 0.5459456645116154
14800.0 0.5461225033372731
14810.000000000002 0.5463435518693451
14820.0 0.5465203906950028
14830.000000000002 0.5466530198142461
14840.0 0.5467635440802822
14850.000000000002 0.5469182780527326
14860.0 0.5470951168783902
14870.000000000002 0.5472277459976335
14880.0 0.5473382702636695
14890.000000000002 0.5474487945297055
14900.0 0.5475814236489488
14910.000000000002 0.5477582624746065
14920.0 0.5479351013002641
14930.000000000002 0.5480456255663001
14940.0 0.5481782546855435
14950.000000000002 0.5483993032176155
14960.0 0.5486203517496876
14970.000000000002 0.5487750857221381
14980.0 0.5488635051349668
14990.000000000002 0.5489077148413812
15000.0 0.5489961342542101
15009.999999999998 0.5491508682266606
15020.0 0.5493498119055253
15029.999999999998 0.5495487555843903
15040.0 0.5497034895568408
15049.999999999998 0.5498582235292911
15060.0 0.5500350623549489
15069.999999999998 0.5501676914741921
15080.0 0.5502782157402281
15089.999999999998 0.5503003205934354
15100.0 0.550366635153057
15109.999999999998 0.5505213691255074
15120.0 0.5507645225107867
15129.999999999998 0.5509634661896516
15140.0 0.5510960953088948
15149.999999999998 0.5511624098685164
15160.0 0.5511845147217237
15169.999999999998 0.5512287244281381
15180.0 0.5512950389877598
15189.999999999998 0.5513613535473812
15200.0 0.5514718778134173
15209.999999999998 0.5515824020794533
15220.0 0.5516929263454894
15230.0 0.5517813457583183
15240.0 0.5518918700243544
15250.0 0.5520023942903903
15260.0 0.5521571282628408
15270.0 0.552289757382084
15280.0 0.5523781767949129
15290.0 0.5524223865013272
15300.0 0.5524887010609489
15310.0 0.5526655398866065
15320.0 0.5528202738590571
15330.0 0.5528644835654715
15340.0 0.5528423787122642
15350.0 0.5528644835654715
15360.0 0.552930798125093
15370.0 0.5529750078315074
15380.0 0.5530634272443362
15390.0 0.553240266069994
15400.0 0.5533728951892373
15410.0 0.5533950000424444
15420.0 0.55335079033603
15430.0 0.5533286854828228
15440.0 0.5533728951892373
15450.0 0.5535497340148948
15460.0 0.5537265728405525
15470.0 0.5538149922533813
15480.0 0.5538592019597958
15490.0 0.5539476213726245
15500.0 0.5540139359322462
15510.0 0.553991831079039
15520.0 0.5539697262258318
15530.0 0.5540360407854534
15540.0 0.5541465650514894
15550.0 0.5541907747579039
15560.0 0.5541907747579039
15570.0 0.5541465650514894
15580.0 0.5541244601982823
15590.0 0.5542570893175255
15600.0 0.5543676135835615
15610.0 0.5543455087303544
15620.0 0.5543455087303544
15630.0 0.5545002427028048
15640.0 0.5546991863816696
15650.0 0.5547212912348769
15660.0 0.5546770815284625
15670.0 0.5546991863816696
15680.0 0.5547876057944985
15690.0 0.5549644446201561
15700.0 0.5550749688861921
15710.0 0.5549865494733633
15720.0 0.5548981300605346
15730.0 0.5550307591797777
15740.0 0.5552518077118498
15750.0 0.5553623319778859
15760.0 0.5553623319778859
15770.0 0.5553402271246787
15780.0 0.5552960174182643
15790.0 0.5553623319778859
15800.0 0.5554286465375076
15810.0 0.5554507513907148
15820.0 0.5555170659503363
15830.0 0.5556496950695796
15840.0 0.5557602193356157
15850.0 0.5557823241888228
15860.0 0.5558044290420301
15870.0 0.5559591630144805
15880.0 0.5561581066933454
15890.0 0.5562686309593814
15900.0 0.556334945519003
15910.0 0.5563791552254175
15920.0 0.5564675746382463
15930.0 0.556644413463904
15940.0 0.5568433571427688
15950.0 0.5569317765555976
15960.0 0.5569538814088049
15970.0 0.5569980911152193
15980.0 0.5571307202344625
15990.0 0.5573738736197418
16000.0 0.5575949221518138
16010.0 0.5577275512710571
16020.0 0.5577938658306788
16030.0 0.557926494949922
16040.000000000002 0.5580812289223724
16050.0 0.5582580677480301
16060.000000000002 0.558457011426895
16070.0 0.558678059958967
16080.000000000002 0.558877003637832
16090.0 0.5590096327570752
16100.000000000002 0.5591643667295256
16110.0 0.5594296249680122
16120.000000000002 0.5596506735000842
16130.0 0.5597611977661203
16140.000000000002 0.5598938268853635
16150.0 0.5601148754174355
16160.000000000002 0.5604243433623364
16170.0 0.5607117064540301
16180.000000000002 0.5609548598393095
16190.0 0.5611538035181743
16200.000000000002 0.561330642343832
16210.0 0.5614853763162824
16220.000000000002 0.5617064248483545
16230.0 0.5619274733804266
16240.000000000002 0.5621264170592914
16250.0 0.5622811510317418
16259.999999999998 0.5624579898573996
16270.0 0.5627453529490932
16279.999999999998 0.5630106111875798
16290.0 0.5631211354536158
16299.999999999998 0.5632316597196518
16310.0 0.5634748131049312
16319.999999999998 0.5637621761966247
16330.0 0.5640274344351113
16339.999999999998 0.5642705878203906
16350.0 0.5644695314992554
16359.999999999998 0.564646370324913
16370.0 0.5648895237101924
16379.999999999998 0.5651105722422646
16390.0 0.5653537256275437
16400.0 0.5655305644532014
16410.0 0.5656410887192375
16420.0 0.5657958226916879
16430.0 0.5660610809301744
16440.0 0.5663263391686608
16450.0 0.5664589682879042
16460.0 0.5665252828475258
16470.0 0.5666358071135619
16480.0 0.566768436232805
16490.0 0.566878960498841
16500.0 0.5670557993244988
16510.0 0.5673652672693996
16520.0 0.5675642109482646
16530.0 0.5675200012418501
16540.0 0.5674757915354357
16550.0 0.5676747352143006
16560.0 0.5679620983059942
16570.0 0.5681389371316519
16580.0 0.5682052516912736
16590.0 0.5683157759573096
16600.0 0.56847050992976
16610.0 0.5687357681682466
16620.0 0.5688905021406969
16630.0 0.5688020827278681
16640.0 0.5686915584618322
16650.0 0.5688683972874898
16660.0 0.5691336555259763
16670.0 0.5693104943516339
16680.0 0.5693547040580483
16690.0 0.5692662846452196
16700.0 0.569199970085598
16710.0 0.5693104943516339
16720.0 0.5694431234708771
16730.0 0.5694431234708771
16740.0 0.5694431234708771
16750.0 0.5695757525901205
16760.0 0.5697525914157782
16770.0 0.5698189059753996
16780.0 0.5698852205350213
16790.0 0.5700178496542646
16800.0 0.5701946884799223
16810.0 0.570283107892751
16820.0 0.5703494224523727
16830.0 0.5704378418652015
16840.0 0.5705262612780303
16850.0 0.5705483661312376
16860.0 0.5705704709844448
16870.0 0.5706367855440664
16880.0 0.5707473098101024
16890.0 0.5708357292229312
16900.0 0.5709020437825529
16910.0 0.5709462534889673
16920.0 0.5710567777550034
16930.0 0.5712778262870755
16940.0 0.5714325602595259
16950.0 0.5714325602595259
16960.0 0.5714767699659403
16970.0 0.5717420282044268
16980.0 0.5719630767364988
16990.0 0.5718967621768772
17000.0 0.5718525524704628
17010.0 0.5720736010025349
17020.0 0.5724272786538502
17030.0 0.5726483271859223
17040.0 0.5727367465987512
17050.0 0.5727367465987512
17060.0 0.5727588514519584
17070.0 0.5729577951308232
17080.0 0.5731788436628953
17090.0 0.5733114727821386
17100.0 0.5733777873417601
17110.0 0.5734883116077961
17120.0 0.5736430455802466
17130.0 0.5737977795526972
17140.0 0.5739304086719403
17150.0 0.5739746183783547
17160.0 0.574107247497598
17170.0 0.5744609251489133
17180.0 0.5748146028002287
17190.0 0.5749030222130574
17200.0 0.5749251270662648
17210.0 0.5750798610387151
17220.0 0.5752566998643728
17230.0 0.575389328983616
17240.0 0.5755440629560665
17250.0 0.5757651114881386
17260.0 0.5759640551670034
17270.0 0.5760524745798322
17280.0 0.5761187891394539
17290.0 0.5762293134054899
17300.0 0.5764061522311477
17310.0 0.5766272007632197
17320.0 0.5768261444420846
17330.0 0.5770029832677422
17340.0 0.5771798220933999
17350.0 0.5773566609190575
17360.0 0.5775334997447151
17370.0 0.5776440240107512
17380.0 0.5776661288639585
17390.0 0.5776219191575441
17400.0 0.5776882337171656
17410.0 0.5779534919556522
17420.0 0.5782629599005531
17430.0 0.5784176938730035
17440.0 0.5785282181390395
17450.0 0.57868295211149
17460.0 0.5788376860839404
17470.0 0.5788597909371477
17480.0 0.5788597909371477
17490.0 0.5789261054967694
17500.0 0.5789924200563908
17510.0 0.5790366297628053
17520.0 0.5791692588820485
17530.0 0.5794124122673279
17540.0 0.5796555656526071
17550.0 0.579743985065436
17560.0 0.579743985065436
17570.0 0.5797660899186431
17580.0 0.5798102996250576
17590.0 0.5798987190378865
17600.0 0.5800092433039225
17610.0 0.5801639772763729
17620.0 0.5802523966892017
17630.0 0.5802302918359945
17640.0 0.5802302918359945
17650.0 0.5803408161020306
17660.0 0.5804734452212738
17670.0 0.5805397597808954
17680.0 0.5805397597808954
17690.0 0.5805176549276883
17700.0 0.5804513403680667
17710.0 0.580385025808445
17720.0 0.5802081869827873
17730.0 0.5797881947718504
17740.0 0.5789040006435621
17750.0 0.5771798220933999
17760.0 0.5737977795526972
17770.0 0.5676526303610934
17780.0 0.557506502738985
17790.0 0.5418341618150748
17800.0 0.518977743598822
17810.0 0.4876330617510015
17820.0 0.44740222891388354
17830.0 0.3989704955368915
17840.0 0.3443051935554669
17850.0 0.28641258300579
17860.0 0.22880733554780674
17870.0 0.17495991313504883
17880.0 0.1276776321248316
17890.0 0.08872888077373164
17900.0 0.05857786099910037
17910.0 0.03669405632396476
17920.0 0.021773280409099573
17930.0 0.012223983823585851
17940.0 0.006476721989711852
17950.0 0.0032494134214595296
17960.0 0.001547339724504538
17970.0 0.0006852504494234382
17980.0 0.0002873630916936999
17990.0 0.00011052426603603843
18000.0 4.420970641441537e-05
18010.0 2.2104853207207685e-05
18020.0 0.0
