mejiro/data/filter_response/RomanSCA16-Grism_1stOrder.ecsv
# %ECSV 1.0
# ---
# datatype:
# - {name: wavelength, unit: Angstrom, datatype: float64}
# - {name: response, datatype: float64}
# meta:
#   __serialized_columns__:
#     wavelength:
#       __class__: astropy.units.quantity.Quantity
#       unit: !astropy.units.Unit {unit: Angstrom}
#       value: !astropy.table.SerializedColumn {name: wavelength}
#   band_name: Grism_1stOrder
#   group_name: RomanSCA16
# schema: astropy-2.0
wavelength response
[from data line 545]
15290.0 0.4072377106363872
15300.0 0.40690613783827906
15310.0 0.40666298445299975
15320.0 0.4063977262145133
15330.0 0.406044048563198
15340.0 0.40566826605867545
15350.0 0.4053145884073601
15360.0 0.40498301560925204
15370.0 0.4046293379579367
15380.0 0.40431987001303576
15390.0 0.4040546117745493
15400.0 0.40378935353606277
15410.0 0.40343567588474744
15420.0 0.4030156836738105
15430.0 0.40259569146287355
15440.0 0.40226411866476547
15450.0 0.40199886042627897
15460.0 0.40175570704099967
15470.0 0.4014462390960988
15480.0 0.40109256144478345
15490.0 0.4007609886466753
15500.0 0.4004294158485672
15510.0 0.4000094236376303
15520.0 0.39961153627990054
15530.0 0.39927996348179245
15540.0 0.3989483906836843
15550.0 0.3986168178855762
15560.0 0.39821893052784646
15570.0 0.39777683346370235
15580.0 0.3973789461059726
15590.0 0.39706947816107163
15600.0 0.39676001021617074
15610.0 0.3963400180052338
15620.0 0.39592002579429686
15630.0 0.39565476755581036
15640.0 0.39538950931732386
15650.0 0.39499162195959414
15660.0 0.39457162974865717
15670.0 0.39417374239092745
15680.0 0.3938200647396121
15690.0 0.3935548065011256
15700.0 0.3932011288498103
15710.0 0.39273692693245893
15720.0 0.39227272501510757
15730.0 0.39194115221699943
15740.0 0.391675893978513
15750.0 0.39134432118040485
15760.0 0.3909243289694679
15770.0 0.3904822319053238
15780.0 0.3900401348411796
15790.0 0.38964224748344983
15800.0 0.3892664649789273
15810.0 0.38886857762119764
15820.0 0.38849279511667506
15830.0 0.388161222318567
15840.0 0.38780754466725165
15850.0 0.3873654476031075
15860.0 0.3869675602453777
15870.0 0.3866359874472696
15880.0 0.38632651950236874
15890.0 0.3859728418510534
15900.0 0.38557495449332363
15910.0 0.3851549622823867
15920.0 0.3847791797778642
15930.0 0.3844697118329633
15940.0 0.38413813903485516
15950.0 0.38374025167712544
15960.0 0.3833202594661885
15970.0 0.3829002672552515
15980.0 0.38254658960393617
15990.0 0.38223712165903534
16000.0 0.3819276537141344
16010.0 0.38155187120961187
16020.0 0.3811539838518821
16030.0 0.3807560964941524
16040.000000000002 0.3804024188428371
16050.0 0.38004874119152177
16060.000000000002 0.37971716839341363
16070.0 0.3794077004485127
16080.000000000002 0.3790540227971974
16090.0 0.3786782402926749
16100.000000000002 0.37830245778815236
16110.0 0.3779929898432514
16120.000000000002 0.37768352189835047
16130.0 0.3772856345406208
16140.000000000002 0.37688774718289103
16150.0 0.37655617438478295
16160.000000000002 0.3762688112930892
16170.0 0.37598144820139556
16180.000000000002 0.3756719802564946
16190.0 0.3753183026051793
16200.000000000002 0.37494252010065676
16210.0 0.3745888424493415
16220.000000000002 0.37423516479802615
16230.0 0.373903591999918
16240.000000000002 0.3735499143486027
16250.0 0.3731741318440801
16259.999999999998 0.37279834933955763
16270.0 0.37251098624786394
16279.999999999998 0.372201518302963
16290.0 0.371781526092026
16299.999999999998 0.3713836387342963
16310.0 0.3710520659361882
16319.999999999998 0.3707425979912873
16330.0 0.3704552348995936
16339.999999999998 0.3701236621014855
16350.0 0.3697699844501702
16359.999999999998 0.36941630679885484
16370.0 0.3690847340007467
16379.999999999998 0.3687752660558458
16390.0 0.36844369325773774
16400.0 0.36806791075321516
16410.0 0.36767002339548543
16420.0 0.3672942408909629
16430.0 0.3670068777992692
16440.0 0.36669740985436833
16450.0 0.36632162734984575
16460.0 0.36587953028570164
16470.0 0.36550374778117906
16480.0 0.36512796527665653
16490.0 0.3647300779189268
16500.0 0.36437640026761153
16510.0 0.364111142029125
16520.0 0.36377956923101684
16530.0 0.3632932624604583
16540.0 0.36282906054310693
16550.0 0.3624974877449988
16560.0 0.36223222950651235
16570.0 0.361878551855197
16580.0 0.3614806644974673
16590.0 0.3611048819929447
16600.0 0.36077330919483663
16610.0 0.36048594610314294
16620.0 0.3601543733050348
16630.0 0.35964596168126906
16640.0 0.35913755005750325
16650.0 0.35880597725939517
16660.0 0.35854071902090867
16670.0 0.35820914622280053
16680.0 0.3577891540118636
16690.0 0.35730284724130507
16700.0 0.3568386453239537
16710.0 0.3564849676726384
16720.0 0.3561091851681158
16730.0 0.3556891929571789
16740.0 0.3552470958930347
16750.0 0.3549155230949266
16760.0 0.3545839502968185
16770.0 0.35420816779229597
16780.0 0.3538102804345662
16790.0 0.3534787076364581
16800.0 0.35314713483835
16810.0 0.35277135233382745
16820.0 0.3523955698293049
16830.0 0.3520197873247824
16840.0 0.35164400482025987
16850.0 0.3512240126093229
16860.0 0.3508261252515932
16870.0 0.3504282378938634
16880.0 0.3500745602425481
16890.0 0.3496987777380256
16900.0 0.3493008903802959
16910.0 0.3489030030225661
16920.0 0.3485493253712508
16930.0 0.3482398574263499
16940.0 0.347930389481449
16950.0 0.34748829241730483
16960.0 0.3470904050595751
16970.0 0.34680304196788136
16980.0 0.3465156788761877
16990.0 0.3460514769588363
17000.0 0.34558727504148495
17010.0 0.34527780709658407
17020.0 0.34505675856451196
17030.0 0.34476939547281826
17040.0 0.34439361296829574
17050.0 0.3439515159041516
17060.0 0.34353152369321466
17070.0 0.3431999508951065
17080.0 0.3428904829502056
17090.0 0.3425368052988903
17100.0 0.3421389179411606
17110.0 0.34176313543663805
17120.0 0.3414094577853227
17130.0 0.3410557801340074
17140.0 0.34070210248269206
17150.0 0.34028211027175514
17160.0 0.3399063277672326
17170.0 0.3396852792351605
17180.0 0.33944212584988126
17190.0 0.3390663433453587
17200.0 0.33862424628121457
17210.0 0.33827056862989924
17220.0 0.33791689097858385
17230.0 0.3375632133272685
17240.0 0.33718743082274605
17250.0 0.3368779628778451
17260.0 0.336546390079737
17270.0 0.33614850272200725
17280.0 0.33572851051107033
17290.0 0.33535272800654775
17300.0 0.3349990503552325
17310.0 0.33466747755712434
17320.0 0.33433590475901626
17330.0 0.3339822271077009
17340.0 0.3336285494563856
17350.0 0.3332969766582775
17360.0 0.3329432990069622
17370.0 0.3325454116492324
17380.0 0.33210331458508824
17390.0 0.3316391126677369
17400.0 0.33121912045679996
17410.0 0.3309096525118991
17420.0 0.3306443942734126
17430.0 0.33026861176889005
17440.0 0.3298707244111603
17450.0 0.32951704675984494
17460.0 0.3291412642553225
17470.0 0.3286991671911783
17480.0 0.32825707012703415
17490.0 0.32781497306289
17500.0 0.32741708570516026
17510.0 0.3269749886410161
17520.0 0.32659920613649357
17530.0 0.3262897381915926
17540.0 0.3259581653934845
17550.0 0.3255602780357548
17560.0 0.3250960761184034
17570.0 0.32465397905425925
17580.0 0.3242118819901151
17590.0 0.3238139946323854
17600.0 0.32341610727465564
17610.0 0.3230403247701331
17620.0 0.3226424374124034
17630.0 0.32217823549505203
17640.0 0.3217140335777007
17650.0 0.3213161462199709
17660.0 0.3209403637154484
17670.0 0.3205203715045114
17680.0 0.32005616958716004
17690.0 0.3195919676698087
17700.0 0.31910566089925013
17710.0 0.31866356383510597
17720.0 0.31822146677096186
17730.0 0.3177793697068177
17740.0 0.3173593774958807
17750.0 0.316961490138151
17760.0 0.3165857076336285
17770.0 0.3161436105694843
17780.0 0.31570151350534015
17790.0 0.3153257310008177
17800.0 0.3149278436430879
17810.0 0.31448574657894374
17820.0 0.3139994398083852
17830.0 0.3134689233314122
17840.0 0.3129605117076464
17850.0 0.3125184146435022
17860.0 0.3121205272857725
17870.0 0.31174474478125
17880.0 0.3113910671299347
17890.0 0.3110152846254121
17900.0 0.3106173972676824
17910.0 0.31017530020353823
17920.0 0.3096889934329797
17930.0 0.3092026866624211
17940.0 0.30878269445148415
17950.0 0.3084290168001688
17960.0 0.3080532342956463
17970.0 0.30756692752508774
17980.0 0.3070806207545292
17990.0 0.306638523690385
18000.0 0.3062848460390697
18010.0 0.3059532732409616
18020.0 0.3055995955896463
18030.0 0.3051574985255021
18040.0 0.30467119175494356
18050.0 0.3042290946907994
18060.0 0.3038312073330697
18070.0 0.3034554248285471
18080.0 0.30310174717723176
18090.0 0.30272596467270924
18100.0 0.3023280773149795
18110.0 0.30190808510404255
18120.0 0.3014659880398984
18130.0 0.3011123103885831
18140.0 0.30078073759047497
18150.0 0.30042705993915964
18160.0 0.3000291725814299
18170.0 0.29963128522370014
18180.0 0.2991670833063488
18190.0 0.29861446197616864
18200.0 0.29808394549919565
18210.0 0.2976860581414659
18220.0 0.297376590196565
18230.0 0.2970671222516641
18240.0 0.2967797591599704
18250.0 0.29649239606827665
18260.0 0.2962271378297902
18270.0 0.2958955650316821
18280.0 0.29549767767395235
18290.0 0.295033475756601
18300.0 0.29456927383924963
18310.0 0.2942155961879343
18320.0 0.2938398136834117
18330.0 0.2933977166192676
18340.0 0.29293351470191625
18350.0 0.29255773219739367
18360.0 0.29224826425249284
18370.0 0.2919387963075919
18380.0 0.29162932836269095
18390.0 0.2912756507113757
18400.0 0.29092197306006035
18410.0 0.29050198084912343
18420.0 0.2900377789317721
18430.0 0.2895735770144207
18440.0 0.28913147995027655
18450.0 0.2887114877393396
18460.0 0.28831360038160986
18470.0 0.28793781787708733
18480.0 0.287584140225772
18490.0 0.28723046257445667
18500.0 0.28683257521672695
18510.0 0.2863462684461684
18520.0 0.28583785682240254
18530.0 0.28546207431788007
18540.0 0.28510839666656473
18550.0 0.28466629960242057
18560.0 0.2842020976850692
18570.0 0.2838042103273395
18580.0 0.28342842782281696
18590.0 0.2830526453182944
18600.0 0.28267686281377186
18610.0 0.28230108030924933
18620.0 0.2819031929515196
18630.0 0.2814832007405827
18640.0 0.28099689397002414
18650.0 0.2804000629334295
18660.0 0.2798253367500421
18670.0 0.27938323968589795
18680.0 0.27900745718137543
18690.0 0.27858746497043846
18700.0 0.2781011581998799
18710.0 0.27761485142932135
18720.0 0.2772169640715916
18730.0 0.27697381068631227
18740.0 0.27670855244782583
18750.0 0.27624435053047447
18760.0 0.27571383405350147
18770.0 0.27531594669577175
18780.0 0.2748959544848348
18790.0 0.2743654380078618
18800.0 0.2737907118244744
18810.0 0.2732823002007086
18820.0 0.27275178372373565
18830.0 0.2720665332743122
18840.0 0.27129286341205994
18850.0 0.27047498384339325
18860.0 0.26954658000869053
18870.0 0.2683971276419157
18880.0 0.267048731596276
18890.0 0.2654350773121499
18900.0 0.26357826964274444
18910.0 0.2613898891752309
18920.0 0.258737306790366
18930.0 0.2553773691028704
18940.0 0.2514648100851946
18950.0 0.2471101540033747
18960.0 0.24209235232533857
18970.0 0.23627877593184293
18980.0 0.2297578442357167
18990.0 0.22255166209016697
19000.0 0.21461601978877942
19010.0 0.20581828821231077
19020.0 0.19624688677358984
19030.0 0.1860786542982743
19040.0 0.17533569563957135
19050.0 0.16410643021030985
19060.0 0.1524792774233186
19070.0 0.14058686639784088
19080.0 0.12860603595953432
19090.0 0.116757834640471
19100.0 0.10513068185347976
19110.0 0.09387931157101105
19120.0 0.0830921432058937
19130.0 0.07285759617095654
19140.0 0.06328619473223561
19150.0 0.054444253449352525
19160.0 0.04639808688192893
19170.0 0.0391255901767576
19180.0 0.03267097304025296
19190.0 0.026990025766000583
19200.0 0.022082748354000478
19210.0 0.017882826244631018
19220.0 0.014346049731477788
19230.0 0.011361894548504751
19240.0 0.008908255842504698
19250.0 0.006918819053856006
19260.0 0.005305164769729844
19270.0 0.004023083283711799
19280.0 0.003006260036180245
19290.0 0.002232590173927976
19300.0 0.0016357591373333687
19310.0 0.0011936620731892152
19320.0 0.0008620892750810997
19330.0 0.0005968310365946076
19340.0 0.000419992210936946
19350.0 0.0002873630916936999
19360.0 0.00019894367886486917
19370.0 0.0001326291192432461
19380.0 8.841941282883074e-05
19390.0 6.631455962162305e-05
19400.0 4.420970641441537e-05
19410.0 2.2104853207207685e-05
19420.0 2.2104853207207685e-05
19430.0 0.0
