mejiro/data/filter_response/RomanSCA17-F184.ecsv
# %ECSV 1.0
# ---
# datatype:
# - {name: wavelength, unit: Angstrom, datatype: float64}
# - {name: response, datatype: float64}
# meta:
#   __serialized_columns__:
#     wavelength:
#       __class__: astropy.units.quantity.Quantity
#       unit: !astropy.units.Unit {unit: Angstrom}
#       value: !astropy.table.SerializedColumn {name: wavelength}
#   band_name: F184
#   group_name: RomanSCA17
# schema: astropy-2.0
wavelength response
16590.0 0.0
16600.0 2.2104853207207685e-05
16610.0 4.420970641441537e-05
16620.0 0.00011052426603603843
16630.0 0.0002652582384864922
16640.0 0.0006410407430090229
16650.0 0.0014147106052612918
16660.0 0.00296205032976583
16670.0 0.005857786099910036
16680.0 0.010941902337567805
16690.0 0.01936385140951393
16700.0 0.032427819654973676
16710.0 0.05157062253241553
16720.0 0.0779417124086143
16730.0 0.11207160576054297
16740.0 0.1536287297900934
16750.0 0.20133100301124762
16760.0 0.25276899642441986
16770.0 0.30493644999343
16780.0 0.3547165794160617
16790.0 0.39945680230745007
16800.0 0.4373003109981896
16810.0 0.46734080650678483
16820.0 0.48979933736530795
16830.0 0.5056264122616686
16840.0 0.5161262175350922
16850.0 0.5226471492312185
16860.0 0.5264933936892727
16870.0 0.528659669303579
16880.0 0.5298533313767682
16890.0 0.5304943721197772
16900.0 0.5308259449178854
16910.0 0.531002783743543
16920.0 0.5311575177159934
16930.0 0.5314006711012728
16940.0 0.5315996147801376
16950.0 0.5316217196333448
16960.0 0.5316880341929665
16970.0 0.531953292431453
16980.0 0.5321964458167322
16990.0 0.5321743409635251
17000.0 0.5321522361103178
17010.0 0.5323953894955972
17020.0 0.5327490671469124
17030.0 0.5329922205321918
17040.0 0.5331027447982278
17050.0 0.5331248496514349
17060.0 0.5331911642110566
17070.0 0.5333901078899214
17080.0 0.5336332612752007
17090.0 0.5337879952476512
17100.0 0.5338985195136872
17110.0 0.5340311486329306
17120.0 0.5342079874585881
17130.0 0.5343848262842458
17140.0 0.5345395602566962
17150.0 0.5346058748163178
17160.0 0.5347606087887683
17170.0 0.5351363912932908
17180.0 0.5354900689446062
17190.0 0.5356226980638494
17200.0 0.5356669077702638
17210.0 0.5358437465959215
17220.0 0.5360426902747863
17230.0 0.5361974242472368
17240.0 0.5363521582196873
17250.0 0.5365953116049667
17260.0 0.5368163601370387
17270.0 0.5369268844030747
17280.0 0.5370153038159035
17290.0 0.5371700377883539
17300.0 0.5373468766140116
17310.0 0.5375679251460838
17320.0 0.5377889736781558
17330.0 0.5379879173570207
17340.0 0.5381647561826783
17350.0 0.5383858047147504
17360.0 0.5385626435404081
17370.0 0.5386952726596512
17380.0 0.5387394823660657
17390.0 0.5387173775128585
17400.0 0.5388057969256873
17410.0 0.5390710551641738
17420.0 0.5393805231090748
17430.0 0.5395573619347324
17440.0 0.5396678862007684
17450.0 0.5398447250264261
17460.0 0.5399994589988765
17470.0 0.540043668705291
17480.0 0.5400657735584982
17490.0 0.5401320881181197
17500.0 0.5402205075309486
17510.0 0.540264717237363
17520.0 0.5403973463566063
17530.0 0.5406626045950927
17540.0 0.5409057579803721
17550.0 0.5409941773932009
17560.0 0.5409941773932009
17570.0 0.5410162822464081
17580.0 0.5410604919528226
17590.0 0.5411489113656514
17600.0 0.5412594356316873
17610.0 0.5414141696041378
17620.0 0.5415025890169667
17630.0 0.5415025890169667
17640.0 0.5415025890169667
17650.0 0.5416131132830028
17660.0 0.5417457424022459
17670.0 0.5418120569618675
17680.0 0.5418341618150748
17690.0 0.5417899521086604
17700.0 0.5417899521086604
17710.0 0.5417899521086604
17720.0 0.5418120569618675
17730.0 0.5418562666682819
17740.0 0.5419004763746964
17750.0 0.5420331054939397
17760.0 0.542165734613183
17770.0 0.5422099443195973
17780.0 0.5422541540260117
17790.0 0.5423646782920477
17800.0 0.5424752025580838
17810.0 0.5424973074112911
17820.0 0.5424530977048766
17830.0 0.5423425734388405
17840.0 0.5422762588792189
17850.0 0.5422983637324261
17860.0 0.5424088879984622
17870.0 0.5425636219709126
17880.0 0.5427404607965702
17890.0 0.5428951947690207
17900.0 0.5429836141818496
17910.0 0.543027823888264
17920.0 0.5430057190350568
17930.0 0.5429615093286424
17940.0 0.5430057190350568
17950.0 0.5432046627139216
17960.0 0.5433593966863721
17970.0 0.5433372918331649
17980.0 0.5432930821267505
17990.0 0.5433593966863721
18000.0 0.5435362355120298
18010.0 0.543779388897309
18020.0 0.5439562277229667
18030.0 0.5440004374293811
18040.0 0.5440004374293811
18050.0 0.5440446471357955
18060.0 0.5441551714018316
18070.0 0.5443320102274892
18080.0 0.5445088490531469
18090.0 0.5447077927320118
18100.0 0.544840421851255
18110.0 0.5449067364108767
18120.0 0.5449951558237055
18130.0 0.5451940995025704
18140.0 0.5454372528878496
18150.0 0.5456361965667145
18160.0 0.5457688256859577
18170.0 0.5459014548052009
18180.0 0.5459235596584082
18190.0 0.5457688256859577
18200.0 0.5456583014199218
18210.0 0.5457909305391649
18220.0 0.5460782936308587
18230.0 0.5463877615757595
18240.0 0.5467193343738677
18250.0 0.547073012025183
18260.0 0.5474266896764983
18270.0 0.5476919479149849
18280.0 0.5478466818874353
18290.0 0.5478466818874353
18300.0 0.5478687867406424
18310.0 0.5480456255663001
18320.0 0.548244569245165
18330.0 0.5482887789515795
18340.0 0.5483108838047867
18350.0 0.5484877226304443
18360.0 0.5487750857221381
18370.0 0.5490845536670389
18380.0 0.5493719167587326
18390.0 0.5495929652908047
18400.0 0.5497698041164624
18410.0 0.5498803283824983
18420.0 0.5499024332357055
18430.0 0.5499024332357055
18440.0 0.5499024332357055
18450.0 0.5500129575017416
18460.0 0.5501455866209849
18470.0 0.5503003205934354
18480.0 0.5504992642723002
18490.0 0.5507203128043723
18500.0 0.5508529419236156
18510.0 0.5507645225107867
18520.0 0.5506982079511651
18530.0 0.5508529419236156
18540.0 0.5510518856024804
18550.0 0.5510739904556876
18560.0 0.5510739904556876
18570.0 0.5511845147217237
18580.0 0.5513392486941742
18590.0 0.5514939826666245
18600.0 0.5516266117858678
18610.0 0.5517592409051111
18620.0 0.5518918700243544
18630.0 0.5519581845839758
18640.0 0.551869765171147
18650.0 0.5515602972262462
18660.0 0.5513171438409669
18670.0 0.5513613535473812
18680.0 0.5514939826666245
18690.0 0.5515381923730389
18700.0 0.5514718778134173
18710.0 0.5513834584005886
18720.0 0.5514718778134173
18730.0 0.5518918700243544
18740.0 0.5522676525288769
18750.0 0.5522455476756696
18760.0 0.5521129185564264
18770.0 0.5522234428224625
18780.0 0.5523781767949129
18790.0 0.5523118622352913
18800.0 0.5522013379692552
18810.0 0.552289757382084
18820.0 0.55240028164812
18830.0 0.5523560719417057
18840.0 0.5523118622352913
18850.0 0.5523560719417057
18860.0 0.5524223865013272
18870.0 0.5524223865013272
18880.0 0.55240028164812
18890.0 0.5523781767949129
18900.0 0.5524665962077416
18910.0 0.5526876447398138
18920.0 0.5527318544462282
18930.0 0.55240028164812
18940.0 0.5520244991435975
18950.0 0.5519581845839758
18960.0 0.5520023942903903
18970.0 0.5518476603179399
18980.0 0.5517371360519038
18990.0 0.5519360797307687
19000.0 0.552179233116048
19010.0 0.5522455476756696
19020.0 0.5522013379692552
19030.0 0.552289757382084
19040.0 0.5524223865013272
19050.0 0.5525329107673633
19060.0 0.5524887010609489
19070.0 0.552289757382084
19080.0 0.5520466039968047
19090.0 0.5519360797307687
19100.0 0.5520023942903903
19110.0 0.5521571282628408
19120.0 0.552289757382084
19130.0 0.5523118622352913
19140.0 0.552289757382084
19150.0 0.5523339670884985
19160.0 0.5523118622352913
19170.0 0.5521350234096335
19180.0 0.5518476603179399
19190.0 0.5515602972262462
19200.0 0.5515381923730389
19210.0 0.5519802894371831
19220.0 0.5524444913545346
19230.0 0.5524887010609489
19240.0 0.5523560719417057
19250.0 0.5522676525288769
19260.0 0.5520908137032191
19270.0 0.5517150311986966
19280.0 0.5515160875198318
19290.0 0.5517592409051111
19300.0 0.5521571282628408
19310.0 0.5523339670884985
19320.0 0.5522455476756696
19330.0 0.5519581845839758
19340.0 0.5517150311986966
19350.0 0.5517371360519038
19360.0 0.5518476603179399
19370.0 0.5518476603179399
19380.0 0.5517813457583183
19390.0 0.5518255554647327
19400.0 0.5519802894371831
19410.0 0.5522234428224625
19420.0 0.5523560719417057
19430.0 0.5522234428224625
19440.0 0.5519581845839758
19450.0 0.5517371360519038
19460.0 0.551648716639075
19470.0 0.5517371360519038
19480.0 0.5518255554647327
19490.0 0.5517150311986966
19500.0 0.5516708214922822
19510.0 0.551869765171147
19520.0 0.5521129185564264
19530.0 0.5522013379692552
19540.0 0.5522013379692552
19550.0 0.5522455476756696
19560.0 0.5523781767949129
19570.0 0.552510805914156
19580.0 0.5525329107673633
19590.0 0.5523339670884985
19600.0 0.5522455476756696
19610.0 0.5525329107673633
19620.0 0.5527981690058498
19630.0 0.552709749593021
19640.0 0.552510805914156
19650.0 0.5525550156205705
19660.0 0.5527318544462282
19670.0 0.5528865884186785
19680.0 0.5530192175379218
19690.0 0.5531076369507507
19700.0 0.5531076369507507
19710.0 0.5530192175379218
19720.0 0.5529529029783002
19730.0 0.5530634272443362
19740.0 0.5531518466571652
19750.0 0.5529750078315074
19760.0 0.5527318544462282
19770.0 0.5526876447398138
19780.0 0.5526655398866065
19790.0 0.5525329107673633
19800.0 0.5522013379692552
19810.0 0.5515160875198318
19820.0 0.5504329497126785
19830.0 0.5487529808689308
19840.0 0.5461667130436875
19850.0 0.5422983637324261
19860.0 0.5368605698434531
19870.0 0.5294996537254529
19880.0 0.51970720375466
19890.0 0.5068863888944795
19900.0 0.4906835314935962
19910.0 0.4708775830199381
19920.0 0.4472695997946403
19930.0 0.4199480012305316
19940.0 0.3891559407128913
19950.0 0.3554239347186924
19960.0 0.31945933855056546
19970.0 0.2821463463367989
19980.0 0.2447891444166179
19990.0 0.2084708705971757
20000.0 0.1740315093003461
20010.0 0.14217841582875984
20019.999999999996 0.11364105033825471
20030.0 0.08881730018656048
20040.0 0.0678397944929204
20050.0 0.0506201138445056
20059.999999999996 0.03687089514962242
20070.0 0.026194251050541108
20080.0 0.01814808448311751
20090.0 0.012268193530000266
20099.999999999996 0.008090376273838013
20110.0 0.005194640503693806
20120.0 0.0032494134214595296
20130.0 0.0019894367886486917
20139.999999999996 0.0011715572199820074
20150.0 0.0006852504494234382
20160.0 0.00037578250452253065
20170.0 0.00019894367886486917
20179.999999999996 0.00011052426603603843
20190.0 6.631455962162305e-05
20200.0 2.2104853207207685e-05
20210.0 2.2104853207207685e-05
20219.999999999996 0.0
