mejiro/data/filter_response/RomanSCA08-F129.ecsv
# %ECSV 1.0
# ---
# datatype:
# - {name: wavelength, unit: Angstrom, datatype: float64}
# - {name: response, datatype: float64}
# meta:
#   __serialized_columns__:
#     wavelength:
#       __class__: astropy.units.quantity.Quantity
#       unit: !astropy.units.Unit {unit: Angstrom}
#       value: !astropy.table.SerializedColumn {name: wavelength}
#   band_name: F129
#   group_name: RomanSCA08
# schema: astropy-2.0
wavelength response
11130.0 0.0
11140.000000000002 2.2104853207207685e-05
11150.0 0.00011052426603603843
11160.000000000002 0.0005305164769729844
11170.0 0.0019894367886486917
11180.000000000002 0.006476721989711852
11190.0 0.017927035951045434
11200.000000000002 0.042551842423874796
11210.0 0.08702680707677665
11220.000000000002 0.15453502877158895
11230.0 0.2406997465732845
11240.000000000002 0.3330538232729982
11250.0 0.4161459664788919
11259.999999999998 0.4789458544405689
11270.0 0.5189556387456149
11279.999999999998 0.5404194512098135
11290.0 0.550057167208156
11299.999999999998 0.5537265728405525
11310.0 0.5549644446201561
11319.999999999998 0.5553181222714715
11330.0 0.5553623319778859
11339.999999999998 0.5553623319778859
11350.0 0.5553402271246787
11359.999999999998 0.5553402271246787
11370.0 0.5552739125650571
11379.999999999998 0.5552518077118498
11390.0 0.5552960174182643
11399.999999999998 0.5554065416843003
11410.0 0.5554949610971291
11419.999999999998 0.5554949610971291
11430.0 0.5554286465375076
11439.999999999998 0.5553402271246787
11450.0 0.5553623319778859
11459.999999999998 0.5554286465375076
11470.0 0.5554286465375076
11480.0 0.5553844368310932
11490.0 0.5553181222714715
11500.0 0.5552739125650571
11510.0 0.5552518077118498
11520.0 0.5552075980054354
11530.0 0.5550970737393994
11540.0 0.555052864032985
11550.0 0.5550970737393994
11560.0 0.5551191785926066
11570.0 0.5549865494733633
11580.0 0.5548318155009129
11590.0 0.5547876057944985
11600.0 0.5548318155009129
11610.0 0.5548097106477057
11620.0 0.554743396088084
11630.0 0.5545886621156336
11640.0 0.5544339281431832
11650.0 0.5543676135835615
11660.0 0.5543234038771471
11670.0 0.5542570893175255
11680.0 0.5542128796111111
11690.0 0.5542570893175255
11700.0 0.5542349844643183
11710.0 0.5540360407854534
11720.0 0.5537928874001742
11730.0 0.5536381534277237
11740.0 0.5535718388681021
11750.0 0.5534834194552732
11760.0 0.5533950000424444
11770.0 0.5532844757764084
11780.0 0.553240266069994
11790.0 0.5532844757764084
11800.0 0.5533065806296156
11810.0 0.5531960563635796
11820.0 0.5530634272443362
11830.0 0.5529971126847146
11840.0 0.552930798125093
11850.0 0.5527760641526426
11860.0 0.5525992253269849
11870.0 0.55240028164812
11880.0 0.552289757382084
11890.0 0.5522455476756696
11900.0 0.5522013379692552
11910.0 0.5519802894371831
11920.0 0.5518034506115255
11930.0 0.5517371360519038
11940.0 0.5516708214922822
11950.0 0.5514718778134173
11960.0 0.5512729341345525
11970.0 0.5512287244281381
11980.0 0.5511845147217237
11990.0 0.5510297807492731
12000.0 0.5508308370704083
12010.0 0.5507203128043723
12020.0 0.5506539982447506
12030.0 0.5505655788319218
12040.0 0.550477159419093
12050.0 0.5504550545658858
12060.0 0.5503887400062641
12070.0 0.5502119011806065
12080.0 0.5499687477953272
12090.0 0.5497476992632552
12100.0 0.5496150701440119
12110.0 0.5495708604375975
12120.0 0.5494824410247686
12130.0 0.5492834973459038
12140.0 0.5490403439606245
12150.0 0.5489519245477956
12160.0 0.5489298196945884
12170.0 0.5489298196945884
12180.0 0.5488635051349668
12190.0 0.5486424566028948
12200.0 0.5484435129240299
12210.0 0.5483993032176155
12220.0 0.5483993032176155
12230.0 0.5482666740983723
12240.0 0.5481119401259218
12250.0 0.5480677304195074
12260.0 0.5480235207130929
12270.0 0.5478687867406424
12280.0 0.547714052768192
12290.000000000002 0.5476477382085704
12300.0 0.5475593187957416
12310.000000000002 0.5474045848232911
12320.0 0.5471835362912191
12330.000000000002 0.5470288023187686
12340.0 0.5468961731995253
12350.000000000002 0.5467856489334892
12360.0 0.5466530198142461
12370.000000000002 0.5464761809885884
12380.0 0.5463656567225523
12390.000000000002 0.5463656567225523
12400.0 0.5462993421629307
12410.000000000002 0.5460782936308587
12420.0 0.5458572450987865
12430.000000000002 0.5458572450987865
12440.0 0.5458572450987865
12450.000000000002 0.5456583014199218
12460.0 0.5454151480346424
12470.000000000002 0.5453267286218136
12480.0 0.5453267286218136
12490.000000000002 0.545260414062192
12500.0 0.5451719946493632
12509.999999999998 0.5450172606769127
12520.0 0.5448846315576694
12529.999999999998 0.5447520024384261
12540.0 0.5446635830255974
12549.999999999998 0.5446414781723902
12560.0 0.544619373319183
12569.999999999998 0.5445088490531469
12580.0 0.5443320102274892
12589.999999999998 0.54408885684221
12600.0 0.5438899131633451
12609.999999999998 0.5438899131633451
12620.0 0.5439341228697595
12629.999999999998 0.5438678083101379
12640.0 0.543757284044102
12649.999999999998 0.5437130743376875
12660.0 0.5436246549248586
12669.999999999998 0.5434257112459938
12680.0 0.5432267675671288
12689.999999999998 0.5431604530075073
12700.0 0.5431383481543001
12709.999999999998 0.5430941384478857
12720.0 0.5430499287414713
12730.0 0.5430499287414713
12740.0 0.5430057190350568
12750.0 0.5427625656497775
12760.0 0.5425636219709126
12770.0 0.5425857268241199
12780.0 0.5426962510901558
12790.0 0.5427183559433632
12800.0 0.5426299365305343
12810.0 0.5424088879984622
12820.0 0.5422320491728045
12830.0 0.54218783946639
12840.0 0.5422320491728045
12850.0 0.5422983637324261
12860.0 0.5422762588792189
12870.0 0.54218783946639
12880.0 0.5420994200535613
12890.0 0.5420773152003541
12900.0 0.5420773152003541
12910.0 0.5420773152003541
12920.0 0.5420331054939397
12930.0 0.541966790934318
12940.0 0.5419225812279036
12950.0 0.5419446860811109
12960.0 0.5419446860811109
12970.0 0.5418783715214892
12980.0 0.5418120569618675
12990.0 0.5418783715214892
13000.0 0.541966790934318
13010.0 0.5419446860811109
13020.0 0.5418562666682819
13030.0 0.5417899521086604
13040.0 0.5417678472554531
13050.0 0.5418120569618675
13060.0 0.5419004763746964
13070.0 0.5419888957875253
13080.0 0.5420552103471469
13090.0 0.5420552103471469
13100.0 0.5421436297599757
13110.0 0.542386783145255
13120.0 0.5425857268241199
13130.0 0.5425194122644982
13140.0 0.5423646782920477
13150.0 0.5423646782920477
13160.0 0.5424752025580838
13170.0 0.5425857268241199
13180.0 0.5426741462369487
13190.0 0.5426741462369487
13200.0 0.5426741462369487
13210.0 0.5427404607965702
13220.0 0.5428509850626063
13230.0 0.5429615093286424
13240.0 0.5430499287414713
13250.0 0.5431162433010928
13260.0 0.5431825578607145
13270.0 0.5432930821267505
13280.0 0.5433593966863721
13290.0 0.5433593966863721
13300.0 0.5434036063927865
13310.0 0.543558340365237
13320.0 0.5437351791908946
13330.0 0.5439120180165523
13340.0 0.543978332576174
13350.0 0.5440004374293811
13360.0 0.5440446471357955
13370.0 0.5442435908146604
13380.0 0.5443762199339036
13390.0 0.5443320102274892
13400.0 0.5442435908146604
13410.0 0.5442878005210748
13420.0 0.5444425344935253
13430.0 0.5445972684659757
13440.0 0.5447520024384261
13450.0 0.5448625267044622
13460.0 0.5449730509704982
13470.0 0.5451056800897416
13480.0 0.5452162043557776
13490.0 0.5453046237686063
13500.0 0.5453488334750207
13510.0 0.5454151480346424
13520.0 0.5454372528878496
13530.0 0.5454372528878496
13540.000000000002 0.5454593577410568
13550.0 0.5455919868603001
13560.000000000002 0.5456583014199218
13570.0 0.5456140917135074
13580.000000000002 0.5456140917135074
13590.0 0.5457467208327506
13600.000000000002 0.5459014548052009
13610.0 0.5459014548052009
13620.000000000002 0.5458351402455794
13630.0 0.5457909305391649
13640.000000000002 0.5457688256859577
13650.0 0.5457909305391649
13660.000000000002 0.5458572450987865
13670.0 0.546011979071237
13680.000000000002 0.5461446081904803
13690.0 0.546210922750102
13700.000000000002 0.546233027603309
13710.0 0.546210922750102
13720.000000000002 0.546210922750102
13730.0 0.546233027603309
13740.000000000002 0.5462993421629307
13750.0 0.5463656567225523
13759.999999999998 0.5464540761353812
13770.0 0.5465203906950028
13779.999999999998 0.5465203906950028
13790.0 0.5464761809885884
13799.999999999998 0.546431971282174
13810.0 0.5464540761353812
13819.999999999998 0.5464761809885884
13830.0 0.5464540761353812
13839.999999999998 0.5463656567225523
13850.0 0.546210922750102
13859.999999999998 0.5461225033372731
13870.0 0.5461667130436875
13879.999999999998 0.546233027603309
13890.0 0.546210922750102
13899.999999999998 0.5462551324565164
13910.0 0.5464761809885884
13919.999999999998 0.5466751246674533
13930.0 0.5466309149610389
13939.999999999998 0.5464982858417956
13950.0 0.546431971282174
13959.999999999998 0.5464761809885884
13970.0 0.5466088101078316
13980.0 0.5466751246674533
13990.0 0.5465424955482101
14000.0 0.5463656567225523
14010.0 0.5462551324565164
14020.0 0.5462551324565164
14030.0 0.5462993421629307
14040.0 0.5463435518693451
14050.0 0.5462993421629307
14060.0 0.5461667130436875
14070.0 0.5460340839244443
14080.0 0.5458793499519938
14090.0 0.5457688256859577
14100.0 0.5455919868603001
14110.0 0.5453046237686063
14120.0 0.5450835752365343
14130.0 0.5450614703833272
14140.0 0.5450614703833272
14150.0 0.5449288412640838
14160.0 0.5447298975852191
14170.0 0.5445530587595613
14180.0 0.5444867441999397
14190.0 0.5445309539063541
14200.0 0.5445530587595613
14210.0 0.5445530587595613
14220.0 0.5446414781723902
14230.0 0.5449509461172911
14240.0 0.5453267286218136
14250.0 0.5456140917135074
14260.0 0.5457467208327506
14270.0 0.5457246159795434
14280.0 0.5456804062731289
14290.0 0.5457467208327506
14300.0 0.5458572450987865
14310.0 0.5459014548052009
14320.0 0.5459235596584082
14330.0 0.5459456645116154
14340.0 0.5459898742180299
14350.0 0.5460561887776515
14360.0 0.5461225033372731
14370.0 0.5461446081904803
14380.0 0.5461003984840659
14390.0 0.5459014548052009
14400.0 0.5453930431814352
14410.0 0.543978332576174
14420.0 0.540043668705291
14430.0 0.5306270012390205
14440.0 0.5114841983615785
14450.0 0.4777742972205869
14460.0 0.4262036746881714
14470.0 0.3575681054797915
14480.0 0.27805694849346546
14490.0 0.19790475076413042
14500.0 0.12754500300558833
14510.0 0.07380810485886645
14520.0 0.038086662076018844
14530.0 0.017440729180486864
14540.0 0.007073553026306459
14550.0 0.0025199532656216763
14560.0 0.0007957747154594767
14570.0 0.00022104853207207686
14580.0 4.420970641441537e-05
14590.0 2.2104853207207685e-05
14600.0 0.0
