mejiro/data/filter_response/RomanSCA12-F129.ecsv
# %ECSV 1.0
# ---
# datatype:
# - {name: wavelength, unit: Angstrom, datatype: float64}
# - {name: response, datatype: float64}
# meta:
#   __serialized_columns__:
#     wavelength:
#       __class__: astropy.units.quantity.Quantity
#       unit: !astropy.units.Unit {unit: Angstrom}
#       value: !astropy.table.SerializedColumn {name: wavelength}
#   band_name: F129
#   group_name: RomanSCA12
# schema: astropy-2.0
wavelength response
11160.000000000002 0.0
11170.0 2.2104853207207685e-05
11180.000000000002 0.0001547339724504538
11190.0 0.0007515650090450613
11200.000000000002 0.0029399454765586222
11210.0 0.009571401438720928
11220.000000000002 0.026304775316577145
11230.0 0.06116412882434367
11240.000000000002 0.12120091013511974
11250.0 0.20665827263418465
11259.999999999998 0.3072574595801868
11270.0 0.4052482738477385
11279.999999999998 0.48418470465067714
11290.0 0.5367721504306242
11299.999999999998 0.5657516129852735
11310.0 0.5790145249095981
11319.999999999998 0.5840544314408415
11330.0 0.5856238760185533
11339.999999999998 0.5859996585230757
11350.0 0.5861101827891118
11359.999999999998 0.5861322876423191
11370.0 0.5861101827891118
11379.999999999998 0.5861101827891118
11390.0 0.5861986022019406
11399.999999999998 0.5863312313211838
11410.0 0.5864638604404271
11419.999999999998 0.5865080701468416
11430.0 0.5864417555872199
11439.999999999998 0.5863975458808055
11450.0 0.5864417555872199
11459.999999999998 0.5865301750000487
11470.0 0.5865743847064632
11480.0 0.586552279853256
11490.0 0.5865080701468416
11500.0 0.5864859652936343
11510.0 0.5864859652936343
11520.0 0.5864638604404271
11530.0 0.5863754410275982
11540.0 0.5863533361743911
11550.0 0.5864196507340127
11560.0 0.5864859652936343
11570.0 0.5863533361743911
11580.0 0.5861986022019406
11590.0 0.5861986022019406
11600.0 0.586242811908355
11610.0 0.5862649167615622
11620.0 0.5861986022019406
11630.0 0.5860438682294901
11640.0 0.5859112391102469
11650.0 0.5858670294038325
11660.0 0.5858449245506253
11670.0 0.5857786099910036
11680.0 0.5857565051377965
11690.0 0.5858007148442109
11700.0 0.5858007148442109
11710.0 0.585601771165346
11720.0 0.5853586177800667
11730.0 0.5852259886608234
11740.0 0.585159674101202
11750.0 0.5850933595415803
11760.0 0.5850049401287514
11770.0 0.5848944158627153
11780.0 0.5848723110095082
11790.0 0.5849165207159226
11800.0 0.584960730422337
11810.0 0.5848502061563009
11820.0 0.5847175770370577
11830.0 0.584651262477436
11840.0 0.5846070527710217
11850.0 0.5844523187985712
11860.0 0.5842533751197063
11870.0 0.5840765362940487
11880.0 0.5839439071748055
11890.0 0.5839439071748055
11900.0 0.5838775926151838
11910.0 0.5836786489363189
11920.0 0.5834797052574541
11930.0 0.5834133906978325
11940.0 0.5833470761382108
11950.0 0.5831481324593459
11960.0 0.5829491887804811
11970.0 0.5829049790740667
11980.0 0.5828607693676523
11990.0 0.5827060353952018
12000.0 0.582507091716337
12010.0 0.5823965674503009
12020.0 0.5823302528906792
12030.0 0.5822418334778504
12040.0 0.5821534140650216
12050.0 0.5821313092118144
12060.0 0.5820649946521927
12070.0 0.5818881558265351
12080.0 0.5816450024412558
12090.0 0.5814018490559765
12100.0 0.5812471150835261
12110.0 0.5812250102303189
12120.0 0.58113659081749
12130.0 0.580915542285418
12140.0 0.5806723889001387
12150.0 0.5805839694873098
12160.0 0.5805618646341026
12170.0 0.5805839694873098
12180.0 0.5804955500744811
12190.0 0.580274501542409
12200.0 0.5800755578635441
12210.0 0.5800313481571296
12220.0 0.5800313481571296
12230.0 0.5798987190378865
12240.0 0.579743985065436
12250.0 0.5796997753590216
12260.0 0.5796555656526071
12270.0 0.579522936533364
12280.0 0.5793682025609135
12290.000000000002 0.5792797831480846
12300.0 0.5792134685884629
12310.000000000002 0.5790366297628053
12320.0 0.5788376860839404
12330.000000000002 0.57868295211149
12340.0 0.5785503229922468
12350.000000000002 0.5784397987262108
12360.0 0.5783071696069675
12370.000000000002 0.5781303307813098
12380.0 0.5780198065152737
12390.000000000002 0.578041911368481
12400.0 0.5779977016620665
12410.000000000002 0.5777545482767873
12420.0 0.5775556045979224
12430.000000000002 0.5775556045979224
12440.0 0.5775777094511295
12450.000000000002 0.5773787657722648
12460.0 0.5771577172401927
12470.000000000002 0.5770692978273638
12480.0 0.5770692978273638
12490.000000000002 0.5770471929741566
12500.0 0.5769587735613279
12509.999999999998 0.5768261444420846
12520.0 0.5766935153228414
12529.999999999998 0.5765829910568053
12540.0 0.5765166764971836
12549.999999999998 0.5765166764971836
12560.0 0.5765166764971836
12569.999999999998 0.5764282570843547
12580.0 0.5762735231119044
12589.999999999998 0.5760303697266251
12600.0 0.5758535309009675
12609.999999999998 0.5758977406073819
12620.0 0.5759640551670034
12629.999999999998 0.575919845460589
12640.0 0.5758314260477602
12649.999999999998 0.5758093211945531
12660.0 0.5757430066349314
12669.999999999998 0.5755661678092737
12680.0 0.5754114338368232
12689.999999999998 0.5753451192772016
12700.0 0.5753672241304089
12709.999999999998 0.5753451192772016
12720.0 0.5753230144239945
12730.0 0.575389328983616
12740.0 0.5753451192772016
12750.0 0.5751240707451295
12760.0 0.574947231919472
12770.0 0.5750135464790935
12780.0 0.575168280451544
12790.0 0.5752345950111656
12800.0 0.5751461755983368
12810.0 0.5749693367726791
12820.0 0.5747924979470214
12830.0 0.5747924979470214
12840.0 0.5748588125066431
12850.0 0.574947231919472
12860.0 0.5749914416258863
12870.0 0.5749251270662648
12880.0 0.5748367076534359
12890.0 0.5748588125066431
12900.0 0.5749030222130574
12910.0 0.5749251270662648
12920.0 0.5749030222130574
12930.0 0.5748588125066431
12940.0 0.5748367076534359
12950.0 0.5748809173598503
12960.0 0.5749251270662648
12970.0 0.5748809173598503
12980.0 0.5748367076534359
12990.0 0.5749251270662648
13000.0 0.5750577561855079
13010.0 0.5750577561855079
13020.0 0.5749914416258863
13030.0 0.5749251270662648
13040.0 0.5749251270662648
13050.0 0.5749914416258863
13060.0 0.5751019658919224
13070.0 0.5752345950111656
13080.0 0.5753230144239945
13090.0 0.5753451192772016
13100.0 0.5754556435432376
13110.0 0.5757209017817241
13120.0 0.5759419503137962
13130.0 0.5758977406073819
13140.0 0.5757430066349314
13150.0 0.5757651114881386
13160.0 0.5758756357541747
13170.0 0.5760082648734178
13180.0 0.5761187891394539
13190.0 0.5761187891394539
13200.0 0.5761408939926611
13210.0 0.5762293134054899
13220.0 0.576339837671526
13230.0 0.5764724667907692
13240.0 0.576560886203598
13250.0 0.5766272007632197
13260.0 0.5767156201760485
13270.0 0.5768261444420846
13280.0 0.5768924590017062
13290.0 0.5769145638549134
13300.0 0.5769366687081205
13310.0 0.577091402680571
13320.0 0.5773124512126431
13330.0 0.5774671851850935
13340.0 0.5775556045979224
13350.0 0.5775556045979224
13360.0 0.5776219191575441
13370.0 0.5777987579832017
13380.0 0.577931387102445
13390.0 0.5778871773960306
13400.0 0.5777766531299945
13410.0 0.5778208628364089
13420.0 0.5779534919556522
13430.0 0.5781082259281026
13440.0 0.5782629599005531
13450.0 0.5783734841665891
13460.0 0.5784619035794178
13470.0 0.5785945326986612
13480.0 0.57868295211149
13490.0 0.5787492666711116
13500.0 0.578793476377526
13510.0 0.5788155812307333
13520.0 0.5788155812307333
13530.0 0.578793476377526
13540.000000000002 0.5788155812307333
13550.0 0.5789040006435621
13560.000000000002 0.5789703152031838
13570.0 0.5788818957903549
13580.000000000002 0.5788376860839404
13590.0 0.5789703152031838
13600.000000000002 0.5791029443224269
13610.0 0.5790587346160125
13620.000000000002 0.5789482103499765
13630.0 0.5788818957903549
13640.000000000002 0.5788376860839404
13650.0 0.5788155812307333
13660.000000000002 0.5788597909371477
13670.0 0.5789924200563908
13680.000000000002 0.5791029443224269
13690.0 0.5791471540288414
13700.000000000002 0.5791250491756341
13710.0 0.5790808394692197
13720.000000000002 0.5790366297628053
13730.0 0.5790366297628053
13740.000000000002 0.5790587346160125
13750.0 0.5791250491756341
13759.999999999998 0.5791692588820485
13770.0 0.5792134685884629
13779.999999999998 0.5791913637352558
13790.0 0.5791250491756341
13799.999999999998 0.5790366297628053
13810.0 0.5790366297628053
13819.999999999998 0.5790366297628053
13830.0 0.5789924200563908
13839.999999999998 0.5788818957903549
13850.0 0.57868295211149
13859.999999999998 0.5785724278454539
13870.0 0.5785945326986612
13879.999999999998 0.5786387424050756
13890.0 0.5785945326986612
13899.999999999998 0.5786387424050756
13910.0 0.5788597909371477
13919.999999999998 0.5790587346160125
13930.0 0.5790145249095981
13939.999999999998 0.5788376860839404
13950.0 0.5787713715243189
13959.999999999998 0.5788155812307333
13970.0 0.5789482103499765
13980.0 0.5790145249095981
13990.0 0.5788818957903549
14000.0 0.5787050569646972
14010.0 0.5785945326986612
14020.0 0.5785945326986612
14030.0 0.5786608472582828
14040.0 0.5787271618179044
14050.0 0.57868295211149
14060.0 0.5785724278454539
14070.0 0.5784176938730035
14080.0 0.5782850647537602
14090.0 0.5781966453409314
14100.0 0.5780198065152737
14110.0 0.5777545482767873
14120.0 0.5775334997447151
14130.0 0.5775334997447151
14140.0 0.5775777094511295
14150.0 0.5774450803318864
14160.0 0.5772682415062287
14170.0 0.5771135075337782
14180.0 0.5770692978273638
14190.0 0.5771356123869854
14200.0 0.5772019269466071
14210.0 0.5772240317998143
14220.0 0.5773566609190575
14230.0 0.5777103385703729
14240.0 0.578152435634517
14250.0 0.5784840084326252
14260.0 0.5786608472582828
14270.0 0.5786608472582828
14280.0 0.5786608472582828
14290.0 0.5787713715243189
14300.0 0.5789040006435621
14310.0 0.5789924200563908
14320.0 0.5790587346160125
14330.0 0.5791029443224269
14340.0 0.5791913637352558
14350.0 0.5793018880012918
14360.0 0.5793903074141207
14370.0 0.5794566219737423
14380.0 0.5794787268269496
14390.0 0.5794345171205351
14400.0 0.5794566219737423
14410.0 0.579545041386571
14420.0 0.5795892510929855
14430.0 0.5791471540288414
14440.0 0.5774450803318864
14450.0 0.5726483271859223
14460.0 0.561330642343832
14470.0 0.5382310707422999
14480.0 0.49762445540065936
14490.0 0.43615085863141484
14500.0 0.35615339487453024
14510.0 0.2666287393853391
14520.0 0.18050823129005797
14530.0 0.10926428940322759
14540.0 0.0586662804119292
14550.0 0.027741590775045646
14560.0 0.011494523667747995
14570.0 0.004155712402955045
14580.0 0.0013041863392252535
14590.0 0.00035367765131532296
14600.0 8.841941282883074e-05
14610.0 2.2104853207207685e-05
14620.0 0.0
