mejiro/data/filter_response/RomanSCA06-F184.ecsv
# %ECSV 1.0
# ---
# datatype:
# - {name: wavelength, unit: Angstrom, datatype: float64}
# - {name: response, datatype: float64}
# meta:
#   __serialized_columns__:
#     wavelength:
#       __class__: astropy.units.quantity.Quantity
#       unit: !astropy.units.Unit {unit: Angstrom}
#       value: !astropy.table.SerializedColumn {name: wavelength}
#   band_name: F184
#   group_name: RomanSCA06
# schema: astropy-2.0
wavelength response
16620.0 0.0
16630.0 2.2104853207207685e-05
16640.0 6.631455962162305e-05
16650.0 0.0001547339724504538
16660.0 0.00039788735772973834
16670.0 0.0009726135411171382
16680.0 0.0021441707610991454
16690.0 0.00448728520106316
16700.0 0.008841941282883074
16710.0 0.016401801079748105
16720.0 0.02866999460974837
16730.0 0.047326490716631656
16740.0 0.07378600000565926
16750.0 0.10897692631153388
16760.0 0.1526782211021835
16770.0 0.20343096406593233
16780.0 0.2585604679647083
16790.0 0.31459627084497976
16800.0 0.3678689670743503
16810.0 0.415195457790982
16820.0 0.4544978867933972
16830.0 0.48509100363217267
16840.0 0.5073284859586237
16850.0 0.5224261006991464
16860.0 0.5320417118442817
16870.0 0.5378331833845702
16880.0 0.541104701659237
16890.0 0.5428730899158136
16900.0 0.543757284044102
16910.0 0.544199381108246
16920.0 0.5444867441999397
16930.0 0.5447741072916334
16940.0 0.5449730509704982
16950.0 0.5449951558237055
16960.0 0.5450614703833272
16970.0 0.5453267286218136
16980.0 0.5455698820070929
16990.0 0.5455256723006785
17000.0 0.545481462594264
17010.0 0.5457025111263362
17020.0 0.5460340839244443
17030.0 0.5462772373097234
17040.0 0.5463656567225523
17050.0 0.5463435518693451
17060.0 0.5463877615757595
17070.0 0.5465424955482101
17080.0 0.5467635440802822
17090.0 0.5468740683463181
17100.0 0.5469403829059397
17110.0 0.5470288023187686
17120.0 0.5471614314380118
17130.0 0.5472940605572552
17140.0 0.5474045848232911
17150.0 0.5474266896764983
17160.0 0.5475372139425343
17170.0 0.5478687867406424
17180.0 0.5481782546855435
17190.0 0.548244569245165
17200.0 0.548244569245165
17210.0 0.548355093511201
17220.0 0.5485098274836515
17230.0 0.5486203517496876
17240.0 0.5487308760157236
17250.0 0.5489077148413812
17260.0 0.5490845536670389
17270.0 0.5491508682266606
17280.0 0.5491729730798677
17290.0 0.5492613924926966
17300.0 0.549416126465147
17310.0 0.5495708604375975
17320.0 0.5497476992632552
17330.0 0.5498803283824983
17340.0 0.5500129575017416
17350.0 0.5501897963273993
17360.0 0.5503224254466424
17370.0 0.5503887400062641
17380.0 0.5503887400062641
17390.0 0.5503445302998498
17400.0 0.550366635153057
17410.0 0.5506097885383362
17420.0 0.5508750467768228
17430.0 0.551007675896066
17440.0 0.5510960953088948
17450.0 0.5512287244281381
17460.0 0.5513613535473812
17470.0 0.5513613535473812
17480.0 0.5513613535473812
17490.0 0.5514055632537957
17500.0 0.5514497729602101
17510.0 0.5514939826666245
17520.0 0.5516045069326606
17530.0 0.5518476603179399
17540.0 0.5520908137032191
17550.0 0.5521571282628408
17560.0 0.5521571282628408
17570.0 0.552179233116048
17580.0 0.5522234428224625
17590.0 0.5523118622352913
17600.0 0.5524223865013272
17610.0 0.5525771204737777
17620.0 0.5526876447398138
17630.0 0.5526655398866065
17640.0 0.5526655398866065
17650.0 0.5527981690058498
17660.0 0.5529529029783002
17670.0 0.5530192175379218
17680.0 0.5530413223911291
17690.0 0.5530192175379218
17700.0 0.5530192175379218
17710.0 0.5530413223911291
17720.0 0.5530855320975435
17730.0 0.5531297418039579
17740.0 0.5532181612167867
17750.0 0.55335079033603
17760.0 0.5535055243084804
17770.0 0.5535497340148948
17780.0 0.5536160485745165
17790.0 0.5537486776937598
17800.0 0.553881306813003
17810.0 0.5539255165194173
17820.0 0.553881306813003
17830.0 0.5537928874001742
17840.0 0.5537265728405525
17850.0 0.5537707825469669
17860.0 0.5539034116662102
17870.0 0.5540802504918679
17880.0 0.5542570893175255
17890.0 0.5544339281431832
17900.0 0.5545444524092192
17910.0 0.5545886621156336
17920.0 0.5545665572624264
17930.0 0.5545444524092192
17940.0 0.5545886621156336
17950.0 0.5547876057944985
17960.0 0.554942339766949
17970.0 0.554942339766949
17980.0 0.5548760252073274
17990.0 0.554942339766949
18000.0 0.5551191785926066
18010.0 0.5553623319778859
18020.0 0.5555391708035435
18030.0 0.5555612756567507
18040.0 0.5555391708035435
18050.0 0.5555612756567507
18060.0 0.5556717999227867
18070.0 0.5558265338952373
18080.0 0.5560033727208948
18090.0 0.5561802115465525
18100.0 0.5562907358125886
18110.0 0.5563128406657959
18120.0 0.5563791552254175
18130.0 0.556555994051075
18140.0 0.5567770425831472
18150.0 0.5569317765555976
18160.0 0.5570644056748408
18170.0 0.5571528250876697
18180.0 0.5571307202344625
18190.0 0.5569317765555976
18200.0 0.5567770425831472
18210.0 0.5568875668491832
18220.0 0.5571528250876697
18230.0 0.5574180833261562
18240.0 0.5577054464178499
18250.0 0.558037019215958
18260.0 0.5583464871608589
18270.0 0.5585675356929309
18280.0 0.558678059958967
18290.0 0.5586338502525526
18300.0 0.5586117453993454
18310.0 0.5587443745185886
18320.0 0.5588991084910391
18330.0 0.5588991084910391
18340.0 0.558877003637832
18350.0 0.5590096327570752
18360.0 0.5592527861423544
18370.0 0.5594959395276337
18380.0 0.559739092912913
18390.0 0.5599380365917779
18400.0 0.5600706657110212
18410.0 0.5601148754174355
18420.0 0.5601148754174355
18430.0 0.5600485608578138
18440.0 0.5600264560046068
18450.0 0.5600706657110212
18460.0 0.5601590851238499
18470.0 0.560269609389886
18480.0 0.5604243433623364
18490.0 0.5606232870412013
18500.0 0.560689601600823
18510.0 0.5605569724815797
18520.0 0.5604464482155437
18530.0 0.5605569724815797
18540.0 0.5607117064540301
18550.0 0.5607117064540301
18560.0 0.5606674967476157
18570.0 0.5607338113072374
18580.0 0.5608443355732734
18590.0 0.5609548598393095
18600.0 0.5610653841053455
18610.0 0.5611538035181743
18620.0 0.5612643277842103
18630.0 0.5612864326374176
18640.0 0.5611538035181743
18650.0 0.5608222307200662
18660.0 0.5605348676283725
18670.0 0.5605348676283725
18680.0 0.5606674967476157
18690.0 0.5606674967476157
18700.0 0.5605569724815797
18710.0 0.5604464482155437
18720.0 0.5605348676283725
18730.0 0.5609327549861022
18740.0 0.5612643277842103
18750.0 0.5612201180777959
18760.0 0.5610874889585526
18770.0 0.5611759083713815
18780.0 0.5613085374906247
18790.0 0.5612201180777959
18800.0 0.56110959381176
18810.0 0.5611759083713815
18820.0 0.5612643277842103
18830.0 0.5612201180777959
18840.0 0.5611538035181743
18850.0 0.5611759083713815
18860.0 0.5612422229310031
18870.0 0.5612422229310031
18880.0 0.5611980132245887
18890.0 0.5611980132245887
18900.0 0.5612864326374176
18910.0 0.5615074811694897
18920.0 0.5615516908759041
18930.0 0.5612201180777959
18940.0 0.5608443355732734
18950.0 0.560800125866859
18960.0 0.5608222307200662
18970.0 0.560689601600823
18980.0 0.560601182187994
18990.0 0.5608222307200662
19000.0 0.5610874889585526
19010.0 0.5611538035181743
19020.0 0.5611538035181743
19030.0 0.5612422229310031
19040.0 0.5614190617566608
19050.0 0.5615516908759041
19060.0 0.5615516908759041
19070.0 0.5613527471970391
19080.0 0.561131698664967
19090.0 0.5610653841053455
19100.0 0.5611538035181743
19110.0 0.5613527471970391
19120.0 0.5615295860226968
19130.0 0.5615959005823185
19140.0 0.5616401102887328
19150.0 0.5617064248483545
19160.0 0.5617285297015617
19170.0 0.5616180054355258
19180.0 0.5613748520502464
19190.0 0.56110959381176
19200.0 0.561131698664967
19210.0 0.5616401102887328
19220.0 0.5621706267657058
19230.0 0.5623032558849491
19240.0 0.562192731618913
19250.0 0.5621706267657058
19260.0 0.5620601024996698
19270.0 0.5617506345547689
19280.0 0.5615959005823185
19290.0 0.5619053685272193
19300.0 0.5623695704445707
19310.0 0.5626348286830573
19320.0 0.5625906189766429
19330.0 0.5623695704445707
19340.0 0.5622148364721203
19350.0 0.5623032558849491
19360.0 0.5624800947106068
19370.0 0.5625464092702285
19380.0 0.5625685141234356
19390.0 0.5627011432426788
19400.0 0.5629442966279581
19410.0 0.563253764572859
19420.0 0.5634748131049312
19430.0 0.5634306033985167
19440.0 0.5632316597196518
19450.0 0.5630769257472014
19460.0 0.5630769257472014
19470.0 0.563253764572859
19480.0 0.5634306033985167
19490.0 0.5634084985453095
19500.0 0.5634527082517239
19510.0 0.5637400713434176
19520.0 0.5640716441415258
19530.0 0.5642484829671833
19540.0 0.5643369023800122
19550.0 0.5644916363524627
19560.0 0.5647126848845347
19570.0 0.564955838269814
19580.0 0.5650442576826429
19590.0 0.564955838269814
19600.0 0.564955838269814
19610.0 0.5653316207743366
19620.0 0.5657074032788592
19630.0 0.5657074032788592
19640.0 0.5655968790128231
19650.0 0.5657516129852735
19660.0 0.56601687122376
19670.0 0.5662821294622464
19680.0 0.5665031779943186
19690.0 0.5667021216731835
19700.0 0.5667905410860122
19710.0 0.5667905410860122
19720.0 0.5668347507924266
19730.0 0.5670557993244988
19740.0 0.5672326381501565
19750.0 0.5671663235905348
19760.0 0.567077904177706
19770.0 0.5671663235905348
19780.0 0.5673652672693996
19790.0 0.5674978963886429
19800.0 0.5675421060950573
19810.0 0.5674094769758141
19820.0 0.5671221138841204
19830.0 0.5665694925539402
19840.0 0.5655526693064087
19850.0 0.5638284907562464
19860.0 0.5612643277842103
19870.0 0.5575949221518138
19880.0 0.55240028164812
19890.0 0.5451277849429488
19900.0 0.5353353349721558
19910.0 0.5226471492312185
19920.0 0.5065769209495785
19930.0 0.48679307732912763
19940.0 0.4631187795442082
19950.0 0.4355761324480274
19960.0 0.4042756603066214
19970.0 0.3697699844501702
19980.0 0.33303171841979096
19990.0 0.2951661048758442
20000.0 0.2569910233869966
20010.0 0.21941277293474348
20019.999999999996 0.18358080588585984
20030.0 0.15046773578146272
20040.0 0.12069249851135397
20050.0 0.09469719113967773
20059.999999999996 0.07263654763888445
20070.0 0.054400043742938116
20080.0 0.03978873577297383
20090.0 0.028404736371261875
20099.999999999996 0.019783843620450877
20110.0 0.013461855603189481
20120.0 0.008908255842504698
20130.0 0.005747261833873998
20139.999999999996 0.003625195925982061
20150.0 0.0022104853207207684
20160.0 0.001326291192432461
20170.0 0.000773669862252269
20179.999999999996 0.0004420970641441537
20190.0 0.00024315338527928454
20200.0 0.0001326291192432461
20210.0 6.631455962162305e-05
20219.999999999996 4.420970641441537e-05
20230.0 2.2104853207207685e-05
20240.0 0.0
