mejiro/data/filter_response/RomanSCA17-Grism_1stOrder.ecsv
# %ECSV 1.0
# ---
# datatype:
# - {name: wavelength, unit: Angstrom, datatype: float64}
# - {name: response, datatype: float64}
# meta:
#   __serialized_columns__:
#     wavelength:
#       __class__: astropy.units.quantity.Quantity
#       unit: !astropy.units.Unit {unit: Angstrom}
#       value: !astropy.table.SerializedColumn {name: wavelength}
#   band_name: Grism_1stOrder
#   group_name: RomanSCA17
# schema: astropy-2.0
wavelength response
9870.0 0.0
9880.0 4.420970641441537e-05
9890.0 0.00024315338527928454
9900.0 0.0011052426603603842
9910.0 0.004045188136919006
9920.0 0.01202504014472098
9930.0 0.029266825646342972
9940.0 0.05882101438437965
9950.0 0.09902974236829043
9960.0 0.14255419833328237
9970.0 0.18011034393232822
9980.0 0.20610565130400446
9990.0 0.22082748354000478
10000.0 0.22798945597914008
10009.999999999998 0.23139360337305004
10020.0 0.23338304016169875
10029.999999999998 0.23493037988620327
10040.0 0.23641140505108618
10049.999999999998 0.23789243021596912
10060.0 0.23937345538085203
10069.999999999998 0.2408544805457349
10080.0 0.24233550571061788
10089.999999999998 0.24379442602229356
10100.0 0.24525334633396925
10109.999999999998 0.2467564763520594
10120.0 0.24825960637014952
10129.999999999998 0.24974063153503243
10140.0 0.25119955184670817
10149.999999999998 0.25261426245196944
10160.0 0.2540510779104379
10169.999999999998 0.2555321030753208
10180.0 0.2570131282402038
10189.999999999998 0.2584941534050867
10200.0 0.25995307371676235
10209.999999999998 0.2613898891752309
10220.0 0.2628488094869066
10230.0 0.2643077297985823
10240.0 0.26576665011025796
10250.0 0.26718136071551934
10260.0 0.2685960713207806
10270.0 0.2700107819260419
10280.0 0.27142549253130316
10290.0 0.27290651769618607
10300.0 0.2743433331546546
10310.0 0.27573593890670867
10320.0 0.27712854465876274
10330.0 0.2785211504108168
10340.0 0.27995796586928534
10350.0 0.2813726764745466
10360.0 0.2827652822266007
10370.0 0.2841357831254476
10380.0 0.2855062840242945
10390.0 0.28685468006993414
10400.0 0.28820307611557383
10410.0 0.28952936730800627
10420.0 0.29089986820685315
10430.0 0.2923145788121144
10440.0 0.2936850797109613
10450.0 0.29496716119697935
10460.0 0.296205032976583
10470.0 0.29753132416901545
10480.0 0.29890182506786234
10490.0 0.3002723259667092
10500.0 0.30159861715914166
10510.0 0.3028364889387453
10520.0 0.3040743607183489
10530.0 0.305356442204367
10540.0 0.3066827333967994
10550.0 0.3080090245892319
10560.0 0.30929110607524996
10570.0 0.31055108270806075
10580.0 0.3117668496344572
10590.0 0.312916302001232
10600.0 0.3140657543680068
10610.0 0.3153036261476104
10620.0 0.3165636027804212
10630.0 0.3178014745600249
10640.0 0.3189951366332141
10650.0 0.3201224841467817
10660.0 0.3212277268071421
10670.0 0.3223992840271241
10680.0 0.3235708412471061
10690.0 0.32472029361388094
10700.0 0.3258697459806557
10710.0 0.32704130320063773
10720.0 0.3282128604206197
10730.0 0.3293844176406017
10740.0 0.33055597486058375
10750.0 0.3317275320805657
10760.0 0.33287698444734054
10770.0 0.3339822271077009
10780.0 0.33502115520843967
10790.0 0.33610429301559286
10800.0 0.33720953567595324
10810.0 0.3383810928959352
10820.0 0.33953054526271004
10830.0 0.3405694733634488
10840.0 0.3416305063173948
10850.0 0.34275785383096236
10860.0 0.34388520134453
10870.0 0.34494623429847593
10880.0 0.3459630575460075
10890.0 0.3470240904999535
10900.0 0.3481072283071066
10910.0 0.3491682612610526
10920.0 0.3502292942149986
10930.0 0.3512461174625301
10940.0 0.35228504556326884
10950.0 0.35334607851721483
10960.0 0.3543850066179536
10970.0 0.35540182986548513
10980.0 0.35655128223225996
10990.0 0.35792178313110684
11000.0 0.3592922840299537
11010.0 0.3603975266903141
11020.0 0.36139224508463846
11030.0 0.3624532780385844
11040.000000000002 0.36355852069894484
11050.0 0.364641658506098
11060.000000000002 0.36574690116645836
11070.0 0.36687424868002594
11080.000000000002 0.36793528163397193
11090.0 0.3689078951750891
11100.000000000002 0.3699026135694134
11110.0 0.37102996108298103
11120.000000000002 0.3721573085965486
11130.0 0.37321834155049455
11140.000000000002 0.37427937450444054
11150.0 0.3754288268712153
11160.000000000002 0.3765119646783685
11170.0 0.3774624733662784
11180.000000000002 0.3784129820541884
11190.0 0.37951822471454877
11200.000000000002 0.38062346737490915
11210.0 0.38164029062244065
11220.000000000002 0.38263500901676506
11230.0 0.383696041970711
11240.000000000002 0.38473497007144974
11250.0 0.38564126905294527
11259.999999999998 0.38650335832802635
11270.0 0.3874759718691435
11279.999999999998 0.38847069026346787
11290.0 0.3894875135109994
11299.999999999998 0.3904822319053238
11310.0 0.39149905515285527
11319.999999999998 0.3925158784003869
11330.0 0.3934663870882968
11339.999999999998 0.3943947909229995
11350.0 0.3953231947577022
11359.999999999998 0.39625159859240494
11370.0 0.39715789757390046
11379.999999999998 0.398064196555396
11390.0 0.3990368100965131
11399.999999999998 0.4000315284908375
11410.0 0.4010041420319546
11419.999999999998 0.40193254586665733
11430.0 0.40277253028853127
11439.999999999998 0.40361251471040516
11450.0 0.4045188136919007
11459.999999999998 0.4054472175266034
11470.0 0.40633141165489167
11480.0 0.4071713960767656
11490.0 0.40798927564543225
11500.0 0.40880715521409894
11510.0 0.4096471396359728
11520.0 0.4104650192046395
11530.0 0.41121658421368457
11540.0 0.412012358929144
11550.0 0.41287444820422514
11560.0 0.413714432626099
11570.0 0.4144217879287297
11580.0 0.4151291432313603
11590.0 0.4159028130936126
11600.0 0.4167206926622793
11610.0 0.4175164673777388
11620.0 0.4182238226803694
11630.0 0.41888696827658567
11640.0 0.41955011387280183
11650.0 0.42027957402863975
11660.0 0.4210090341844776
11670.0 0.421694284633901
11680.0 0.4224237447897389
11690.0 0.4231974146519912
11700.0 0.423926874807829
11710.0 0.4245016009912164
11720.0 0.4250321174681894
11730.0 0.4256510533579912
11740.0 0.42631419895420747
11750.0 0.42695523969721644
11760.0 0.42759628044022546
11770.0 0.4282152163300273
11780.0 0.4288783619262435
11790.0 0.42960782208208137
11800.0 0.43031517738471203
11810.0 0.4309120084213066
11820.0 0.431486734604694
11830.0 0.43210567049449583
11840.0 0.43272460638429766
11850.0 0.43327722771447785
11860.0 0.4337856393382436
11870.0 0.43429405096200935
11880.0 0.4348466722921896
11890.0 0.4354656081819914
11900.0 0.436062439218586
11910.0 0.4365487459891446
11920.0 0.437012947906496
11930.0 0.43760977894309055
11940.0 0.43818450512647794
11950.0 0.4386487070438293
11960.0 0.43909080410797346
11970.0 0.4396655302913609
11980.0 0.4402402564747483
11990.0 0.44072656324530685
12000.0 0.4411907651626582
12010.0 0.44169917678642395
12020.0 0.4422517981166042
12030.0 0.44276020974036995
12040.0 0.4432907262173429
12050.0 0.4438433475475231
12060.0 0.4443738640244961
12070.0 0.4448159610886403
12080.0 0.4451917435931627
12090.0 0.44558963095089255
12100.0 0.44603172801503665
12110.0 0.4465843493452169
12120.0 0.44707065611577546
12130.0 0.44746854347350523
12140.0 0.4478222211248205
12150.0 0.44828642304217187
12160.0 0.44883904437235206
12170.0 0.44936956084932506
12180.0 0.4498558676198836
12190.0 0.450209545271199
12200.0 0.4505853277757215
12210.0 0.45107163454628
12220.0 0.45158004617004577
12230.0 0.45200003838098274
12240.0 0.4523979257387125
12250.0 0.4528621276560639
12260.0 0.4533484344266224
12270.0 0.45372421693114495
12280.0 0.4540999994356675
12290.000000000002 0.4545420964998116
12300.0 0.45496208871074856
12310.000000000002 0.45531576636206395
12320.0 0.4556252343069648
12330.000000000002 0.45597891195828016
12340.0 0.45635469446280263
12350.000000000002 0.45673047696732516
12360.0 0.45708415461864055
12370.000000000002 0.45739362256354144
12380.0 0.45776940506806396
12390.000000000002 0.4582115021322082
12400.0 0.4586314943431451
12410.000000000002 0.4588746477284243
12420.0 0.4591399059669109
12430.000000000002 0.45958200303105495
12440.0 0.4600241000951992
12450.000000000002 0.46028935833368567
12460.0 0.46051040686575767
12470.000000000002 0.46086408451707306
12480.0 0.4612619718748028
12490.000000000002 0.4616377543793253
12500.0 0.4619472223242262
12509.999999999998 0.4622345854159199
12520.0 0.46252194850761363
12529.999999999998 0.4628093115993073
12540.0 0.4631187795442082
12549.999999999998 0.46349456204873074
12560.0 0.463848239700046
12569.999999999998 0.46413560279173977
12580.0 0.4643566513238118
12589.999999999998 0.4645113852962623
12600.0 0.4647103289751272
12609.999999999998 0.4650640066264425
12620.0 0.46546189398417226
12629.999999999998 0.46574925707586595
12640.0 0.4659924104611452
12649.999999999998 0.46630187840604614
12660.0 0.4665450317913254
12669.999999999998 0.4667218706169831
12680.0 0.4668766045894335
12689.999999999998 0.4671197579747128
12700.0 0.46740712106640653
12709.999999999998 0.46767237930489297
12720.0 0.46793763754337947
12730.0 0.4682471054882804
12740.0 0.4684902588735597
12750.0 0.46857867828638855
12760.0 0.4686670976992174
12770.0 0.4689544607909111
12780.0 0.4693302432954336
12790.0 0.46961760638712724
12800.0 0.4697723403595777
12810.0 0.4698386549191994
12820.0 0.46992707433202824
12830.0 0.470126018010893
12840.0 0.4703912762493796
12850.0 0.47065653448786604
12860.0 0.4708775830199381
12870.0 0.4710102121391813
12880.0 0.4711207364052174
12890.0 0.471297575230875
12900.0 0.4714965189097399
12910.0 0.47169546258860484
12920.0 0.47182809170784806
12930.0 0.47193861597388403
12940.0 0.4720491402399201
12950.0 0.47224808391878503
12960.0 0.4724028178912355
12970.0 0.4724691324508571
12980.0 0.47255755186368587
12990.0 0.4727564955425508
13000.0 0.4729554392214157
13010.0 0.4730438586342445
13020.0 0.4730880683406589
13030.0 0.4731322780470733
13040.0 0.4731985926066949
13050.0 0.473309116872731
13060.0 0.47346385084518144
13070.0 0.4736406896708391
13080.0 0.47375121393687514
13090.0 0.4738175284964967
13100.0 0.47395015761573994
13110.0 0.4742154158542265
13120.0 0.47443646438629855
13130.0 0.4744143595330913
13140.0 0.47430383526705533
13150.0 0.4743480449734698
13160.0 0.47443646438629855
13170.0 0.47456909350554183
13180.0 0.47463540806516347
13190.0 0.47463540806516347
13200.0 0.47463540806516347
13210.0 0.47470172262478505
13220.0 0.4747901420376139
13230.0 0.4748564565972355
13240.0 0.4749006663036499
13250.0 0.4749227711568571
13260.0 0.4749669808632715
13270.0 0.47501119056968594
13280.0 0.4750332954228932
13290.0 0.47498908571647874
13300.0 0.4749669808632715
13310.0 0.4750332954228932
13320.0 0.4751438196889292
13330.0 0.4752101342485508
13340.0 0.4752101342485508
13350.0 0.4751438196889292
13360.0 0.47512171483572196
13370.0 0.47518802939534366
13380.0 0.47523223910175805
13390.0 0.4750996099825148
13400.0 0.47494487601006435
13410.0 0.47487856145044266
13420.0 0.47487856145044266
13430.0 0.4749227711568571
13440.0 0.47494487601006435
13450.0 0.47494487601006435
13460.0 0.4749227711568571
13470.0 0.4749006663036499
13480.0 0.4749006663036499
13490.0 0.47483435174402827
13500.0 0.47474593233119944
13510.0 0.4746575129183706
13520.0 0.4745469886523346
13530.0 0.4744143595330913
13540.000000000002 0.47430383526705533
13550.0 0.47425962556064094
13560.000000000002 0.47419331100101925
13570.0 0.4739943673221544
13580.000000000002 0.47383963334970397
13590.0 0.4738175284964967
13600.000000000002 0.4737954236432896
13610.0 0.47361858481763186
13620.000000000002 0.4733975362855598
13630.0 0.4731985926066949
13640.000000000002 0.4730438586342445
13650.0 0.472889124661794
13660.000000000002 0.4727786003957579
13670.0 0.47273439068934353
13680.000000000002 0.47269018098292914
13690.0 0.47255755186368587
13700.000000000002 0.4724028178912355
13710.0 0.4722038742123706
13720.000000000002 0.472027035386713
13730.0 0.47187230141426245
13740.000000000002 0.47173967229501923
13750.0 0.471607043175776
13759.999999999998 0.4714965189097399
13770.0 0.4713638897904967
13779.999999999998 0.47118705096483904
13790.0 0.47094389757955973
13799.999999999998 0.4707228490474877
13810.0 0.47054601022182996
13819.999999999998 0.4703691713961723
13830.0 0.4701481228641003
13839.999999999998 0.4698828646256138
13850.0 0.46955129182750566
13859.999999999998 0.46926392873581196
13870.0 0.4691091947633615
13879.999999999998 0.4689544607909111
13890.0 0.4687334122588389
13899.999999999998 0.4685565734331813
13910.0 0.4685565734331813
13919.999999999998 0.46853446857997416
13930.0 0.4682913151946948
13939.999999999998 0.4679597423965867
13950.0 0.4676944841581002
13959.999999999998 0.4675176453324426
13970.0 0.46742922591961367
13980.0 0.4672744919471633
13990.0 0.4669650240022623
14000.0 0.4665892414977398
14010.0 0.4662797735528389
14020.0 0.46608082987397403
14030.0 0.46590399104831637
14040.0 0.4657271522226587
14050.0 0.4654839988373794
14060.0 0.4651524260392713
14070.0 0.4648208532411632
14080.0 0.46448928044305515
14090.0 0.46417981249815415
14100.0 0.46380402999363163
14110.0 0.46333982807628027
14120.0 0.46294194071855055
14130.0 0.46269878733327124
14140.0 0.4624777388011992
14150.0 0.4621461660030911
14160.0 0.4617482786453614
14170.0 0.461394600994046
14180.0 0.4611072379023523
14190.0 0.4609082942234875
14200.0 0.4607093505446226
14210.0 0.4604661971593433
14220.0 0.4603114631868928
14230.0 0.46033356804010006
14240.0 0.4604219874529289
14250.0 0.4604219874529289
14260.0 0.46028935833368567
14270.0 0.4600241000951992
14280.0 0.4597588418567126
14290.0 0.45958200303105495
14300.0 0.45940516420539734
14310.0 0.4592062205265324
14320.0 0.4589630671412531
14330.0 0.45874201860918107
14340.0 0.458520970077109
14350.0 0.45832202639824415
14360.0 0.4581009778661721
14370.0 0.45787992933410004
14380.0 0.4575925662424063
14390.0 0.4572830982975054
14400.0 0.4569957352058117
14410.0 0.45681889638015405
14420.0 0.45664205755449633
14430.0 0.4564210090224243
14440.0 0.4561336459307306
14450.0 0.4557799682794153
14460.0 0.4554705003345144
14470.0 0.45518313724282067
14480.0 0.45493998385754136
14490.0 0.4547189353254693
14500.0 0.45451999164660445
14510.0 0.4542989431145324
14520.0 0.4540557897292531
14530.0 0.4537021120779378
14540.0 0.4533705392798297
14550.0 0.4531052810413431
14560.0 0.4528621276560639
14570.0 0.4525747645643702
14580.0 0.4522874014726765
14590.0 0.45206635294060443
14600.0 0.45182319955532513
14610.0 0.4515358364636314
14620.0 0.45120426366552324
14630.0 0.45091690057382955
14640.0 0.45065164233534305
14650.0 0.4502979646840278
14660.0 0.44996639188591964
14670.0 0.4497011336474332
14680.0 0.449480085115361
14690.0 0.44923693173008183
14700.0 0.4489274637851809
14710.0 0.4485516812806583
14720.0 0.44819800362934303
14730.0 0.44795485024406373
14740.0 0.4477338017119917
14750.0 0.447446438620298
14760.0 0.44711486582218984
14770.0 0.44682750273049615
14780.0 0.4465401396388024
14790.000000000002 0.44625277654710876
14800.0 0.44596541345541507
14810.000000000002 0.44572226007013577
14820.0 0.4454348969784421
14830.000000000002 0.44510332418033394
14840.0 0.4447717513822259
14850.000000000002 0.44448438829053216
14860.0 0.44419702519883847
14870.000000000002 0.4438875572539376
14880.0 0.44355598445582944
14890.000000000002 0.44320230680451406
14900.0 0.4428707340064059
14910.000000000002 0.4426054757679195
14920.0 0.4423181126762258
14930.000000000002 0.4419865398781177
14940.0 0.44165496708000956
14950.000000000002 0.44141181369473026
14960.0 0.44114655545624376
14970.000000000002 0.44085919236455007
14980.0 0.44048340986002754
14990.000000000002 0.440107627355505
15000.0 0.4397539497041897
15009.999999999998 0.439466586612496
15020.0 0.43920132837400955
15029.999999999998 0.438936070135523
15040.0 0.4386487070438293
15049.999999999998 0.4383613439521356
15060.0 0.4380739808604419
15069.999999999998 0.43776451291554097
15080.0 0.4374329401174329
15089.999999999998 0.43703505275970317
15100.0 0.43665927025518064
15109.999999999998 0.43639401201669414
15120.0 0.43615085863141484
15129.999999999998 0.43590770524613554
15140.0 0.43559823730123465
15149.999999999998 0.43524455964991937
15160.0 0.4348466722921896
15169.999999999998 0.43447088978766707
15180.0 0.43411721213635174
15189.999999999998 0.4337635344850364
15200.0 0.4334319616869283
15209.999999999998 0.4331003888888202
15220.0 0.43279092094391924
15230.0 0.43245934814581116
15240.0 0.43210567049449583
15250.0 0.43179620254959494
15260.0 0.4315088394579012
15270.0 0.43119937151300036
15280.0 0.4308677987148922
15290.0 0.4304920162103697
15300.0 0.43013833855905437
15310.0 0.4298509754673607
