mejiro/data/filter_response/RomanSCA01-F158.ecsv
# %ECSV 1.0
# ---
# datatype:
# - {name: wavelength, unit: Angstrom, datatype: float64}
# - {name: response, datatype: float64}
# meta:
#   __serialized_columns__:
#     wavelength:
#       __class__: astropy.units.quantity.Quantity
#       unit: !astropy.units.Unit {unit: Angstrom}
#       value: !astropy.table.SerializedColumn {name: wavelength}
#   band_name: F158
#   group_name: RomanSCA01
# schema: astropy-2.0
wavelength response
13730.0 0.0
13740.000000000002 2.2104853207207685e-05
13750.0 4.420970641441537e-05
13759.999999999998 0.00017683882565766148
13770.0 0.0005526213301801921
13779.999999999998 0.0015915494309189533
13790.0 0.004111502696540629
13799.999999999998 0.009593506291928136
13810.0 0.020380674657045485
13819.999999999998 0.03947926782807293
13830.0 0.06991765069439791
13839.999999999998 0.1135968406318403
13850.0 0.1699863211634271
13859.999999999998 0.23557142062921232
13870.0 0.30429540925042103
13879.999999999998 0.3690847340007467
13890.0 0.4240152942206578
13899.999999999998 0.4659924104611452
13910.0 0.4950381875754161
13919.999999999998 0.5130315380860831
13930.0 0.522912407469705
13939.999999999998 0.5276870557624619
13950.0 0.5298091216703538
13959.999999999998 0.5306933157986421
13970.0 0.5310690983031646
13980.0 0.5311796225692007
13990.0 0.5310248885967502
14000.0 0.5307817352114709
14010.0 0.5306048963858132
14020.0 0.5305164769729844
14030.0 0.5305164769729844
14040.0 0.5304943721197772
14050.0 0.5303838478537412
14060.0 0.5302070090280836
14070.0 0.5300080653492186
14080.0 0.5298091216703538
14090.0 0.5296543876979034
14100.0 0.5294333391658312
14110.0 0.5291017663677232
14120.0 0.5288365081292367
14130.0 0.5287701935696151
14140.0 0.5287480887164078
14150.0 0.5285712498907502
14160.0 0.5283280965054709
14170.0 0.5281291528266061
14180.0 0.52801862856057
14190.0 0.52801862856057
14200.0 0.52801862856057
14210.0 0.5279744188541556
14220.0 0.52801862856057
14230.0 0.5282838867990565
14240.0 0.5286154595971646
14250.0 0.528880717835651
14260.0 0.5289691372484798
14270.0 0.5289249275420654
14280.0 0.5288586129824439
14290.0 0.5289028226888584
14300.0 0.5289912421016871
14310.0 0.5290133469548943
14320.0 0.5289912421016871
14330.0 0.5289912421016871
14340.0 0.5290133469548943
14350.0 0.5290575566613088
14360.0 0.5291017663677232
14370.0 0.5291238712209304
14380.0 0.5291017663677232
14390.0 0.5290133469548943
14400.0 0.5289912421016871
14410.0 0.5290796615145159
14420.0 0.529190185780552
14430.0 0.5292343954869664
14440.0 0.529190185780552
14450.0 0.5291238712209304
14460.0 0.5290575566613088
14470.0 0.5290575566613088
14480.0 0.5290796615145159
14490.0 0.5291680809273448
14500.0 0.5292565003401736
14510.0 0.5293670246062097
14520.0 0.5293891294594169
14530.0 0.5293449197530024
14540.0 0.529300710046588
14550.0 0.5293449197530024
14560.0 0.529411234312624
14570.0 0.5294333391658312
14580.0 0.5294554440190384
14590.0 0.5295659682850745
14600.0 0.5296543876979034
14610.0 0.5296764925511105
14620.0 0.5296764925511105
14630.0 0.529720702257525
14640.0 0.5297649119639394
14650.0 0.5297428071107322
14660.0 0.5297428071107322
14670.0 0.5298312265235611
14680.0 0.5299638556428042
14690.0 0.5300743799088403
14700.0 0.5300964847620475
14710.0 0.5300522750556331
14720.0 0.5300301702024259
14730.0 0.5301406944684619
14740.0 0.5302954284409124
14750.0 0.5303617430005341
14760.0 0.5304059527069485
14770.0 0.53047226726657
14780.0 0.5305385818261917
14790.000000000002 0.5306048963858132
14800.0 0.5307154206518493
14810.000000000002 0.5308259449178854
14820.0 0.5309364691839213
14830.000000000002 0.5309806788903358
14840.0 0.531002783743543
14850.000000000002 0.5310912031563718
14860.0 0.5311796225692007
14870.000000000002 0.5312459371288224
14880.0 0.5312680419820295
14890.000000000002 0.5313122516884439
14900.0 0.5313564613948584
14910.000000000002 0.5314669856608945
14920.0 0.5315554050737232
14930.000000000002 0.5315996147801376
14940.0 0.5316659293397592
14950.000000000002 0.5318206633122097
14960.0 0.5319753972846601
14970.000000000002 0.5320417118442817
14980.0 0.532063816697489
14990.000000000002 0.532063816697489
15000.0 0.5320859215506961
15009.999999999998 0.5321964458167322
15020.0 0.5323290749359755
15029.999999999998 0.5324617040552186
15040.0 0.5325722283212547
15049.999999999998 0.5326827525872908
15060.0 0.5327932768533268
15069.999999999998 0.5329038011193629
15080.0 0.5329480108257773
15089.999999999998 0.5329259059725701
15100.0 0.5329480108257773
15109.999999999998 0.5330806399450205
15120.0 0.5332574787706782
15129.999999999998 0.5334343175963359
15140.0 0.5335227370091647
15149.999999999998 0.5335448418623719
15160.0 0.5335448418623719
15169.999999999998 0.5335669467155791
15180.0 0.5335890515687863
15189.999999999998 0.5336332612752007
15200.0 0.5337216806880295
15209.999999999998 0.5337879952476512
15220.0 0.53387641466048
15230.0 0.5339427292201017
15240.0 0.5340311486329306
15250.0 0.5341195680457593
15260.0 0.5342521971650026
15270.0 0.5343627214310387
15280.0 0.5344290359906602
15290.0 0.5344732456970747
15300.0 0.534517455403489
15310.0 0.5346721893759395
15320.0 0.5348048184951827
15330.0 0.53482692334839
15340.0 0.5348048184951827
15350.0 0.53482692334839
15360.0 0.5348711330548044
15370.0 0.5349153427612188
15380.0 0.5349816573208404
15390.0 0.5351363912932908
15400.0 0.5352469155593269
15410.0 0.5352690204125341
15420.0 0.5352248107061197
15430.0 0.5351806009997053
15440.0 0.5352248107061197
15450.0 0.5353795446785702
15460.0 0.5355563835042279
15470.0 0.5356448029170566
15480.0 0.535689012623471
15490.0 0.5357553271830927
15500.0 0.5358216417427143
15510.0 0.5357774320362999
15520.0 0.5357553271830927
15530.0 0.5358216417427143
15540.0 0.5359100611555431
15550.0 0.5359542708619575
15560.0 0.5359542708619575
15570.0 0.535887956302336
15580.0 0.535887956302336
15590.0 0.535998480568372
15600.0 0.536109004834408
15610.0 0.5360647951279935
15620.0 0.5360647951279935
15630.0 0.5362195291004441
15640.0 0.5363742630728945
15650.0 0.5363963679261017
15660.0 0.5363521582196873
15670.0 0.5363521582196873
15680.0 0.5364405776325162
15690.0 0.5365953116049667
15700.0 0.5366837310177954
15710.0 0.5365953116049667
15720.0 0.5365068921921377
15730.0 0.5366174164581737
15740.0 0.5368163601370387
15750.0 0.5369047795498675
15760.0 0.5369047795498675
15770.0 0.5368384649902458
15780.0 0.5367942552838314
15790.0 0.5368384649902458
15800.0 0.5368826746966602
15810.0 0.5368826746966602
15820.0 0.5369268844030747
15830.0 0.5370374086691108
15840.0 0.5371258280819395
15850.0 0.5371037232287323
15860.0 0.5371037232287323
15870.0 0.5372363523479756
15880.0 0.537391086320426
15890.0 0.5374795057332549
15900.0 0.5375016105864621
15910.0 0.5375016105864621
15920.0 0.5375679251460838
15930.0 0.5377226591185341
15940.0 0.5378552882377774
15950.0 0.5378994979441918
15960.0 0.5378773930909846
15970.0 0.5378994979441918
15980.0 0.5379879173570207
15990.0 0.5381647561826783
16000.0 0.538341595008336
16010.0 0.5384079095679576
16020.0 0.5384300144211648
16030.0 0.5384963289807865
16040.000000000002 0.5385847483936153
16050.0 0.5387173775128585
16060.000000000002 0.5388500066321017
16070.0 0.5390047406045523
16080.000000000002 0.5391373697237954
16090.0 0.5392257891366243
16100.000000000002 0.5393142085494531
16110.0 0.5394910473751108
16120.000000000002 0.5396457813475612
16130.0 0.5397120959071829
16140.000000000002 0.5397563056135973
16150.0 0.5399110395860477
16160.000000000002 0.5401320881181197
16170.0 0.5403531366501919
16180.000000000002 0.5405078706226423
16190.0 0.5406404997418857
16200.000000000002 0.5407510240079216
16210.0 0.5408394434207504
16220.000000000002 0.5409720725399937
16230.0 0.5411268065124442
16240.000000000002 0.5412594356316873
16250.0 0.5413478550445162
16259.999999999998 0.541436274457345
16270.0 0.5416573229894172
16279.999999999998 0.5418562666682819
16290.0 0.5419004763746964
16299.999999999998 0.5419446860811109
16310.0 0.5420994200535613
16319.999999999998 0.5423204685856333
16330.0 0.5425194122644982
16339.999999999998 0.5426962510901558
16350.0 0.5428288802093992
16359.999999999998 0.5429615093286424
16370.0 0.5431162433010928
16379.999999999998 0.5432930821267505
16390.0 0.5434478160992009
16400.0 0.5435804452184442
16410.0 0.5436246549248586
16420.0 0.5437351791908946
16430.0 0.5439562277229667
16440.0 0.5441551714018316
16450.0 0.5442435908146604
16460.0 0.5442656956678676
16470.0 0.5443320102274892
16480.0 0.544420429640318
16490.0 0.5445088490531469
16500.0 0.5446414781723902
16510.0 0.5448846315576694
16520.0 0.5450614703833272
16530.0 0.5449951558237055
16540.0 0.5449288412640838
16550.0 0.5451056800897416
16560.0 0.5453488334750207
16570.0 0.5455035674474713
16580.0 0.5455698820070929
16590.0 0.5456361965667145
16600.0 0.5457909305391649
16610.0 0.5460340839244443
16620.0 0.5461667130436875
16630.0 0.5460782936308587
16640.0 0.5459677693648226
16650.0 0.5461225033372731
16660.0 0.5463877615757595
16670.0 0.5465646004014172
16680.0 0.5465867052546245
16690.0 0.5465203906950028
16700.0 0.5464761809885884
16710.0 0.5465867052546245
16720.0 0.5467193343738677
16730.0 0.5467193343738677
16740.0 0.5467193343738677
16750.0 0.5468740683463181
16760.0 0.5470509071719758
16770.0 0.5471393265848047
16780.0 0.5472056411444262
16790.0 0.5473824799700839
16800.0 0.5475372139425343
16810.0 0.5476477382085704
16820.0 0.5477361576213993
16830.0 0.5478466818874353
16840.0 0.5479351013002641
16850.0 0.5480014158598857
16860.0 0.5480456255663001
16870.0 0.548134044979129
16880.0 0.5482666740983723
16890.0 0.5483771983644082
16900.0 0.548465617777237
16910.0 0.5485319323368587
16920.0 0.548664561456102
16930.0 0.5489077148413812
16940.0 0.5490845536670389
16950.0 0.5491287633734533
16960.0 0.549195077933075
16970.0 0.5494603361715614
16980.0 0.5497034895568408
16990.0 0.5496813847036335
17000.0 0.5496592798504263
17010.0 0.5499245380889128
17020.0 0.5502782157402281
17030.0 0.5505434739787146
17040.0 0.5506539982447506
17050.0 0.5506761030979579
17060.0 0.5507203128043723
17070.0 0.5509413613364443
17080.0 0.5511845147217237
17090.0 0.5513392486941742
17100.0 0.5514497729602101
17110.0 0.5515824020794533
17120.0 0.5517592409051111
17130.0 0.5519360797307687
17140.0 0.5520908137032191
17150.0 0.5521571282628408
17160.0 0.5523118622352913
17170.0 0.5526876447398138
17180.0 0.5530634272443362
17190.0 0.5531960563635796
17200.0 0.553240266069994
17210.0 0.5534171048956517
17220.0 0.5536160485745165
17230.0 0.5537707825469669
17240.0 0.5539255165194173
17250.0 0.5541686699046967
17260.0 0.5543897184367688
17270.0 0.5545002427028048
17280.0 0.5545886621156336
17290.0 0.554743396088084
17300.0 0.5549202349137418
17310.0 0.5551412834458138
17320.0 0.5553623319778859
17330.0 0.5555612756567507
17340.0 0.5557381144824084
17350.0 0.5559591630144805
17360.0 0.5561360018401381
17370.0 0.5562465261061742
17380.0 0.5562907358125886
17390.0 0.5562686309593814
17400.0 0.5563570503722103
17410.0 0.5566223086106967
17420.0 0.5569317765555976
17430.0 0.5571086153812553
17440.0 0.5572191396472913
17450.0 0.557395978472949
17460.0 0.5575286075921922
17470.0 0.5575728172986067
17480.0 0.5575949221518138
17490.0 0.5576391318582282
17500.0 0.5577275512710571
17510.0 0.5577717609774715
17520.0 0.5579043900967148
17530.0 0.558147543481994
17540.0 0.5583906968672734
17550.0 0.5584791162801022
17560.0 0.5584791162801022
17570.0 0.5585012211333095
17580.0 0.5585454308397239
17590.0 0.5586117453993454
17600.0 0.5587222696653815
17610.0 0.558877003637832
17620.0 0.5589654230506608
17630.0 0.5589433181974536
17640.0 0.5589212133442464
17650.0 0.5590317376102824
17660.0 0.5591643667295256
17670.0 0.5592306812891472
17680.0 0.55920857643594
17690.0 0.5591643667295256
17700.0 0.5591201570231111
17710.0 0.5590317376102824
17720.0 0.558877003637832
17730.0 0.558457011426895
17740.0 0.5576170270050211
17750.0 0.5559149533080661
17760.0 0.5526434350333994
17770.0 0.5467414392270749
17780.0 0.5369489892562819
17790.0 0.521851374515759
17800.0 0.4998349407213802
17810.0 0.46966181609354163
17820.0 0.4308899035680994
17830.0 0.3842486633008912
17840.0 0.3315949029613225
17850.0 0.2758243583195375
17860.0 0.2203411767694462
17870.0 0.16848319114533697
17880.0 0.12296929839169636
17890.0 0.08545736249906491
17900.0 0.05641158538479401
17910.0 0.035345660278325086
17920.0 0.020955400840432886
17930.0 0.011759781906234489
17940.0 0.0062335686044325675
17950.0 0.0031388891554234915
17960.0 0.001481025164882915
17970.0 0.0006631455962162305
17980.0 0.0002873630916936999
17990.0 0.00011052426603603843
18000.0 4.420970641441537e-05
18010.0 2.2104853207207685e-05
18020.0 0.0
