mejiro/data/filter_response/RomanSCA11-F213.ecsv
# %ECSV 1.0
# ---
# datatype:
# - {name: wavelength, unit: Angstrom, datatype: float64}
# - {name: response, datatype: float64}
# meta:
#   __serialized_columns__:
#     wavelength:
#       __class__: astropy.units.quantity.Quantity
#       unit: !astropy.units.Unit {unit: Angstrom}
#       value: !astropy.table.SerializedColumn {name: wavelength}
#   band_name: F213
#   group_name: RomanSCA11
# schema: astropy-2.0
wavelength response
19450.0 0.0
19460.0 2.2104853207207685e-05
19470.0 4.420970641441537e-05
19480.0 0.00011052426603603843
19490.0 0.0002652582384864922
19500.0 0.0005968310365946076
19510.0 0.0013041863392252535
19520.0 0.002741001797693753
19530.0 0.005371479329351467
19540.0 0.010013498502865082
19550.0 0.017728092272180564
19560.0 0.02977523727010875
19570.0 0.047503329542289315
19580.0 0.07210603116191147
19590.0 0.10424648772519145
19600.0 0.14390259437892203
19610.0 0.1901017375819861
19620.0 0.2407218514264917
19630.0 0.2928672001422946
19640.0 0.34353152369321466
19650.0 0.3901064494008012
19660.0 0.4305141210635769
19670.0 0.4634724571955235
19680.0 0.48880461897098354
19690.0 0.5071516471329659
19700.0 0.5196408891950383
19710.0 0.5275544266432186
19720.0 0.5323953894955972
19730.0 0.5352911252657414
19740.0 0.5368826746966602
19750.0 0.5375016105864621
19760.0 0.5377005542653269
19770.0 0.5378994979441918
19780.0 0.538120546476264
19790.0 0.5382752804487143
19800.0 0.5383858047147504
19810.0 0.5384300144211648
19820.0 0.5384521192743721
19830.0 0.5385184338339937
19840.0 0.5385184338339937
19850.0 0.5384079095679576
19860.0 0.5383194901551287
19870.0 0.5383194901551287
19880.0 0.538341595008336
19890.0 0.5382752804487143
19900.0 0.5382310707422999
19910.0 0.5382310707422999
19920.0 0.5382752804487143
19930.0 0.5383636998615432
19940.0 0.5384742241275792
19950.0 0.5385847483936153
19960.0 0.5385626435404081
19970.0 0.5382973853019216
19980.0 0.538142651329471
19990.0 0.5383636998615432
20000.0 0.5386510629532368
20010.0 0.5386068532468224
20019.999999999996 0.5383858047147504
20030.0 0.5381868610358855
20040.0 0.5380100222102279
20050.0 0.5378994979441918
20059.999999999996 0.5377226591185341
20070.0 0.5374352960268404
20080.0 0.5371479329351468
20090.0 0.5369710941094891
20099.999999999996 0.5369489892562819
20110.0 0.5370153038159035
20120.0 0.5369710941094891
20130.0 0.5367279407242098
20139.999999999996 0.5363963679261017
20150.0 0.5361974242472368
20160.0 0.536109004834408
20170.0 0.5360647951279935
20179.999999999996 0.5358658514491287
20190.0 0.5354458592381918
20200.0 0.5349595524676333
20210.0 0.5346279796695251
20219.999999999996 0.5345395602566962
20230.0 0.5346721893759395
20240.0 0.5348048184951827
20250.0 0.5346942942291467
20259.999999999996 0.5344511408438675
20270.0 0.5342743020182097
20280.0 0.5342079874585881
20290.0 0.5341858826053809
20299.999999999996 0.534097463192552
20310.0 0.5338985195136872
20320.0 0.5336332612752007
20330.0 0.5334122127431287
20339.999999999996 0.533235373917471
20350.0 0.5330806399450205
20360.0 0.5330364302386061
20370.0 0.5331027447982278
20379.999999999996 0.5331911642110566
20390.0 0.5331248496514349
20400.0 0.5329922205321918
20410.0 0.5329038011193629
20419.999999999996 0.5329038011193629
20430.0 0.5330585350918133
20440.0 0.533235373917471
20450.0 0.533345898183507
20460.0 0.5333016884770926
20470.0 0.5331690593578493
20480.0 0.5329701156789844
20490.0 0.5328153817065341
20500.0 0.5328816962661557
20510.0 0.5331911642110566
20520.0 0.533456422449543
20530.0 0.5334343175963359
20540.0 0.533456422449543
20550.0 0.53387641466048
20560.0 0.5342521971650026
20570.0 0.5341858826053809
20580.0 0.5340311486329306
20590.0 0.5341858826053809
20600.0 0.5344953505502819
20610.0 0.5347385039355611
20620.0 0.5348932379080116
20630.0 0.5350700767336692
20640.0 0.5352469155593269
20650.0 0.5354016495317774
20660.0 0.5357111174766783
20670.0 0.5361974242472368
20680.0 0.5365068921921377
20690.0 0.5364626824857233
20700.0 0.5365732067517593
20710.0 0.5373247717608044
20720.0 0.5380542319166423
20730.0 0.538120546476264
20740.0 0.538120546476264
20750.0 0.5387173775128585
20760.0 0.5392699988430387
20770.0 0.539203684283417
20780.0 0.5390489503109667
20790.0 0.5393805231090748
20800.0 0.5399110395860477
20810.0 0.5401984026777414
20820.0 0.5404857657694351
20830.000000000004 0.5409941773932009
20840.0 0.541436274457345
20850.0 0.5415246938701739
20860.0 0.5416352181362099
20870.000000000004 0.5420994200535613
20880.0 0.5426741462369487
20890.0 0.5430057190350568
20900.0 0.5431383481543001
20910.000000000004 0.543248872420336
20920.0 0.5434478160992009
20930.0 0.543757284044102
20940.0 0.5440446471357955
20950.000000000004 0.5442435908146604
20960.0 0.5444425344935253
20970.0 0.5447962121448406
20980.0 0.5452383092089848
20990.000000000004 0.5455919868603001
21000.0 0.5457688256859577
21010.0 0.5457467208327506
21020.0 0.5457909305391649
21030.000000000004 0.5461225033372731
21040.0 0.5464761809885884
21050.0 0.5465867052546245
21060.0 0.5466530198142461
21070.000000000004 0.5468519634931109
21080.0 0.5469182780527326
21090.0 0.5466088101078316
21100.0 0.5463435518693451
21110.000000000004 0.5464540761353812
21120.0 0.5467856489334892
21130.0 0.5470066974655614
21140.0 0.5472056411444262
21150.000000000004 0.5474266896764983
21160.0 0.547714052768192
21170.0 0.5480014158598857
21180.0 0.5480898352727145
21190.000000000004 0.5478687867406424
21200.0 0.5476919479149849
21210.0 0.5478024721810208
21220.0 0.5478466818874353
21230.000000000004 0.5474708993829128
21240.0 0.5470066974655614
21250.0 0.5468740683463181
21260.0 0.547073012025183
21269.999999999996 0.5474266896764983
21280.0 0.5476477382085704
21290.0 0.5475151090893272
21300.0 0.5473824799700839
21309.999999999996 0.547603528502156
21320.0 0.5479351013002641
21330.0 0.5480456255663001
21340.0 0.5480014158598857
21349.999999999996 0.5479351013002641
21360.0 0.5476698430617776
21370.0 0.5471614314380118
21380.0 0.5468298586399037
21389.999999999996 0.5469845926123542
21400.0 0.5471614314380118
21410.0 0.5469182780527326
21420.0 0.5466309149610389
21429.999999999996 0.5467414392270749
21440.0 0.5470066974655614
21450.0 0.5471172217315974
21460.0 0.5471172217315974
21469.999999999996 0.5471172217315974
21480.0 0.5471172217315974
21490.0 0.547073012025183
21500.0 0.5471614314380118
21509.999999999996 0.5474045848232911
21520.0 0.5475151090893272
21530.0 0.5472056411444262
21540.0 0.5467856489334892
21549.999999999996 0.5465646004014172
21560.0 0.546431971282174
21570.0 0.5462551324565164
21580.0 0.5461003984840659
21589.999999999996 0.5461003984840659
21600.0 0.546233027603309
21610.0 0.5464982858417956
21620.0 0.5467193343738677
21629.999999999996 0.5467193343738677
21640.0 0.5466309149610389
21650.0 0.5466088101078316
21660.0 0.5466751246674533
21669.999999999996 0.5467414392270749
21680.0 0.5467414392270749
21690.0 0.5465646004014172
21700.0 0.5463877615757595
21710.0 0.5462993421629307
21720.0 0.546233027603309
21730.0 0.5461225033372731
21740.0 0.5460561887776515
21750.0 0.546210922750102
21760.0 0.5463656567225523
21770.0 0.5464098664289668
21780.0 0.5464982858417956
21790.0 0.5467856489334892
21800.0 0.5471172217315974
21810.0 0.5472498508508407
21820.0 0.5471614314380118
21830.0 0.5468077537866965
21840.0 0.5465424955482101
21850.0 0.5465424955482101
21860.0 0.5465646004014172
21870.0 0.5463877615757595
21880.0 0.5463214470161379
21890.0 0.5466751246674533
21900.0 0.5469403829059397
21910.0 0.5466530198142461
21920.0 0.5462551324565164
21930.0 0.5462993421629307
21940.0 0.5464761809885884
21950.0 0.5464098664289668
21960.0 0.5462551324565164
21970.0 0.546233027603309
21980.0 0.5464761809885884
21990.0 0.5469182780527326
22000.0 0.547073012025183
22010.0 0.5465867052546245
22020.0 0.5460561887776515
22030.0 0.5461225033372731
22040.0 0.5466530198142461
22050.0 0.5472498508508407
22060.0 0.5473603751168767
22070.0 0.5467193343738677
22080.000000000004 0.546210922750102
22090.0 0.5466309149610389
22100.0 0.5472277459976335
22110.0 0.5471393265848047
22120.000000000004 0.5468961731995253
22130.0 0.5470288023187686
22140.0 0.5472498508508407
22150.0 0.5472056411444262
22160.000000000004 0.5471393265848047
22170.0 0.5473824799700839
22180.0 0.5477803673278137
22190.0 0.5480456255663001
22200.000000000004 0.5479351013002641
22210.0 0.5473382702636695
22220.0 0.5468298586399037
22230.0 0.5470288023187686
22240.000000000004 0.5476919479149849
22250.0 0.5483329886579938
22260.0 0.5485098274836515
22270.0 0.5479129964470569
22280.000000000004 0.5473603751168767
22290.0 0.5475372139425343
22300.0 0.5480235207130929
22310.0 0.5482887789515795
22320.000000000004 0.5482003595387506
22330.0 0.5478687867406424
22340.0 0.5476477382085704
22350.0 0.5477582624746065
22360.000000000004 0.5479572061534713
22370.0 0.5479793110066785
22380.0 0.5478024721810208
22390.0 0.5475814236489488
22400.000000000004 0.5475814236489488
22410.0 0.5479572061534713
22420.0 0.5481782546855435
22430.0 0.547824577034228
22440.000000000004 0.5473603751168767
22450.0 0.5472719557040479
22460.0 0.5473603751168767
22470.0 0.5473161654104622
22480.000000000004 0.5471835362912191
22490.0 0.547073012025183
22500.0 0.5471835362912191
22510.0 0.547603528502156
22519.999999999996 0.5479351013002641
22530.0 0.5479129964470569
22540.0 0.5478024721810208
22550.0 0.5479351013002641
22559.999999999996 0.5478908915938497
22570.0 0.5473161654104622
22580.0 0.5468519634931109
22590.0 0.547073012025183
22599.999999999996 0.5474930042361199
22610.0 0.5475372139425343
22620.0 0.5473824799700839
22630.0 0.5472277459976335
22639.999999999996 0.5469182780527326
22650.0 0.5464540761353812
22660.0 0.5463877615757595
22670.0 0.5471172217315974
22679.999999999996 0.5478466818874353
22690.0 0.5478024721810208
22700.0 0.5472719557040479
22710.0 0.5467856489334892
22719.999999999996 0.5464540761353812
22730.0 0.5463214470161379
22740.0 0.5461446081904803
22750.0 0.5457467208327506
22759.999999999996 0.5453267286218136
22770.0 0.545149889796156
22780.0 0.5452162043557776
22790.0 0.5454151480346424
22799.999999999996 0.5455035674474713
22810.0 0.545260414062192
22820.0 0.5449509461172911
22830.0 0.5448183169980478
22839.999999999996 0.5448183169980478
22850.0 0.5448183169980478
22860.0 0.5447962121448406
22870.0 0.5447741072916334
22879.999999999996 0.5447962121448406
22890.0 0.544840421851255
22900.0 0.5448846315576694
22910.0 0.5448625267044622
22919.999999999996 0.5446635830255974
22930.0 0.5442656956678676
22940.0 0.5436246549248586
22950.0 0.5427846705029846
22960.0 0.5419004763746964
22970.0 0.541104701659237
22980.0 0.5401762978245342
22990.0 0.5387836920724801
23000.0 0.5364847873389306
23010.0 0.5328153817065341
23020.0 0.5275765314964258
23030.0 0.5203924542040833
23040.0 0.5100473829031101
23050.0 0.495347655520317
23060.0 0.4760059089640103
23070.0 0.4520442480873971
23080.0 0.4236395117161353
23090.0 0.3910348532355039
23100.0 0.35411974837946714
23110.0 0.3135131330378266
23120.0 0.2713591779716816
23130.0 0.22964731996968063
23140.0 0.18950490654539148
23150.0 0.15205928521238166
23160.0 0.11861464230987644
23170.0 0.08994464770012807
23180.0 0.06620403535558701
23190.0 0.04721596645059562
23200.0 0.032604658480631335
23210.0 0.021795385262306777
23220.0 0.014102896346198502
23230.0 0.008841941282883074
23240.0 0.005371479329351467
23250.0 0.0031388891554234915
23260.0 0.0017683882565766149
23270.0 0.0009726135411171382
23280.0 0.0005084116237657767
23290.0 0.0002652582384864922
23300.0 0.0001326291192432461
23310.0 6.631455962162305e-05
23320.0 2.2104853207207685e-05
23330.000000000004 2.2104853207207685e-05
23340.0 0.0
