mejiro/data/filter_response/RomanSCA07-Grism_1stOrder.ecsv
# %ECSV 1.0
# ---
# datatype:
# - {name: wavelength, unit: Angstrom, datatype: float64}
# - {name: response, datatype: float64}
# meta:
#   __serialized_columns__:
#     wavelength:
#       __class__: astropy.units.quantity.Quantity
#       unit: !astropy.units.Unit {unit: Angstrom}
#       value: !astropy.table.SerializedColumn {name: wavelength}
#   band_name: Grism_1stOrder
#   group_name: RomanSCA07
# schema: astropy-2.0
wavelength response
9850.0 0.0
9860.0 2.2104853207207685e-05
9870.0 0.0001547339724504538
9880.0 0.0006189358898018152
9890.0 0.0021441707610991454
9900.0 0.006321988017261398
9910.0 0.01573865548353187
9920.0 0.033334118636469186
9930.0 0.060545192934541844
9940.0 0.09553717556155161
9950.0 0.1328501677753182
9960.0 0.16602955243933692
9970.0 0.1906543589121663
9980.0 0.20612775615721166
9990.0 0.21466022949519384
10000.0 0.21908120013663537
10009.999999999998 0.2215569436958426
10020.0 0.22328112224600483
10029.999999999998 0.22476214741088774
10040.0 0.22619896286935626
10049.999999999998 0.22763577832782475
10060.0 0.22907259378629324
10069.999999999998 0.23053151409796893
10080.0 0.23196832955643748
10089.999999999998 0.23338304016169875
10100.0 0.23479775076696005
10109.999999999998 0.23625667107863574
10120.0 0.23771559139031143
10129.999999999998 0.23915240684877997
10140.0 0.24056711745404125
10149.999999999998 0.24195972320609532
10160.0 0.2433523289581494
10169.999999999998 0.2447670395634107
10180.0 0.2462259598750864
10189.999999999998 0.2476406704803477
10200.0 0.249055381085609
10209.999999999998 0.25044798683766306
10220.0 0.2518626974429244
10230.0 0.25325530319497846
10240.0 0.25467001380023974
10250.0 0.2560405146990866
10260.0 0.2574110155979335
10270.0 0.2587594116435732
10280.0 0.26015201739562727
10290.0 0.26156672800088854
10300.0 0.2629593337529426
10310.0 0.2643077297985823
10320.0 0.26563402099101474
10330.0 0.26698241703665443
10340.0 0.2683750227887085
10350.0 0.2697234188343482
10360.0 0.2710718148799878
10370.0 0.2723981060724203
10380.0 0.27372439726485276
10390.0 0.275028583604078
10400.0 0.27633276994330325
10410.0 0.27761485142932135
10420.0 0.2789190377685466
10430.0 0.2802895386673935
10440.0 0.2816158298598259
10450.0 0.2828537016394296
10460.0 0.28404736371261874
10470.0 0.2853294451986368
10480.0 0.2866557363910693
10490.0 0.2879820275835017
10500.0 0.28928621392272696
10510.0 0.2904798759959162
10520.0 0.2916735380691054
10530.0 0.292911409848709
10540.0 0.2942155961879343
10550.0 0.29549767767395235
10560.0 0.29673554945355596
10570.0 0.2979734212331596
10580.0 0.2991449784531416
10590.0 0.3002723259667092
10600.0 0.3013996734802768
10610.0 0.302593335553466
10620.0 0.3038312073330697
10630.0 0.30504697425946603
10640.0 0.30619642662624086
10650.0 0.30730166928660124
10660.0 0.3084069119469616
10670.0 0.30955636431373645
10680.0 0.3107058166805112
10690.0 0.31183316419407886
10700.0 0.3129605117076464
10710.0 0.3141099640744212
10720.0 0.315259416441196
10730.0 0.3164088688079708
10740.0 0.31753621632153844
10750.0 0.3187077735415204
10760.0 0.31983512105508805
10770.0 0.3209182588622412
10780.0 0.3219571869629799
10790.0 0.3229961150637187
10800.0 0.32410135772407905
10810.0 0.3252508100908539
10820.0 0.32640026245762865
10830.0 0.32741708570516026
10840.0 0.328456013805899
10850.0 0.32956125646625933
10860.0 0.33068860397982697
10870.0 0.3317275320805657
10880.0 0.3327443553280973
10890.0 0.33378328342883606
10900.0 0.334844316382782
10910.0 0.335905349336728
10920.0 0.33694427743746674
10930.0 0.3379611006849983
10940.0 0.3389779239325299
10950.0 0.34001685203326865
10960.0 0.3410557801340074
10970.0 0.34205049852833175
10980.0 0.3431778460418993
10990.0 0.34452624208753896
11000.0 0.34587463813317865
11010.0 0.3469798807935391
11020.0 0.347930389481449
11030.0 0.34896931758218774
11040.000000000002 0.3500745602425481
11050.0 0.35113559319649407
11060.000000000002 0.35224083585685445
11070.0 0.35332397366400764
11080.000000000002 0.3543629017647464
11090.0 0.35533551530586355
11100.000000000002 0.3563081288469807
11110.0 0.3574133715073411
11120.000000000002 0.3585186141677014
11130.0 0.3595575422684402
11140.000000000002 0.36061857522238616
11150.0 0.3617238178827466
11160.000000000002 0.36278485083669254
11170.0 0.36371325467139526
11180.000000000002 0.36466376335930517
11190.0 0.36572479631325117
11200.000000000002 0.36683003897361155
11210.0 0.36782475736793585
11220.000000000002 0.36879737090905307
11230.0 0.3698362990097918
11240.000000000002 0.3708531222573233
11250.0 0.37175942123881883
11259.999999999998 0.3725994056606927
11270.0 0.3735499143486027
11279.999999999998 0.374544632742927
11290.0 0.3755172462840442
11299.999999999998 0.3765119646783685
11310.0 0.37750668307269286
11319.999999999998 0.37847929661380997
11330.0 0.3794298053017199
11339.999999999998 0.3803361042832154
11350.0 0.3812645081179182
11359.999999999998 0.3821708070994137
11370.0 0.38305500122770203
11379.999999999998 0.3839613002091975
11390.0 0.38491180889710747
11399.999999999998 0.3858844224382246
11410.0 0.3868570359793417
11419.999999999998 0.3877633349608372
11430.0 0.3885812145295039
11439.999999999998 0.3894211989513778
11450.0 0.3903053930796661
11459.999999999998 0.3912337969143688
11470.0 0.39209588618944996
11480.0 0.39293587061132385
11490.0 0.39375375017999054
11500.0 0.39457162974865717
11510.0 0.39538950931732386
11520.0 0.39620738888599055
11530.0 0.3969589538950356
11540.0 0.3977547286104951
11550.0 0.3986168178855762
11560.0 0.39945680230745007
11570.0 0.40016415761008073
11580.0 0.40084940805950414
11590.0 0.40164518277496364
11600.0 0.40246306234363033
11610.0 0.40323673220588263
11620.0 0.40396619236172043
11630.0 0.4046293379579367
11640.0 0.4053145884073601
11650.0 0.4060219437099908
11660.0 0.40677350871903584
11670.0 0.40748086402166644
11680.0 0.4081882193242971
11690.0 0.4089618891865494
11700.0 0.4096913493423872
11710.0 0.41028818037898185
11720.0 0.41084080170916204
11730.0 0.41148184245217106
11740.0 0.4121449880483873
11750.0 0.4128081336446035
11760.0 0.4134491743876126
11770.0 0.41409021513062155
11780.0 0.4147533607268378
11790.0 0.4155049257358828
11800.0 0.4162122810385135
11810.0 0.4168312169283153
11820.0 0.41740594311170276
11830.0 0.41804698385471173
11840.0 0.41868802459772075
11850.0 0.419240645927901
11860.0 0.41977116240487394
11870.0 0.42030167888184694
11880.0 0.4208764050652343
11890.0 0.42151744580824335
11900.0 0.4221363816980452
11910.0 0.42262268846860374
11920.0 0.4231311000923695
11930.0 0.4237279311289641
11940.0 0.4243247621655587
11950.0 0.4248110689361173
11960.0 0.42527527085346867
11970.0 0.4258721018900633
11980.0 0.4264689329266579
11990.0 0.42697734455042363
12000.0 0.42746365132098224
12010.0 0.4279941677979552
12020.0 0.42854678912813543
12030.0 0.4290994104583156
12040.0 0.42962992693528856
12050.0 0.43022675797188314
12060.0 0.4307793793020634
12070.0 0.43122147636620756
12080.0 0.43164146857714447
12090.0 0.4320393559348742
12100.0 0.4325256627054328
12110.0 0.4330561791824058
12120.0 0.43358669565937874
12130.0 0.4339845830171085
12140.0 0.43436036552163104
12150.0 0.4348466722921896
12160.0 0.4353992936223698
12170.0 0.43595191495255
12180.0 0.43643822172310853
12190.0 0.43681400422763106
12200.0 0.4371897867321536
12210.0 0.4376981983559194
12220.0 0.43820660997968514
12230.0 0.4386266021906221
12240.0 0.4390244895483518
12250.0 0.4394886914657032
12260.0 0.43995289338305454
12270.0 0.4403507807407843
12280.0 0.44072656324530685
12290.000000000002 0.44114655545624376
12300.0 0.44156654766718073
12310.000000000002 0.44189812046528887
12320.0 0.4421854835569825
12330.000000000002 0.44251705635509064
12340.0 0.4428707340064059
12350.000000000002 0.4432244116577213
12360.0 0.44355598445582944
12370.000000000002 0.4438433475475231
12380.0 0.4441749203456312
12390.000000000002 0.44459491255656813
12400.0 0.44497069506109066
12410.000000000002 0.4451696387399556
12420.0 0.44539068727202763
12430.000000000002 0.4457885746297574
12440.0 0.44616435713428
12450.000000000002 0.44638540566635204
12460.0 0.4465401396388024
12470.000000000002 0.44682750273049615
12480.0 0.44715907552860423
12490.000000000002 0.44746854347350523
12500.0 0.4477116968587844
12509.999999999998 0.44791064053764934
12520.0 0.4481095842165142
12529.999999999998 0.448308527895379
12540.0 0.44852957642745117
12549.999999999998 0.4487948346659376
12560.0 0.4490600929044241
12569.999999999998 0.44923693173008183
12580.0 0.44936956084932506
12589.999999999998 0.4494137705557395
12600.0 0.4495021899685683
12609.999999999998 0.44974534335384764
12620.0 0.4500106015923341
12629.999999999998 0.4501874404179917
12640.0 0.45032006953723497
12649.999999999998 0.4504969083628926
12660.0 0.4506295374821359
12669.999999999998 0.45067374718855036
12680.0 0.45071795689496474
12689.999999999998 0.45085058601420797
12700.0 0.45102742483986563
12709.999999999998 0.45116005395910885
12720.0 0.4513147879315593
12730.0 0.451491626757217
12740.0 0.4516021510232531
12750.0 0.45158004617004577
12760.0 0.45158004617004577
12770.0 0.45175688499570343
12780.0 0.45200003838098274
12790.0 0.4521547723534332
12800.0 0.4522210869130548
12810.0 0.45219898205984765
12820.0 0.4521768772066404
12830.0 0.4522652966194692
12840.0 0.45244213544512696
12850.0 0.45261897427078457
12860.0 0.45272949853682054
12870.0 0.452773708243235
12880.0 0.4528179179496495
12890.0 0.4529063373624783
12900.0 0.45303896648172154
12910.0 0.4531494907477575
12920.0 0.45323791016058634
12930.0 0.45328211986700084
12940.0 0.4533705392798297
12950.0 0.4535031683990729
12960.0 0.45361369266510887
12970.0 0.45365790237152326
12980.0 0.4537021120779378
12990.0 0.4538789509035954
13000.0 0.4540557897292531
13010.0 0.4541442091420819
13020.0 0.4541884188484963
13030.0 0.4542326285549107
13040.0 0.45432104796773953
13050.0 0.45447578194019
13060.0 0.45465262076584767
13070.0 0.45482945959150534
13080.0 0.45500629841716295
13090.0 0.45511682268319903
13100.0 0.4552936615088567
13110.0 0.45560312945375764
13120.0 0.45584628283903683
13130.0 0.4558904925454513
13140.0 0.4558683876922441
13150.0 0.4559568071050729
13160.0 0.45615575078393783
13170.0 0.45633258960959544
13180.0 0.45648732358204597
13190.0 0.45657574299487474
13200.0 0.4566641624077036
13210.0 0.45681889638015405
13220.0 0.45697363035260447
13230.0 0.45715046917826213
13240.0 0.4572830982975054
13250.0 0.4574157274167487
13260.0 0.45752625168278466
13270.0 0.45768098565523513
13280.0 0.4577915099212712
13290.0 0.4578578244808928
13300.0 0.45792413904051443
13310.0 0.4581009778661721
13320.0 0.45829992154503696
13330.0 0.4584546555174874
13340.0 0.45856517978352346
13350.0 0.4585872846367307
13360.0 0.45865359919635224
13370.0 0.45880833316880276
13380.0 0.458940962288046
13390.0 0.45891885743483873
13400.0 0.4588304380220099
13410.0 0.45885254287521715
13420.0 0.4589630671412531
13430.0 0.4590735914072892
13440.0 0.45916201082011804
13450.0 0.4592283253797397
13460.0 0.4592725350861541
13470.0 0.45933884964577565
13480.0 0.4593830593521901
13490.0 0.4593830593521901
13500.0 0.4593609544989829
13510.0 0.4593167447925685
13520.0 0.45925043023294687
13530.0 0.4591399059669109
13540.000000000002 0.4590735914072892
13550.0 0.45905148655408207
13560.000000000002 0.45900727684766757
13570.0 0.45885254287521715
13580.000000000002 0.4586978089027667
13590.0 0.4586978089027667
13600.000000000002 0.45867570404955954
13610.0 0.458520970077109
13620.000000000002 0.45832202639824415
13630.0 0.45812308271937924
13640.000000000002 0.45794624389372157
13650.0 0.4577915099212712
13660.000000000002 0.45768098565523513
13670.0 0.4576146710956135
13680.000000000002 0.45757046138919905
13690.0 0.4574378322699558
13700.000000000002 0.4572388885910909
13710.0 0.4570399449122261
13720.000000000002 0.45684100123336124
13730.0 0.45664205755449633
13740.000000000002 0.45648732358204597
13750.0 0.45635469446280263
13759.999999999998 0.4561999604903522
13770.0 0.45604522651790175
13779.999999999998 0.45584628283903683
13790.0 0.4555810246005504
13799.999999999998 0.45531576636206395
13810.0 0.4550947178299919
13819.999999999998 0.454895774151127
13830.0 0.45465262076584767
13839.999999999998 0.4543431528209468
13850.0 0.4539894751696314
13859.999999999998 0.45368000722473056
13870.0 0.45348106354586565
13879.999999999998 0.453304224720208
13890.0 0.45303896648172154
13899.999999999998 0.4528400228028566
13910.0 0.45279581309644223
13919.999999999998 0.45272949853682054
13930.0 0.4524642402983341
13939.999999999998 0.4521105626470188
13950.0 0.45182319955532513
13959.999999999998 0.4516242558764602
13970.0 0.451491626757217
13980.0 0.4513147879315593
13990.0 0.4509832151334512
14000.0 0.45060743262892866
14010.0 0.4502979646840278
14020.0 0.45005481129874847
14030.0 0.44987797247309086
14040.0 0.44967902879422594
14050.0 0.4494137705557395
14060.0 0.4491043026108385
14070.0 0.4487506249595232
14080.0 0.4484190521614151
14090.0 0.4481095842165142
14100.0 0.4477338017119917
14110.0 0.4472917046478475
14120.0 0.44687171243691054
14130.0 0.4466506639048385
14140.0 0.44642961537276643
14150.0 0.4460980425746583
14160.0 0.44572226007013577
14170.0 0.4453685824188205
14180.0 0.44508121932712674
14190.0 0.4448822756482619
14200.0 0.4447054368226042
14210.0 0.44448438829053216
14220.0 0.4443296543180817
14230.0 0.44435175917128894
14240.0 0.4444401785841178
14250.0 0.4444401785841178
14260.0 0.4443296543180817
14270.0 0.4440865009328024
14280.0 0.44382124269431594
14290.0 0.4436444038686583
14300.0 0.4434896698962078
14310.0 0.44331283107055014
14320.0 0.44306967768527084
14330.0 0.4428707340064059
14340.0 0.44264968547433386
14350.0 0.44247284664867625
14360.0 0.44227390296981134
14370.0 0.4420749592909465
14380.0 0.44180970105246
14390.0 0.4415002331075591
14400.0 0.4412349748690726
14410.0 0.441058136043415
14420.0 0.44090340207096446
14430.0 0.44070445839209965
14440.0 0.4404170953004059
14450.0 0.440107627355505
14460.0 0.43979815941060413
14470.0 0.43953290117211763
14480.0 0.4392897477868383
14490.0 0.43909080410797346
14500.0 0.4388918604291086
14510.0 0.4386929167502437
14520.0 0.43844976336496444
14530.0 0.4381181905668563
14540.0 0.4377866177687482
14550.0 0.4375434643834689
14560.0 0.4373003109981896
14570.0 0.43703505275970317
14580.0 0.4367476896680095
14590.0 0.4365266411359374
14600.0 0.4363055926038653
14610.0 0.43599612465896437
14620.0 0.4356866567140635
14630.0 0.4353992936223698
14640.0 0.4351340353838833
14650.0 0.434780357732568
14660.0 0.4344487849344599
14670.0 0.43420563154918057
14680.0 0.4339845830171085
14690.0 0.4337414296318292
14700.0 0.4334319616869283
14710.0 0.4330561791824058
14720.0 0.43270250153109047
14730.0 0.4324372432926039
14740.0 0.43221619476053186
14750.0 0.43192883166883816
14760.0 0.4316193637239372
14770.0 0.4313098957790364
14780.0 0.43102253268734264
14790.000000000002 0.430735169595649
14800.0 0.43044780650395525
14810.000000000002 0.43018254826546876
14820.0 0.42989518517377506
14830.000000000002 0.429563612375667
14840.0 0.42923203957755884
14850.000000000002 0.4289225716326579
14860.0 0.42863520854096426
14870.000000000002 0.4283257405960633
14880.0 0.427972062944748
14890.000000000002 0.4276183852934327
14900.0 0.4272868124953246
14910.000000000002 0.4269994494036309
14920.0 0.42671208631193713
14930.000000000002 0.42635840866062186
14940.0 0.4260268358625137
14950.000000000002 0.4257615776240272
14960.0 0.42551842423874797
14970.000000000002 0.42518685144063983
14980.0 0.4248331737893245
14990.000000000002 0.4244352864315947
15000.0 0.42408160878027945
15009.999999999998 0.42377214083537856
15020.0 0.423506882596892
15029.999999999998 0.42321951950519837
15040.0 0.42291005156029743
15049.999999999998 0.42262268846860374
15060.0 0.42231322052370285
15069.999999999998 0.4220037525788019
15080.0 0.4216500749274866
15089.999999999998 0.42125218756975685
15100.0 0.4208764050652343
15109.999999999998 0.42056693712033344
15120.0 0.42032378373505414
15129.999999999998 0.4200585254965677
15140.0 0.41974905755166675
15149.999999999998 0.4193732750471442
15160.0 0.41897538768941445
15169.999999999998 0.4185775003316847
15180.0 0.4182238226803694
15189.999999999998 0.4178480401758469
15200.0 0.4175164673777388
15209.999999999998 0.41718489457963065
15220.0 0.4168533217815225
15230.0 0.41649964413020724
15240.0 0.4161680713320991
15250.0 0.41583649853399096
15260.0 0.4155270305890901
15270.0 0.4152175626441892
15280.0 0.41488598984608105
