mejiro/data/filter_response/RomanSCA10-F129.ecsv
# %ECSV 1.0
# ---
# datatype:
# - {name: wavelength, unit: Angstrom, datatype: float64}
# - {name: response, datatype: float64}
# meta:
#   __serialized_columns__:
#     wavelength:
#       __class__: astropy.units.quantity.Quantity
#       unit: !astropy.units.Unit {unit: Angstrom}
#       value: !astropy.table.SerializedColumn {name: wavelength}
#   band_name: F129
#   group_name: RomanSCA10
# schema: astropy-2.0
wavelength response
11190.0 0.0
11200.000000000002 2.2104853207207685e-05
11210.0 0.00011052426603603843
11220.000000000002 0.0005747261833873998
11230.0 0.002630477531657715
11240.000000000002 0.00963771599834255
11250.0 0.02866999460974837
11259.999999999998 0.06980712642836187
11270.0 0.14043213242539043
11279.999999999998 0.23691981667485199
11290.0 0.3416968208770164
11299.999999999998 0.4321498802009103
11310.0 0.49428662256637107
11319.999999999998 0.5281954673862277
11330.0 0.5428509850626063
11339.999999999998 0.547824577034228
11350.0 0.5491508682266606
11359.999999999998 0.5493940216119397
11370.0 0.5493277070523183
11379.999999999998 0.5492613924926966
11390.0 0.5492613924926966
11399.999999999998 0.5493277070523183
11410.0 0.5493719167587326
11419.999999999998 0.5493277070523183
11430.0 0.5492171827862822
11439.999999999998 0.5490845536670389
11450.0 0.5490845536670389
11459.999999999998 0.5491066585202462
11470.0 0.5490624488138317
11480.0 0.5489961342542101
11490.0 0.5489077148413812
11500.0 0.5488414002817597
11510.0 0.5487971905753452
11520.0 0.5487308760157236
11530.0 0.5486203517496876
11540.0 0.5485319323368587
11550.0 0.5485761420432731
11560.0 0.5485982468964803
11570.0 0.548465617777237
11580.0 0.5482887789515795
11590.0 0.5482666740983723
11600.0 0.5483108838047867
11610.0 0.5482887789515795
11620.0 0.5482224643919579
11630.0 0.5480677304195074
11640.0 0.5479351013002641
11650.0 0.5478908915938497
11660.0 0.5478687867406424
11670.0 0.5478024721810208
11680.0 0.5477803673278137
11690.0 0.547824577034228
11700.0 0.547824577034228
11710.0 0.5476698430617776
11720.0 0.5474487945297055
11730.0 0.5473161654104622
11740.0 0.5472719557040479
11750.0 0.5472277459976335
11760.0 0.5471614314380118
11770.0 0.5470951168783902
11780.0 0.547073012025183
11790.0 0.5471614314380118
11800.0 0.5472056411444262
11810.0 0.5471393265848047
11820.0 0.5470509071719758
11830.0 0.5470066974655614
11840.0 0.5469845926123542
11850.0 0.5468740683463181
11860.0 0.5467414392270749
11870.0 0.5465867052546245
11880.0 0.5464982858417956
11890.0 0.5465203906950028
11900.0 0.5464982858417956
11910.0 0.5463435518693451
11920.0 0.5461888178968947
11930.0 0.5461888178968947
11940.0 0.5461667130436875
11950.0 0.546011979071237
11960.0 0.5458572450987865
11970.0 0.5458351402455794
11980.0 0.5458572450987865
11990.0 0.5457467208327506
12000.0 0.5455919868603001
12010.0 0.5455256723006785
12020.0 0.5455035674474713
12030.0 0.5454593577410568
12040.0 0.5454151480346424
12050.0 0.5454372528878496
12060.0 0.5454151480346424
12070.0 0.5452825189153993
12080.0 0.5450835752365343
12090.0 0.5449067364108767
12100.0 0.5447962121448406
12110.0 0.5447962121448406
12120.0 0.5447741072916334
12130.0 0.5445972684659757
12140.0 0.544420429640318
12150.0 0.5443541150806965
12160.0 0.5443762199339036
12170.0 0.544420429640318
12180.0 0.5443762199339036
12190.0 0.544199381108246
12200.0 0.5440446471357955
12210.0 0.5440667519890028
12220.0 0.54408885684221
12230.0 0.5440004374293811
12240.0 0.5438899131633451
12250.0 0.5438899131633451
12260.0 0.5438899131633451
12270.0 0.543779388897309
12280.0 0.543668864631273
12290.000000000002 0.5436246549248586
12300.0 0.5436025500716514
12310.000000000002 0.5434699209524082
12320.0 0.5433151869799577
12330.000000000002 0.5431825578607145
12340.0 0.5430941384478857
12350.000000000002 0.543027823888264
12360.0 0.5429394044754352
12370.000000000002 0.5428067753561919
12380.0 0.5427404607965702
12390.000000000002 0.5427625656497775
12400.0 0.5427625656497775
12410.000000000002 0.5425636219709126
12420.0 0.542386783145255
12430.000000000002 0.5424309928516694
12440.0 0.5424752025580838
12450.000000000002 0.5423204685856333
12460.0 0.5421215249067685
12470.000000000002 0.5420773152003541
12480.0 0.5421215249067685
12490.000000000002 0.5420994200535613
12500.0 0.5420552103471469
12509.999999999998 0.5419446860811109
12520.0 0.5418341618150748
12529.999999999998 0.5417678472554531
12540.0 0.5417236375490387
12549.999999999998 0.5417457424022459
12560.0 0.5417457424022459
12569.999999999998 0.5417015326958315
12580.0 0.5415689035765884
12589.999999999998 0.5413478550445162
12600.0 0.5412152259252729
12609.999999999998 0.5412594356316873
12620.0 0.5413478550445162
12629.999999999998 0.541325750191309
12640.0 0.5412594356316873
12649.999999999998 0.5412373307784802
12660.0 0.5412152259252729
12669.999999999998 0.5410604919528226
12680.0 0.5409057579803721
12689.999999999998 0.5408836531271648
12700.0 0.5409057579803721
12709.999999999998 0.5408836531271648
12720.0 0.5409057579803721
12730.0 0.5409499676867865
12740.0 0.5409278628335792
12750.0 0.5407510240079216
12760.0 0.5405962900354712
12770.0 0.5406404997418857
12780.0 0.540795233714336
12790.0 0.5408615482739577
12800.0 0.5408173385675432
12810.0 0.5406404997418857
12820.0 0.5404857657694351
12830.0 0.5404857657694351
12840.0 0.540574185182264
12850.0 0.5406626045950927
12860.0 0.5406847094483
12870.0 0.5406404997418857
12880.0 0.540574185182264
12890.0 0.5405962900354712
12900.0 0.5406404997418857
12910.0 0.5406626045950927
12920.0 0.5406626045950927
12930.0 0.5406183948886784
12940.0 0.5405962900354712
12950.0 0.5406626045950927
12960.0 0.5407068143015071
12970.0 0.5406404997418857
12980.0 0.5406183948886784
12990.0 0.5407068143015071
13000.0 0.5408173385675432
13010.0 0.5408394434207504
13020.0 0.5407731288611288
13030.0 0.5407289191547144
13040.0 0.5407289191547144
13050.0 0.540795233714336
13060.0 0.5409057579803721
13070.0 0.5410162822464081
13080.0 0.541104701659237
13090.0 0.5411268065124442
13100.0 0.5412373307784802
13110.0 0.5415025890169667
13120.0 0.5417015326958315
13130.0 0.5416352181362099
13140.0 0.5415246938701739
13150.0 0.5415246938701739
13160.0 0.5416352181362099
13170.0 0.5417678472554531
13180.0 0.5418562666682819
13190.0 0.5418562666682819
13200.0 0.5418783715214892
13210.0 0.5419446860811109
13220.0 0.5420773152003541
13230.0 0.542165734613183
13240.0 0.5422541540260117
13250.0 0.5423204685856333
13260.0 0.5424088879984622
13270.0 0.5424973074112911
13280.0 0.5425636219709126
13290.0 0.5425636219709126
13300.0 0.5425857268241199
13310.0 0.5427404607965702
13320.0 0.542917299622228
13330.0 0.5430720335946784
13340.0 0.5431383481543001
13350.0 0.5431383481543001
13360.0 0.5431825578607145
13370.0 0.5433372918331649
13380.0 0.5434699209524082
13390.0 0.5434036063927865
13400.0 0.5432930821267505
13410.0 0.5433151869799577
13420.0 0.5434257112459938
13430.0 0.543558340365237
13440.0 0.5436909694844803
13450.0 0.543779388897309
13460.0 0.5438457034569307
13470.0 0.5439562277229667
13480.0 0.5440446471357955
13490.0 0.54408885684221
13500.0 0.54408885684221
13510.0 0.54408885684221
13520.0 0.54408885684221
13530.0 0.5440446471357955
13540.000000000002 0.5440225422825884
13550.0 0.54408885684221
13560.000000000002 0.5441330665486244
13570.0 0.5440446471357955
13580.000000000002 0.543978332576174
13590.0 0.5440667519890028
13600.000000000002 0.5441551714018316
13610.0 0.5441109616954172
13620.000000000002 0.543978332576174
13630.0 0.5438899131633451
13640.000000000002 0.5438235986037234
13650.0 0.543757284044102
13660.000000000002 0.543779388897309
13670.0 0.5438678083101379
13680.000000000002 0.5439562277229667
13690.0 0.5439562277229667
13700.000000000002 0.5439120180165523
13710.0 0.5438235986037234
13720.000000000002 0.543757284044102
13730.0 0.5437351791908946
13740.000000000002 0.5437130743376875
13750.0 0.5437351791908946
13759.999999999998 0.543757284044102
13770.0 0.543757284044102
13779.999999999998 0.5437130743376875
13790.0 0.5436025500716514
13799.999999999998 0.5434920258056153
13810.0 0.5434478160992009
13819.999999999998 0.5434036063927865
13830.0 0.5433151869799577
13839.999999999998 0.5431825578607145
13850.0 0.5429615093286424
13859.999999999998 0.5428067753561919
13870.0 0.5427846705029846
13879.999999999998 0.5427846705029846
13890.0 0.5427183559433632
13899.999999999998 0.5426962510901558
13910.0 0.5428730899158136
13919.999999999998 0.543027823888264
13930.0 0.542917299622228
13939.999999999998 0.5427404607965702
13950.0 0.5426078316773271
13959.999999999998 0.5426078316773271
13970.0 0.5426962510901558
13980.0 0.5427183559433632
13990.0 0.5425415171177055
14000.0 0.5423204685856333
14010.0 0.542165734613183
14020.0 0.5421215249067685
14030.0 0.5421436297599757
14040.0 0.5421436297599757
14050.0 0.5420552103471469
14060.0 0.5419004763746964
14070.0 0.5417236375490387
14080.0 0.5415467987233811
14090.0 0.5413920647509306
14100.0 0.5411931210720657
14110.0 0.5408836531271648
14120.0 0.5406404997418857
14130.0 0.5405962900354712
14140.0 0.540574185182264
14150.0 0.5404194512098135
14160.0 0.5401984026777414
14170.0 0.5400215638520838
14180.0 0.539933144439255
14190.0 0.5399552492924621
14200.0 0.5399773541456694
14210.0 0.5399552492924621
14220.0 0.540043668705291
14230.0 0.5403310317969846
14240.0 0.5407068143015071
14250.0 0.5409941773932009
14260.0 0.541104701659237
14270.0 0.5410825968060298
14280.0 0.5410604919528226
14290.0 0.5411268065124442
14300.0 0.5412373307784802
14310.0 0.5413036453381018
14320.0 0.541325750191309
14330.0 0.5413478550445162
14340.0 0.5414141696041378
14350.0 0.5414804841637595
14360.0 0.5415689035765884
14370.0 0.5416352181362099
14380.0 0.5416352181362099
14390.0 0.5415910084297955
14400.0 0.5415910084297955
14410.0 0.5417236375490387
14420.0 0.5418783715214892
14430.0 0.541966790934318
14440.0 0.5419888957875253
14450.0 0.5419004763746964
14460.0 0.5416573229894172
14470.0 0.5407510240079216
14480.0 0.5376784494121197
14490.0 0.5290796615145159
14500.0 0.5090968742152002
14510.0 0.4705239053686228
14520.0 0.40854189697561244
14530.0 0.32564869744858366
14540.0 0.23336093530849156
14550.0 0.14772673398376895
14560.0 0.08145638406856032
14570.0 0.03870559796582066
14580.0 0.01573865548353187
14590.0 0.005437793888973091
14600.0 0.0015915494309189533
14610.0 0.00039788735772973834
14620.0 8.841941282883074e-05
14630.0 2.2104853207207685e-05
14640.0 0.0
