mejiro/data/filter_response/RomanSCA07-F106.ecsv
# %ECSV 1.0
# ---
# datatype:
# - {name: wavelength, unit: Angstrom, datatype: float64}
# - {name: response, datatype: float64}
# meta:
#   __serialized_columns__:
#     wavelength:
#       __class__: astropy.units.quantity.Quantity
#       unit: !astropy.units.Unit {unit: Angstrom}
#       value: !astropy.table.SerializedColumn {name: wavelength}
#   band_name: F106
#   group_name: RomanSCA07
# schema: astropy-2.0
wavelength response
9200.0 0.0
9210.0 4.420970641441537e-05
9220.0 0.00017683882565766148
9230.0 0.000839984421873892
9240.0 0.003094679449009076
9250.0 0.00972613541117138
9260.0 0.0258847831056402
9270.0 0.05868838526513641
9280.0 0.11410525225560607
9290.0 0.19206906951742758
9300.0 0.28345053267602416
9310.0 0.37262151051389997
9320.0 0.4451475338867483
9330.0 0.4942203080067494
9340.0 0.5219618987817951
9350.0 0.5352248107061197
9360.0 0.5406626045950927
9370.0 0.5427183559433632
9380.0 0.5435804452184442
9390.0 0.5441330665486244
9400.0 0.5445530587595613
9410.0 0.5448625267044622
9420.0 0.545149889796156
9430.0 0.5455919868603001
9440.0 0.546011979071237
9450.0 0.5462772373097234
9460.0 0.5465424955482101
9470.0 0.546962487759147
9480.0 0.5474045848232911
9490.0 0.5477361576213993
9500.0 0.5480677304195074
9510.0 0.5485319323368587
9520.0 0.5489961342542101
9530.0 0.5493277070523183
9540.0 0.5495708604375975
9550.0 0.5498582235292911
9560.0 0.5502119011806065
9570.0 0.550587683685129
9580.0 0.5509634661896516
9590.0 0.5512287244281381
9600.0 0.5514718778134173
9610.0 0.5518255554647327
9620.0 0.552179233116048
9630.0 0.5524665962077416
9640.0 0.5527539592994354
9650.0 0.5530413223911291
9660.0 0.5532844757764084
9670.0 0.553461314602066
9680.0 0.5536602582809309
9690.0 0.5540360407854534
9700.0 0.554411823289976
9710.0 0.554632871822048
9720.0 0.5548318155009129
9730.0 0.555163388299021
9740.0 0.5554949610971291
9750.0 0.555693904775994
9760.0 0.5559370581612734
9770.0 0.5562686309593814
9780.0 0.5566002037574895
9790.0 0.55675493772994
9800.0 0.5568875668491832
9810.0 0.5571528250876697
9820.0 0.5574180833261562
9830.0 0.5575728172986067
9840.0 0.5577054464178499
9850.0 0.5579485998031292
9860.0 0.5582801726012373
9870.0 0.5585454308397239
9880.0 0.5587001648121742
9890.0 0.5587222696653815
9900.0 0.5587664793717959
9910.0 0.5590096327570752
9920.0 0.5593191007019761
9930.0 0.5594517298212193
9940.0 0.559518044380841
9950.0 0.5596948832064986
9960.0 0.5598717220321563
9970.0 0.5600043511513995
9980.0 0.5601811899770571
9990.0 0.5604464482155437
10000.0 0.5607338113072374
10009.999999999998 0.5609106501328951
10020.0 0.5610432792521383
10029.999999999998 0.56110959381176
10040.0 0.5611759083713815
10049.999999999998 0.5612864326374176
10060.0 0.561441166609868
10069.999999999998 0.5615959005823185
10080.0 0.5617285297015617
10089.999999999998 0.5617727394079761
10100.0 0.5618611588208049
10109.999999999998 0.5620379976464627
10120.0 0.5622369413253274
10129.999999999998 0.5623695704445707
10140.0 0.5624358850041924
10149.999999999998 0.5624358850041924
10160.0 0.5624579898573996
10169.999999999998 0.5625685141234356
10180.0 0.562723248095886
10189.999999999998 0.5628558772151293
10200.0 0.562922191774751
10209.999999999998 0.5629885063343726
10220.0 0.5630548208939942
10230.0 0.5631432403068231
10240.0 0.5632316597196518
10250.0 0.563253764572859
10260.0 0.563253764572859
10270.0 0.5632316597196518
10280.0 0.5632758694260662
10290.0 0.5634084985453095
10300.0 0.5634969179581383
10310.0 0.5634748131049312
10320.0 0.5634306033985167
10330.0 0.5634527082517239
10340.0 0.5634969179581383
10350.0 0.5635190228113456
10360.0 0.5635190228113456
10370.0 0.5635190228113456
10380.0 0.5634748131049312
10390.0 0.5634306033985167
10400.0 0.5633421839856879
10410.0 0.563253764572859
10420.0 0.5632316597196518
10430.0 0.5632979742792734
10440.0 0.5633200791324806
10450.0 0.5631432403068231
10460.0 0.5629442966279581
10470.0 0.5628558772151293
10480.0 0.5629000869215437
10490.0 0.5629664014811654
10500.0 0.562922191774751
10510.0 0.5627453529490932
10520.0 0.5625243044170212
10530.0 0.5624579898573996
10540.0 0.5624579898573996
10550.0 0.5624358850041924
10560.0 0.5623916752977779
10570.0 0.5623032558849491
10580.0 0.5621264170592914
10590.0 0.5618169491143905
10600.0 0.5615516908759041
10610.0 0.5614632714630752
10620.0 0.5614190617566608
10630.0 0.561330642343832
10640.0 0.5611538035181743
10650.0 0.5608885452796878
10660.0 0.5606232870412013
10670.0 0.5604464482155437
10680.0 0.5603138190963004
10690.0 0.5601148754174355
10700.0 0.5599380365917779
10710.0 0.5598054074725347
10720.0 0.5596948832064986
10730.0 0.5595622540872554
10740.0 0.5594517298212193
10750.0 0.5593633104083905
10760.0 0.5592527861423544
10770.0 0.5590317376102824
10780.0 0.5587664793717959
10790.0 0.5585233259865166
10800.0 0.5583685920140661
10810.0 0.5583464871608589
10820.0 0.5582801726012373
10830.0 0.558037019215958
10840.0 0.5577938658306788
10850.0 0.5577275512710571
10860.0 0.5576612367114355
10870.0 0.5574843978857777
10880.0 0.5572412445004986
10890.0 0.5570644056748408
10900.0 0.5569538814088049
10910.0 0.5568212522895616
10920.0 0.5566665183171111
10930.0 0.5564896794914534
10940.0 0.5563128406657959
10950.0 0.5562023163997598
10960.0 0.5560696872805165
10970.0 0.5558928484548589
10980.0 0.5559370581612734
10990.0 0.5563570503722103
11000.0 0.5567770425831472
11010.0 0.5567770425831472
11020.0 0.5566002037574895
11030.0 0.556533889197868
11040.000000000002 0.556555994051075
11050.0 0.556555994051075
11060.000000000002 0.5566002037574895
11070.0 0.556644413463904
11080.000000000002 0.5566223086106967
11090.0 0.5564896794914534
11100.000000000002 0.5564012600786247
11110.0 0.5564675746382463
11120.000000000002 0.5566002037574895
11130.0 0.5566223086106967
11140.000000000002 0.556644413463904
11150.0 0.5567770425831472
11160.000000000002 0.5568654619959761
11170.0 0.5567328328767328
11180.000000000002 0.5566223086106967
11190.0 0.5567328328767328
11200.000000000002 0.5568875668491832
11210.0 0.5568875668491832
11220.000000000002 0.5568654619959761
11230.0 0.5569759862620121
11240.000000000002 0.5570201959684264
11250.0 0.5568875668491832
11259.999999999998 0.5567328328767328
11270.0 0.5566886231703184
11279.999999999998 0.5567328328767328
11290.0 0.5567770425831472
11299.999999999998 0.5568433571427688
11310.0 0.5569317765555976
11319.999999999998 0.5569980911152193
11330.0 0.5569980911152193
11339.999999999998 0.5569759862620121
11350.0 0.5569759862620121
11359.999999999998 0.5569759862620121
11370.0 0.5569317765555976
11379.999999999998 0.5569317765555976
11390.0 0.5569980911152193
11399.999999999998 0.5571086153812553
11410.0 0.5572191396472913
11419.999999999998 0.5572412445004986
11430.0 0.5571749299408769
11439.999999999998 0.5571086153812553
11450.0 0.5571307202344625
11459.999999999998 0.5571970347940841
11470.0 0.5572191396472913
11480.0 0.5571749299408769
11490.0 0.5571307202344625
11500.0 0.5570865105280481
11510.0 0.5570865105280481
11520.0 0.5570423008216336
11530.0 0.5569538814088049
11540.0 0.5568875668491832
11550.0 0.5569538814088049
11560.0 0.5569980911152193
11570.0 0.5568654619959761
11580.0 0.5567107280235255
11590.0 0.5566886231703184
11600.0 0.5567107280235255
11610.0 0.5567107280235255
11620.0 0.556644413463904
11630.0 0.5564896794914534
11640.0 0.5563570503722103
11650.0 0.5562907358125886
11660.0 0.5562686309593814
11670.0 0.5562023163997598
11680.0 0.5561581066933454
11690.0 0.5562023163997598
11700.0 0.5562023163997598
11710.0 0.5560033727208948
11720.0 0.5557602193356157
11730.0 0.5556275902163723
11740.0 0.5555612756567507
11750.0 0.5554949610971291
11760.0 0.5554286465375076
11770.0 0.5553402271246787
11780.0 0.5552960174182643
11790.0 0.5553623319778859
11800.0 0.5554065416843003
11810.0 0.5553181222714715
11820.0 0.5551854931522282
11830.0 0.5551191785926066
11840.0 0.5550086543265706
11850.0 0.554632871822048
11860.0 0.5537265728405525
11870.0 0.5516929263454894
11880.0 0.5473161654104622
11890.0 0.5384300144211648
11900.0 0.5219176890753806
11910.0 0.49428662256637107
11920.0 0.4530610713349287
11930.0 0.39782104317011674
11940.0 0.3311528058971783
11950.0 0.25882572620319483
11960.0 0.18844387359144552
11970.0 0.12701448652861536
11980.0 0.07875959197728098
11990.0 0.044740222891388355
12000.0 0.02318799101436086
12010.0 0.010941902337567805
12020.0 0.0046862288799280295
12030.0 0.0018125979629910304
12040.0 0.0006410407430090229
12050.0 0.00019894367886486917
12060.0 6.631455962162305e-05
12070.0 2.2104853207207685e-05
12080.0 0.0
