mejiro/data/filter_response/RomanSCA14-F129.ecsv
# %ECSV 1.0
# ---
# datatype:
# - {name: wavelength, unit: Angstrom, datatype: float64}
# - {name: response, datatype: float64}
# meta:
#   __serialized_columns__:
#     wavelength:
#       __class__: astropy.units.quantity.Quantity
#       unit: !astropy.units.Unit {unit: Angstrom}
#       value: !astropy.table.SerializedColumn {name: wavelength}
#   band_name: F129
#   group_name: RomanSCA14
# schema: astropy-2.0
wavelength response
11170.0 0.0
11180.000000000002 4.420970641441537e-05
11190.0 0.00024315338527928454
11200.000000000002 0.0010831378071531766
11210.0 0.004045188136919006
11220.000000000002 0.012577661474901173
11230.0 0.032847811865910626
11240.000000000002 0.0727912816113349
11250.0 0.13769113062769667
11259.999999999998 0.2248505668237166
11270.0 0.32164771901807904
11279.999999999998 0.4104650192046395
11290.0 0.47779640207379415
11299.999999999998 0.5199503571399391
11310.0 0.5417899521086604
11319.999999999998 0.5510960953088948
11330.0 0.5542791941707327
11339.999999999998 0.5551191785926066
11350.0 0.5552518077118498
11359.999999999998 0.5552075980054354
11370.0 0.5550749688861921
11379.999999999998 0.5549644446201561
11390.0 0.554942339766949
11399.999999999998 0.5549865494733633
11410.0 0.5550086543265706
11419.999999999998 0.5549644446201561
11430.0 0.5548318155009129
11439.999999999998 0.5546991863816696
11450.0 0.5546770815284625
11459.999999999998 0.5546991863816696
11470.0 0.5546770815284625
11480.0 0.5545886621156336
11490.0 0.554522347556012
11500.0 0.5544560329963905
11510.0 0.5544339281431832
11520.0 0.5543897184367688
11530.0 0.5542791941707327
11540.0 0.5542349844643183
11550.0 0.55430129902394
11560.0 0.5543676135835615
11570.0 0.5542570893175255
11580.0 0.5541244601982823
11590.0 0.5541244601982823
11600.0 0.5542128796111111
11610.0 0.5542570893175255
11620.0 0.5542128796111111
11630.0 0.5541244601982823
11640.0 0.5540360407854534
11650.0 0.5540360407854534
11660.0 0.5540581456386606
11670.0 0.5540581456386606
11680.0 0.554102355345075
11690.0 0.5542128796111111
11700.0 0.5542791941707327
11710.0 0.5541686699046967
11720.0 0.5540139359322462
11730.0 0.5539476213726245
11740.0 0.5539697262258318
11750.0 0.553991831079039
11760.0 0.553991831079039
11770.0 0.553991831079039
11780.0 0.5540360407854534
11790.0 0.5541907747579039
11800.0 0.5543234038771471
11810.0 0.5543234038771471
11820.0 0.5542791941707327
11830.0 0.5543234038771471
11840.0 0.5543676135835615
11850.0 0.5543455087303544
11860.0 0.5542570893175255
11870.0 0.5541686699046967
11880.0 0.5541686699046967
11890.0 0.5542570893175255
11900.0 0.55430129902394
11910.0 0.5542128796111111
11920.0 0.554102355345075
11930.0 0.5541686699046967
11940.0 0.5542128796111111
11950.0 0.5541244601982823
11960.0 0.5540139359322462
11970.0 0.5540581456386606
11980.0 0.5541244601982823
11990.0 0.5540802504918679
12000.0 0.553991831079039
12010.0 0.5539697262258318
12020.0 0.553991831079039
12030.0 0.553991831079039
12040.0 0.553991831079039
12050.0 0.5540581456386606
12060.0 0.5540802504918679
12070.0 0.553991831079039
12080.0 0.5538149922533813
12090.0 0.5536602582809309
12100.0 0.5535939437213092
12110.0 0.5536381534277237
12120.0 0.5536381534277237
12130.0 0.5534834194552732
12140.0 0.5533286854828228
12150.0 0.5532844757764084
12160.0 0.55335079033603
12170.0 0.5533950000424444
12180.0 0.5533728951892373
12190.0 0.5532181612167867
12200.0 0.5530855320975435
12210.0 0.5530855320975435
12220.0 0.5531297418039579
12230.0 0.5530634272443362
12240.0 0.5529529029783002
12250.0 0.5529529029783002
12260.0 0.5529529029783002
12270.0 0.5528423787122642
12280.0 0.5527318544462282
12290.000000000002 0.5526876447398138
12300.0 0.5526655398866065
12310.000000000002 0.552510805914156
12320.0 0.5523560719417057
12330.000000000002 0.5522234428224625
12340.0 0.5521129185564264
12350.000000000002 0.5520244991435975
12360.0 0.5519139748775614
12370.000000000002 0.5517592409051111
12380.0 0.5516708214922822
12390.000000000002 0.5516929263454894
12400.0 0.5516708214922822
12410.000000000002 0.5514497729602101
12420.0 0.5512508292813452
12430.000000000002 0.5512508292813452
12440.0 0.5512729341345525
12450.000000000002 0.5510960953088948
12460.0 0.5508529419236156
12470.000000000002 0.5507866273639939
12480.0 0.5507645225107867
12490.000000000002 0.5507203128043723
12500.0 0.5506318933915435
12509.999999999998 0.550477159419093
12520.0 0.5503445302998498
12529.999999999998 0.5502119011806065
12540.0 0.5501234817677777
12549.999999999998 0.5501013769145704
12560.0 0.550057167208156
12569.999999999998 0.5499687477953272
12580.0 0.5497698041164624
12589.999999999998 0.5495045458779758
12600.0 0.549305602199111
12609.999999999998 0.549305602199111
12620.0 0.5493277070523183
12629.999999999998 0.5492613924926966
12640.0 0.5491287633734533
12649.999999999998 0.5490624488138317
12660.0 0.5489740294010028
12669.999999999998 0.5487750857221381
12680.0 0.5485761420432731
12689.999999999998 0.5484877226304443
12700.0 0.5484435129240299
12709.999999999998 0.5483771983644082
12720.0 0.5483329886579938
12730.0 0.5483329886579938
12740.0 0.5482666740983723
12750.0 0.5480235207130929
12760.0 0.547824577034228
12770.0 0.547824577034228
12780.0 0.5479351013002641
12790.0 0.5479572061534713
12800.0 0.5478466818874353
12810.0 0.5476256333553632
12820.0 0.5474487945297055
12830.0 0.5474045848232911
12840.0 0.5474487945297055
12850.0 0.5474930042361199
12860.0 0.5474930042361199
12870.0 0.5474045848232911
12880.0 0.5472940605572552
12890.0 0.5472719557040479
12900.0 0.5472940605572552
12910.0 0.5472940605572552
12920.0 0.5472719557040479
12930.0 0.5472056411444262
12940.0 0.5471835362912191
12950.0 0.5472277459976335
12960.0 0.5472498508508407
12970.0 0.5471835362912191
12980.0 0.5471614314380118
12990.0 0.5472498508508407
13000.0 0.5473603751168767
13010.0 0.5473603751168767
13020.0 0.5473161654104622
13030.0 0.5472719557040479
13040.0 0.5472940605572552
13050.0 0.5473824799700839
13060.0 0.5474930042361199
13070.0 0.5476477382085704
13080.0 0.5477582624746065
13090.0 0.5478024721810208
13100.0 0.5479351013002641
13110.0 0.548244569245165
13120.0 0.5484877226304443
13130.0 0.548465617777237
13140.0 0.5483771983644082
13150.0 0.5484214080708226
13160.0 0.5485761420432731
13170.0 0.5487529808689308
13180.0 0.548885609988174
13190.0 0.5489519245477956
13200.0 0.5490182391074172
13210.0 0.5491508682266606
13220.0 0.549305602199111
13230.0 0.5494824410247686
13240.0 0.5496150701440119
13250.0 0.5497476992632552
13260.0 0.5498803283824983
13270.0 0.5500350623549489
13280.0 0.5501676914741921
13290.0 0.5502340060338137
13300.0 0.5503224254466424
13310.0 0.5505213691255074
13320.0 0.5507866273639939
13330.0 0.5509855710428587
13340.0 0.551118200162102
13350.0 0.5511845147217237
13360.0 0.5512950389877598
13370.0 0.5515160875198318
13380.0 0.5517150311986966
13390.0 0.5517150311986966
13400.0 0.5516708214922822
13410.0 0.5517592409051111
13420.0 0.5519360797307687
13430.0 0.5521350234096335
13440.0 0.5523118622352913
13450.0 0.5524665962077416
13460.0 0.5526213301801921
13470.0 0.5527760641526426
13480.0 0.5529086932718859
13490.0 0.5530192175379218
13500.0 0.5530855320975435
13510.0 0.5531518466571652
13520.0 0.5531960563635796
13530.0 0.5531960563635796
13540.000000000002 0.553240266069994
13550.0 0.5533728951892373
13560.000000000002 0.553461314602066
13570.0 0.5534171048956517
13580.000000000002 0.5533950000424444
13590.0 0.5535276291616877
13600.000000000002 0.5536823631341381
13610.0 0.5536602582809309
13620.000000000002 0.5535718388681021
13630.0 0.5535276291616877
13640.000000000002 0.5535055243084804
13650.0 0.5535055243084804
13660.000000000002 0.5535497340148948
13670.0 0.5536823631341381
13680.000000000002 0.5538149922533813
13690.0 0.5538592019597958
13700.000000000002 0.5538370971065886
13710.0 0.5537928874001742
13720.000000000002 0.5537707825469669
13730.0 0.5537707825469669
13740.000000000002 0.5537928874001742
13750.0 0.5538592019597958
13759.999999999998 0.5539034116662102
13770.0 0.5539476213726245
13779.999999999998 0.5539255165194173
13790.0 0.5538370971065886
13799.999999999998 0.5537707825469669
13810.0 0.5537486776937598
13819.999999999998 0.5537486776937598
13830.0 0.5536823631341381
13839.999999999998 0.5535718388681021
13850.0 0.5533950000424444
13859.999999999998 0.5532623709232012
13870.0 0.5532844757764084
13879.999999999998 0.5533065806296156
13890.0 0.5532623709232012
13899.999999999998 0.5532844757764084
13910.0 0.5534834194552732
13919.999999999998 0.5536602582809309
13930.0 0.5535939437213092
13939.999999999998 0.5534171048956517
13950.0 0.5533286854828228
13959.999999999998 0.55335079033603
13970.0 0.5534834194552732
13980.0 0.5535276291616877
13990.0 0.5533728951892373
14000.0 0.5531739515103723
14010.0 0.5530634272443362
14020.0 0.5530413223911291
14030.0 0.5530855320975435
14040.0 0.5531297418039579
14050.0 0.5530634272443362
14060.0 0.552930798125093
14070.0 0.5527760641526426
14080.0 0.5526434350333994
14090.0 0.552510805914156
14100.0 0.5523560719417057
14110.0 0.5520687088500119
14120.0 0.5518255554647327
14130.0 0.5518255554647327
14140.0 0.5518255554647327
14150.0 0.5517150311986966
14160.0 0.5515160875198318
14170.0 0.5513613535473812
14180.0 0.5512950389877598
14190.0 0.5513392486941742
14200.0 0.5514055632537957
14210.0 0.5514055632537957
14220.0 0.5515160875198318
14230.0 0.5518476603179399
14240.0 0.5522676525288769
14250.0 0.5525771204737777
14260.0 0.5527318544462282
14270.0 0.5527318544462282
14280.0 0.5527318544462282
14290.0 0.5528202738590571
14300.0 0.5529529029783002
14310.0 0.5530413223911291
14320.0 0.5530855320975435
14330.0 0.5531518466571652
14340.0 0.553240266069994
14350.0 0.55335079033603
14360.0 0.5534392097488587
14370.0 0.5535276291616877
14380.0 0.5535497340148948
14390.0 0.5535497340148948
14400.0 0.5535718388681021
14410.0 0.5537044679873453
14420.0 0.5538592019597958
14430.0 0.5537707825469669
14440.0 0.5531518466571652
14450.0 0.5510739904556876
14460.0 0.5455035674474713
14470.0 0.5327711720001197
14480.0 0.5075274296374884
14490.0 0.4645113852962623
14500.0 0.401468343949306
14510.0 0.322067711229016
14520.0 0.2361019371061853
14530.0 0.15606026364288625
14540.0 0.09208881846122723
14550.0 0.04810016057888392
14560.0 0.022104853207207686
14570.0 0.00888615098929749
14580.0 0.0031167843022162837
14590.0 0.0009505086879099305
14600.0 0.00024315338527928454
14610.0 6.631455962162305e-05
14620.0 2.2104853207207685e-05
14630.0 0.0
