mejiro/data/filter_response/RomanSCA04-F062.ecsv
# %ECSV 1.0
# ---
# datatype:
# - {name: wavelength, unit: Angstrom, datatype: float64}
# - {name: response, datatype: float64}
# meta:
#   __serialized_columns__:
#     wavelength:
#       __class__: astropy.units.quantity.Quantity
#       unit: !astropy.units.Unit {unit: Angstrom}
#       value: !astropy.table.SerializedColumn {name: wavelength}
#   band_name: F062
#   group_name: RomanSCA04
# schema: astropy-2.0
wavelength response
4720.0 0.0
4730.0 2.2104853207207685e-05
4740.0 0.00011052426603603843
4750.0 0.0005526213301801921
4760.0 0.0021441707610991454
4770.0 0.006918819053856006
4780.0 0.018457552428018418
4790.0 0.041004502699370254
4800.0 0.07665963092259626
4810.0 0.12181984602492156
4820.0 0.1682842474664721
4830.0 0.2068572163130495
4840.0 0.23260937029944648
4850.0 0.24640279870074408
4860.0 0.2522605848006541
4870.0 0.25416160217647393
4880.0 0.2545373846809965
4890.0 0.25449317497458207
4900.0 0.25436054585533885
4910.0 0.2542058118828884
4920.0 0.2540068682040235
4930.0 0.25380792452515866
4940.0 0.2536974002591226
4950.0 0.2536974002591226
4960.0 0.25380792452515866
4970.0 0.2540068682040235
4980.0 0.25427212644251
4990.0 0.25449317497458207
5000.0 0.25464790894703254
5010.0 0.2548468526258974
5020.0 0.25515632057079835
5030.0 0.2555984176349425
5040.0 0.25612893411191545
5050.0 0.2567478700017173
5060.0 0.2573889107447263
5070.0 0.2580741611941497
5080.0 0.25882572620319483
5090.0 0.2596436057718615
5100.0 0.26057200960656424
5110.0 0.26154462314768134
5120.0 0.26245092212917687
5130.0 0.263423535670294
5140.0 0.2645287783306544
5150.0 0.2657003355506364
5160.0 0.2668939976238256
5170.0 0.26813186940342926
5180.0 0.26939184603624006
5190.0 0.2706960323754653
5200.0 0.27202232356789774
5210.0 0.2733707196135374
5220.0 0.27478543021879875
5230.0 0.27626645538368166
5240.0 0.27781379510818616
5250.0 0.27938323968589795
5260.0 0.28093057941040245
5270.0 0.2824337094284926
5280.0 0.2839810491529971
5290.0 0.28561680829033054
5300.0 0.28740730140011433
5310.0 0.2892420042163126
5320.0 0.2910103924728892
5330.0 0.2927566758762586
5340.0 0.29454716898604244
5350.0 0.2963818718022406
5360.0 0.2982828891780605
5370.0 0.3002060114070876
5380.0 0.30215123848932185
5390.0 0.30405225586514173
5400.0 0.3059532732409616
5410.0 0.30781008091036705
5420.0 0.30973320313939406
5430.0 0.31174474478125
5440.0 0.3138668106891419
5450.0 0.3160551911566555
5460.0 0.3181993619177546
5470.0 0.32025511326602496
5480.0 0.3222445500546736
5490.0 0.32423398684332233
5500.0 0.32626763333838543
5510.0 0.3283233846866558
5520.000000000001 0.330379136034926
5530.000000000001 0.33245699223640357
5540.000000000001 0.33460116299750275
5550.000000000001 0.3367453337586019
5560.000000000001 0.3388231899600794
5570.000000000001 0.3408789413083497
5580.000000000001 0.34293469265662
5590.000000000001 0.3449904440048903
5600.000000000001 0.3470240904999535
5610.000000000001 0.3490577369950166
5620.000000000001 0.3511134883432869
5629.999999999999 0.3531913445447644
5639.999999999999 0.3553134104526563
5649.999999999999 0.3574796860669627
5659.999999999999 0.35964596168126906
5669.999999999999 0.3615911887635033
5679.999999999999 0.36320484304762946
5689.999999999999 0.3648406021849629
5699.999999999999 0.36685214382681874
5709.999999999999 0.3689521048815035
5719.999999999999 0.3708531222573233
5729.999999999999 0.3725773008074855
5740.0 0.37432358421085493
5750.0 0.3761140773206388
5760.0 0.3779929898432514
5770.0 0.379761378099828
5780.0 0.3813971372371614
5790.0 0.38301079152128753
5800.0 0.3847791797778642
5810.0 0.3865475680344408
5820.0 0.38811701261215253
5830.0 0.38962014263024264
5840.0 0.3911011677951256
5850.0 0.3924495638407653
5860.0 0.3935769113543328
5870.0 0.39468215401469325
5880.0 0.39592002579429686
5890.0 0.3972021072803149
5900.0 0.3983957693535041
5910.0 0.39950101201386445
5920.0 0.40051783526139606
5930.0 0.4013799245364772
5940.0 0.40204307013269336
5950.0 0.40266200602249524
5960.0 0.40339146617833305
5970.0 0.40418724089379254
5980.0 0.4049167010496304
5990.0 0.4056019514990538
6000.0 0.4062208873888556
6010.0 0.40672929901262145
6020.0 0.4071713960767656
6030.0 0.40765770284732417
6040.0 0.4083429532967476
6050.0 0.4091166231589998
6060.0 0.4098239784616305
6070.0 0.4103544949386035
6080.0 0.4107081725899188
6090.0 0.41097343082840526
6100.0 0.4113050036265134
6110.0 0.4116807861310359
6120.0 0.41203446378235126
6130.0 0.41232182687404495
6140.0 0.41256498025932425
6150.0 0.4127860287913963
6160.0 0.4129849724702612
6170.0 0.4132060210023333
6180.0 0.41336075497478375
6190.0 0.4134712792408198
6200.0 0.4134491743876126
6210.0 0.41340496468119814
6220.0 0.41336075497478375
6230.0 0.41336075497478375
6240.0 0.4133386501215765
6250.0 0.41327233556195486
6260.0 0.41307339188309
6270.0 0.4129407627638468
6280.0 0.41307339188309
6290.0 0.41325023070874767
6300.0 0.41329444041516206
6310.0 0.41327233556195486
6320.0 0.41329444041516206
6330.0 0.41329444041516206
6340.0 0.4132060210023333
6350.0 0.41318391614912603
6360.0 0.41327233556195486
6370.0 0.41336075497478375
6380.0 0.4133386501215765
6390.0 0.41325023070874767
6400.0 0.41316181129591883
6410.0 0.41318391614912603
6420.0 0.41336075497478375
6430.0 0.41353759380044136
6440.0 0.413493384094027
6450.0 0.4133386501215765
6460.0 0.41318391614912603
6470.0 0.41311760158950445
6480.0 0.4132060210023333
6490.0 0.41342706953440533
6500.0 0.4136481180664774
6510.0 0.4138028520389279
6520.0 0.4138249568921351
6530.0 0.41378074718572067
6540.0 0.41369232777289183
6550.0 0.413603908360063
6560.0 0.41353759380044136
6570.0 0.4135596986536486
6580.0 0.41367022291968464
6590.0 0.41378074718572067
6600.0 0.4137586423325134
6610.0 0.4136481180664774
6620.0 0.41351548894723417
6630.0 0.41338285982799094
6640.0 0.4133165452683693
6650.0 0.41327233556195486
6660.0 0.41327233556195486
6670.0 0.41327233556195486
6680.0 0.4132060210023333
6690.0 0.4130512870298828
6700.0 0.41285234335101795
6710.0 0.4126976093785675
6720.0 0.4126533996721531
6730.0 0.4126312948189459
6740.0 0.41258708511253145
6750.0 0.4124986656997026
6760.0 0.41232182687404495
6770.000000000001 0.4121228831951801
6780.000000000001 0.411901834663108
6790.000000000001 0.41165868127782873
6800.000000000001 0.4114376327457566
6810.000000000001 0.411260793920099
6820.000000000001 0.4111723745072702
6830.000000000001 0.4110618502412341
6840.000000000001 0.41079659200274765
6850.000000000001 0.4104871240578467
6860.000000000001 0.41024397067256746
6870.000000000001 0.4101113415533242
6879.999999999999 0.41004502699370254
6889.999999999999 0.4099123978744593
6899.999999999999 0.4096471396359728
6909.999999999999 0.40935977654427913
6919.999999999999 0.40916083286541427
6929.999999999999 0.4089839940397566
6939.999999999999 0.4087850503608917
6949.999999999999 0.4086082115352341
6959.999999999999 0.4085861066820269
6969.999999999999 0.4086082115352341
6979.999999999999 0.4086082115352341
6990.0 0.4086745260948557
7000.0 0.4088513649205133
7010.0 0.4089618891865494
7020.0 0.40889557462692777
7030.0 0.4087629455076845
7040.0 0.4086966309480629
7050.0 0.4086966309480629
7060.0 0.4086745260948557
7070.0 0.4086966309480629
7080.0 0.4088513649205133
7090.0 0.40907241345258544
7100.0 0.4093155668378647
7110.0 0.4095145105167296
7120.0 0.4095808250763512
7130.0 0.40960292992955843
7140.0 0.40971345419559446
7150.0 0.41000081728728816
7160.0 0.4105092289110539
7170.0 0.4109955356816125
7180.0 0.4112386890668918
7190.0 0.41139342303934223
7200.0 0.41161447157141434
7210.0 0.4118355201034864
7220.0 0.4119681492227296
7230.0 0.4120565686355585
7240.0 0.41216709290159453
7250.0 0.4122555123144233
7260.0 0.41227761716763056
7270.0 0.41234393172725214
7280.0 0.41252077055290987
7290.0 0.4127639239381891
7300.0 0.412962867617054
7310.0 0.4130512870298828
7320.0 0.4130291821766756
7330.0 0.4130070773234684
7340.0 0.41316181129591883
7350.0 0.41353759380044136
7360.0 0.41406811027741436
7370.0 0.41459862675438736
7380.0 0.4149523044057027
7390.0 0.415195457790982
7400.0 0.41543861117626124
7410.0 0.4157922888275766
7420.0 0.4162785955981351
7430.0 0.4167427975154865
7440.0 0.4170743703135946
7450.0 0.41747225767132434
7460.0 0.4180911935611262
7470.0 0.4187322343041352
7480.0 0.4192848556343154
7490.0 0.42003642064336044
7500.0 0.4213185021293785
7510.0 0.42271110788143257
7520.0 0.42368372142254973
7530.0 0.423926874807829
7540.0 0.4226668981750181
7550.0 0.4179143547354685
7560.0 0.4062650970952701
7570.0 0.38325394490656683
7580.0 0.34503465371130476
7590.0 0.2909661827664748
7600.0 0.22577897065841931
7610.0 0.1587570557341656
7620.0 0.09991393649657875
7630.0 0.05570423008216337
7640.0 0.02729949371090149
7650.0 0.011671362493405658
7660.0 0.004354656081819914
7670.0 0.0014147106052612918
7680.0 0.00039788735772973834
7690.0 8.841941282883074e-05
7700.0 2.2104853207207685e-05
7710.0 0.0
