mejiro/data/filter_response/RomanSCA17-Grism_1stOrder.ecsv
# %ECSV 1.0
# ---
# datatype:
# - {name: wavelength, unit: Angstrom, datatype: float64}
# - {name: response, datatype: float64}
# meta:
#   __serialized_columns__:
#     wavelength:
#       __class__: astropy.units.quantity.Quantity
#       unit: !astropy.units.Unit {unit: Angstrom}
#       value: !astropy.table.SerializedColumn {name: wavelength}
#   band_name: Grism_1stOrder
#   group_name: RomanSCA17
# schema: astropy-2.0
wavelength response
[from data line 546]
15330.0 0.4291878298711444
15340.0 0.4287678376602075
15350.0 0.4283699503024777
15360.0 0.4279941677979552
15370.0 0.4276404901466399
15380.0 0.4272868124953246
15390.0 0.4269994494036309
15400.0 0.42668998145872994
15410.0 0.4262920941010002
15420.0 0.4258499970368561
15430.0 0.42540789997271194
15440.0 0.42501001261498217
15450.0 0.42474475437649567
15460.0 0.424457391284802
15470.0 0.42410371363348665
15480.0 0.4237279311289641
15490.0 0.4233742534776488
15500.0 0.42299847097312626
15510.0 0.4225563739089821
15520.0 0.42209217199163074
15530.0 0.4217163894871082
15540.0 0.42138481668900013
15550.0 0.4209869293312704
15560.0 0.42056693712033344
15570.0 0.4200806303497749
15580.0 0.4196385332856307
15590.0 0.4193069604875226
15600.0 0.41895328283620725
15610.0 0.4185111857720631
15620.0 0.418069088707919
15630.0 0.41775962076301804
15640.0 0.41745015281811715
15650.0 0.41703016060718023
15660.0 0.4165659586898289
15670.0 0.4161238616256847
15680.0 0.41574807912116213
15690.0 0.41543861117626124
15700.0 0.4150628286717387
15710.0 0.4145544170479729
15720.0 0.41404600542420716
15730.0 0.41369232777289183
15740.0 0.41340496468119814
15750.0 0.4130291821766756
15760.0 0.41258708511253145
15770.0 0.4121007783419729
15780.0 0.41161447157141434
15790.0 0.41119447936047737
15800.0 0.41079659200274765
15810.0 0.4103544949386035
15820.0 0.4099345027276665
15830.0 0.409558720223144
15840.0 0.40918293771862146
15850.0 0.4087187358012701
15860.0 0.40827663873712594
15870.0 0.4079229610858106
15880.0 0.4075913882877025
15890.0 0.40721560578318
15900.0 0.40677350871903584
15910.0 0.40633141165489167
15920.0 0.40593352429716195
15930.0 0.4055798466458466
15940.0 0.4052482738477385
15950.0 0.4048282816368015
15960.0 0.40436407971945015
15970.0 0.4038998778020988
15980.0 0.40352409529757627
15990.0 0.4032146273526754
16000.0 0.4028830545545673
16010.0 0.4024851671968375
16020.0 0.40204307013269336
16030.0 0.40162307792175644
16040.000000000002 0.4012472954172339
16050.0 0.40087151291271134
16060.000000000002 0.40053994011460325
16070.0 0.4001862624632879
16080.000000000002 0.3998325848119726
16090.0 0.39943469745424287
16100.000000000002 0.3990368100965131
16110.0 0.39870523729840507
16120.000000000002 0.39837366450029693
16130.0 0.39795367228935996
16140.000000000002 0.397533680078423
16150.0 0.39718000242710766
16160.000000000002 0.396892639335414
16170.0 0.3965831713905131
16180.000000000002 0.39625159859240494
16190.0 0.3958758160878824
16200.000000000002 0.3955000335833599
16210.0 0.39510214622563017
16220.000000000002 0.39474846857431484
16230.0 0.3943947909229995
16240.000000000002 0.394019008418477
16250.0 0.39359901620754006
16259.999999999998 0.3932232337030175
16270.0 0.39291376575811665
16279.999999999998 0.3925821929600085
16290.0 0.39216220074907154
16299.999999999998 0.3917201036849274
16310.0 0.39136642603361205
16319.999999999998 0.39105695808871116
16330.0 0.3907253852906031
16339.999999999998 0.39037170763928775
16350.0 0.38999592513476516
16359.999999999998 0.38962014263024264
16370.0 0.3892664649789273
16379.999999999998 0.38891278732761203
16390.0 0.3885591096762967
16400.0 0.388161222318567
16410.0 0.38774123010763
16420.0 0.38732123789669304
16430.0 0.38701176995179215
16440.0 0.38668019715368407
16450.0 0.3862602049427471
16460.0 0.38579600302539574
16470.0 0.3853539059612516
16480.0 0.38495601860352185
16490.0 0.3845139215393777
16500.0 0.38413813903485516
16510.0 0.3838286710899542
16520.0 0.3834749934386389
16530.0 0.38294447696166595
16540.0 0.38241396048469295
16550.0 0.3820381779801704
16560.0 0.38172871003526954
16570.0 0.381352927530747
16580.0 0.38091083046660285
16590.0 0.3804687334024587
16600.0 0.38009295089793615
16610.0 0.379761378099828
16620.0 0.3793855955953055
16630.0 0.3788108694119181
16640.0 0.3782582480817379
16650.0 0.3778824655772154
16660.0 0.37755089277910725
16670.0 0.3771972151277919
16680.0 0.37673301321044056
16690.0 0.37618039188026037
16700.0 0.3756498754032874
16710.0 0.37522988319235046
16720.0 0.37483199583462073
16730.0 0.3743456890640622
16740.0 0.3738593822935036
16750.0 0.37346149493577385
16760.0 0.3730857124312513
16770.0 0.37264361536710716
16780.0 0.372201518302963
16790.0 0.37182573579844047
16800.0 0.37144995329391794
16810.0 0.37102996108298103
16820.0 0.37058786401883687
16830.0 0.3701678718078999
16840.0 0.3697257747437558
16850.0 0.3692615728264044
16860.0 0.36879737090905307
16870.0 0.3683773786981161
16880.0 0.36795738648717913
16890.0 0.3675373942762422
16900.0 0.36709529721209805
16910.0 0.3666532001479539
16920.0 0.36625531279022416
16930.0 0.365923739992116
16940.0 0.3655479574875935
16950.0 0.36506165071703495
16960.0 0.3646195536528908
16970.0 0.36431008570798984
16980.0 0.36397851290988176
16990.0 0.363470101286116
17000.0 0.36296168966235015
17010.0 0.36263011686424207
17020.0 0.36236485862575557
17030.0 0.36203328582764743
17040.0 0.3616132936167105
17050.0 0.36114909169935916
17060.0 0.3606848897820078
17070.0 0.3603312121306925
17080.0 0.3599996393325844
17090.0 0.3596017519748546
17100.0 0.3591817597639177
17110.0 0.3587838724061879
17120.0 0.3583859850484582
17130.0 0.35803230739714287
17140.0 0.35763442003941315
17150.0 0.3571702181220618
17160.0 0.35679443561753926
17170.0 0.35652917737905276
17180.0 0.35628602399377346
17190.0 0.35586603178283654
17200.0 0.35540182986548513
17210.0 0.35502604736096266
17220.0 0.35467236970964733
17230.0 0.35427448235191755
17240.0 0.353898699847395
17250.0 0.3535450221960797
17260.0 0.3531913445447644
17270.0 0.35277135233382745
17280.0 0.35235136012289053
17290.0 0.35193136791195356
17300.0 0.35157769026063823
17310.0 0.3512240126093229
17320.0 0.35087033495800757
17330.0 0.35049455245348504
17340.0 0.35011876994896257
17350.0 0.34976509229764724
17360.0 0.34938930979312466
17370.0 0.34899142243539494
17380.0 0.3485272205180436
17390.0 0.34801880889427783
17400.0 0.34757671183013367
17410.0 0.3472672438852327
17420.0 0.34695777594033184
17430.0 0.3465819934358093
17440.0 0.3461620012248724
17450.0 0.3457862187203498
17460.0 0.3453883313626201
17470.0 0.34492412944526873
17480.0 0.3444378226747102
17490.0 0.343995725610566
17500.0 0.34355362854642185
17510.0 0.3431115314822777
17520.0 0.3426915392713408
17530.0 0.34235996647323264
17540.0 0.3420283936751245
17550.0 0.34158629661098033
17560.0 0.3410999898404218
17570.0 0.3406357879230704
17580.0 0.34017158600571906
17590.0 0.3397294889415749
17600.0 0.3393094967306379
17610.0 0.3389116093729082
17620.0 0.3384916171619713
17630.0 0.3380053103914127
17640.0 0.33749689876764694
17650.0 0.33707690655670997
17660.0 0.33667901919898024
17670.0 0.3362369221348361
17680.0 0.3357506153642775
17690.0 0.335264308593719
17700.0 0.33475589696995317
17710.0 0.3342695901993946
17720.0 0.33380538828204326
17730.0 0.3333411863646919
17740.0 0.33289908930054773
17750.0 0.3324790970896108
17760.0 0.33208120973188104
17770.0 0.3316170078145297
17780.0 0.3311528058971783
17790.0 0.3307549185394486
17800.0 0.33033492632851164
17810.0 0.3298707244111603
17820.0 0.32936231278739453
17830.0 0.32880969145721434
17840.0 0.32827917498024134
17850.0 0.32781497306289
17860.0 0.32739498085195307
17870.0 0.3269970934942233
17880.0 0.32662131098970076
17890.0 0.32624552848517824
17900.0 0.32582553627424127
17910.0 0.3253613343568899
17920.0 0.32487502758633136
17930.0 0.3243666159625656
17940.0 0.32392451889842144
17950.0 0.3235487363938989
17960.0 0.32317295388937634
17970.0 0.3226866471188178
17980.0 0.32217823549505203
17990.0 0.32173613843090787
18000.0 0.32136035592638534
18010.0 0.3210287831282772
18020.0 0.3206530006237547
18030.0 0.32021090355961057
18040.0 0.31972459678905196
18050.0 0.3192824997249078
18060.0 0.3188625075139708
18070.0 0.31848672500944836
18080.0 0.318133047358133
18090.0 0.3177793697068177
18100.0 0.3173814823490879
18110.0 0.3169393852849438
18120.0 0.31651939307400684
18130.0 0.3161657154226915
18140.0 0.3158341426245834
18150.0 0.3154804649732681
18160.0 0.3150825776155384
18170.0 0.3146846902578086
18180.0 0.31422048834045724
18190.0 0.31366786701027705
18200.0 0.3131373505333041
18210.0 0.31273946317557433
18220.0 0.31242999523067344
18230.0 0.3121426321389797
18240.0 0.31185526904728605
18250.0 0.3115900108087995
18260.0 0.31132475257031306
18270.0 0.3110152846254121
18280.0 0.3106173972676824
18290.0 0.31015319535033103
18300.0 0.30971109828618687
18310.0 0.30933531578166434
18320.0 0.308981638130349
18330.0 0.30853954106620485
18340.0 0.3080974440020607
18350.0 0.30772166149753816
18360.0 0.30741219355263727
18370.0 0.3071248304609436
18380.0 0.30681536251604263
18390.0 0.30648378971793455
18400.0 0.306108007213412
18410.0 0.3057101198556823
18420.0 0.30526802279153814
18430.0 0.3047817160209796
18440.0 0.3043396189568354
18450.0 0.30391962674589845
18460.0 0.3035438442413759
18470.0 0.3031680617368534
18480.0 0.30281438408553807
18490.0 0.30248281128743
18500.0 0.3020849239297002
18510.0 0.30157651230593446
18520.0 0.3010681006821687
18530.0 0.3007144230308534
18540.0 0.30036074537953805
18550.0 0.2999186483153939
18560.0 0.29945444639804253
18570.0 0.29905655904031275
18580.0 0.2986807765357902
18590.0 0.2983049940312677
18600.0 0.29792921152674523
18610.0 0.29755342902222265
18620.0 0.29715554166449293
18630.0 0.29673554945355596
18640.0 0.2962271378297902
18650.0 0.2956082019399884
18660.0 0.295033475756601
18670.0 0.29459137869245683
18680.0 0.2942155961879343
18690.0 0.29377349912379014
18700.0 0.2932871923532316
18710.0 0.2927787807294658
18720.0 0.29235878851852887
18730.0 0.29211563513324956
18740.0 0.29182827204155587
18750.0 0.2913198604177901
18760.0 0.2907672390876099
18770.0 0.2903030371702585
18780.0 0.28981673039969996
18790.0 0.28917568965669094
18800.0 0.2884683343540603
18810.0 0.28780518875784405
18820.0 0.287053623748799
18830.0 0.2861252199140963
18840.0 0.28504208210694315
18850.0 0.2838484200337539
18860.0 0.2824558142816998
18870.0 0.2807979502911592
18880.0 0.27883061835571776
18890.0 0.27655381847537536
18900.0 0.2739233409437177
18910.0 0.2708949760543302
18920.0 0.26731398983476257
18930.0 0.2629814386061498
18940.0 0.2580520563409425
18950.0 0.25263636730517663
18960.0 0.2466017423796089
18970.0 0.23977134273858178
18980.0 0.23227779750133834
18990.0 0.22418742122750035
19000.0 0.2154560042106533
19010.0 0.2059951270379684
19020.0 0.1959153139754817
19030.0 0.18537129899564364
19040.0 0.17440729180486864
19050.0 0.1630896069627783
19060.0 0.1515287687354087
19070.0 0.13983530138879582
19080.0 0.12816393889539016
19090.0 0.11666941522764218
19100.0 0.10546225465158787
19110.0 0.09465298143326331
19120.0 0.0842858052790829
19130.0 0.07447125045508268
19140.0 0.06525352666767709
19150.0 0.056743158182902126
19160.0 0.04891804014755061
19170.0 0.04180027741482973
19180.0 0.03541197483794671
19190.0 0.029731027563694338
19200.0 0.024757435592072607
19210.0 0.02044698921666711
19220.0 0.016733373877856218
19230.0 0.01357237986922552
19240.0 0.010897692631153389
19250.0 0.008665102457225413
19260.0 0.006830399641027175
19270.0 0.0053272696229370526
19280.0 0.004111502696540629
19290.0 0.003160994008630699
19300.0 0.0024094289995856377
19310.0 0.0018125979629910304
19320.0 0.0013483960456396689
19330.0 0.0009947183943243459
19340.0 0.0007294601558378536
19350.0 0.0005305164769729844
19360.0 0.00037578250452253065
19370.0 0.0002652582384864922
19380.0 0.00017683882565766148
19390.0 0.0001326291192432461
19400.0 8.841941282883074e-05
19410.0 6.631455962162305e-05
19420.0 4.420970641441537e-05
19430.0 2.2104853207207685e-05
19440.0 2.2104853207207685e-05
19450.0 2.2104853207207685e-05
19460.0 0.0
