mejiro/data/filter_response/RomanSCA06-F062.ecsv
# %ECSV 1.0
# ---
# datatype:
# - {name: wavelength, unit: Angstrom, datatype: float64}
# - {name: response, datatype: float64}
# meta:
#   __serialized_columns__:
#     wavelength:
#       __class__: astropy.units.quantity.Quantity
#       unit: !astropy.units.Unit {unit: Angstrom}
#       value: !astropy.table.SerializedColumn {name: wavelength}
#   band_name: F062
#   group_name: RomanSCA06
# schema: astropy-2.0
wavelength response
4720.0 0.0
4730.0 6.631455962162305e-05
4740.0 0.0003094679449009076
4750.0 0.0014368154584684994
4760.0 0.00526095506331543
4770.0 0.01556181665787421
4780.0 0.03757825045225307
4790.0 0.07482492810639801
4800.0 0.12480400120789459
4810.0 0.17679461595124707
4820.0 0.21987697485209484
4830.0 0.24788382386562696
4840.0 0.2618983007989967
4850.0 0.26693820733024
4860.0 0.2678224014585283
4870.0 0.2672697801283481
4880.0 0.26638558600005985
4890.0 0.2654792870185643
4900.0 0.26466140744989763
4910.0 0.26384352788123094
4920.0 0.26302564831256425
4930.0 0.2622740833035192
4940.0 0.2616330425605102
4950.0 0.2611688406431588
4960.0 0.2608372678450507
4970.0 0.260660429019393
4980.0 0.2606162193129786
4990.0 0.26059411445977143
5000.0 0.26057200960656424
5010.0 0.2606162193129786
5020.0 0.26088147755146507
5030.0 0.2613456794688164
5040.0 0.2619646153586183
5050.0 0.2626940755144561
5060.0 0.26353405993633
5070.0 0.2644624637710327
5080.0 0.2655013918717715
5090.0 0.2666729490917535
5100.0 0.267999240284186
5110.0 0.2694139508894473
5120.0 0.2708065566415014
5130.0 0.2723096866595915
5140.0 0.27396755065013206
5150.0 0.2757580437599159
5160.0 0.2775927465761141
5170.0 0.279493763951934
5180.0 0.2814610958873755
5190.0 0.28347263752923135
5200.0 0.2855504937307089
5210.0 0.2876725596386008
5220.0 0.28988304495932155
5230.0 0.2921819496928712
5240.0 0.29454716898604244
5250.0 0.296956597985628
5260.0 0.2993439221320065
5270.0 0.3017091414251777
5280.0 0.3041185704247633
5290.0 0.30661641883717783
5300.0 0.30929110607524996
5310.0 0.3119878981665293
5320.0 0.314618375698187
5330.0 0.3172267483766375
5340.0 0.31985722590829524
5350.0 0.32255401799957456
5360.0 0.3252729149440611
5370.0 0.32803602159496204
5380.0 0.3307549185394486
5390.0 0.3334517106307279
5400.0 0.33610429301559286
5410.0 0.33869056084083615
5420.0 0.3412989335192867
5430.0 0.343995725610566
5440.0 0.34678093711467417
5450.0 0.3496103583251967
5460.0 0.35232925526968334
5470.0 0.35493762794813377
5480.0 0.3574133715073411
5490.0 0.3598449053601339
5500.0 0.36227643921292674
5510.0 0.36470797306571956
5520.000000000001 0.36707319235889085
5530.000000000001 0.36943841165206204
5540.000000000001 0.37182573579844047
5550.000000000001 0.3741467453851973
5560.000000000001 0.3763793355591253
5570.000000000001 0.3785456111734316
5580.000000000001 0.38068978193453074
5590.000000000001 0.3827897429892155
5600.000000000001 0.3848233894842786
5610.000000000001 0.3868128262729273
5620.000000000001 0.38880226306157595
5629.999999999999 0.3908138047034319
5639.999999999999 0.39282534634528776
5649.999999999999 0.39485899284035086
5659.999999999999 0.3968705344822068
5669.999999999999 0.3986389227387834
5679.999999999999 0.3999873187844231
5689.999999999999 0.40135781968326995
5699.999999999999 0.4031262079398466
5709.999999999999 0.40498301560925204
5719.999999999999 0.4065745650401709
5729.999999999999 0.40798927564543225
5740.0 0.4094039862506936
5750.0 0.4108850114155765
5760.0 0.4124102462868738
5770.0 0.4138470617453423
5780.0 0.4151070383781531
5790.0 0.41634491015775676
5800.0 0.41775962076301804
5810.0 0.41917433136827936
5820.0 0.4203900982946758
5830.0 0.42149534095503616
5840.0 0.42260058361539654
5850.0 0.42359530200972084
5860.0 0.4243247621655587
5870.0 0.4250321174681894
5880.0 0.4259163115964777
5890.0 0.4268668202843876
5900.0 0.42772890955946874
5910.0 0.428502579421721
5920.0 0.4291878298711444
5930.0 0.4297404512013246
5940.0 0.4301162337058471
5950.0 0.43044780650395525
5960.0 0.4309120084213066
5970.0 0.431486734604694
5980.0 0.432017251081667
5990.0 0.4325256627054328
6000.0 0.43296775976957697
6010.0 0.43334354227409944
6020.0 0.4336751150722076
6030.0 0.43409510728314454
6040.0 0.4347361480261535
6050.0 0.4354877130351986
6060.0 0.4361950683378293
6070.0 0.4367476896680095
6080.0 0.4371013673193248
6090.0 0.43738873041101844
6100.0 0.4377866177687482
6110.0 0.43822871483289233
6120.0 0.4386487070438293
6130.0 0.4390244895483518
6140.0 0.43935606234645996
6150.0 0.4396655302913609
6160.0 0.43997499823626174
6170.0 0.4402844661811627
6180.0 0.4405497244196492
6190.0 0.44074866809851404
6200.0 0.4408149826581357
6210.0 0.4408370875113429
6220.0 0.44088129721775726
6230.0 0.4409476117773789
6240.0 0.44101392633700054
6250.0 0.4409697166305861
6260.0 0.4408149826581357
6270.0 0.44072656324530685
6280.0 0.44088129721775726
6290.0 0.44110234574982937
6300.0 0.441168660309451
6310.0 0.44114655545624376
6320.0 0.44114655545624376
6330.0 0.44114655545624376
6340.0 0.441058136043415
6350.0 0.44099182148379334
6360.0 0.441058136043415
6370.0 0.44114655545624376
6380.0 0.44110234574982937
6390.0 0.4409697166305861
6400.0 0.44085919236455007
6410.0 0.44085919236455007
6420.0 0.44103603119020773
6430.0 0.4412128700158654
6440.0 0.441168660309451
6450.0 0.44099182148379334
6460.0 0.4408149826581357
6470.0 0.44072656324530685
6480.0 0.44085919236455007
6490.0 0.4410802408966222
6500.0 0.4413454991351086
6510.0 0.44154444281397354
6520.0 0.44163286222680237
6530.0 0.44163286222680237
6540.0 0.4415886525203879
6550.0 0.44156654766718073
6560.0 0.44156654766718073
6570.0 0.44167707193321676
6580.0 0.4418760156120817
6590.0 0.4420749592909465
6600.0 0.44216337870377537
6610.0 0.4421412738505681
6620.0 0.44209706414415373
6630.0 0.44209706414415373
6640.0 0.442119168997361
6650.0 0.4421854835569825
6660.0 0.4423181126762258
6670.0 0.44242863694226187
6680.0 0.44247284664867625
6690.0 0.442450741795469
6700.0 0.44236232238264017
6710.0 0.4422960078230186
6720.0 0.44236232238264017
6730.0 0.4424949515018834
6740.0 0.4425612660615051
6750.0 0.44258337091471234
6760.0 0.44251705635509064
6770.000000000001 0.44240653208905456
6780.000000000001 0.44227390296981134
6790.000000000001 0.4421412738505681
6800.000000000001 0.4420086447313249
6810.000000000001 0.44192022531849606
6820.000000000001 0.44194233017170326
6830.000000000001 0.44192022531849606
6840.000000000001 0.4417654913460456
6850.000000000001 0.44152233796076634
6860.000000000001 0.4413676039883158
6870.000000000001 0.4413233942819014
6879.999999999999 0.4413454991351086
6889.999999999999 0.44130128942869423
6899.999999999999 0.44112445060303657
6909.999999999999 0.44090340207096446
6919.999999999999 0.44077077295172123
6929.999999999999 0.4406823535388924
6939.999999999999 0.4405497244196492
6949.999999999999 0.44046130500682035
6959.999999999999 0.44052761956644193
6969.999999999999 0.440638143832478
6979.999999999999 0.44074866809851404
6990.0 0.44090340207096446
7000.0 0.441168660309451
7010.0 0.44138970884152307
7020.0 0.44138970884152307
7030.0 0.4413454991351086
7040.0 0.4413676039883158
7050.0 0.4414560234011447
7060.0 0.44152233796076634
7070.0 0.44163286222680237
7080.0 0.4418760156120817
7090.0 0.4421854835569825
7100.0 0.4425612660615051
7110.0 0.4428486291531988
7120.0 0.442981258272442
7130.0 0.4430917825384781
7140.0 0.4432907262173429
7150.0 0.44368861357507267
7160.0 0.44430754946487444
7170.0 0.44490438050146913
7180.0 0.4452580581527844
7190.0 0.4455012115380637
7200.0 0.4458106794829646
7210.0 0.44612014742786554
7220.0 0.44631909110673035
7230.0 0.446495929932388
7240.0 0.4466948736112529
7250.0 0.4468496075837034
7260.0 0.4469380269965322
7270.0 0.44707065611577546
7280.0 0.44731380950105476
7290.0 0.4476232774459556
7300.0 0.44791064053764934
7310.0 0.44804326965689256
7320.0 0.44804326965689256
7330.0 0.44804326965689256
7340.0 0.44822010848255023
7350.0 0.44861799584028
7360.0 0.44919272202366733
7370.0 0.44972323850064033
7380.0 0.45005481129874847
7390.0 0.45023165012440614
7400.0 0.450430593803271
7410.0 0.4506958520417575
7420.0 0.45109373939948727
7430.0 0.4514695219040098
7440.0 0.45164636072966746
7450.0 0.45188951411494666
7460.0 0.4523095063258836
7470.0 0.452773708243235
7480.0 0.4530610713349287
7490.0 0.4535694829586945
7500.0 0.4545420964998116
7510.0 0.4554041857748927
7520.0 0.4552273469492351
7530.0 0.45297265192209984
7540.0 0.4466506639048385
7550.0 0.4328351306503337
7560.0 0.4073924446088376
7570.0 0.36709529721209805
7580.0 0.31174474478125
7590.0 0.2456733385449062
7600.0 0.177214608162184
7610.0 0.11574101139293944
7620.0 0.06786189934612759
7630.0 0.03545618454436113
7640.0 0.016401801079748105
7650.0 0.006697770521783929
7660.0 0.0024094289995856377
7670.0 0.0007515650090450613
7680.0 0.00019894367886486917
7690.0 4.420970641441537e-05
7700.0 0.0
