mejiro/data/filter_response/RomanSCA10-F062.ecsv
# %ECSV 1.0
# ---
# datatype:
# - {name: wavelength, unit: Angstrom, datatype: float64}
# - {name: response, datatype: float64}
# meta:
#   __serialized_columns__:
#     wavelength:
#       __class__: astropy.units.quantity.Quantity
#       unit: !astropy.units.Unit {unit: Angstrom}
#       value: !astropy.table.SerializedColumn {name: wavelength}
#   band_name: F062
#   group_name: RomanSCA10
# schema: astropy-2.0
wavelength response
4730.0 0.0
4740.0 2.2104853207207685e-05
4750.0 0.0001326291192432461
4760.0 0.0006410407430090229
4770.0 0.002652582384864922
4780.0 0.008819836429675865
4790.0 0.02385113661057709
4800.0 0.05276428460560474
4810.0 0.09639926483663272
4820.0 0.1486772426716789
4830.0 0.19812579929620247
4840.0 0.23493037988620327
4850.0 0.25646050691002353
4860.0 0.26625295688081657
4870.0 0.2695686848618977
4880.0 0.27023183045811394
4890.0 0.2700770964856635
4900.0 0.2697455236875554
4910.0 0.26936974118303286
4920.0 0.2689497489720959
4930.0 0.2685076519079517
4940.0 0.26817607910984365
4950.0 0.26793292572456434
4960.0 0.2678002966053211
4970.0 0.26775608689890673
4980.0 0.2677781917521139
4990.0 0.26775608689890673
5000.0 0.2676455626328707
5010.0 0.2675571432200418
5020.0 0.2676013529264562
5030.0 0.2677781917521139
5040.0 0.26804344999060037
5050.0 0.2683529179355013
5060.0 0.26872870044002384
5070.0 0.26912658779775356
5080.0 0.2695686848618977
5090.0 0.2701213061920779
5100.0 0.27076234693508694
5110.0 0.27142549253130316
5120.0 0.2720665332743122
5130.0 0.27275178372373565
5140.0 0.2735475584391951
5150.0 0.2744538574206906
5160.0 0.27536015640218614
5170.0 0.27631066509009605
5180.0 0.2773053834844204
5190.0 0.278322206731952
5200.0 0.27938323968589795
5210.0 0.2804663774930511
5220.0 0.2816379347130331
5230.0 0.28287580649263677
5240.0 0.284179992831862
5250.0 0.2855062840242945
5260.0 0.28681047036351975
5270.0 0.28809255184953775
5280.0 0.2894188430419702
5290.0 0.29085565850043876
5300.0 0.29244720793135764
5310.0 0.2941050719218983
5320.0 0.29569662135281716
5330.0 0.29726606593052896
5340.0 0.29890182506786234
5350.0 0.30060389876481736
5360.0 0.3023722870213939
5370.0 0.304184884984385
5380.0 0.3060195878005832
5390.0 0.30785429061678143
5400.0 0.3096447837265653
5410.0 0.31147948654276353
5420.0 0.31333629421216896
5430.0 0.3153257310008177
5440.0 0.31744779690870956
5450.0 0.31963617737622313
5460.0 0.3218024529905295
5470.0 0.32390241404521425
5480.0 0.3259581653934845
5490.0 0.32801391674175484
5500.0 0.3301359826496468
5510.0 0.33232436311716035
5520.000000000001 0.3345127435846739
5530.000000000001 0.3367453337586019
5540.000000000001 0.3390663433453587
5550.000000000001 0.3414094577853227
5560.000000000001 0.3436862576656651
5570.000000000001 0.3459630575460075
5580.000000000001 0.3482840671327643
5590.000000000001 0.3506050767195211
5600.000000000001 0.3529039814530707
5610.000000000001 0.3552249910398275
5620.000000000001 0.3575681054797915
5629.999999999999 0.3599775344793772
5639.999999999999 0.3624311731853772
5649.999999999999 0.3649511264509989
5659.999999999999 0.3674710797166206
5669.999999999999 0.3697699844501702
5679.999999999999 0.37173731638561164
5689.999999999999 0.37374885802746755
5699.999999999999 0.3761582870270532
5709.999999999999 0.3786782402926749
5719.999999999999 0.3809771450262245
5729.999999999999 0.3831213157873236
5740.0 0.38528759140163
5750.0 0.38752018157555795
5760.0 0.38981908630910755
5770.0 0.3920516764830355
5780.0 0.394129532684513
5790.0 0.39618528403278336
5800.0 0.3984178742067113
5810.0 0.4006504643806393
5820.0 0.40270621572890963
5830.0 0.4046514428111439
5840.0 0.40659666989337817
5850.0 0.40840926785636916
5860.0 0.41000081728728816
5870.0 0.41154815701179265
5880.0 0.41325023070874767
5890.0 0.41501861896532427
5900.0 0.41665437810265765
5910.0 0.4182238226803694
5920.0 0.4196827429920451
5930.0 0.4209869293312704
5940.0 0.42209217199163074
5950.0 0.4231532049455767
5960.0 0.4243026573123515
5970.0 0.42551842423874797
5980.0 0.42668998145872994
5990.0 0.4277952241190903
6000.0 0.4288120473666219
6010.0 0.4297183463481174
6020.0 0.4305583307699913
6030.0 0.4314425248982796
6040.0 0.4325256627054328
6050.0 0.4336751150722076
6060.0 0.434780357732568
6070.0 0.4356866567140635
6080.0 0.43639401201669414
6090.0 0.437012947906496
6100.0 0.4376981983559194
6110.0 0.43840555365855005
6120.0 0.43909080410797346
6130.0 0.4397318448509825
6140.0 0.4402844661811627
6150.0 0.44079287780492843
6160.0 0.4413233942819014
6170.0 0.4418318059056672
6180.0 0.4422960078230186
6190.0 0.44267179032754117
6200.0 0.4429370485660276
6210.0 0.44313599224489253
6220.0 0.4433349359237573
6230.0 0.4435780893090366
6240.0 0.44382124269431594
6250.0 0.44395387181355916
6260.0 0.4439759766667664
6270.0 0.44406439607959525
6280.0 0.44439596887770333
6290.0 0.4448159610886403
6300.0 0.4450591144739195
6310.0 0.44523595329957727
6320.0 0.4454348969784421
6330.0 0.4456117358040997
6340.0 0.44570015521692863
6350.0 0.44583278433617185
6360.0 0.4460980425746583
6370.0 0.4463633008131448
6380.0 0.446495929932388
6390.0 0.4465401396388024
6400.0 0.4466064541984241
6410.0 0.4467832930240817
6420.0 0.4471369706753971
6430.0 0.44746854347350523
6440.0 0.4475790677395412
6450.0 0.44755696288633406
6460.0 0.4475127531799196
6470.0 0.4475790677395412
6480.0 0.4478222211248205
6490.0 0.44819800362934303
6500.0 0.44857378613386556
6510.0 0.44888325407876645
6520.0 0.4490600929044241
6530.0 0.44914851231725295
6540.0 0.44919272202366733
6550.0 0.44923693173008183
6560.0 0.4493032462897034
6570.0 0.44943587540894664
6580.0 0.4497011336474332
6590.0 0.4499442870327124
6600.0 0.4500327064455412
6610.0 0.4500327064455412
6620.0 0.44998849673912683
6630.0 0.44996639188591964
6640.0 0.44996639188591964
6650.0 0.4500106015923341
6660.0 0.4500990210051629
6670.0 0.45016533556478455
6680.0 0.4501432307115773
6690.0 0.4500327064455412
6700.0 0.4498558676198836
6710.0 0.4497011336474332
6720.0 0.4496569239410187
6730.0 0.4496569239410187
6740.0 0.4495906093813971
6750.0 0.4494579802621539
6760.0 0.44923693173008183
6770.000000000001 0.44894956863838814
6780.000000000001 0.44864010069348714
6790.000000000001 0.448308527895379
6800.000000000001 0.44795485024406373
6810.000000000001 0.44766748715237004
6820.000000000001 0.44746854347350523
6830.000000000001 0.4472032852350187
6840.000000000001 0.4467832930240817
6850.000000000001 0.4462969862535232
6860.000000000001 0.44587699404258624
6870.000000000001 0.4455454212444781
6879.999999999999 0.4453022678591988
6889.999999999999 0.44497069506109066
6899.999999999999 0.44448438829053216
6909.999999999999 0.4439759766667664
6919.999999999999 0.4435338796026222
6929.999999999999 0.44313599224489253
6939.999999999999 0.4426938951807483
6949.999999999999 0.44227390296981134
6959.999999999999 0.4420086447313249
6969.999999999999 0.4417875961992528
6979.999999999999 0.44156654766718073
6990.0 0.4413676039883158
7000.0 0.44130128942869423
7010.0 0.441168660309451
7020.0 0.4408370875113429
7030.0 0.4404392001536131
7040.0 0.44012973220871227
7050.0 0.4398644739702257
7060.0 0.439577110878532
7070.0 0.43935606234645996
7080.0 0.43924553808042394
7090.0 0.43924553808042394
7100.0 0.4392897477868383
7110.0 0.43924553808042394
7120.0 0.43909080410797346
7130.0 0.4388918604291086
7140.0 0.43880344101627977
7150.0 0.4389139652823158
7160.0 0.43924553808042394
7170.0 0.439577110878532
7180.0 0.4396876351445681
7190.0 0.4396876351445681
7200.0 0.43977605455739693
7210.0 0.43988657882343296
7220.0 0.43990868367664016
7230.0 0.43990868367664016
7240.0 0.43995289338305454
7250.0 0.43997499823626174
7260.0 0.43995289338305454
7270.0 0.439997103089469
7280.0 0.44015183706191946
7290.0 0.4404170953004059
7300.0 0.440638143832478
7310.0 0.44074866809851404
7320.0 0.44070445839209965
7330.0 0.44070445839209965
7340.0 0.44088129721775726
7350.0 0.44127918457548704
7360.0 0.4418318059056672
7370.0 0.44236232238264017
7380.0 0.44271600003395556
7390.0 0.44291494371282036
7400.0 0.4431138873916852
7410.0 0.4433791456301717
7420.0 0.4437770329879015
7430.0 0.4441307106392168
7440.0 0.44430754946487444
7450.0 0.4445285979969466
7460.0 0.44492648535467627
7470.0 0.44532437271240605
7480.0 0.44558963095089255
7490.0 0.44603172801503665
7500.0 0.4469822367029466
7510.0 0.44804326965689256
7520.0 0.448728520106316
7530.0 0.44899377834480253
7540.0 0.44870641525310884
7550.0 0.4469822367029466
7560.0 0.4418760156120817
7570.0 0.4299172900269823
7580.0 0.40650825048054934
7590.0 0.3673163457441701
7600.0 0.3113689622767275
7610.0 0.24337443381135662
7620.0 0.17277153266753525
7630.0 0.10992743499944382
7640.0 0.062048322952631976
7650.0 0.030814165370847513
7660.0 0.013395541043567858
7670.0 0.005084116237657767
7680.0 0.001679968843747784
7690.0 0.0004863067705585691
7700.0 0.00011052426603603843
7710.0 2.2104853207207685e-05
7720.0 0.0
