mejiro/data/filter_response/RomanSCA16-Grism_1stOrder.ecsv
# %ECSV 1.0
# ---
# datatype:
# - {name: wavelength, unit: Angstrom, datatype: float64}
# - {name: response, datatype: float64}
# meta:
#   __serialized_columns__:
#     wavelength:
#       __class__: astropy.units.quantity.Quantity
#       unit: !astropy.units.Unit {unit: Angstrom}
#       value: !astropy.table.SerializedColumn {name: wavelength}
#   band_name: Grism_1stOrder
#   group_name: RomanSCA16
# schema: astropy-2.0
wavelength response
9840.0 0.0
9850.0 2.2104853207207685e-05
9860.0 0.00011052426603603843
9870.0 0.0004420970641441537
9880.0 0.0013926057520540843
9890.0 0.0038683493112613454
9900.0 0.009416667466270474
9910.0 0.020137521271766202
9920.0 0.03788771839715397
9930.0 0.06319777531940678
9940.0 0.09429930378194798
9950.0 0.12723553506068744
9960.0 0.1573423451289043
9970.0 0.1811713768862742
9980.0 0.19763949252564392
9990.0 0.20778562014775223
10000.0 0.21353288198162623
10009.999999999998 0.21678229540308577
10020.0 0.21881594189814887
10029.999999999998 0.22038538647586062
10040.0 0.22177799222791472
10049.999999999998 0.2231705979799688
10060.0 0.22454109887881568
10069.999999999998 0.22593370463086976
10080.0 0.22730420552971664
10089.999999999998 0.2286526015753563
10100.0 0.23000099762099596
10109.999999999998 0.23139360337305004
10120.0 0.23278620912510412
10129.999999999998 0.2341788148771582
10140.0 0.23550510606959066
10149.999999999998 0.23683139726202312
10160.0 0.2381576884544556
10169.999999999998 0.23952818935330245
10180.0 0.24092079510535658
10189.999999999998 0.24226919115099627
10200.0 0.24361758719663593
10209.999999999998 0.2449659832422756
10220.0 0.24629227443470805
10230.0 0.2476406704803477
10240.0 0.24898906652598737
10250.0 0.25031535771841984
10260.0 0.2516195440576451
10270.0 0.25290162554366313
10280.0 0.25422791673609557
10290.0 0.25557631278173526
10300.0 0.25692470882737495
10310.0 0.25820679031339294
10320.0 0.2594667669462038
10330.0 0.26077095328542904
10340.0 0.26207513962465434
10350.0 0.2633793259638796
10360.0 0.26466140744989763
10370.0 0.2659213840827085
10380.0 0.26718136071551934
10390.0 0.2684413373483301
10400.0 0.26967920912793375
10410.0 0.2708949760543302
10420.0 0.2721328478339338
10430.0 0.27343703417315907
10440.0 0.27469701080596987
10450.0 0.2758685680259519
10460.0 0.2770180203927267
10470.0 0.27821168246591593
10480.0 0.2794716590987268
10490.0 0.2807316357315376
10500.0 0.28194740265793405
10510.0 0.28307475017150163
10520.0 0.2842020976850692
10530.0 0.2853736549050512
10540.0 0.28658942183144764
10550.0 0.28780518875784405
10560.0 0.2889767459778261
10570.0 0.29012619834460085
10580.0 0.29123144100496123
10590.0 0.29227036910570003
10600.0 0.2933092972064388
10610.0 0.2944366447200064
10620.0 0.2956082019399884
10630.0 0.29673554945355596
10640.0 0.29779658240750195
10650.0 0.29881340565503345
10660.0 0.29983022890256505
10670.0 0.300891261856511
10680.0 0.30197439966366424
10690.0 0.303013327764403
10700.0 0.30405225586514173
10710.0 0.3051132888190877
10720.0 0.30619642662624086
10730.0 0.3072353547269796
10740.0 0.3082963876809256
10750.0 0.30937952548807873
10760.0 0.31041845358881753
10770.0 0.3114131719831419
10780.0 0.312385785524259
10790.0 0.31333629421216896
10800.0 0.31435311745970046
10810.0 0.3154362552668537
10820.0 0.31647518336759245
10830.0 0.31742569205550236
10840.0 0.3183762007434123
10850.0 0.3194151288441511
10860.0 0.3204540569448898
10870.0 0.32140456563279973
10880.0 0.32233296946750245
10890.0 0.32328347815541236
10900.0 0.3242781965497368
10910.0 0.3252729149440611
10920.0 0.32622342363197104
10930.0 0.32717393231988096
10940.0 0.3281023361545837
10950.0 0.3290749496957008
10960.0 0.33002545838361075
10970.0 0.33095386221831347
10980.0 0.33201489517225946
10990.0 0.3332969766582775
11000.0 0.3345569532910883
11010.0 0.33557377653861986
11020.0 0.3365021803733226
11030.0 0.33747479391443974
11040.000000000002 0.3384916171619713
11050.0 0.33950844040950284
11060.000000000002 0.3405252636570344
11070.0 0.34156419175777314
11080.000000000002 0.3425589101520975
11090.0 0.343465209133593
11100.000000000002 0.34439361296829574
11110.0 0.3454325410690345
11120.000000000002 0.3464935740229804
11130.0 0.34748829241730483
11140.000000000002 0.3484830108116292
11150.0 0.34952193891236794
11160.000000000002 0.3505608670131067
11170.0 0.351445061141395
11180.000000000002 0.35232925526968334
11190.0 0.3533681833704221
11200.000000000002 0.35440711147116083
11210.0 0.35535762015907074
11220.000000000002 0.3563081288469807
11230.0 0.35730284724130507
11240.000000000002 0.3582754607824222
11250.0 0.35913755005750325
11259.999999999998 0.35995542962616994
11270.0 0.36086172860766547
11279.999999999998 0.3618122372955754
11290.0 0.36276274598348535
11299.999999999998 0.36371325467139526
11310.0 0.36466376335930517
11319.999999999998 0.3656142720472151
11330.0 0.3665205710287106
11339.999999999998 0.36740476515699894
11350.0 0.3682889592852872
11359.999999999998 0.36917315341357554
11370.0 0.3700352426886566
11379.999999999998 0.37089733196373775
11390.0 0.37182573579844047
11399.999999999998 0.3727541396331432
11410.0 0.3736825434678459
11419.999999999998 0.3745667375961342
11430.0 0.3753625123115937
11439.999999999998 0.3761582870270532
11450.0 0.3770424811553415
11459.999999999998 0.3779045704304226
11470.0 0.37874455485229647
11480.0 0.37956243442096316
11490.0 0.3803361042832154
11500.0 0.3811318789986749
11510.0 0.3819276537141344
11520.0 0.3827013235763867
11530.0 0.3834307837322245
11540.0 0.38418234874126955
11550.0 0.3850223331631435
11560.0 0.38581810787860293
11570.0 0.38650335832802635
11580.0 0.3871665039242426
11590.0 0.3879180689332877
11600.0 0.3886917387955399
11610.0 0.38944330380458503
11620.0 0.39012855425400844
11630.0 0.39076959499701747
11640.0 0.3914106357400265
11650.0 0.39209588618944996
11660.0 0.39280324149208057
11670.0 0.3934663870882968
11680.0 0.3941516375377202
11690.0 0.3948810976935581
11700.0 0.3955884529961888
11710.0 0.3961410743263689
11720.0 0.3966494859501347
11730.0 0.3972463169867293
11740.0 0.39786525287653113
11750.0 0.39850629361954015
11760.0 0.3991031246561348
11770.0 0.39969995569272937
11780.0 0.4003409964357384
11790.0 0.40102624688516186
11800.0 0.4017114973345853
11810.0 0.40228622351797266
11820.0 0.40281673999494566
11830.0 0.40341357103154024
11840.0 0.4040104020681349
11850.0 0.4045409185451079
11860.0 0.40502722531566643
11870.0 0.405513532086225
11880.0 0.406044048563198
11890.0 0.40664087959979256
11900.0 0.4071935009299728
11910.0 0.40765770284732417
11920.0 0.4081219047646755
11930.0 0.4086745260948557
11940.0 0.40922714742503585
11950.0 0.40966924448918
11960.0 0.410089236700117
11970.0 0.4106418580302972
11980.0 0.41119447936047737
11990.0 0.41163657642462154
12000.0 0.4120786734887657
12010.0 0.41256498025932425
12020.0 0.41307339188309
12030.0 0.4135596986536486
12040.0 0.41406811027741436
12050.0 0.41459862675438736
12060.0 0.4151070383781531
12070.0 0.4155049257358828
12080.0 0.41585860338719816
12090.0 0.41623438589172074
12100.0 0.41665437810265765
12110.0 0.41716278972642346
12120.0 0.4176269916437748
12130.0 0.41798066929509015
12140.0 0.4183343469464055
12150.0 0.4187543391573424
12160.0 0.4192627507811082
12170.0 0.41977116240487394
12180.0 0.4202132594690181
12190.0 0.42054483226712625
12200.0 0.4208764050652343
12210.0 0.4213406069825857
12220.0 0.42180480889993704
12230.0 0.42218059140445957
12240.0 0.4225563739089821
12250.0 0.42297636611991907
12260.0 0.42341846318406323
12270.0 0.4237500359821713
12280.0 0.42410371363348665
12290.000000000002 0.42447949613800917
12300.0 0.4248773834957389
12310.000000000002 0.42518685144063983
12320.0 0.42545210967912633
12330.000000000002 0.4257615776240272
12340.0 0.42609315042213536
12350.000000000002 0.4264247232202435
12360.0 0.4267341911651444
12370.000000000002 0.4270215542568381
12380.0 0.42733102220173896
12390.000000000002 0.42772890955946874
12400.0 0.42808258721078407
12410.000000000002 0.4283036357428561
12420.0 0.42852468427492824
12430.000000000002 0.4289004667794507
12440.0 0.42927624928397323
12450.000000000002 0.42949729781604534
12460.0 0.429674136641703
12470.000000000002 0.4299614997333967
12480.0 0.43029307253150484
12490.000000000002 0.4306025404764057
12500.0 0.4308677987148922
12509.999999999998 0.4310888472469643
12520.0 0.4313098957790364
12529.999999999998 0.43153094431110844
12540.0 0.43179620254959494
12549.999999999998 0.43208356564128864
12560.0 0.43237092873298233
12569.999999999998 0.43259197726505444
12580.0 0.43274671123750486
12589.999999999998 0.4328572355035409
12600.0 0.43298986462278416
12609.999999999998 0.43327722771447785
12620.0 0.43358669565937874
12629.999999999998 0.4338077441914508
12640.0 0.4339845830171085
12649.999999999998 0.43420563154918057
12660.0 0.43440457522804543
12669.999999999998 0.43449299464087426
12680.0 0.4346035189069103
12689.999999999998 0.434780357732568
12700.0 0.43500140626464007
12709.999999999998 0.4352003499435049
12720.0 0.435421398475577
12730.0 0.4356424470076491
12740.0 0.43581928583330676
12750.0 0.43586349553972115
12760.0 0.43590770524613554
12770.0 0.43615085863141484
12780.0 0.43643822172310853
12790.0 0.43665927025518064
12800.0 0.43679189937442386
12810.0 0.43681400422763106
12820.0 0.4368582139340455
12830.0 0.437012947906496
12840.0 0.43723399643856803
12850.0 0.43745504497064014
12860.0 0.43763188379629775
12870.0 0.4377203032091266
12880.0 0.4378087226219554
12890.0 0.4379634565944059
12900.0 0.43814029542006355
12910.0 0.43829502939251397
12920.0 0.43840555365855005
12930.0 0.4385160779245861
12940.0 0.4386266021906221
12950.0 0.4387813361630726
12960.0 0.438936070135523
12970.0 0.4390244895483518
12980.0 0.43911290896118066
12990.0 0.4392897477868383
13000.0 0.4395107963189104
13010.0 0.4396213205849464
13020.0 0.4396655302913609
13030.0 0.4397539497041897
13040.0 0.4398423691170185
13050.0 0.439997103089469
13060.0 0.44017394191512665
13070.0 0.4403728855939915
13080.0 0.44052761956644193
13090.0 0.4406602486856852
13100.0 0.4408149826581357
13110.0 0.44112445060303657
13120.0 0.4413676039883158
13130.0 0.44141181369473026
13140.0 0.44138970884152307
13150.0 0.4414781282543519
13160.0 0.44165496708000956
13170.0 0.4418318059056672
13180.0 0.44196443502491045
13190.0 0.4420528544377393
13200.0 0.442119168997361
13210.0 0.4422517981166042
13220.0 0.44240653208905456
13230.0 0.4425612660615051
13240.0 0.44267179032754117
13250.0 0.44278231459357714
13260.0 0.4428928388596132
13270.0 0.44302546797885645
13280.0 0.44313599224489253
13290.0 0.4431802019513069
13300.0 0.4432465165109285
13310.0 0.443401250483379
13320.0 0.4436001941622439
13330.0 0.44375492813469425
13340.0 0.4438433475475231
13350.0 0.44386545240073033
13360.0 0.44393176696035197
13370.0 0.4440865009328024
13380.0 0.4442191300520456
13390.0 0.4441749203456312
13400.0 0.44410860578600964
13410.0 0.4441307106392168
13420.0 0.44424123490525286
13430.0 0.4443738640244961
13440.0 0.4444622834373249
13450.0 0.44455070285015374
13460.0 0.4446170174097754
13470.0 0.44468333196939697
13480.0 0.44474964652901866
13490.0 0.4447717513822259
13500.0 0.44479385623543305
13510.0 0.4447717513822259
13520.0 0.44474964652901866
13530.0 0.44468333196939697
13540.000000000002 0.44466122711618983
13550.0 0.4447054368226042
13560.000000000002 0.4447054368226042
13570.0 0.44459491255656813
13580.000000000002 0.4445064931437393
13590.0 0.4445285979969466
13600.000000000002 0.444572807703361
13610.0 0.4445064931437393
13620.000000000002 0.44435175917128894
13630.0 0.4442191300520456
13640.000000000002 0.44410860578600964
13650.0 0.4440201863731808
13660.000000000002 0.4439759766667664
13670.0 0.44399808151997355
13680.000000000002 0.44399808151997355
13690.0 0.44395387181355916
13700.000000000002 0.4438433475475231
13710.0 0.44371071842827986
13720.000000000002 0.4435780893090366
13730.0 0.4434675650430006
13740.000000000002 0.443401250483379
13750.0 0.4433349359237573
13759.999999999998 0.44326862136413575
13770.0 0.4431802019513069
13779.999999999998 0.4430475728320637
13790.0 0.4428707340064059
13799.999999999998 0.4426938951807483
13810.0 0.4425612660615051
13819.999999999998 0.44242863694226187
13830.0 0.44227390296981134
13839.999999999998 0.4420307495845321
13850.0 0.4417654913460456
13859.999999999998 0.44152233796076634
13870.0 0.44141181369473026
13879.999999999998 0.44130128942869423
13890.0 0.44110234574982937
13899.999999999998 0.44099182148379334
13910.0 0.44099182148379334
13919.999999999998 0.44099182148379334
13930.0 0.44079287780492843
13939.999999999998 0.44050551471323474
13950.0 0.4402844661811627
13959.999999999998 0.44012973220871227
13970.0 0.44006341764909057
13980.0 0.43995289338305454
13990.0 0.4396655302913609
14000.0 0.43933395749325277
14010.0 0.43906869925476627
14020.0 0.4388918604291086
14030.0 0.43873712645665813
14040.0 0.4386044973374149
14050.0 0.4383613439521356
14060.0 0.4380739808604419
14070.0 0.43776451291554097
14080.0 0.43747714982384733
14090.0 0.4371897867321536
14100.0 0.4368582139340455
14110.0 0.43641611686990134
14120.0 0.43604033436537876
14130.0 0.43584139068651395
14140.0 0.4356424470076491
14150.0 0.43533297906274815
14160.0 0.4349571965582256
14170.0 0.4346256237601175
14180.0 0.43436036552163104
14190.0 0.4341835266959733
14200.0 0.4340066878703157
14210.0 0.4337856393382436
14220.0 0.4336530102190004
14230.0 0.4336751150722076
14240.0 0.4337635344850364
14250.0 0.4337635344850364
14260.0 0.4336530102190004
14270.0 0.43340985683372113
14280.0 0.4331667034484418
14290.0 0.43298986462278416
14300.0 0.4328351306503337
14310.0 0.432658291824676
14320.0 0.4324372432926039
14330.0 0.43221619476053186
14340.0 0.432017251081667
14350.0 0.43184041225600933
14360.0 0.43164146857714447
14370.0 0.4314425248982796
14380.0 0.4311772666597931
14390.0 0.4308899035680994
14400.0 0.4306246453296129
14410.0 0.43046991135716245
14420.0 0.43031517738471203
14430.0 0.4301162337058471
14440.0 0.4298509754673607
14450.0 0.42954150752245973
14460.0 0.42923203957755884
14470.0 0.4289888861922796
14480.0 0.4287678376602075
14490.0 0.4285688939813426
14500.0 0.42839205515568496
14510.0 0.4282152163300273
14520.0 0.427972062944748
14530.0 0.4276625949998471
14540.0 0.4273752319081534
14550.0 0.4271320785228741
14560.0 0.42693313484400924
14570.0 0.42666787660552274
14580.0 0.4264247232202435
14590.0 0.4262257795413786
14600.0 0.4260268358625137
14610.0 0.4257615776240272
14620.0 0.42547421453233353
14630.0 0.4252310611470542
14640.0 0.424987907761775
14650.0 0.42467843981687403
14660.0 0.42436897187197314
14670.0 0.4241479233399011
14680.0 0.42397108451424337
14690.0 0.4237500359821713
14700.0 0.4234847777436848
14710.0 0.4231532049455767
14720.0 0.42284373700067585
14730.0 0.42262268846860374
14740.0 0.42244584964294607
14750.0 0.42220269625766677
14760.0 0.4219153331659731
14770.0 0.4216500749274866
14780.0 0.4214069215422073
14790.000000000002 0.421163768156928
14800.0 0.4209206147716487
14810.000000000002 0.42069956623957666
14820.0 0.42047851770750455
14830.000000000002 0.4201911546158109
14840.0 0.41988168667090997
14850.000000000002 0.4196385332856307
14860.0 0.4193953799003514
14870.000000000002 0.4191301216618649
14880.0 0.41882065371696403
14890.000000000002 0.4185111857720631
14900.0 0.4182459275335766
14910.000000000002 0.41800277414829734
14920.0 0.41775962076301804
14930.000000000002 0.41745015281811715
14940.0 0.41716278972642346
14950.000000000002 0.4169638460475586
14960.0 0.4167427975154865
14970.000000000002 0.41647753927700004
14980.0 0.4161680713320991
14990.000000000002 0.41581439368078377
15000.0 0.4155049257358828
15009.999999999998 0.4152617723506036
15020.0 0.41501861896532427
15029.999999999998 0.4147975704332522
15040.0 0.4145323121947657
15049.999999999998 0.41428915880948647
15060.0 0.41402390057099997
15069.999999999998 0.4137586423325134
15080.0 0.4134712792408198
15089.999999999998 0.41311760158950445
15100.0 0.4127639239381891
15109.999999999998 0.41252077055290987
15120.0 0.41232182687404495
15129.999999999998 0.4121007783419729
15140.0 0.4118355201034864
15149.999999999998 0.41150394730537826
15160.0 0.411150269654063
15169.999999999998 0.41081869685595485
15180.0 0.4104871240578467
15189.999999999998 0.4101776561129458
15200.0 0.40986818816804493
15209.999999999998 0.4095808250763512
15220.0 0.4092934619846575
15230.0 0.4089839940397566
15240.0 0.4086966309480629
15250.0 0.40840926785636916
15260.0 0.4081440096178827
15270.0 0.4078787513793962
