mejiro/data/filter_response/RomanSCA01-F184.ecsv
# %ECSV 1.0
# ---
# datatype:
# - {name: wavelength, unit: Angstrom, datatype: float64}
# - {name: response, datatype: float64}
# meta:
#   __serialized_columns__:
#     wavelength:
#       __class__: astropy.units.quantity.Quantity
#       unit: !astropy.units.Unit {unit: Angstrom}
#       value: !astropy.table.SerializedColumn {name: wavelength}
#   band_name: F184
#   group_name: RomanSCA01
# schema: astropy-2.0
wavelength response
16680.0 0.0
16690.0 2.2104853207207685e-05
16700.0 4.420970641441537e-05
16710.0 0.0001326291192432461
16720.0 0.00037578250452253065
16730.0 0.0009062989814955152
16740.0 0.0021220659078919376
16750.0 0.004553599760684784
16760.0 0.009195618934198397
16770.0 0.017330204914450826
16780.0 0.03065943139839706
16790.0 0.05086326722978488
16800.0 0.07933431816066838
16810.0 0.11658099581481333
16820.0 0.16185173518317467
16830.0 0.21295815579823885
16840.0 0.2664961102660959
16850.0 0.3185972492754844
16860.0 0.3656805866068368
16870.0 0.4052261689945313
16880.0 0.43608454407179326
16890.0 0.4584546555174874
16900.0 0.47350806055159583
16910.0 0.4829247280178663
16920.0 0.48845094131966826
16930.0 0.49156772562188455
16940.0 0.4932034847592178
16950.0 0.4939108400618485
16960.0 0.4942424128599566
16970.0 0.49461819536447915
16980.0 0.49488345360296565
16990.0 0.49488345360296565
17000.0 0.4948613487497585
17010.0 0.4950823972818305
17020.0 0.49541397007993865
17030.0 0.49565712346521795
17040.0 0.4957455428780468
17050.0 0.4957676477312539
17060.0 0.4958339622908756
17070.0 0.4960108011165333
17080.0 0.4962318496486053
17090.0 0.49636447876784856
17100.0 0.49647500303388464
17110.0 0.49658552729992067
17120.0 0.4967402612723711
17130.0 0.4969171000980288
17140.0 0.49704972921727203
17150.0 0.4971160437768936
17160.0 0.49724867289613683
17170.0 0.4976023505474522
17180.0 0.49793392334556036
17190.0 0.49804444761159633
17200.0 0.4980886573180107
17210.0 0.49824339129046125
17220.0 0.49842023011611886
17230.0 0.49855285923536213
17240.0 0.4987075932078126
17250.0 0.49892864173988466
17260.0 0.4991275854187495
17270.0 0.4992381096847856
17280.0 0.4993044242444072
17290.0 0.4994370533636504
17300.0 0.49961389218930813
17310.0 0.49981283586817293
17320.0 0.5000117795470378
17330.0 0.5001665135194884
17340.0 0.5003433523451459
17350.0 0.5005201911708036
17360.0 0.5006970299964613
17370.0 0.5008075542624973
17380.0 0.5008296591157045
17390.0 0.5008296591157045
17400.0 0.5008959736753261
17410.0 0.5011391270606055
17420.0 0.5014043852990919
17430.0 0.5015591192715424
17440.0 0.5016696435375784
17450.0 0.5018243775100288
17460.0 0.5019570066292721
17470.0 0.5020012163356865
17480.0 0.5020012163356865
17490.0 0.5020454260421009
17500.0 0.5021338454549298
17510.0 0.5021780551613442
17520.0 0.5022885794273803
17530.0 0.5025096279594523
17540.0 0.5027306764915245
17550.0 0.5027969910511461
17560.0 0.5027969910511461
17570.0 0.5028190959043533
17580.0 0.5028633056107676
17590.0 0.5029296201703892
17600.0 0.5030180395832181
17610.0 0.5031506687024613
17620.0 0.5032390881152902
17630.0 0.503216983262083
17640.0 0.503216983262083
17650.0 0.5033054026749118
17660.0 0.5034159269409478
17670.0 0.5034822415005694
17680.0 0.5034822415005694
17690.0 0.503438031794155
17700.0 0.5034159269409478
17710.0 0.5034159269409478
17720.0 0.503438031794155
17730.0 0.503438031794155
17740.0 0.5035043463537767
17750.0 0.5036148706198127
17760.0 0.5037032900326416
17770.0 0.503747499739056
17780.0 0.5037696045922632
17790.0 0.5038580240050919
17800.0 0.503968548271128
17810.0 0.5039906531243352
17820.0 0.5039243385647136
17830.0 0.5038138142986776
17840.0 0.503747499739056
17850.0 0.503747499739056
17860.0 0.5038359191518847
17870.0 0.503968548271128
17880.0 0.5041232822435785
17890.0 0.5042559113628218
17900.0 0.5043443307756506
17910.0 0.5043664356288577
17920.0 0.5043443307756506
17930.0 0.5043001210692362
17940.0 0.5043222259224434
17950.0 0.504499064748101
17960.0 0.5046316938673443
17970.0 0.504609589014137
17980.0 0.5045432744545154
17990.0 0.5045874841609299
18000.0 0.5047422181333803
18010.0 0.5049632666654524
18020.0 0.5051180006379028
18030.0 0.5051401054911101
18040.0 0.5051180006379028
18050.0 0.5051622103443172
18060.0 0.5052506297571461
18070.0 0.5054053637295965
18080.0 0.5055822025552542
18090.0 0.5057369365277047
18100.0 0.5058474607937408
18110.0 0.5058916705001552
18120.0 0.5059579850597767
18130.0 0.5061569287386416
18140.0 0.5063779772707137
18150.0 0.5065327112431641
18160.0 0.5066432355092001
18170.0 0.5067537597752362
18180.0 0.5067537597752362
18190.0 0.5066211306559929
18200.0 0.5064885015367497
18210.0 0.5066211306559929
18220.0 0.5068642840412723
18230.0 0.5071516471329659
18240.0 0.5074390102246596
18250.0 0.5077705830227677
18260.0 0.5080800509676687
18270.0 0.5083232043529479
18280.0 0.508433728618984
18290.0 0.508433728618984
18300.0 0.508433728618984
18310.0 0.5086105674446416
18320.0 0.5087653014170921
18330.0 0.5087874062702993
18340.0 0.5088095111235065
18350.0 0.5089642450959571
18360.0 0.5092073984812362
18370.0 0.5094947615729299
18380.0 0.5097379149582092
18390.0 0.5099589634902812
18400.0 0.5101136974627318
18410.0 0.5101800120223533
18420.0 0.5102021168755606
18430.0 0.5101800120223533
18440.0 0.5101800120223533
18450.0 0.5102684314351822
18460.0 0.5104010605544255
18470.0 0.5105115848204614
18480.0 0.5106884236461191
18490.0 0.510887367324984
18500.0 0.51099789159102
18510.0 0.5109094721781913
18520.0 0.5108210527653625
18530.0 0.5109536818846057
18540.0 0.5111305207102633
18550.0 0.5111526255634705
18560.0 0.5111526255634705
18570.0 0.5112189401230921
18580.0 0.5113736740955426
18590.0 0.5115063032147859
18600.0 0.5116168274808218
18610.0 0.5117273517468579
18620.0 0.511837876012894
18630.0 0.5119041905725156
18640.0 0.5117936663064796
18650.0 0.511528408067993
18660.0 0.5112852546827138
18670.0 0.511307359535921
18680.0 0.5114178838019571
18690.0 0.5114620935083715
18700.0 0.5113736740955426
18710.0 0.5112852546827138
18720.0 0.5113736740955426
18730.0 0.5117494566000652
18740.0 0.5120810293981732
18750.0 0.512058924544966
18760.0 0.5119262954257228
18770.0 0.5120368196917587
18780.0 0.5121694488110021
18790.0 0.5121031342513804
18800.0 0.5119926099853443
18810.0 0.512058924544966
18820.0 0.5121694488110021
18830.0 0.5121252391045877
18840.0 0.512058924544966
18850.0 0.5120810293981732
18860.0 0.5121473439577948
18870.0 0.5121473439577948
18880.0 0.5121252391045877
18890.0 0.5121031342513804
18900.0 0.5121694488110021
18910.0 0.5123683924898669
18920.0 0.5124126021962814
18930.0 0.5121031342513804
18940.0 0.5117494566000652
18950.0 0.5116831420404435
18960.0 0.5117052468936507
18970.0 0.5115726177744074
18980.0 0.5114620935083715
18990.0 0.5116389323340291
19000.0 0.5118820857193084
19010.0 0.5119262954257228
19020.0 0.5119041905725156
19030.0 0.5119705051321373
19040.0 0.5120810293981732
19050.0 0.5121915536642093
19060.0 0.5121473439577948
19070.0 0.51194840027893
19080.0 0.5117273517468579
19090.0 0.5116389323340291
19100.0 0.5116831420404435
19110.0 0.511837876012894
19120.0 0.51194840027893
19130.0 0.5119705051321373
19140.0 0.5119705051321373
19150.0 0.5119926099853443
19160.0 0.5119926099853443
19170.0 0.5118157711596867
19180.0 0.5115505129212002
19190.0 0.5112852546827138
19200.0 0.5112631498295066
19210.0 0.5116831420404435
19220.0 0.5121252391045877
19230.0 0.5121694488110021
19240.0 0.5120368196917587
19250.0 0.51194840027893
19260.0 0.5117936663064796
19270.0 0.5114620935083715
19280.0 0.5112631498295066
19290.0 0.5115063032147859
19300.0 0.5118820857193084
19310.0 0.5120368196917587
19320.0 0.5119705051321373
19330.0 0.5117052468936507
19340.0 0.5114841983615785
19350.0 0.511528408067993
19360.0 0.5116168274808218
19370.0 0.5116168274808218
19380.0 0.5115726177744074
19390.0 0.5116168274808218
19400.0 0.5117715614532723
19410.0 0.5119926099853443
19420.0 0.5121252391045877
19430.0 0.5120147148385517
19440.0 0.5117715614532723
19450.0 0.5115726177744074
19460.0 0.5115063032147859
19470.0 0.5115947226276146
19480.0 0.5116831420404435
19490.0 0.5115947226276146
19500.0 0.5115505129212002
19510.0 0.5117273517468579
19520.0 0.5119705051321373
19530.0 0.512058924544966
19540.0 0.5120810293981732
19550.0 0.5121473439577948
19560.0 0.5122578682238309
19570.0 0.5124126021962814
19580.0 0.5124347070494886
19590.0 0.5122578682238309
19600.0 0.5121694488110021
19610.0 0.5124347070494886
19620.0 0.512699965287975
19630.0 0.5126336507283534
19640.0 0.5124568119026958
19650.0 0.5125231264623173
19660.0 0.512699965287975
19670.0 0.5128546992604255
19680.0 0.5129652235264616
19690.0 0.5130536429392905
19700.0 0.5130757477924975
19710.0 0.513009433232876
19720.0 0.5129652235264616
19730.0 0.5130757477924975
19740.0 0.5131641672053264
19750.0 0.5130315380860831
19760.0 0.5128768041136327
19770.0 0.5129210138200471
19780.0 0.5130536429392905
19790.0 0.5131862720585336
19800.0 0.5132525866181552
19810.0 0.5132967963245696
19820.0 0.5133189011777769
19830.0 0.5133631108841913
19840.0 0.5133631108841913
19850.0 0.513230481764948
19860.0 0.5130536429392905
19870.0 0.5129210138200471
19880.0 0.5127220701411823
19890.0 0.5122799730770381
19900.0 0.511528408067993
19910.0 0.5104231654076327
19920.0 0.5087431965638849
19930.0 0.5061569287386416
19940.0 0.5023106842805874
19950.0 0.49676236612557834
19960.0 0.4888709335306051
19970.0 0.4780837651654878
19980.0 0.4642019173513614
19990.0 0.44704855126256826
20000.0 0.4260489407157209
20010.0 0.40087151291271134
20019.999999999996 0.37184784065164767
20030.0 0.3396631743819533
20040.0 0.30502486940625884
20050.0 0.26897185382530314
20059.999999999996 0.23249884603341045
20070.0 0.1967331935441484
20080.0 0.16284645357749902
20090.0 0.1317449251149578
20099.999999999996 0.10409175375274099
20110.0 0.08024061714216389
20120.0 0.06030203954926256
20130.0 0.04412128700158654
20139.999999999996 0.031433101260649327
20150.0 0.021795385262306777
20160.0 0.01472183223600032
20170.0 0.009659820851549759
20179.999999999996 0.0061672540448109445
20190.0 0.0038241396048469293
20200.0 0.002298904733549599
20210.0 0.0013483960456396689
20219.999999999996 0.000773669862252269
20230.0 0.000419992210936946
20240.0 0.00022104853207207686
20250.0 0.00011052426603603843
20259.999999999996 6.631455962162305e-05
20270.0 2.2104853207207685e-05
20280.0 2.2104853207207685e-05
20290.0 0.0
