mejiro/data/filter_response/RomanSCA16-F106.ecsv
# %ECSV 1.0
# ---
# datatype:
# - {name: wavelength, unit: Angstrom, datatype: float64}
# - {name: response, datatype: float64}
# meta:
#   __serialized_columns__:
#     wavelength:
#       __class__: astropy.units.quantity.Quantity
#       unit: !astropy.units.Unit {unit: Angstrom}
#       value: !astropy.table.SerializedColumn {name: wavelength}
#   band_name: F106
#   group_name: RomanSCA16
# schema: astropy-2.0
wavelength response
9200.0 0.0
9210.0 4.420970641441537e-05
9220.0 0.00017683882565766148
9230.0 0.0008178795686666844
9240.0 0.003072574595801868
9250.0 0.009659820851549759
9260.0 0.025707944279982537
9270.0 0.05822418334778505
9280.0 0.11313263871448895
9290.0 0.19032278611405817
9300.0 0.2806874260251232
9310.0 0.36879737090905307
9320.0 0.4403728855939915
9330.0 0.4887383044113619
9340.0 0.5160156932690562
9350.0 0.5289691372484798
9360.0 0.5342300923117953
9370.0 0.5361753193940296
9380.0 0.5369710941094891
9390.0 0.5374795057332549
9400.0 0.5378773930909846
9410.0 0.5381647561826783
9420.0 0.5384742241275792
9430.0 0.5389384260449306
9440.0 0.5393805231090748
9450.0 0.5396678862007684
9460.0 0.5399552492924621
9470.0 0.5404194512098135
9480.0 0.5409057579803721
9490.0 0.5412594356316873
9500.0 0.5416131132830028
9510.0 0.5420994200535613
9520.0 0.5425636219709126
9530.0 0.5428951947690207
9540.0 0.5431383481543001
9550.0 0.5434257112459938
9560.0 0.5437351791908946
9570.0 0.54408885684221
9580.0 0.544420429640318
9590.0 0.5446414781723902
9600.0 0.544840421851255
9610.0 0.5451277849429488
9620.0 0.5454372528878496
9630.0 0.5456583014199218
9640.0 0.5458572450987865
9650.0 0.5460561887776515
9660.0 0.546233027603309
9670.0 0.5462993421629307
9680.0 0.5464098664289668
9690.0 0.5466972295206605
9700.0 0.546962487759147
9710.0 0.547073012025183
9720.0 0.5471614314380118
9730.0 0.5473603751168767
9740.0 0.5475814236489488
9750.0 0.5476698430617776
9760.0 0.5477582624746065
9770.0 0.5479793110066785
9780.0 0.5481782546855435
9790.0 0.5482003595387506
9800.0 0.5482003595387506
9810.0 0.5483329886579938
9820.0 0.548465617777237
9830.0 0.5484877226304443
9840.0 0.548465617777237
9850.0 0.5485761420432731
9860.0 0.5487529808689308
9870.0 0.5489077148413812
9880.0 0.5489298196945884
9890.0 0.5487971905753452
9900.0 0.5487087711625164
9910.0 0.5488192954285525
9920.0 0.5489740294010028
9930.0 0.5489740294010028
9940.0 0.5489298196945884
9950.0 0.5489519245477956
9960.0 0.5490182391074172
9970.0 0.5490182391074172
9980.0 0.5490624488138317
9990.0 0.5492171827862822
10000.0 0.5493719167587326
10009.999999999998 0.5494382313183542
10020.0 0.5494382313183542
10029.999999999998 0.549416126465147
10040.0 0.5493719167587326
10049.999999999998 0.5493719167587326
10060.0 0.549416126465147
10069.999999999998 0.5494824410247686
10080.0 0.5495266507311831
10089.999999999998 0.5494824410247686
10100.0 0.5494824410247686
10109.999999999998 0.5495487555843903
10120.0 0.5496813847036335
10129.999999999998 0.5497255944100479
10140.0 0.5497034895568408
10149.999999999998 0.5496150701440119
10160.0 0.5495708604375975
10169.999999999998 0.5496150701440119
10180.0 0.5496813847036335
10189.999999999998 0.5497255944100479
10200.0 0.5497476992632552
10209.999999999998 0.5497255944100479
10220.0 0.5497255944100479
10230.0 0.5497476992632552
10240.0 0.5497476992632552
10250.0 0.5497255944100479
10260.0 0.5496592798504263
10270.0 0.5495708604375975
10280.0 0.5495487555843903
10290.0 0.5496150701440119
10300.0 0.5496371749972191
10310.0 0.5495708604375975
10320.0 0.5494382313183542
10330.0 0.5493940216119397
10340.0 0.5493940216119397
10350.0 0.5493498119055253
10360.0 0.549305602199111
10370.0 0.5492171827862822
10380.0 0.5491287633734533
10390.0 0.5490182391074172
10400.0 0.5488635051349668
10410.0 0.5487087711625164
10420.0 0.5486203517496876
10430.0 0.5486424566028948
10440.0 0.5485761420432731
10450.0 0.5483329886579938
10460.0 0.5480677304195074
10470.0 0.5479129964470569
10480.0 0.5478908915938497
10490.0 0.5478687867406424
10500.0 0.5477582624746065
10510.0 0.5474930042361199
10520.0 0.5472277459976335
10530.0 0.547073012025183
10540.0 0.5469845926123542
10550.0 0.5468961731995253
10560.0 0.5467635440802822
10570.0 0.5465867052546245
10580.0 0.5463214470161379
10590.0 0.5459456645116154
10600.0 0.5456140917135074
10610.0 0.5454151480346424
10620.0 0.5452825189153993
10630.0 0.5451056800897416
10640.0 0.544840421851255
10650.0 0.5444867441999397
10660.0 0.5441551714018316
10670.0 0.5438899131633451
10680.0 0.543668864631273
10690.0 0.5433815015395793
10700.0 0.5431162433010928
10710.0 0.5428951947690207
10720.0 0.5426962510901558
10730.0 0.5424752025580838
10740.0 0.5422541540260117
10750.0 0.5420994200535613
10760.0 0.5419004763746964
10770.0 0.5415910084297955
10780.0 0.5412373307784802
10790.0 0.5409278628335792
10800.0 0.5406847094483
10810.0 0.540574185182264
10820.0 0.5404194512098135
10830.0 0.5400878784117054
10840.0 0.5397784104668044
10850.0 0.5396236764943539
10860.0 0.5394910473751108
10870.0 0.5392257891366243
10880.0 0.5389163211917234
10890.0 0.5386731678064441
10900.0 0.5384742241275792
10910.0 0.5382752804487143
10920.0 0.5380763367698496
10930.0 0.5378110785313629
10940.0 0.537590029999291
10950.0 0.5374131911736333
10960.0 0.5372142474947683
10970.0 0.5369931989626963
10980.0 0.5369710941094891
10990.0 0.5373247717608044
11000.0 0.5376563445589125
11010.0 0.5376121348524981
11020.0 0.537391086320426
11030.0 0.53728056205439
11040.000000000002 0.5372584572011828
11050.0 0.5372363523479756
11060.000000000002 0.5372142474947683
11070.0 0.5372363523479756
11080.000000000002 0.5371700377883539
11090.0 0.5370153038159035
11100.000000000002 0.5368826746966602
11110.0 0.5369268844030747
11120.000000000002 0.5370153038159035
11130.0 0.5370153038159035
11140.000000000002 0.5370153038159035
11150.0 0.5371258280819395
11160.000000000002 0.5371921426415612
11170.0 0.537059513522318
11180.000000000002 0.5369268844030747
11190.0 0.5370153038159035
11200.000000000002 0.5371479329351468
11210.0 0.5371479329351468
11220.000000000002 0.5371037232287323
11230.0 0.5371921426415612
11240.000000000002 0.5372363523479756
11250.0 0.5371037232287323
11259.999999999998 0.5369268844030747
11270.0 0.5369047795498675
11279.999999999998 0.5369268844030747
11290.0 0.5369710941094891
11299.999999999998 0.5370153038159035
11310.0 0.5371037232287323
11319.999999999998 0.5371700377883539
11330.0 0.5371700377883539
11339.999999999998 0.5371479329351468
11350.0 0.5371479329351468
11359.999999999998 0.5371479329351468
11370.0 0.5371037232287323
11379.999999999998 0.5370816183755251
11390.0 0.5371479329351468
11399.999999999998 0.5372584572011828
11410.0 0.5373689814672189
11419.999999999998 0.537391086320426
11430.0 0.5373247717608044
11439.999999999998 0.5372584572011828
11450.0 0.53728056205439
11459.999999999998 0.5373468766140116
11470.0 0.5373468766140116
11480.0 0.5373247717608044
11490.0 0.5372584572011828
11500.0 0.5372142474947683
11510.0 0.5372142474947683
11520.0 0.5371700377883539
11530.0 0.5370816183755251
11540.0 0.5370153038159035
11550.0 0.537059513522318
11560.0 0.5370816183755251
11570.0 0.5369489892562819
11580.0 0.5367942552838314
11590.0 0.536750045577417
11600.0 0.5367942552838314
11610.0 0.5367721504306242
11620.0 0.5366837310177954
11630.0 0.536528997045345
11640.0 0.5363742630728945
11650.0 0.5363079485132729
11660.0 0.5362637388068585
11670.0 0.5361753193940296
11680.0 0.5361311096876151
11690.0 0.5361532145408224
11700.0 0.5361311096876151
11710.0 0.5359321660087504
11720.0 0.535689012623471
11730.0 0.5355342786510205
11740.0 0.5354458592381918
11750.0 0.5353574398253629
11760.0 0.5352690204125341
11770.0 0.535158496146498
11780.0 0.5350921815868764
11790.0 0.5351363912932908
11800.0 0.535158496146498
11810.0 0.535047971880462
11820.0 0.5348932379080116
11830.0 0.5348048184951827
11840.0 0.5346500845227322
11850.0 0.5342743020182097
11860.0 0.5333680030367143
11870.0 0.5314006711012728
11880.0 0.5271344344322817
11890.0 0.5185577513878851
11900.0 0.5026201522254884
11910.0 0.47598380411080315
11920.0 0.43626138289745087
11930.0 0.3830328963744947
11940.0 0.31884040266076363
11950.0 0.24918801020485223
11960.0 0.18141453027155346
11970.0 0.12226194308906571
11980.0 0.07579754164751515
11990.0 0.04306025404764057
12000.0 0.022325901739279765
12010.0 0.01052191012663086
12020.0 0.004509390054270368
12030.0 0.0017462834033694073
12040.0 0.0006189358898018152
12050.0 0.00019894367886486917
12060.0 6.631455962162305e-05
12070.0 2.2104853207207685e-05
12080.0 0.0
