mejiro/data/filter_response/RomanSCA13-F158.ecsv
# %ECSV 1.0
# ---
# datatype:
# - {name: wavelength, unit: Angstrom, datatype: float64}
# - {name: response, datatype: float64}
# meta:
#   __serialized_columns__:
#     wavelength:
#       __class__: astropy.units.quantity.Quantity
#       unit: !astropy.units.Unit {unit: Angstrom}
#       value: !astropy.table.SerializedColumn {name: wavelength}
#   band_name: F158
#   group_name: RomanSCA13
# schema: astropy-2.0
wavelength response
13710.0 0.0
13720.000000000002 2.2104853207207685e-05
13730.0 0.00011052426603603843
13740.000000000002 0.00033157279810811527
13750.0 0.0009062989814955152
13759.999999999998 0.002365219293171222
13770.0 0.005636737567837959
13779.999999999998 0.012246088676793058
13790.0 0.02447007250037891
13799.999999999998 0.04498337627666764
13810.0 0.07630595327128094
13819.999999999998 0.11978619952985846
13830.0 0.17460623548373352
13839.999999999998 0.23745033315182495
13850.0 0.30294701320478135
13859.999999999998 0.3650174410106205
13870.0 0.4186217100380991
13879.999999999998 0.46062093113179375
13890.0 0.4905066926679385
13899.999999999998 0.5099147537838669
13910.0 0.521519801717651
13919.999999999998 0.527819684881705
13930.0 0.5307596303582638
13939.999999999998 0.5319311875782458
13950.0 0.5323953894955972
13959.999999999998 0.5326385428808764
13970.0 0.5328153817065341
13980.0 0.5329038011193629
13990.0 0.5327932768533268
14000.0 0.5326164380276692
14010.0 0.5325280186148403
14020.0 0.5325059137616331
14030.0 0.5325722283212547
14040.0 0.5326164380276692
14050.0 0.5325722283212547
14060.0 0.5324617040552186
14070.0 0.5323290749359755
14080.0 0.5321964458167322
14090.0 0.5321080264039034
14100.0 0.5319311875782458
14110.0 0.5316659293397592
14120.0 0.5314669856608945
14130.0 0.5314448808076871
14140.0 0.5314669856608945
14150.0 0.5313564613948584
14160.0 0.5311575177159934
14170.0 0.5310248885967502
14180.0 0.5309585740371286
14190.0 0.5310248885967502
14200.0 0.5310690983031646
14210.0 0.5310912031563718
14220.0 0.5311796225692007
14230.0 0.5314890905141015
14240.0 0.5318869778718314
14250.0 0.5321964458167322
14260.0 0.5323290749359755
14270.0 0.5323290749359755
14280.0 0.5323290749359755
14290.0 0.5324174943488043
14300.0 0.5325280186148403
14310.0 0.5326164380276692
14320.0 0.5326385428808764
14330.0 0.532704857440498
14340.0 0.5327711720001197
14350.0 0.5328595914129485
14360.0 0.5329480108257773
14370.0 0.533014325385399
14380.0 0.5330364302386061
14390.0 0.5329922205321918
14400.0 0.533014325385399
14410.0 0.5331469545046422
14420.0 0.5333016884770926
14430.0 0.5333901078899214
14440.0 0.5334122127431287
14450.0 0.5333680030367143
14460.0 0.5333680030367143
14470.0 0.5333901078899214
14480.0 0.5334785273027504
14490.0 0.5336111564219935
14500.0 0.533765890394444
14510.0 0.5338985195136872
14520.0 0.533986938926516
14530.0 0.533986938926516
14540.0 0.533986938926516
14550.0 0.534097463192552
14560.0 0.5342079874585881
14570.0 0.5342743020182097
14580.0 0.5343627214310387
14590.0 0.534517455403489
14600.0 0.5346721893759395
14610.0 0.5347385039355611
14620.0 0.5347827136419755
14630.0 0.5348932379080116
14640.0 0.5349816573208404
14650.0 0.5350258670272547
14660.0 0.5350700767336692
14670.0 0.5352027058529124
14680.0 0.5354016495317774
14690.0 0.5355563835042279
14700.0 0.5356448029170566
14710.0 0.5356669077702638
14720.0 0.535689012623471
14730.0 0.5358658514491287
14740.0 0.5360647951279935
14750.0 0.5361974242472368
14760.0 0.5362858436600656
14770.0 0.5364184727793089
14780.0 0.5365511018985522
14790.000000000002 0.5366837310177954
14800.0 0.5368163601370387
14810.000000000002 0.5370153038159035
14820.0 0.5371700377883539
14830.000000000002 0.5372584572011828
14840.0 0.5373468766140116
14850.000000000002 0.5374795057332549
14860.0 0.5376342397057053
14870.000000000002 0.5377668688249485
14880.0 0.5378552882377774
14890.000000000002 0.5379437076506063
14900.0 0.5380542319166423
14910.000000000002 0.5382089658890927
14920.0 0.5383636998615432
14930.000000000002 0.5384742241275792
14940.0 0.5385847483936153
14950.000000000002 0.5387836920724801
14960.0 0.5390047406045523
14970.000000000002 0.5391373697237954
14980.0 0.5392257891366243
14990.000000000002 0.5392699988430387
15000.0 0.5393584182558675
15009.999999999998 0.539513152228318
15020.0 0.5397120959071829
15029.999999999998 0.5399110395860477
15040.0 0.5400657735584982
15049.999999999998 0.5402426123841558
15060.0 0.5403973463566063
15069.999999999998 0.5405520803290567
15080.0 0.5406847094483
15089.999999999998 0.5407068143015071
15100.0 0.5407731288611288
15109.999999999998 0.5409720725399937
15120.0 0.5412152259252729
15129.999999999998 0.541436274457345
15140.0 0.5415910084297955
15149.999999999998 0.5416573229894172
15160.0 0.5417015326958315
15169.999999999998 0.5417678472554531
15180.0 0.5418562666682819
15189.999999999998 0.541966790934318
15200.0 0.5420994200535613
15209.999999999998 0.5422320491728045
15220.0 0.5423646782920477
15230.0 0.5424973074112911
15240.0 0.5426299365305343
15250.0 0.5427846705029846
15260.0 0.5429394044754352
15270.0 0.5431162433010928
15280.0 0.543248872420336
15290.0 0.5433151869799577
15300.0 0.5434257112459938
15310.0 0.5436246549248586
15320.0 0.5438235986037234
15330.0 0.5438899131633451
15340.0 0.5439120180165523
15350.0 0.5440004374293811
15360.0 0.54408885684221
15370.0 0.5441772762550389
15380.0 0.544309905374282
15390.0 0.5445088490531469
15400.0 0.5446856878788047
15410.0 0.5447520024384261
15420.0 0.5447520024384261
15430.0 0.5447520024384261
15440.0 0.544840421851255
15450.0 0.5450614703833272
15460.0 0.5452825189153993
15470.0 0.5454151480346424
15480.0 0.5455035674474713
15490.0 0.5456361965667145
15500.0 0.5457467208327506
15510.0 0.5457467208327506
15520.0 0.5457688256859577
15530.0 0.5458793499519938
15540.0 0.5460340839244443
15550.0 0.5461225033372731
15560.0 0.5461667130436875
15570.0 0.5461446081904803
15580.0 0.5461888178968947
15590.0 0.5463435518693451
15600.0 0.5464982858417956
15610.0 0.5465203906950028
15620.0 0.5465424955482101
15630.0 0.5467414392270749
15640.0 0.546962487759147
15650.0 0.5470288023187686
15660.0 0.5470288023187686
15670.0 0.547073012025183
15680.0 0.5472056411444262
15690.0 0.5474045848232911
15700.0 0.5475372139425343
15710.0 0.5474930042361199
15720.0 0.5474487945297055
15730.0 0.547603528502156
15740.0 0.547824577034228
15750.0 0.5479793110066785
15760.0 0.5480014158598857
15770.0 0.5480014158598857
15780.0 0.5480014158598857
15790.0 0.5480677304195074
15800.0 0.5481561498323362
15810.0 0.5482003595387506
15820.0 0.5482887789515795
15830.0 0.5484435129240299
15840.0 0.5485540371900659
15850.0 0.5485761420432731
15860.0 0.5486203517496876
15870.0 0.5487750857221381
15880.0 0.5489961342542101
15890.0 0.5491066585202462
15900.0 0.5491729730798677
15910.0 0.5492171827862822
15920.0 0.549305602199111
15930.0 0.5495045458779758
15940.0 0.5496813847036335
15950.0 0.5497476992632552
15960.0 0.5497698041164624
15970.0 0.5498140138228768
15980.0 0.5499466429421199
15990.0 0.5501676914741921
16000.0 0.550366635153057
16010.0 0.550477159419093
16020.0 0.5505434739787146
16030.0 0.5506318933915435
16040.000000000002 0.5507645225107867
16050.0 0.5509192564832371
16060.000000000002 0.5510739904556876
16070.0 0.5512729341345525
16080.000000000002 0.5514497729602101
16090.0 0.5515381923730389
16100.000000000002 0.5516708214922822
16110.0 0.551869765171147
16120.000000000002 0.5520687088500119
16130.0 0.5521571282628408
16140.000000000002 0.5522234428224625
16150.0 0.5524223865013272
16160.000000000002 0.5526655398866065
16170.0 0.5529086932718859
16180.000000000002 0.5531076369507507
16190.0 0.5532623709232012
16200.000000000002 0.5533950000424444
16210.0 0.5535276291616877
16220.000000000002 0.5536823631341381
16230.0 0.5538592019597958
16240.000000000002 0.5540139359322462
16250.0 0.5541244601982823
16259.999999999998 0.5542570893175255
16270.0 0.5545002427028048
16279.999999999998 0.5547212912348769
16290.0 0.5547876057944985
16299.999999999998 0.5548539203541201
16310.0 0.5550307591797777
16319.999999999998 0.5552739125650571
16330.0 0.5555170659503363
16339.999999999998 0.5557160096292012
16350.0 0.5558707436016517
16359.999999999998 0.5560254775741021
16370.0 0.5562023163997598
16379.999999999998 0.5564012600786247
16390.0 0.5566002037574895
16400.0 0.5567328328767328
16410.0 0.5567991474363544
16420.0 0.5569317765555976
16430.0 0.5571749299408769
16440.0 0.5574180833261562
16450.0 0.557506502738985
16460.0 0.5575507124453994
16470.0 0.5576391318582282
16480.0 0.5577717609774715
16490.0 0.5578601803903003
16500.0 0.5580149143627509
16510.0 0.5583022774544445
16520.0 0.5585012211333095
16530.0 0.5584349065736878
16540.0 0.5583906968672734
16550.0 0.5585896405461382
16560.0 0.558877003637832
16570.0 0.5590317376102824
16580.0 0.5591201570231111
16590.0 0.55920857643594
16600.0 0.5593854152615977
16610.0 0.5596506735000842
16620.0 0.5598275123257418
16630.0 0.559739092912913
16640.0 0.5596506735000842
16650.0 0.5598275123257418
16660.0 0.5600927705642283
16670.0 0.5602917142430932
16680.0 0.5603359239495076
16690.0 0.5602917142430932
16700.0 0.5602475045366788
16710.0 0.560380133655922
16720.0 0.5605127627751653
16730.0 0.5605348676283725
16740.0 0.5605569724815797
16750.0 0.5607338113072374
16760.0 0.5609106501328951
16770.0 0.5610211743989311
16780.0 0.56110959381176
16790.0 0.5612864326374176
16800.0 0.5614632714630752
16810.0 0.5615959005823185
16820.0 0.5616843199951472
16830.0 0.5617948442611833
16840.0 0.5619053685272193
16850.0 0.561971683086841
16860.0 0.5620158927932554
16870.0 0.5621264170592914
16880.0 0.5622590461785347
16890.0 0.5623695704445707
16900.0 0.5624579898573996
16910.0 0.5625464092702285
16920.0 0.5626790383894716
16930.0 0.5629000869215437
16940.0 0.5630990306004086
16950.0 0.5631211354536158
16960.0 0.5631874500132374
16970.0 0.5634748131049312
16980.0 0.5637179664902103
16990.0 0.5636958616370032
17000.0 0.5636516519305887
17010.0 0.5638948053158681
17020.0 0.5642705878203906
17030.0 0.5645137412056699
17040.0 0.564624265471706
17050.0 0.564624265471706
17060.0 0.5646684751781204
17070.0 0.5648674188569852
17080.0 0.5651105722422646
17090.0 0.5652432013615077
17100.0 0.5653537256275437
17110.0 0.5654642498935798
17120.0 0.5656189838660303
17130.0 0.5657958226916879
17140.0 0.5659284518109312
17150.0 0.5659947663705528
17160.0 0.5661273954897961
17170.0 0.5665031779943186
17180.0 0.5668347507924266
17190.0 0.5669452750584627
17200.0 0.5669894847648771
17210.0 0.5671442187373276
17220.0 0.5673210575629852
17230.0 0.5674757915354357
17240.0 0.567608420654679
17250.0 0.567829469186751
17260.0 0.5680284128656159
17270.0 0.5681389371316519
17280.0 0.5682052516912736
17290.0 0.5683157759573096
17300.0 0.5684926147829673
17310.0 0.5687136633150394
17320.0 0.5689126069939042
17330.0 0.5690894458195619
17340.0 0.5692441797920124
17350.0 0.5694431234708771
17360.0 0.5696199622965349
17370.0 0.5697304865625709
17380.0 0.5697525914157782
17390.0 0.5697083817093637
17400.0 0.5697746962689852
17410.0 0.5700399545074718
17420.0 0.5703273175991654
17430.0 0.5704820515716159
17440.0 0.570592575837652
17450.0 0.5707473098101024
17460.0 0.5709020437825529
17470.0 0.5709241486357601
17480.0 0.5709241486357601
17490.0 0.5709683583421745
17500.0 0.5710567777550034
17510.0 0.5711009874614178
17520.0 0.5712115117274538
17530.0 0.5714767699659403
17540.0 0.5717199233512196
17550.0 0.5717862379108412
17560.0 0.5717862379108412
17570.0 0.5718083427640485
17580.0 0.5718525524704628
17590.0 0.5719188670300844
17600.0 0.5720514961493277
17610.0 0.5721841252685709
17620.0 0.5722725446813998
17630.0 0.5722725446813998
17640.0 0.5722504398281926
17650.0 0.5723388592410213
17660.0 0.5724714883602646
17670.0 0.5724935932134718
17680.0 0.5723830689474358
17690.0 0.5720957058557421
17700.0 0.5715209796723547
17710.0 0.5704378418652015
17720.0 0.5683820905169312
17730.0 0.5646684751781204
17740.0 0.5584128017204805
17750.0 0.5484214080708226
17760.0 0.533235373917471
17770.0 0.5114841983615785
17780.0 0.48215105815561404
17790.0 0.4449485902078835
17800.0 0.40025257702290956
17810.0 0.3495882534719895
17820.0 0.2953429437015019
17830.0 0.24058922230724847
17840.0 0.18846597844465274
17850.0 0.14160368964537243
17860.0 0.10185916357881301
17870.0 0.06998396525401954
17880.0 0.04584546555174874
17890.0 0.028625784903333954
17900.0 0.0169765272631355
17910.0 0.009593506291928136
17920.0 0.005128325944072183
17930.0 0.002608372678450507
17940.0 0.0012599766328108381
17950.0 0.0005747261833873998
17960.0 0.00024315338527928454
17970.0 0.00011052426603603843
17980.0 4.420970641441537e-05
17990.0 2.2104853207207685e-05
18000.0 0.0
