mejiro/data/filter_response/RomanSCA08-F087.ecsv
# %ECSV 1.0
# ---
# datatype:
# - {name: wavelength, unit: Angstrom, datatype: float64}
# - {name: response, datatype: float64}
# meta:
#   __serialized_columns__:
#     wavelength:
#       __class__: astropy.units.quantity.Quantity
#       unit: !astropy.units.Unit {unit: Angstrom}
#       value: !astropy.table.SerializedColumn {name: wavelength}
#   band_name: F087
#   group_name: RomanSCA08
# schema: astropy-2.0
wavelength response
7490.0 0.0
7500.0 2.2104853207207685e-05
7510.0 0.00011052426603603843
7520.0 0.0005084116237657767
7530.0 0.0020999610546847303
7540.0 0.007184077292342498
7550.0 0.020557513482703148
7560.0 0.04924961294565872
7570.0 0.09973709767092108
7580.0 0.17255048413546317
7590.0 0.2586046776711227
7600.0 0.34180734514305244
7610.0 0.4079008562326034
7620.0 0.4511821588123161
7630.0 0.47467961777157786
7640.0 0.4853120521642447
7650.0 0.48944565971399256
7660.0 0.49103720914491156
7670.0 0.4921424518052719
7680.0 0.49360137211694766
7690.0 0.4951045021350377
7700.0 0.49609922052936206
7710.0 0.4968286806851999
7720.0 0.49758024569424497
7730.0 0.4983981252629117
7740.0 0.49928231939120005
7750.0 0.5002549329323172
7760.0 0.5012717561798486
7770.0 0.5021117406017226
7780.0 0.5026422570786955
7790.0 0.5031727735556686
7800.0 0.5039906531243352
7810.0 0.504808532693002
7820.0 0.5052285249039389
7830.0 0.5054495734360109
7840.0 0.5056043074084614
7850.0 0.5057811462341191
7860.0 0.5059137753533622
7870.0 0.5061127190322272
7880.0 0.5064663966835424
7890.0 0.506952703454101
7900.0 0.5075053247842812
7910.0 0.5079916315548397
7920.0 0.5083010994997408
7930.0 0.5087874062702993
7940.0 0.5096273906921731
7950.0 0.5102905362883894
7960.0 0.5103568508480111
7970.0 0.5110199964442272
7980.0 0.5130757477924975
7990.0 0.5144241438381373
8000.0 0.5130536429392905
8010.0 0.5109094721781913
8020.000000000001 0.5101579071691462
8030.000000000001 0.5106884236461191
8040.000000000001 0.5117715614532723
8050.000000000001 0.5128768041136327
8060.000000000001 0.5135841594162633
8070.000000000001 0.5141367807464435
8080.000000000001 0.5147778214894526
8090.000000000001 0.5152641282600111
8100.000000000001 0.5153083379664255
8110.000000000001 0.5152862331132184
8120.000000000001 0.5155293864984976
8129.999999999999 0.5157725398837769
8139.999999999999 0.5157504350305697
8149.999999999999 0.5157946447369842
8159.999999999999 0.5162367418011282
8169.999999999999 0.5168556776909301
8179.999999999999 0.5173419844614886
8189.999999999999 0.5177398718192184
8200.0 0.5181377591769482
8210.0 0.5187345902135427
8220.0 0.5196850989014526
8230.0 0.5207240270021914
8240.0 0.521519801717651
8250.0 0.521740850249723
8260.0 0.5214092774516149
8270.0 0.5214313823048221
8280.0 0.5226029395248041
8290.0 0.5237302870383717
8300.0 0.5236860773319573
8310.0 0.5231555608549843
8320.0 0.5230450365889483
8330.0 0.5231776657081915
8340.0 0.5232660851210204
8350.0 0.523442923946678
8360.0 0.5239071258640293
8370.0 0.5244376423410023
8380.0 0.5247913199923177
8390.0 0.524835529698732
8400.0 0.52461448116666
8410.0 0.5245481666070384
8420.0 0.5250344733775969
8430.0 0.5254323607353266
8440.0 0.525255521909669
8450.0 0.5253439413224978
8460.0 0.5264933936892727
8470.0 0.5277754751752907
8480.0 0.5281954673862277
8490.0 0.5281954673862277
8500.0 0.5284607256247141
8510.0 0.5289028226888584
8520.0 0.5293670246062097
8530.0 0.5298312265235611
8540.0 0.5303396381473268
8550.0 0.5306491060922277
8560.0 0.5306712109454349
8570.0 0.5307596303582638
8580.0 0.5313343565416512
8590.0 0.5322406555231466
8600.0 0.5332132690642638
8610.0 0.5338101001008584
8620.0 0.5338543098072728
8630.0 0.5340090437797232
8640.0 0.5349816573208404
8650.0 0.5363521582196873
8660.0 0.5376342397057053
8670.0 0.5386731678064441
8680.0 0.5394910473751108
8690.0 0.5400657735584982
8700.0 0.5404194512098135
8710.0 0.5408836531271648
8720.0 0.5417899521086604
8730.0 0.5428951947690207
8740.0 0.5439562277229667
8750.0 0.5447298975852191
8760.0 0.545149889796156
8770.0 0.5456583014199218
8780.0 0.5466088101078316
8790.0 0.547714052768192
8800.0 0.5485982468964803
8810.0 0.549416126465147
8820.0 0.550366635153057
8830.0 0.5510739904556876
8840.0 0.5512729341345525
8850.0 0.5513613535473812
8860.0 0.5518255554647327
8870.0 0.552510805914156
8880.0 0.5531739515103723
8890.0 0.5537928874001742
8900.0 0.5543234038771471
8910.0 0.5547212912348769
8920.0 0.5549644446201561
8930.0 0.5552739125650571
8940.0 0.5557823241888228
8950.0 0.5561802115465525
8960.0 0.5560917921337237
8970.0 0.5558044290420301
8980.0 0.5556496950695796
8990.0 0.5556054853631652
9000.0 0.5555833805099579
9010.0 0.5554949610971291
9020.0 0.5552739125650571
9030.0 0.5548981300605346
9040.0 0.5544339281431832
9050.0 0.5539697262258318
9060.0 0.5535497340148948
9070.0 0.5531739515103723
9080.0 0.5527760641526426
9090.0 0.552289757382084
9100.0 0.5517371360519038
9110.0 0.5511624098685164
9120.0 0.5506318933915435
9130.0 0.5501676914741921
9140.0 0.5497034895568408
9150.0 0.549195077933075
9160.0 0.5485982468964803
9170.0 0.5479351013002641
9180.0 0.5473824799700839
9190.0 0.5469845926123542
9200.0 0.5466309149610389
9210.0 0.5461667130436875
9220.0 0.5457246159795434
9230.0 0.5453930431814352
9240.0 0.545149889796156
9250.0 0.5449288412640838
9260.0 0.5447741072916334
9270.0 0.5447077927320118
9280.0 0.5446635830255974
9290.0 0.5446635830255974
9300.0 0.5447298975852191
9310.0 0.5449067364108767
9320.0 0.5451056800897416
9330.0 0.5452825189153993
9340.0 0.545481462594264
9350.0 0.5458130353923721
9360.0 0.546210922750102
9370.0 0.5466309149610389
9380.0 0.547073012025183
9390.0 0.5475593187957416
9400.0 0.5480014158598857
9410.0 0.548355093511201
9420.0 0.5487308760157236
9430.0 0.5492392876394894
9440.0 0.5497476992632552
9450.0 0.5500792720613633
9460.0 0.5504329497126785
9470.0 0.5509413613364443
9480.0 0.5514718778134173
9490.0 0.551869765171147
9500.0 0.5522676525288769
9510.0 0.5527981690058498
9520.0 0.5533286854828228
9530.0 0.5537044679873453
9540.0 0.553991831079039
9550.0 0.55430129902394
9560.0 0.5546770815284625
9570.0 0.5550749688861921
9580.0 0.5554507513907148
9590.0 0.5557160096292012
9600.0 0.5559591630144805
9610.0 0.5562907358125886
9620.0 0.5566223086106967
9630.0 0.5568875668491832
9640.0 0.5571307202344625
9650.0 0.5573738736197418
9660.0 0.5575728172986067
9670.0 0.5577054464178499
9680.0 0.5578601803903003
9690.0 0.5581696483352013
9700.0 0.5584791162801022
9710.0 0.5586117453993454
9720.0 0.5587001648121742
9730.0 0.558678059958967
9740.0 0.5576391318582282
9750.0 0.5529971126847146
9760.0 0.5391152648705883
9770.0 0.5065548160963713
9780.0 0.4456559455105141
9790.0 0.3552249910398275
9800.0 0.24881222770032968
9810.0 0.1492519688550663
9820.0 0.07515650090450614
9830.0 0.031300472141406084
9840.0 0.010654539245874105
9850.0 0.00296205032976583
9860.0 0.0006631455962162305
9870.0 0.00011052426603603843
9880.0 2.2104853207207685e-05
9890.0 0.0
