mejiro/data/filter_response/RomanSCA03-F184.ecsv
# %ECSV 1.0
# ---
# datatype:
# - {name: wavelength, unit: Angstrom, datatype: float64}
# - {name: response, datatype: float64}
# meta:
#   __serialized_columns__:
#     wavelength:
#       __class__: astropy.units.quantity.Quantity
#       unit: !astropy.units.Unit {unit: Angstrom}
#       value: !astropy.table.SerializedColumn {name: wavelength}
#   band_name: F184
#   group_name: RomanSCA03
# schema: astropy-2.0
wavelength response
16640.0 0.0
16650.0 2.2104853207207685e-05
16660.0 8.841941282883074e-05
16670.0 0.00022104853207207686
16680.0 0.0005305164769729844
16690.0 0.0012157669263964225
16700.0 0.002652582384864922
16710.0 0.0054598987421802985
16720.0 0.01052191012663086
16730.0 0.019098593171027443
16740.0 0.032715182746667376
16750.0 0.0529190185780552
16760.0 0.08099218215120896
16770.0 0.11744308508989443
16780.0 0.16171910606393144
16790.0 0.21202975196353613
16800.0 0.26556770643139316
16810.0 0.3187519832479348
16820.0 0.3682447495788728
16830.0 0.4113271084797206
16840.0 0.44638540566635204
16850.0 0.47306596348745167
16860.0 0.4920761372456503
16870.0 0.504808532693002
16880.0 0.5127883847008039
16890.0 0.5174967184339391
16900.0 0.5200829862591824
16910.0 0.5214313823048221
16920.0 0.5221829473138672
16930.0 0.5226692540844258
16940.0 0.5229566171761194
16950.0 0.5230450365889483
16960.0 0.5231113511485699
16970.0 0.5233987142402635
16980.0 0.5236197627723356
16990.0 0.5235976579191285
17000.0 0.5235755530659212
17010.0 0.5237966015979933
17020.0 0.5241281743961015
17030.0 0.5243713277813807
17040.0 0.5244818520474167
17050.0 0.5244818520474167
17060.0 0.5245260617538312
17070.0 0.5247029005794888
17080.0 0.5249239491115608
17090.0 0.5250565782308042
17100.0 0.525144997643633
17110.0 0.525255521909669
17120.0 0.5254102558821194
17130.0 0.52556498985457
17140.0 0.525675514120606
17150.0 0.5257197238270204
17160.0 0.5258523529462635
17170.0 0.5261839257443717
17180.0 0.5265154985424798
17190.0 0.5266260228085159
17200.0 0.5266481276617231
17210.0 0.5267807567809664
17220.0 0.526957595606624
17230.0 0.52706811987266
17240.0 0.5272007489919033
17250.0 0.5274217975239754
17260.0 0.527598636349633
17270.0 0.5276870557624619
17280.0 0.5277312654688763
17290.0 0.5278417897349124
17300.0 0.52801862856057
17310.0 0.5281954673862277
17320.0 0.5283944110650926
17330.0 0.5285491450375429
17340.0 0.5287038790099934
17350.0 0.528880717835651
17360.0 0.5290354518081015
17370.0 0.5291238712209304
17380.0 0.5291459760741376
17390.0 0.5291238712209304
17400.0 0.5291680809273448
17410.0 0.529411234312624
17420.0 0.5296985974043178
17430.0 0.5298533313767682
17440.0 0.529941750789597
17450.0 0.5300964847620475
17460.0 0.5302291138812907
17470.0 0.530251218734498
17480.0 0.530251218734498
17490.0 0.5303175332941196
17500.0 0.5303838478537412
17510.0 0.5304280575601557
17520.0 0.5305385818261917
17530.0 0.5307817352114709
17540.0 0.5310248885967502
17550.0 0.5310912031563718
17560.0 0.531113308009579
17570.0 0.531113308009579
17580.0 0.5311796225692007
17590.0 0.5312459371288224
17600.0 0.5313785662480656
17610.0 0.5315111953673088
17620.0 0.5315996147801376
17630.0 0.5315996147801376
17640.0 0.5315996147801376
17650.0 0.5317101390461737
17660.0 0.531842768165417
17670.0 0.5319311875782458
17680.0 0.5319311875782458
17690.0 0.5319090827250386
17700.0 0.5319090827250386
17710.0 0.5319090827250386
17720.0 0.531953292431453
17730.0 0.5319753972846601
17740.0 0.5320417118442817
17750.0 0.5321743409635251
17760.0 0.5322848652295611
17770.0 0.5323290749359755
17780.0 0.5323732846423899
17790.0 0.532483808908426
17800.0 0.532594333174462
17810.0 0.5326385428808764
17820.0 0.5325722283212547
17830.0 0.532483808908426
17840.0 0.5323953894955972
17850.0 0.5324174943488043
17860.0 0.5325280186148403
17870.0 0.5326606477340836
17880.0 0.5328374865597413
17890.0 0.5329701156789844
17900.0 0.5330585350918133
17910.0 0.5330806399450205
17920.0 0.5330585350918133
17930.0 0.5329922205321918
17940.0 0.5330364302386061
17950.0 0.5331911642110566
17960.0 0.5333237933302999
17970.0 0.5333016884770926
17980.0 0.5332132690642638
17990.0 0.533235373917471
18000.0 0.5333901078899214
18010.0 0.5336111564219935
18020.0 0.5337437855412368
18030.0 0.533765890394444
18040.0 0.5337216806880295
18050.0 0.5337216806880295
18060.0 0.5337879952476512
18070.0 0.5339206243668945
18080.0 0.5340532534861376
18090.0 0.5342079874585881
18100.0 0.534296406871417
18110.0 0.534296406871417
18120.0 0.5343185117246241
18130.0 0.5344732456970747
18140.0 0.5346721893759395
18150.0 0.5348048184951827
18160.0 0.5348932379080116
18170.0 0.5349595524676333
18180.0 0.5349153427612188
18190.0 0.5346942942291467
18200.0 0.5345395602566962
18210.0 0.5346058748163178
18220.0 0.53482692334839
18230.0 0.5350700767336692
18240.0 0.5353132301189485
18250.0 0.5356226980638494
18260.0 0.535887956302336
18270.0 0.5360868999812007
18280.0 0.5361532145408224
18290.0 0.5360868999812007
18300.0 0.5360426902747863
18310.0 0.5361753193940296
18320.0 0.5362858436600656
18330.0 0.5362637388068585
18340.0 0.5362195291004441
18350.0 0.5363300533664801
18360.0 0.5365511018985522
18370.0 0.5367721504306242
18380.0 0.5369931989626963
18390.0 0.5371479329351468
18400.0 0.5372584572011828
18410.0 0.53728056205439
18420.0 0.5372584572011828
18430.0 0.5371921426415612
18440.0 0.5371258280819395
18450.0 0.5371700377883539
18460.0 0.5372584572011828
18470.0 0.5373468766140116
18480.0 0.5374574008800477
18490.0 0.5376342397057053
18500.0 0.5377005542653269
18510.0 0.5375458202928765
18520.0 0.5374131911736333
18530.0 0.5375237154396694
18540.0 0.5376563445589125
18550.0 0.5376342397057053
18560.0 0.537590029999291
18570.0 0.5376342397057053
18580.0 0.5377447639717414
18590.0 0.5378331833845702
18600.0 0.537921602797399
18610.0 0.5380100222102279
18620.0 0.5380763367698496
18630.0 0.5380984416230566
18640.0 0.5379658125038135
18650.0 0.5376342397057053
18660.0 0.5373468766140116
18670.0 0.5373468766140116
18680.0 0.5374352960268404
18690.0 0.5374131911736333
18700.0 0.5373026669075972
18710.0 0.5371921426415612
18720.0 0.5372363523479756
18730.0 0.5376121348524981
18740.0 0.537921602797399
18750.0 0.5378552882377774
18760.0 0.5377005542653269
18770.0 0.5377668688249485
18780.0 0.5378552882377774
18790.0 0.5377668688249485
18800.0 0.5376121348524981
18810.0 0.5376563445589125
18820.0 0.5377226591185341
18830.0 0.5376563445589125
18840.0 0.5375458202928765
18850.0 0.5375458202928765
18860.0 0.5375679251460838
18870.0 0.5375458202928765
18880.0 0.5374574008800477
18890.0 0.5374131911736333
18900.0 0.5374574008800477
18910.0 0.5376342397057053
18920.0 0.5376342397057053
18930.0 0.5372584572011828
18940.0 0.5368384649902458
18950.0 0.536750045577417
18960.0 0.5367279407242098
18970.0 0.5365511018985522
18980.0 0.5363963679261017
18990.0 0.5365511018985522
19000.0 0.5367279407242098
19010.0 0.5367279407242098
19020.0 0.5366616261645882
19030.0 0.5366837310177954
19040.0 0.5367721504306242
19050.0 0.5368163601370387
19060.0 0.5367279407242098
19070.0 0.5364847873389306
19080.0 0.5361974242472368
19090.0 0.5360426902747863
19100.0 0.5360426902747863
19110.0 0.5361532145408224
19120.0 0.5362195291004441
19130.0 0.5361974242472368
19140.0 0.5361311096876151
19150.0 0.536109004834408
19160.0 0.5360426902747863
19170.0 0.5358216417427143
19180.0 0.5354900689446062
19190.0 0.535158496146498
19200.0 0.5350921815868764
19210.0 0.535467964091399
19220.0 0.5358658514491287
19230.0 0.5358658514491287
19240.0 0.535689012623471
19250.0 0.5355563835042279
19260.0 0.5353353349721558
19270.0 0.534937447614426
19280.0 0.5346721893759395
19290.0 0.5348711330548044
19300.0 0.5352248107061197
19310.0 0.5353574398253629
19320.0 0.5352248107061197
19330.0 0.5348932379080116
19340.0 0.5346500845227322
19350.0 0.5346279796695251
19360.0 0.5346942942291467
19370.0 0.5346500845227322
19380.0 0.5345616651099034
19390.0 0.5345837699631107
19400.0 0.5346942942291467
19410.0 0.5348932379080116
19420.0 0.5350037621740477
19430.0 0.5348490282015972
19440.0 0.5345616651099034
19450.0 0.5343185117246241
19460.0 0.5342300923117953
19470.0 0.534296406871417
19480.0 0.5343627214310387
19490.0 0.5342521971650026
19500.0 0.5341858826053809
19510.0 0.5343627214310387
19520.0 0.5346058748163178
19530.0 0.5346721893759395
19540.0 0.5346942942291467
19550.0 0.5347385039355611
19560.0 0.5348490282015972
19570.0 0.5350037621740477
19580.0 0.5350258670272547
19590.0 0.53482692334839
19600.0 0.5347606087887683
19610.0 0.5350258670272547
19620.0 0.5353132301189485
19630.0 0.5352248107061197
19640.0 0.5350700767336692
19650.0 0.5351142864400836
19660.0 0.5352911252657414
19670.0 0.535467964091399
19680.0 0.5356005932106422
19690.0 0.5357111174766783
19700.0 0.5357332223298854
19710.0 0.5356448029170566
19720.0 0.5356226980638494
19730.0 0.5357553271830927
19740.0 0.5358658514491287
19750.0 0.5357332223298854
19760.0 0.5355563835042279
19770.0 0.5356005932106422
19780.0 0.5357332223298854
19790.0 0.5358658514491287
19800.0 0.5359321660087504
19810.0 0.535887956302336
19820.0 0.5358216417427143
19830.0 0.5356448029170566
19840.0 0.5352911252657414
19850.0 0.5345837699631107
19860.0 0.5335227370091647
19870.0 0.5320196069910745
19880.0 0.5297649119639394
19890.0 0.5263828694232366
19900.0 0.5215419065708581
19910.0 0.5149546603151103
19920.0 0.5061127190322272
19930.0 0.49457398565806476
19940.0 0.47987425827527164
19950.0 0.4617040689389469
19960.0 0.4397318448509825
19970.0 0.41391337630496394
19980.0 0.38475707492465694
19990.0 0.3529039814530707
20000.0 0.318774088101142
20010.0 0.2830305404650872
20019.999999999996 0.2467785812052666
20030.0 0.21116766268845502
20040.0 0.1771925033089768
20050.0 0.14564887778229144
20059.999999999996 0.11715572199820073
20070.0 0.09217723787405604
20080.0 0.07089026423551505
20090.0 0.05327269622937052
20099.999999999996 0.039103485323550395
20110.0 0.028028953866739346
20120.0 0.01958489994158601
20130.0 0.013351331337153443
20139.999999999996 0.008864046136090282
20150.0 0.005747261833873998
20160.0 0.003625195925982061
20170.0 0.002232590173927976
20179.999999999996 0.0013483960456396689
20190.0 0.000773669862252269
20200.0 0.0004420970641441537
20210.0 0.00024315338527928454
20219.999999999996 0.0001326291192432461
20230.0 6.631455962162305e-05
20240.0 4.420970641441537e-05
20250.0 2.2104853207207685e-05
20259.999999999996 0.0
