mejiro/data/filter_response/RomanSCA01-Grism_0thOrder.ecsv
# %ECSV 1.0
# ---
# datatype:
# - {name: wavelength, unit: Angstrom, datatype: float64}
# - {name: response, datatype: float64}
# meta:
#   __serialized_columns__:
#     wavelength:
#       __class__: astropy.units.quantity.Quantity
#       unit: !astropy.units.Unit {unit: Angstrom}
#       value: !astropy.table.SerializedColumn {name: wavelength}
#   band_name: Grism_0thOrder
#   group_name: RomanSCA01
# schema: astropy-2.0
wavelength response
[from data line 606]
16010.0 0.0006410407430090229
16020.0 0.0006410407430090229
16030.0 0.0006410407430090229
16040.000000000002 0.0006631455962162305
16050.0 0.0006631455962162305
16060.000000000002 0.0006852504494234382
16070.0 0.0006852504494234382
16080.000000000002 0.0006852504494234382
16090.0 0.0007073553026306459
16100.000000000002 0.0007073553026306459
16110.0 0.0007294601558378536
16120.000000000002 0.0007294601558378536
16130.0 0.0007515650090450613
16140.000000000002 0.0007515650090450613
16150.0 0.000773669862252269
16160.000000000002 0.000773669862252269
16170.0 0.000773669862252269
16180.000000000002 0.0007957747154594767
16190.0 0.0007957747154594767
16200.000000000002 0.0008178795686666844
16210.0 0.0008178795686666844
16220.000000000002 0.000839984421873892
16230.0 0.000839984421873892
16240.000000000002 0.0008620892750810997
16250.0 0.0008620892750810997
16259.999999999998 0.0008841941282883074
16270.0 0.0008841941282883074
16279.999999999998 0.0009062989814955152
16290.0 0.0009062989814955152
16299.999999999998 0.0009284038347027227
16310.0 0.0009284038347027227
16319.999999999998 0.0009505086879099305
16330.0 0.0009505086879099305
16339.999999999998 0.0009726135411171382
16350.0 0.0009726135411171382
16359.999999999998 0.0009947183943243459
16370.0 0.0010168232475315534
16379.999999999998 0.0010168232475315534
16390.0 0.0010389281007387612
16400.0 0.0010389281007387612
16410.0 0.0010610329539459688
16420.0 0.0010610329539459688
16430.0 0.0010831378071531766
16440.0 0.0011052426603603842
16450.0 0.0011052426603603842
16460.0 0.001127347513567592
16470.0 0.001127347513567592
16480.0 0.0011494523667747996
16490.0 0.0011715572199820074
16500.0 0.0011715572199820074
16510.0 0.0011936620731892152
16520.0 0.0011936620731892152
16530.0 0.0012157669263964225
16540.0 0.0012378717796036303
16550.0 0.0012378717796036303
16560.0 0.0012599766328108381
16570.0 0.0012820814860180457
16580.0 0.0012820814860180457
16590.0 0.0013041863392252535
16600.0 0.001326291192432461
16610.0 0.001326291192432461
16620.0 0.0013483960456396689
16630.0 0.0013705008988468765
16640.0 0.0013705008988468765
16650.0 0.0013926057520540843
16660.0 0.0014147106052612918
16670.0 0.0014147106052612918
16680.0 0.0014368154584684994
16690.0 0.0014589203116757072
16700.0 0.0014589203116757072
16710.0 0.001481025164882915
16720.0 0.0015031300180901226
16730.0 0.0015252348712973302
16740.0 0.0015252348712973302
16750.0 0.001547339724504538
16760.0 0.0015694445777117458
16770.0 0.0015694445777117458
16780.0 0.0015915494309189533
16790.0 0.0016136542841261611
16800.0 0.0016357591373333687
16810.0 0.0016578639905405763
16820.0 0.0016578639905405763
16830.0 0.001679968843747784
16840.0 0.001702073696954992
16850.0 0.0017241785501621995
16860.0 0.0017241785501621995
16870.0 0.0017462834033694073
16880.0 0.0017683882565766149
16890.0 0.0017904931097838224
16900.0 0.0018125979629910304
16910.0 0.0018125979629910304
16920.0 0.001834702816198238
16930.0 0.0018568076694054454
16940.0 0.0018789125226126534
16950.0 0.001901017375819861
16960.0 0.0019231222290270686
16970.0 0.0019452270822342764
16980.0 0.0019452270822342764
16990.0 0.001967331935441484
17000.0 0.0019894367886486917
17010.0 0.0020115416418558995
17020.0 0.002033646495063107
17030.0 0.0020557513482703147
17040.0 0.0020778562014775225
17050.0 0.0020999610546847303
17060.0 0.0021220659078919376
17070.0 0.0021441707610991454
17080.0 0.0021441707610991454
17090.0 0.0021662756143063532
17100.0 0.002188380467513561
17110.0 0.0022104853207207684
17120.0 0.002232590173927976
17130.0 0.002254695027135184
17140.0 0.002276799880342392
17150.0 0.002298904733549599
17160.0 0.002321009586756807
17170.0 0.0023431144399640147
17180.0 0.002365219293171222
17190.0 0.0023873241463784303
17200.0 0.0024094289995856377
17210.0 0.002431533852792845
17220.0 0.0024536387060000533
17230.0 0.0024757435592072607
17240.0 0.0024978484124144685
17250.0 0.0025199532656216763
17260.0 0.0025420581188288836
17270.0 0.0025641629720360914
17280.0 0.002586267825243299
17290.0 0.002608372678450507
17300.0 0.002652582384864922
17310.0 0.00267468723807213
17320.0 0.0026967920912793378
17330.0 0.0027188969444865456
17340.0 0.002741001797693753
17350.0 0.0027631066509009607
17360.0 0.0027852115041081685
17370.0 0.002807316357315376
17380.0 0.0028294212105225837
17390.0 0.0028515260637297915
17400.0 0.002873630916936999
17410.0 0.0029178406233514144
17420.0 0.0029399454765586222
17430.0 0.00296205032976583
17440.0 0.0029841551829730374
17450.0 0.003006260036180245
17460.0 0.003028364889387453
17470.0 0.003072574595801868
17480.0 0.003094679449009076
17490.0 0.0031167843022162837
17500.0 0.0031388891554234915
17510.0 0.003160994008630699
17520.0 0.0031830988618379067
17530.0 0.0032273085682523223
17540.0 0.0032494134214595296
17550.0 0.0032715182746667374
17560.0 0.0032936231278739452
17570.0 0.003337832834288361
17580.0 0.003359937687495568
17590.0 0.0033820425407027756
17600.0 0.003404147393909984
17610.0 0.003448357100324399
17620.0 0.0034704619535316063
17630.0 0.0034925668067388145
17640.0 0.0035146716599460223
17650.0 0.0035588813663604375
17660.0 0.003580986219567645
17670.0 0.0036030910727748522
17680.0 0.003625195925982061
17690.0 0.003669405632396476
17700.0 0.0036915104856036834
17710.0 0.0037136153388108908
17720.0 0.003757825045225307
17730.0 0.003779929898432514
17740.0 0.003802034751639722
17750.0 0.0038241396048469293
17760.0 0.0038683493112613454
17770.0 0.0038904541644685527
17780.0 0.003934663870882968
17790.0 0.003956768724090175
17800.0 0.0039788735772973835
17810.0 0.004023083283711799
17820.0 0.004045188136919006
17830.0 0.004067292990126214
17840.0 0.004111502696540629
17850.0 0.004133607549747838
17860.0 0.004155712402955045
17870.0 0.004199922109369461
17880.0 0.004222026962576668
17890.0 0.0042662366689910835
17900.0 0.004288341522198291
17910.0 0.0043325512286127065
17920.0 0.004354656081819914
17930.0 0.004376760935027122
17940.0 0.004420970641441537
17950.0 0.004443075494648745
17960.0 0.00448728520106316
17970.0 0.004509390054270368
17980.0 0.004553599760684784
17990.0 0.004575704613891991
18000.0 0.004619914320306406
18010.0 0.004642019173513614
18020.0 0.0046862288799280295
18030.0 0.004708333733135237
18040.0 0.004752543439549652
18050.0 0.004796753145964068
18060.0 0.004818857999171275
18070.0 0.00486306770558569
18080.0 0.004885172558792899
18090.0 0.004929382265207314
18100.0 0.004951487118414521
18110.0 0.004995696824828937
18120.0 0.0050399065312433525
18130.0 0.00506201138445056
18140.0 0.0051062210908649755
18150.0 0.005150430797279391
18160.0 0.005172535650486598
18170.0 0.005216745356901014
18180.0 0.005238850210108221
18190.0 0.005283059916522637
18200.0 0.0053272696229370526
18210.0 0.00534937447614426
18220.0 0.0053935841825586755
18230.0 0.005437793888973091
18240.0 0.005482003595387506
18250.0 0.005504108448594713
18260.0 0.00554831815500913
18270.0 0.005592527861423544
18280.0 0.005636737567837959
18290.0 0.005658842421045167
18300.0 0.005703052127459583
18310.0 0.005747261833873998
18320.0 0.005791471540288414
18330.0 0.0058135763934956215
18340.0 0.005857786099910036
18350.0 0.005901995806324453
18360.0 0.005946205512738867
18370.0 0.005990415219153283
18380.0 0.00601252007236049
18390.0 0.006056729778774906
18400.0 0.006100939485189321
18410.0 0.006145149191603736
18420.0 0.006189358898018152
18430.0 0.006211463751225359
18440.0 0.006255673457639775
18450.0 0.00629988316405419
18460.0 0.006344092870468606
18470.0 0.006388302576883021
18480.0 0.006432512283297436
18490.0 0.006476721989711852
18500.0 0.006520931696126267
18510.0 0.006543036549333475
18520.0 0.0065872462557478905
18530.0 0.006631455962162305
18540.0 0.006675665668576722
18550.0 0.006719875374991136
18560.0 0.006764085081405551
18570.0 0.006808294787819968
18580.0 0.006852504494234382
18590.0 0.006896714200648798
18600.0 0.006940923907063213
18610.0 0.006985133613477629
18620.0 0.007029343319892045
18630.0 0.007073553026306459
18640.0 0.007095657879513666
18650.0 0.007139867585928083
18660.0 0.007184077292342498
18670.0 0.0072282869987569135
18680.0 0.007272496705171328
18690.0 0.007316706411585743
18700.0 0.00736091611800016
18710.0 0.007405125824414575
18720.0 0.00744933553082899
18730.0 0.007493545237243405
18740.0 0.00753775494365782
18750.0 0.007581964650072236
18760.0 0.007626174356486652
18770.0 0.007670384062901067
18780.0 0.0077145937693154825
18790.0 0.007758803475729897
18800.0 0.007803013182144313
18810.0 0.007847222888558728
18820.0 0.007891432594973144
18830.0 0.007935642301387559
18840.0 0.007979852007801975
18850.0 0.008046166567423598
18860.0 0.008090376273838013
18870.0 0.008134585980252428
18880.0 0.008178795686666844
18890.0 0.008223005393081259
18900.0 0.008267215099495675
18910.0 0.00831142480591009
18920.0 0.008355634512324505
18930.0 0.008399844218738921
18940.0 0.00842194907194613
18950.0 0.008466158778360544
18960.0 0.00848826363156775
18970.0 0.008532473337982167
18980.0 0.008554578191189374
18990.0 0.008576683044396582
19000.0 0.008576683044396582
19010.0 0.008576683044396582
19020.0 0.008554578191189374
19030.0 0.008532473337982167
19040.0 0.00848826363156775
19050.0 0.00842194907194613
19060.0 0.008333529659117296
19070.0 0.008223005393081259
19080.0 0.008068271420630805
19090.0 0.00791353744818035
19100.0 0.0077145937693154825
19110.0 0.007493545237243405
19120.0 0.0072282869987569135
19130.0 0.006940923907063213
19140.0 0.006631455962162305
19150.0 0.00629988316405419
19160.0 0.00592410065953166
19170.0 0.00554831815500913
19180.0 0.005150430797279391
19190.0 0.004752543439549652
19200.0 0.0043325512286127065
19210.0 0.003934663870882968
19220.0 0.0035588813663604375
19230.0 0.003160994008630699
19240.0 0.002807316357315376
19250.0 0.0024536387060000533
19260.0 0.0021220659078919376
19270.0 0.0018125979629910304
19280.0 0.001547339724504538
19290.0 0.0013041863392252535
19300.0 0.0010831378071531766
19310.0 0.0009062989814955152
19320.0 0.0007294601558378536
19330.0 0.0005968310365946076
19340.0 0.00046420191735136135
19350.0 0.00037578250452253065
19360.0 0.0002873630916936999
19370.0 0.00022104853207207686
19380.0 0.00017683882565766148
19390.0 0.0001326291192432461
19400.0 8.841941282883074e-05
19410.0 6.631455962162305e-05
19420.0 4.420970641441537e-05
19430.0 4.420970641441537e-05
19440.0 2.2104853207207685e-05
19450.0 2.2104853207207685e-05
19460.0 2.2104853207207685e-05
19470.0 0.0
