mejiro/data/filter_response/RomanSCA16-F129.ecsv
# %ECSV 1.0
# ---
# datatype:
# - {name: wavelength, unit: Angstrom, datatype: float64}
# - {name: response, datatype: float64}
# meta:
#   __serialized_columns__:
#     wavelength:
#       __class__: astropy.units.quantity.Quantity
#       unit: !astropy.units.Unit {unit: Angstrom}
#       value: !astropy.table.SerializedColumn {name: wavelength}
#   band_name: F129
#   group_name: RomanSCA16
# schema: astropy-2.0
wavelength response
11120.000000000002 0.0
11130.0 2.2104853207207685e-05
11140.000000000002 0.0001326291192432461
11150.0 0.0005747261833873998
11160.000000000002 0.002033646495063107
11170.0 0.006255673457639775
11180.000000000002 0.01671126902464901
11190.0 0.038683493112613446
11200.000000000002 0.07798592211502872
11210.0 0.13784586460014714
11220.000000000002 0.21550021391706772
11230.0 0.30133335892065516
11240.000000000002 0.3820823876865848
11250.0 0.4466506639048385
11259.999999999998 0.4906172169339746
11270.0 0.5161925320947138
11279.999999999998 0.5289028226888584
11290.0 0.5342743020182097
11299.999999999998 0.5362416339536512
11310.0 0.5369047795498675
11319.999999999998 0.5371258280819395
11330.0 0.5371479329351468
11339.999999999998 0.5371479329351468
11350.0 0.5371479329351468
11359.999999999998 0.5371479329351468
11370.0 0.5371037232287323
11379.999999999998 0.5370816183755251
11390.0 0.5371479329351468
11399.999999999998 0.5372584572011828
11410.0 0.5373689814672189
11419.999999999998 0.537391086320426
11430.0 0.5373247717608044
11439.999999999998 0.5372584572011828
11450.0 0.53728056205439
11459.999999999998 0.5373468766140116
11470.0 0.5373468766140116
11480.0 0.5373247717608044
11490.0 0.5372584572011828
11500.0 0.5372142474947683
11510.0 0.5372142474947683
11520.0 0.5371700377883539
11530.0 0.5370816183755251
11540.0 0.5370153038159035
11550.0 0.537059513522318
11560.0 0.5370816183755251
11570.0 0.5369489892562819
11580.0 0.5367942552838314
11590.0 0.536750045577417
11600.0 0.5367942552838314
11610.0 0.5367721504306242
11620.0 0.5366837310177954
11630.0 0.536528997045345
11640.0 0.5363742630728945
11650.0 0.5363079485132729
11660.0 0.5362637388068585
11670.0 0.5361753193940296
11680.0 0.5361311096876151
11690.0 0.5361532145408224
11700.0 0.5361311096876151
11710.0 0.5359321660087504
11720.0 0.535689012623471
11730.0 0.5355342786510205
11740.0 0.5354458592381918
11750.0 0.5353574398253629
11760.0 0.5352690204125341
11770.0 0.535158496146498
11780.0 0.5350921815868764
11790.0 0.5351363912932908
11800.0 0.535158496146498
11810.0 0.535047971880462
11820.0 0.5349153427612188
11830.0 0.53482692334839
11840.0 0.5347606087887683
11850.0 0.5346279796695251
11860.0 0.5344290359906602
11870.0 0.5342521971650026
11880.0 0.5341416728989665
11890.0 0.534097463192552
11900.0 0.5340532534861376
11910.0 0.5338543098072728
11920.0 0.5336774709816151
11930.0 0.5336111564219935
11940.0 0.5335669467155791
11950.0 0.5333901078899214
11960.0 0.5331911642110566
11970.0 0.5331469545046422
11980.0 0.5331248496514349
11990.0 0.5329922205321918
12000.0 0.5328374865597413
12010.0 0.5327490671469124
12020.0 0.532704857440498
12030.0 0.5326164380276692
12040.0 0.5325722283212547
12050.0 0.5325722283212547
12060.0 0.5325280186148403
12070.0 0.5323953894955972
12080.0 0.5321743409635251
12090.0 0.5319975021378673
12100.0 0.5318869778718314
12110.0 0.5318869778718314
12120.0 0.531842768165417
12130.0 0.5316659293397592
12140.0 0.5314890905141015
12150.0 0.53142277595448
12160.0 0.5314448808076871
12170.0 0.5314890905141015
12180.0 0.5314448808076871
12190.0 0.5312901468352368
12200.0 0.5311354128627863
12210.0 0.5311354128627863
12220.0 0.5311575177159934
12230.0 0.5310912031563718
12240.0 0.5309806788903358
12250.0 0.5309806788903358
12260.0 0.5309806788903358
12270.0 0.5308701546242998
12280.0 0.5307817352114709
12290.000000000002 0.5307375255050565
12300.0 0.5307154206518493
12310.000000000002 0.5305827915326061
12320.0 0.5304280575601557
12330.000000000002 0.5303175332941196
12340.0 0.5302291138812907
12350.000000000002 0.5301627993216691
12360.0 0.5300743799088403
12370.000000000002 0.529941750789597
12380.0 0.5298754362299755
12390.000000000002 0.5299196459363898
12400.0 0.5298975410831827
12410.000000000002 0.529720702257525
12420.0 0.5295438634318673
12430.000000000002 0.5295880731382817
12440.0 0.5296322828446961
12450.000000000002 0.5294554440190384
12460.0 0.5292565003401736
12470.000000000002 0.5292122906337592
12480.0 0.5292343954869664
12490.000000000002 0.5292122906337592
12500.0 0.5291459760741376
12509.999999999998 0.5290354518081015
12520.0 0.5289028226888584
12529.999999999998 0.5288144032760295
12540.0 0.5287701935696151
12549.999999999998 0.5287701935696151
12560.0 0.5287480887164078
12569.999999999998 0.5286817741567863
12580.0 0.5285270401843357
12589.999999999998 0.5282838867990565
12600.0 0.5281291528266061
12609.999999999998 0.5281512576798132
12620.0 0.5281954673862277
12629.999999999998 0.5281512576798132
12640.0 0.5280628382669844
12649.999999999998 0.52801862856057
12660.0 0.5279523140009483
12669.999999999998 0.5277754751752907
12680.0 0.527598636349633
12689.999999999998 0.5275544266432186
12700.0 0.5275323217900114
12709.999999999998 0.5274881120835969
12720.0 0.5274660072303898
12730.0 0.5274881120835969
12740.0 0.5274439023771825
12750.0 0.5272228538451105
12760.0 0.5270460150194529
12770.0 0.52706811987266
12780.0 0.5272007489919033
12790.0 0.5272449586983178
12800.0 0.5271565392854889
12810.0 0.526957595606624
12820.0 0.5267807567809664
12830.0 0.5267586519277592
12840.0 0.5268028616341736
12850.0 0.5268691761937953
12860.0 0.5268912810470023
12870.0 0.5268028616341736
12880.0 0.5267144422213448
12890.0 0.5267144422213448
12900.0 0.5267365470745519
12910.0 0.5267586519277592
12920.0 0.5267365470745519
12930.0 0.5266702325149303
12940.0 0.5266481276617231
12950.0 0.5266923373681375
12960.0 0.5267144422213448
12970.0 0.5266702325149303
12980.0 0.5266260228085159
12990.0 0.5267144422213448
13000.0 0.5268249664873809
13010.0 0.5268249664873809
13020.0 0.5267807567809664
13030.0 0.5267365470745519
13040.0 0.5267365470745519
13050.0 0.5268028616341736
13060.0 0.5269133859002096
13070.0 0.5270460150194529
13080.0 0.5271344344322817
13090.0 0.5271786441386961
13100.0 0.5272891684047322
13110.0 0.5275765314964258
13120.0 0.527797580028498
13130.0 0.5277533703220836
13140.0 0.5276649509092547
13150.0 0.5276870557624619
13160.0 0.5278417897349124
13170.0 0.5279744188541556
13180.0 0.5280849431201916
13190.0 0.5281291528266061
13200.0 0.5281733625330205
13210.0 0.5282838867990565
13220.0 0.5284386207715069
13230.0 0.5285712498907502
13240.0 0.5287038790099934
13250.0 0.5287922984228223
13260.0 0.5289028226888584
13270.0 0.5290575566613088
13280.0 0.5291459760741376
13290.0 0.529190185780552
13300.0 0.5292565003401736
13310.0 0.5294554440190384
13320.0 0.5296764925511105
13330.0 0.5298533313767682
13340.0 0.5299859604960115
13350.0 0.5300301702024259
13360.0 0.5301185896152547
13370.0 0.5303175332941196
13380.0 0.5304943721197772
13390.0 0.5304943721197772
13400.0 0.5304280575601557
13410.0 0.5305164769729844
13420.0 0.5306712109454349
13430.0 0.5308701546242998
13440.0 0.5310248885967502
13450.0 0.5311796225692007
13460.0 0.5313122516884439
13470.0 0.5314448808076871
13480.0 0.5315996147801376
13490.0 0.5316880341929665
13500.0 0.5317543487525881
13510.0 0.5318206633122097
13520.0 0.5318648730186241
13530.0 0.5318869778718314
13540.000000000002 0.5319311875782458
13550.0 0.532063816697489
13560.000000000002 0.5321522361103178
13570.0 0.5321080264039034
13580.000000000002 0.5321080264039034
13590.0 0.5322406555231466
13600.000000000002 0.5323953894955972
13610.0 0.5324174943488043
13620.000000000002 0.5323511797891827
13630.0 0.5323069700827683
13640.000000000002 0.5323069700827683
13650.0 0.5323290749359755
13660.000000000002 0.5323953894955972
13670.0 0.5325280186148403
13680.000000000002 0.5326827525872908
13690.0 0.5327490671469124
13700.000000000002 0.5327490671469124
13710.0 0.5327269622937052
13720.000000000002 0.5327269622937052
13730.0 0.5327490671469124
13740.000000000002 0.5328153817065341
13750.0 0.5328816962661557
13759.999999999998 0.5329701156789844
13770.0 0.5330364302386061
13779.999999999998 0.5330364302386061
13790.0 0.5329922205321918
13799.999999999998 0.5329480108257773
13810.0 0.5329701156789844
13819.999999999998 0.5329922205321918
13830.0 0.5329701156789844
13839.999999999998 0.5328816962661557
13850.0 0.5327269622937052
13859.999999999998 0.5326385428808764
13870.0 0.5326827525872908
13879.999999999998 0.5327490671469124
13890.0 0.5327269622937052
13899.999999999998 0.5327711720001197
13910.0 0.533014325385399
13919.999999999998 0.5332132690642638
13930.0 0.5331911642110566
13939.999999999998 0.5330364302386061
13950.0 0.5329922205321918
13959.999999999998 0.5330364302386061
13970.0 0.5331911642110566
13980.0 0.5332574787706782
13990.0 0.5331469545046422
14000.0 0.5329922205321918
14010.0 0.5329038011193629
14020.0 0.5329038011193629
14030.0 0.5329922205321918
14040.0 0.5330585350918133
14050.0 0.533014325385399
14060.0 0.5329259059725701
14070.0 0.5327932768533268
14080.0 0.5326827525872908
14090.0 0.532594333174462
14100.0 0.5324617040552186
14110.0 0.5321964458167322
14120.0 0.5320196069910745
14130.0 0.5320196069910745
14140.0 0.532063816697489
14150.0 0.531953292431453
14160.0 0.5317764536057953
14170.0 0.531643824486552
14180.0 0.5316217196333448
14190.0 0.5316880341929665
14200.0 0.5317543487525881
14210.0 0.5317764536057953
14220.0 0.5318869778718314
14230.0 0.5322185506699395
14240.0 0.5326385428808764
14250.0 0.5329480108257773
14260.0 0.5331027447982278
14270.0 0.5331248496514349
14280.0 0.5331248496514349
14290.0 0.533235373917471
14300.0 0.5333680030367143
14310.0 0.533456422449543
14320.0 0.5335006321559574
14330.0 0.5335669467155791
14340.0 0.5336332612752007
14350.0 0.5337437855412368
14360.0 0.5338322049540656
14370.0 0.5338322049540656
14380.0 0.5336111564219935
14390.0 0.5328595914129485
14400.0 0.5308038400646782
14410.0 0.5258744577994708
14420.0 0.515153603993975
14430.0 0.49461819536447915
14440.0 0.46020093892085684
14450.0 0.4095808250763512
14460.0 0.34410624987660204
14470.0 0.2694581605958617
14480.0 0.19456691792984204
14490.0 0.12834077772104782
14500.0 0.0767701551886323
14510.0 0.041402390057099996
14520.0 0.020026997005730164
14530.0 0.008665102457225413
14540.0 0.003337832834288361
14550.0 0.0011494523667747996
14560.0 0.00035367765131532296
14570.0 8.841941282883074e-05
14580.0 2.2104853207207685e-05
14590.0 0.0
