mejiro/data/filter_response/RomanSCA10-F146.ecsv
# %ECSV 1.0
# ---
# datatype:
# - {name: wavelength, unit: Angstrom, datatype: float64}
# - {name: response, datatype: float64}
# meta:
#   __serialized_columns__:
#     wavelength:
#       __class__: astropy.units.quantity.Quantity
#       unit: !astropy.units.Unit {unit: Angstrom}
#       value: !astropy.table.SerializedColumn {name: wavelength}
#   band_name: F146
#   group_name: RomanSCA10
# schema: astropy-2.0
wavelength response
9170.0 0.0
9180.0 4.420970641441537e-05
9190.0 0.00019894367886486917
9200.0 0.0007515650090450613
9210.0 0.0024978484124144685
9220.0 0.007272496705171328
9230.0 0.018479657281225623
9240.0 0.04115923667182071
9250.0 0.08057218994027202
9260.0 0.1395258334438949
9270.0 0.21547810906386053
9280.0 0.29963128522370014
9290.0 0.37989400721907124
9300.0 0.4458106794829646
9310.0 0.4924961294565873
9320.0 0.5209892852406779
9330.0 0.5359542708619575
9340.0 0.5428288802093992
9350.0 0.5457467208327506
9360.0 0.5469845926123542
9370.0 0.5476256333553632
9380.0 0.5480677304195074
9390.0 0.5485098274836515
9400.0 0.5488635051349668
9410.0 0.5491287633734533
9420.0 0.5493940216119397
9430.0 0.5497919089696696
9440.0 0.5501676914741921
9450.0 0.5503887400062641
9460.0 0.5506097885383362
9470.0 0.5509855710428587
9480.0 0.5513834584005886
9490.0 0.551648716639075
9500.0 0.5519360797307687
9510.0 0.5523560719417057
9520.0 0.5527760641526426
9530.0 0.5530413223911291
9540.0 0.553240266069994
9550.0 0.553461314602066
9560.0 0.5537486776937598
9570.0 0.5540802504918679
9580.0 0.5543676135835615
9590.0 0.5545665572624264
9600.0 0.5547655009412913
9610.0 0.5550307591797777
9620.0 0.5553181222714715
9630.0 0.5555391708035435
9640.0 0.5557381144824084
9650.0 0.5559370581612734
9660.0 0.5561138969869309
9670.0 0.5562023163997598
9680.0 0.556334945519003
9690.0 0.5566223086106967
9700.0 0.5569096717023905
9710.0 0.5570423008216336
9720.0 0.5571528250876697
9730.0 0.557395978472949
9740.0 0.5576391318582282
9750.0 0.5577717609774715
9760.0 0.5579043900967148
9770.0 0.558147543481994
9780.0 0.5583906968672734
9790.0 0.5584349065736878
9800.0 0.5584791162801022
9810.0 0.5586559551057598
9820.0 0.5588327939314175
9830.0 0.558877003637832
9840.0 0.5589212133442464
9850.0 0.5590759473166967
9860.0 0.5592969958487688
9870.0 0.5594738346744266
9880.0 0.5595401492340482
9890.0 0.5594517298212193
9900.0 0.5593854152615977
9910.0 0.5595622540872554
9920.0 0.559739092912913
9930.0 0.5597833026193274
9940.0 0.5597611977661203
9950.0 0.5598275123257418
9960.0 0.5599159317385707
9970.0 0.5599601414449851
9980.0 0.5600264560046068
9990.0 0.5602032948302643
10000.0 0.560380133655922
10009.999999999998 0.5604685530687509
10020.0 0.5604906579219581
10029.999999999998 0.5604685530687509
10040.0 0.5604464482155437
10049.999999999998 0.5604464482155437
10060.0 0.5605127627751653
10069.999999999998 0.560579077334787
10080.0 0.560601182187994
10089.999999999998 0.560579077334787
10100.0 0.5605569724815797
10109.999999999998 0.5606453918944085
10120.0 0.5607559161604445
10129.999999999998 0.560800125866859
10140.0 0.5607559161604445
10149.999999999998 0.5606674967476157
10160.0 0.560601182187994
10169.999999999998 0.5606453918944085
10180.0 0.5607117064540301
10189.999999999998 0.5607338113072374
10200.0 0.5607338113072374
10209.999999999998 0.5607117064540301
10220.0 0.560689601600823
10230.0 0.5607117064540301
10240.0 0.5607117064540301
10250.0 0.5606674967476157
10260.0 0.560579077334787
10270.0 0.5604906579219581
10280.0 0.5604464482155437
10290.0 0.5604906579219581
10300.0 0.5605348676283725
10310.0 0.5604464482155437
10320.0 0.5603138190963004
10330.0 0.560269609389886
10340.0 0.560269609389886
10350.0 0.5602253996834716
10360.0 0.5601590851238499
10370.0 0.5600927705642283
10380.0 0.5599822462981923
10390.0 0.5598938268853635
10400.0 0.5597611977661203
10410.0 0.5596064637936697
10420.0 0.5595401492340482
10430.0 0.5595622540872554
10440.0 0.559518044380841
10450.0 0.5592969958487688
10460.0 0.5590538424634895
10470.0 0.5589433181974536
10480.0 0.5589433181974536
10490.0 0.5589654230506608
10500.0 0.5588991084910391
10510.0 0.558678059958967
10520.0 0.5584349065736878
10530.0 0.5583243823076517
10540.0 0.5583022774544445
10550.0 0.5582580677480301
10560.0 0.5581917531884084
10570.0 0.5580812289223724
10580.0 0.5578822852435076
10590.0 0.5575728172986067
10600.0 0.557285454206913
10610.0 0.5571749299408769
10620.0 0.5571307202344625
10630.0 0.5570201959684264
10640.0 0.5568433571427688
10650.0 0.556555994051075
10660.0 0.5562907358125886
10670.0 0.5561138969869309
10680.0 0.5559591630144805
10690.0 0.5557602193356157
10700.0 0.5555612756567507
10710.0 0.5554286465375076
10720.0 0.5552960174182643
10730.0 0.555163388299021
10740.0 0.5550307591797777
10750.0 0.554942339766949
10760.0 0.5548318155009129
10770.0 0.5546107669688408
10780.0 0.5543234038771471
10790.0 0.5540802504918679
10800.0 0.5539255165194173
10810.0 0.553881306813003
10820.0 0.5537928874001742
10830.0 0.5535276291616877
10840.0 0.5532844757764084
10850.0 0.5531960563635796
10860.0 0.5531297418039579
10870.0 0.5529086932718859
10880.0 0.5526434350333994
10890.0 0.5524665962077416
10900.0 0.5523339670884985
10910.0 0.552179233116048
10920.0 0.5520023942903903
10930.0 0.5517813457583183
10940.0 0.5515824020794533
10950.0 0.5514497729602101
10960.0 0.5512729341345525
10970.0 0.5510739904556876
10980.0 0.5510739904556876
10990.0 0.5514497729602101
11000.0 0.5518034506115255
11010.0 0.5517592409051111
11020.0 0.5515160875198318
11030.0 0.5514055632537957
11040.000000000002 0.5513613535473812
11050.0 0.5513171438409669
11060.000000000002 0.5512950389877598
11070.0 0.5512729341345525
11080.000000000002 0.5512066195749308
11090.0 0.551007675896066
11100.000000000002 0.5508308370704083
11110.0 0.5508529419236156
11120.000000000002 0.55089715163003
11130.0 0.5508308370704083
11140.000000000002 0.5507866273639939
11150.0 0.5508529419236156
11160.000000000002 0.5508529419236156
11170.0 0.5506539982447506
11180.000000000002 0.550477159419093
11190.0 0.5504992642723002
11200.000000000002 0.5505655788319218
11210.0 0.5504992642723002
11220.000000000002 0.5503887400062641
11230.0 0.5504108448594714
11240.000000000002 0.5503887400062641
11250.0 0.5501897963273993
11259.999999999998 0.5499466429421199
11270.0 0.549836118676084
11279.999999999998 0.5497919089696696
11290.0 0.5497698041164624
11299.999999999998 0.5497476992632552
11310.0 0.5497476992632552
11319.999999999998 0.5497476992632552
11330.0 0.5496813847036335
11339.999999999998 0.5495929652908047
11350.0 0.5495266507311831
11359.999999999998 0.5494603361715614
11370.0 0.5493498119055253
11379.999999999998 0.5492613924926966
11390.0 0.5492613924926966
11399.999999999998 0.5493277070523183
11410.0 0.5493719167587326
11419.999999999998 0.5493277070523183
11430.0 0.5492171827862822
11439.999999999998 0.5490845536670389
11450.0 0.5490845536670389
11459.999999999998 0.5491066585202462
11470.0 0.5490624488138317
11480.0 0.5489961342542101
11490.0 0.5489077148413812
11500.0 0.5488414002817597
11510.0 0.5487971905753452
11520.0 0.5487308760157236
11530.0 0.5486203517496876
11540.0 0.5485319323368587
11550.0 0.5485761420432731
11560.0 0.5485982468964803
11570.0 0.548465617777237
11580.0 0.5482887789515795
11590.0 0.5482666740983723
11600.0 0.5483108838047867
11610.0 0.5482887789515795
11620.0 0.5482224643919579
11630.0 0.5480677304195074
11640.0 0.5479351013002641
11650.0 0.5478908915938497
11660.0 0.5478687867406424
11670.0 0.5478024721810208
11680.0 0.5477803673278137
11690.0 0.547824577034228
11700.0 0.547824577034228
11710.0 0.5476698430617776
11720.0 0.5474487945297055
11730.0 0.5473161654104622
11740.0 0.5472719557040479
11750.0 0.5472277459976335
11760.0 0.5471614314380118
11770.0 0.5470951168783902
11780.0 0.547073012025183
11790.0 0.5471614314380118
11800.0 0.5472056411444262
11810.0 0.5471393265848047
11820.0 0.5470509071719758
11830.0 0.5470066974655614
11840.0 0.5469845926123542
11850.0 0.5468740683463181
11860.0 0.5467414392270749
11870.0 0.5465867052546245
11880.0 0.5464982858417956
11890.0 0.5465203906950028
11900.0 0.5464982858417956
11910.0 0.5463435518693451
11920.0 0.5461888178968947
11930.0 0.5461888178968947
11940.0 0.5461667130436875
11950.0 0.546011979071237
11960.0 0.5458572450987865
11970.0 0.5458351402455794
11980.0 0.5458572450987865
11990.0 0.5457467208327506
12000.0 0.5455919868603001
12010.0 0.5455256723006785
12020.0 0.5455035674474713
12030.0 0.5454593577410568
12040.0 0.5454151480346424
12050.0 0.5454372528878496
12060.0 0.5454151480346424
12070.0 0.5452825189153993
12080.0 0.5450835752365343
12090.0 0.5449067364108767
12100.0 0.5447962121448406
12110.0 0.5447962121448406
12120.0 0.5447741072916334
12130.0 0.5445972684659757
12140.0 0.544420429640318
12150.0 0.5443541150806965
12160.0 0.5443762199339036
12170.0 0.544420429640318
12180.0 0.5443762199339036
12190.0 0.544199381108246
12200.0 0.5440446471357955
12210.0 0.5440667519890028
12220.0 0.54408885684221
12230.0 0.5440004374293811
12240.0 0.5438899131633451
12250.0 0.5438899131633451
12260.0 0.5438899131633451
12270.0 0.543779388897309
12280.0 0.543668864631273
12290.000000000002 0.5436246549248586
12300.0 0.5436025500716514
12310.000000000002 0.5434699209524082
12320.0 0.5433151869799577
12330.000000000002 0.5431825578607145
12340.0 0.5430941384478857
12350.000000000002 0.543027823888264
12360.0 0.5429394044754352
12370.000000000002 0.5428067753561919
12380.0 0.5427404607965702
12390.000000000002 0.5427625656497775
12400.0 0.5427625656497775
12410.000000000002 0.5425636219709126
12420.0 0.542386783145255
12430.000000000002 0.5424309928516694
12440.0 0.5424752025580838
12450.000000000002 0.5423204685856333
12460.0 0.5421215249067685
12470.000000000002 0.5420773152003541
12480.0 0.5421215249067685
12490.000000000002 0.5420994200535613
12500.0 0.5420552103471469
12509.999999999998 0.5419446860811109
12520.0 0.5418341618150748
12529.999999999998 0.5417678472554531
12540.0 0.5417236375490387
12549.999999999998 0.5417457424022459
12560.0 0.5417457424022459
12569.999999999998 0.5417015326958315
12580.0 0.5415689035765884
12589.999999999998 0.5413478550445162
12600.0 0.5412152259252729
12609.999999999998 0.5412594356316873
12620.0 0.5413478550445162
12629.999999999998 0.541325750191309
12640.0 0.5412594356316873
12649.999999999998 0.5412373307784802
12660.0 0.5412152259252729
12669.999999999998 0.5410604919528226
12680.0 0.5409057579803721
12689.999999999998 0.5408836531271648
12700.0 0.5409057579803721
12709.999999999998 0.5408836531271648
12720.0 0.5409057579803721
12730.0 0.5409499676867865
12740.0 0.5409278628335792
12750.0 0.5407510240079216
12760.0 0.5405962900354712
12770.0 0.5406404997418857
12780.0 0.540795233714336
12790.0 0.5408615482739577
12800.0 0.5408173385675432
12810.0 0.5406404997418857
12820.0 0.5404857657694351
12830.0 0.5404857657694351
12840.0 0.540574185182264
12850.0 0.5406626045950927
12860.0 0.5406847094483
12870.0 0.5406404997418857
12880.0 0.540574185182264
12890.0 0.5405962900354712
12900.0 0.5406404997418857
12910.0 0.5406626045950927
12920.0 0.5406626045950927
12930.0 0.5406183948886784
12940.0 0.5405962900354712
12950.0 0.5406626045950927
12960.0 0.5407068143015071
12970.0 0.5406404997418857
12980.0 0.5406183948886784
12990.0 0.5407068143015071
13000.0 0.5408173385675432
13010.0 0.5408394434207504
13020.0 0.5407731288611288
13030.0 0.5407289191547144
13040.0 0.5407289191547144
13050.0 0.540795233714336
13060.0 0.5409057579803721
13070.0 0.5410162822464081
13080.0 0.541104701659237
13090.0 0.5411268065124442
13100.0 0.5412373307784802
13110.0 0.5415025890169667
13120.0 0.5417015326958315
13130.0 0.5416352181362099
13140.0 0.5415246938701739
13150.0 0.5415246938701739
13160.0 0.5416352181362099
13170.0 0.5417678472554531
13180.0 0.5418562666682819
13190.0 0.5418562666682819
13200.0 0.5418783715214892
13210.0 0.5419446860811109
13220.0 0.5420773152003541
13230.0 0.542165734613183
13240.0 0.5422541540260117
13250.0 0.5423204685856333
13260.0 0.5424088879984622
13270.0 0.5424973074112911
13280.0 0.5425636219709126
13290.0 0.5425636219709126
13300.0 0.5425857268241199
13310.0 0.5427404607965702
13320.0 0.542917299622228
13330.0 0.5430720335946784
13340.0 0.5431383481543001
13350.0 0.5431383481543001
13360.0 0.5431825578607145
13370.0 0.5433372918331649
13380.0 0.5434699209524082
13390.0 0.5434036063927865
13400.0 0.5432930821267505
13410.0 0.5433151869799577
13420.0 0.5434257112459938
13430.0 0.543558340365237
13440.0 0.5436909694844803
13450.0 0.543779388897309
13460.0 0.5438457034569307
13470.0 0.5439562277229667
13480.0 0.5440446471357955
13490.0 0.54408885684221
13500.0 0.54408885684221
13510.0 0.54408885684221
13520.0 0.54408885684221
13530.0 0.5440446471357955
13540.000000000002 0.5440225422825884
13550.0 0.54408885684221
13560.000000000002 0.5441330665486244
13570.0 0.5440446471357955
13580.000000000002 0.543978332576174
13590.0 0.5440667519890028
13600.000000000002 0.5441551714018316
13610.0 0.5441109616954172
13620.000000000002 0.543978332576174
13630.0 0.5438899131633451
13640.000000000002 0.5438235986037234
13650.0 0.543757284044102
13660.000000000002 0.543779388897309
13670.0 0.5438678083101379
13680.000000000002 0.5439562277229667
13690.0 0.5439562277229667
13700.000000000002 0.5439120180165523
13710.0 0.5438235986037234
13720.000000000002 0.543757284044102
13730.0 0.5437351791908946
13740.000000000002 0.5437130743376875
13750.0 0.5437351791908946
13759.999999999998 0.543757284044102
13770.0 0.543757284044102
13779.999999999998 0.5437130743376875
13790.0 0.5436025500716514
13799.999999999998 0.5434920258056153
13810.0 0.5434478160992009
13819.999999999998 0.5434036063927865
13830.0 0.5433151869799577
13839.999999999998 0.5431825578607145
13850.0 0.5429615093286424
13859.999999999998 0.5428067753561919
13870.0 0.5427846705029846
13879.999999999998 0.5427846705029846
13890.0 0.5427183559433632
13899.999999999998 0.5426962510901558
13910.0 0.5428730899158136
13919.999999999998 0.543027823888264
13930.0 0.542917299622228
13939.999999999998 0.5427404607965702
13950.0 0.5426078316773271
13959.999999999998 0.5426078316773271
13970.0 0.5426962510901558
13980.0 0.5427183559433632
13990.0 0.5425415171177055
14000.0 0.5423204685856333
14010.0 0.542165734613183
14020.0 0.5421215249067685
14030.0 0.5421436297599757
14040.0 0.5421436297599757
14050.0 0.5420552103471469
14060.0 0.5419004763746964
14070.0 0.5417236375490387
14080.0 0.5415467987233811
14090.0 0.5413920647509306
14100.0 0.5411931210720657
14110.0 0.5408836531271648
14120.0 0.5406404997418857
14130.0 0.5405962900354712
14140.0 0.540574185182264
14150.0 0.5404194512098135
14160.0 0.5401984026777414
14170.0 0.5400215638520838
14180.0 0.539933144439255
14190.0 0.5399552492924621
14200.0 0.5399773541456694
14210.0 0.5399552492924621
14220.0 0.540043668705291
14230.0 0.5403310317969846
14240.0 0.5407068143015071
14250.0 0.5409941773932009
14260.0 0.541104701659237
14270.0 0.5410825968060298
14280.0 0.5410604919528226
14290.0 0.5411268065124442
14300.0 0.5412373307784802
14310.0 0.5413036453381018
14320.0 0.541325750191309
14330.0 0.5413478550445162
14340.0 0.5414141696041378
14350.0 0.5414804841637595
14360.0 0.5415689035765884
14370.0 0.5416352181362099
14380.0 0.5416352181362099
14390.0 0.5415910084297955
14400.0 0.5415910084297955
14410.0 0.5417236375490387
14420.0 0.5418783715214892
14430.0 0.541966790934318
14440.0 0.5419888957875253
14450.0 0.541966790934318
14460.0 0.5419446860811109
14470.0 0.5419888957875253
14480.0 0.5420773152003541
14490.0 0.5422099443195973
14500.0 0.542386783145255
14510.0 0.5425415171177055
14520.0 0.5426299365305343
14530.0 0.5426299365305343
14540.0 0.5426520413837415
14550.0 0.5427625656497775
14560.0 0.542917299622228
14570.0 0.5430057190350568
14580.0 0.5431162433010928
14590.0 0.5432709772735432
14600.0 0.5434478160992009
14610.0 0.5435362355120298
14620.0 0.5436025500716514
14630.0 0.5437351791908946
14640.0 0.5438678083101379
14650.0 0.5439120180165523
14660.0 0.5440004374293811
14670.0 0.5441551714018316
14680.0 0.5443762199339036
14690.0 0.5445751636127686
14700.0 0.5446856878788047
14710.0 0.5447077927320118
14720.0 0.5447741072916334
14730.0 0.5449730509704982
14740.0 0.5452162043557776
14750.0 0.545370938328228
14760.0 0.545481462594264
14770.0 0.5456361965667145
14780.0 0.5457909305391649
14790.000000000002 0.5459456645116154
14800.0 0.5461225033372731
14810.000000000002 0.5463435518693451
14820.0 0.5465203906950028
