mejiro/data/filter_response/RomanSCA18-Grism_0thOrder.ecsv
# %ECSV 1.0
# ---
# datatype:
# - {name: wavelength, unit: Angstrom, datatype: float64}
# - {name: response, datatype: float64}
# meta:
#   __serialized_columns__:
#     wavelength:
#       __class__: astropy.units.quantity.Quantity
#       unit: !astropy.units.Unit {unit: Angstrom}
#       value: !astropy.table.SerializedColumn {name: wavelength}
#   band_name: Grism_0thOrder
#   group_name: RomanSCA18
# schema: astropy-2.0
wavelength response
9890.0 0.0
9900.0 2.2104853207207685e-05
9910.0 4.420970641441537e-05
9920.0 0.00011052426603603843
9930.0 0.00022104853207207686
9940.0 0.00035367765131532296
9950.0 0.0005084116237657767
9960.0 0.0006410407430090229
9970.0 0.0007515650090450613
9980.0 0.000839984421873892
9990.0 0.0008841941282883074
10000.0 0.0008841941282883074
10009.999999999998 0.0009062989814955152
10020.0 0.0008841941282883074
10029.999999999998 0.0008841941282883074
10040.0 0.0008841941282883074
10049.999999999998 0.0008841941282883074
10060.0 0.0008841941282883074
10069.999999999998 0.0008620892750810997
10080.0 0.0008620892750810997
10089.999999999998 0.0008620892750810997
10100.0 0.0008620892750810997
10109.999999999998 0.000839984421873892
10120.0 0.000839984421873892
10129.999999999998 0.000839984421873892
10140.0 0.000839984421873892
10149.999999999998 0.000839984421873892
10160.0 0.0008178795686666844
10169.999999999998 0.0008178795686666844
10180.0 0.0008178795686666844
10189.999999999998 0.0008178795686666844
10200.0 0.0007957747154594767
10209.999999999998 0.0007957747154594767
10220.0 0.0007957747154594767
10230.0 0.0007957747154594767
10240.0 0.000773669862252269
10250.0 0.000773669862252269
10260.0 0.000773669862252269
10270.0 0.000773669862252269
10280.0 0.0007515650090450613
10290.0 0.0007515650090450613
10300.0 0.0007515650090450613
10310.0 0.0007515650090450613
10320.0 0.0007294601558378536
10330.0 0.0007294601558378536
10340.0 0.0007294601558378536
10350.0 0.0007294601558378536
10360.0 0.0007073553026306459
10370.0 0.0007073553026306459
10380.0 0.0007073553026306459
10390.0 0.0006852504494234382
10400.0 0.0006852504494234382
10410.0 0.0006852504494234382
10420.0 0.0006852504494234382
10430.0 0.0006631455962162305
10440.0 0.0006631455962162305
10450.0 0.0006631455962162305
10460.0 0.0006631455962162305
10470.0 0.0006410407430090229
10480.0 0.0006410407430090229
10490.0 0.0006410407430090229
10500.0 0.0006410407430090229
10510.0 0.0006189358898018152
10520.0 0.0006189358898018152
10530.0 0.0006189358898018152
10540.0 0.0005968310365946076
10550.0 0.0005968310365946076
10560.0 0.0005968310365946076
10570.0 0.0005968310365946076
10580.0 0.0005747261833873998
10590.0 0.0005747261833873998
10600.0 0.0005747261833873998
10610.0 0.0005747261833873998
10620.0 0.0005526213301801921
10630.0 0.0005526213301801921
10640.0 0.0005526213301801921
10650.0 0.0005305164769729844
10660.0 0.0005305164769729844
10670.0 0.0005305164769729844
10680.0 0.0005305164769729844
10690.0 0.0005084116237657767
10700.0 0.0005084116237657767
10710.0 0.0005084116237657767
10720.0 0.0005084116237657767
10730.0 0.0004863067705585691
10740.0 0.0004863067705585691
10750.0 0.0004863067705585691
10760.0 0.0004863067705585691
10770.0 0.00046420191735136135
10780.0 0.00046420191735136135
10790.0 0.00046420191735136135
10800.0 0.00046420191735136135
10810.0 0.0004420970641441537
10820.0 0.0004420970641441537
10830.0 0.0004420970641441537
10840.0 0.0004420970641441537
10850.0 0.000419992210936946
10860.0 0.000419992210936946
10870.0 0.000419992210936946
10880.0 0.000419992210936946
10890.0 0.00039788735772973834
10900.0 0.00039788735772973834
10910.0 0.00039788735772973834
10920.0 0.00039788735772973834
10930.0 0.00037578250452253065
10940.0 0.00037578250452253065
10950.0 0.00037578250452253065
10960.0 0.00037578250452253065
10970.0 0.00035367765131532296
10980.0 0.00035367765131532296
10990.0 0.00035367765131532296
11000.0 0.00035367765131532296
11010.0 0.00035367765131532296
11020.0 0.00033157279810811527
11030.0 0.00033157279810811527
11040.000000000002 0.00033157279810811527
11050.0 0.00033157279810811527
11060.000000000002 0.00033157279810811527
11070.0 0.0003094679449009076
11080.000000000002 0.0003094679449009076
11090.0 0.0003094679449009076
11100.000000000002 0.0003094679449009076
11110.0 0.0002873630916936999
11120.000000000002 0.0002873630916936999
11130.0 0.0002873630916936999
11140.000000000002 0.0002873630916936999
11150.0 0.0002873630916936999
11160.000000000002 0.0002873630916936999
11170.0 0.0002652582384864922
11180.000000000002 0.0002652582384864922
11190.0 0.0002652582384864922
11200.000000000002 0.0002652582384864922
11210.0 0.0002652582384864922
11220.000000000002 0.00024315338527928454
11230.0 0.00024315338527928454
11240.000000000002 0.00024315338527928454
11250.0 0.00024315338527928454
11259.999999999998 0.00024315338527928454
11270.0 0.00022104853207207686
11279.999999999998 0.00022104853207207686
11290.0 0.00022104853207207686
11299.999999999998 0.00022104853207207686
11310.0 0.00022104853207207686
11319.999999999998 0.00022104853207207686
11330.0 0.00019894367886486917
11339.999999999998 0.00019894367886486917
11350.0 0.00019894367886486917
11359.999999999998 0.00019894367886486917
11370.0 0.00019894367886486917
11379.999999999998 0.00019894367886486917
11390.0 0.00017683882565766148
11399.999999999998 0.00017683882565766148
11410.0 0.00017683882565766148
11419.999999999998 0.00017683882565766148
11430.0 0.00017683882565766148
11439.999999999998 0.00017683882565766148
11450.0 0.00017683882565766148
11459.999999999998 0.0001547339724504538
11470.0 0.0001547339724504538
11480.0 0.0001547339724504538
11490.0 0.0001547339724504538
11500.0 0.0001547339724504538
11510.0 0.0001547339724504538
11520.0 0.0001547339724504538
11530.0 0.0001326291192432461
11540.0 0.0001326291192432461
11550.0 0.0001326291192432461
11560.0 0.0001326291192432461
11570.0 0.0001326291192432461
11580.0 0.0001326291192432461
11590.0 0.0001326291192432461
11600.0 0.0001326291192432461
11610.0 0.00011052426603603843
11620.0 0.00011052426603603843
11630.0 0.00011052426603603843
11640.0 0.00011052426603603843
11650.0 0.00011052426603603843
11660.0 0.00011052426603603843
11670.0 0.00011052426603603843
11680.0 0.00011052426603603843
11690.0 0.00011052426603603843
11700.0 8.841941282883074e-05
11710.0 8.841941282883074e-05
11720.0 8.841941282883074e-05
11730.0 8.841941282883074e-05
11740.0 8.841941282883074e-05
11750.0 8.841941282883074e-05
11760.0 8.841941282883074e-05
11770.0 8.841941282883074e-05
11780.0 8.841941282883074e-05
11790.0 8.841941282883074e-05
11800.0 8.841941282883074e-05
11810.0 6.631455962162305e-05
11820.0 6.631455962162305e-05
11830.0 6.631455962162305e-05
11840.0 6.631455962162305e-05
11850.0 6.631455962162305e-05
11860.0 6.631455962162305e-05
11870.0 6.631455962162305e-05
11880.0 6.631455962162305e-05
11890.0 6.631455962162305e-05
11900.0 6.631455962162305e-05
11910.0 6.631455962162305e-05
11920.0 6.631455962162305e-05
11930.0 6.631455962162305e-05
11940.0 4.420970641441537e-05
11950.0 4.420970641441537e-05
11960.0 4.420970641441537e-05
11970.0 4.420970641441537e-05
11980.0 4.420970641441537e-05
11990.0 4.420970641441537e-05
12000.0 4.420970641441537e-05
12010.0 4.420970641441537e-05
12020.0 4.420970641441537e-05
12030.0 4.420970641441537e-05
12040.0 4.420970641441537e-05
12050.0 4.420970641441537e-05
12060.0 4.420970641441537e-05
12070.0 4.420970641441537e-05
12080.0 4.420970641441537e-05
12090.0 4.420970641441537e-05
12100.0 4.420970641441537e-05
12110.0 2.2104853207207685e-05
12120.0 2.2104853207207685e-05
12130.0 2.2104853207207685e-05
12140.0 2.2104853207207685e-05
12150.0 2.2104853207207685e-05
12160.0 2.2104853207207685e-05
12170.0 2.2104853207207685e-05
12180.0 2.2104853207207685e-05
12190.0 2.2104853207207685e-05
12200.0 2.2104853207207685e-05
12210.0 2.2104853207207685e-05
12220.0 2.2104853207207685e-05
12230.0 2.2104853207207685e-05
12240.0 2.2104853207207685e-05
12250.0 2.2104853207207685e-05
12260.0 2.2104853207207685e-05
12270.0 2.2104853207207685e-05
12280.0 2.2104853207207685e-05
12290.000000000002 2.2104853207207685e-05
12300.0 2.2104853207207685e-05
12310.000000000002 2.2104853207207685e-05
12320.0 2.2104853207207685e-05
12330.000000000002 2.2104853207207685e-05
12340.0 2.2104853207207685e-05
12350.000000000002 2.2104853207207685e-05
12360.0 2.2104853207207685e-05
12370.000000000002 2.2104853207207685e-05
12380.0 2.2104853207207685e-05
12390.000000000002 2.2104853207207685e-05
12400.0 2.2104853207207685e-05
12410.000000000002 0.0
12420.0 0.0
12430.000000000002 0.0
12440.0 0.0
12450.000000000002 0.0
12460.0 0.0
12470.000000000002 0.0
12480.0 0.0
12490.000000000002 0.0
12500.0 0.0
12509.999999999998 0.0
12520.0 0.0
12529.999999999998 0.0
12540.0 0.0
12549.999999999998 0.0
12560.0 0.0
12569.999999999998 0.0
12580.0 0.0
12589.999999999998 0.0
12600.0 0.0
12609.999999999998 0.0
12620.0 0.0
12629.999999999998 0.0
12640.0 0.0
12649.999999999998 0.0
12660.0 0.0
12669.999999999998 0.0
12680.0 0.0
12689.999999999998 0.0
12700.0 0.0
12709.999999999998 0.0
12720.0 0.0
12730.0 0.0
12740.0 0.0
12750.0 0.0
12760.0 0.0
12770.0 0.0
12780.0 0.0
12790.0 0.0
12800.0 0.0
12810.0 0.0
12820.0 0.0
12830.0 0.0
12840.0 0.0
12850.0 0.0
12860.0 0.0
12870.0 0.0
12880.0 0.0
12890.0 0.0
12900.0 0.0
12910.0 0.0
12920.0 0.0
12930.0 0.0
12940.0 0.0
12950.0 0.0
12960.0 0.0
12970.0 0.0
12980.0 0.0
12990.0 0.0
13000.0 0.0
13010.0 0.0
13020.0 0.0
13030.0 0.0
13040.0 0.0
13050.0 0.0
13060.0 0.0
13070.0 0.0
13080.0 0.0
13090.0 0.0
13100.0 0.0
13110.0 0.0
13120.0 0.0
13130.0 0.0
13140.0 0.0
13150.0 0.0
13160.0 0.0
13170.0 0.0
13180.0 0.0
13190.0 0.0
13200.0 0.0
13210.0 0.0
13220.0 0.0
13230.0 0.0
13240.0 0.0
13250.0 0.0
13260.0 0.0
13270.0 0.0
13280.0 0.0
13290.0 0.0
13300.0 0.0
13310.0 0.0
13320.0 0.0
13330.0 0.0
13340.0 0.0
13350.0 0.0
13360.0 0.0
13370.0 0.0
13380.0 0.0
13390.0 0.0
13400.0 0.0
13410.0 0.0
13420.0 0.0
13430.0 0.0
13440.0 0.0
13450.0 0.0
13460.0 0.0
13470.0 0.0
13480.0 0.0
13490.0 0.0
13500.0 0.0
13510.0 0.0
13520.0 0.0
13530.0 0.0
13540.000000000002 0.0
13550.0 0.0
13560.000000000002 0.0
13570.0 0.0
13580.000000000002 0.0
13590.0 0.0
13600.000000000002 0.0
13610.0 0.0
13620.000000000002 0.0
13630.0 0.0
13640.000000000002 0.0
13650.0 0.0
13660.000000000002 0.0
13670.0 0.0
13680.000000000002 0.0
13690.0 0.0
13700.000000000002 0.0
13710.0 0.0
13720.000000000002 0.0
13730.0 0.0
13740.000000000002 0.0
13750.0 0.0
13759.999999999998 0.0
13770.0 0.0
13779.999999999998 0.0
13790.0 0.0
13799.999999999998 0.0
13810.0 0.0
13819.999999999998 0.0
13830.0 0.0
13839.999999999998 0.0
13850.0 0.0
13859.999999999998 0.0
13870.0 0.0
13879.999999999998 0.0
13890.0 0.0
13899.999999999998 0.0
13910.0 0.0
13919.999999999998 0.0
13930.0 0.0
13939.999999999998 0.0
13950.0 0.0
13959.999999999998 0.0
13970.0 0.0
13980.0 0.0
13990.0 0.0
14000.0 0.0
14010.0 0.0
14020.0 0.0
14030.0 0.0
14040.0 0.0
14050.0 0.0
14060.0 0.0
14070.0 0.0
14080.0 0.0
14090.0 0.0
14100.0 0.0
14110.0 0.0
14120.0 0.0
14130.0 0.0
14140.0 0.0
14150.0 0.0
14160.0 0.0
14170.0 0.0
14180.0 0.0
14190.0 0.0
14200.0 0.0
14210.0 0.0
14220.0 0.0
14230.0 0.0
14240.0 0.0
14250.0 2.2104853207207685e-05
14260.0 2.2104853207207685e-05
14270.0 2.2104853207207685e-05
14280.0 2.2104853207207685e-05
14290.0 2.2104853207207685e-05
14300.0 2.2104853207207685e-05
14310.0 2.2104853207207685e-05
14320.0 2.2104853207207685e-05
14330.0 2.2104853207207685e-05
14340.0 2.2104853207207685e-05
14350.0 2.2104853207207685e-05
14360.0 2.2104853207207685e-05
14370.0 2.2104853207207685e-05
14380.0 2.2104853207207685e-05
14390.0 2.2104853207207685e-05
14400.0 2.2104853207207685e-05
14410.0 2.2104853207207685e-05
14420.0 2.2104853207207685e-05
14430.0 2.2104853207207685e-05
14440.0 2.2104853207207685e-05
14450.0 2.2104853207207685e-05
14460.0 2.2104853207207685e-05
14470.0 2.2104853207207685e-05
14480.0 2.2104853207207685e-05
14490.0 2.2104853207207685e-05
14500.0 2.2104853207207685e-05
14510.0 2.2104853207207685e-05
14520.0 2.2104853207207685e-05
14530.0 2.2104853207207685e-05
14540.0 4.420970641441537e-05
14550.0 4.420970641441537e-05
14560.0 4.420970641441537e-05
14570.0 4.420970641441537e-05
14580.0 4.420970641441537e-05
14590.0 4.420970641441537e-05
14600.0 4.420970641441537e-05
14610.0 4.420970641441537e-05
14620.0 4.420970641441537e-05
14630.0 4.420970641441537e-05
14640.0 4.420970641441537e-05
14650.0 4.420970641441537e-05
14660.0 4.420970641441537e-05
14670.0 4.420970641441537e-05
14680.0 4.420970641441537e-05
14690.0 4.420970641441537e-05
14700.0 4.420970641441537e-05
14710.0 6.631455962162305e-05
14720.0 6.631455962162305e-05
14730.0 6.631455962162305e-05
14740.0 6.631455962162305e-05
14750.0 6.631455962162305e-05
14760.0 6.631455962162305e-05
14770.0 6.631455962162305e-05
14780.0 6.631455962162305e-05
14790.000000000002 6.631455962162305e-05
14800.0 6.631455962162305e-05
14810.000000000002 6.631455962162305e-05
14820.0 6.631455962162305e-05
14830.000000000002 6.631455962162305e-05
14840.0 8.841941282883074e-05
14850.000000000002 8.841941282883074e-05
14860.0 8.841941282883074e-05
14870.000000000002 8.841941282883074e-05
14880.0 8.841941282883074e-05
14890.000000000002 8.841941282883074e-05
14900.0 8.841941282883074e-05
14910.000000000002 8.841941282883074e-05
14920.0 8.841941282883074e-05
14930.000000000002 8.841941282883074e-05
14940.0 0.00011052426603603843
14950.000000000002 0.00011052426603603843
14960.0 0.00011052426603603843
14970.000000000002 0.00011052426603603843
14980.0 0.00011052426603603843
14990.000000000002 0.00011052426603603843
15000.0 0.00011052426603603843
15009.999999999998 0.00011052426603603843
15020.0 0.0001326291192432461
15029.999999999998 0.0001326291192432461
15040.0 0.0001326291192432461
15049.999999999998 0.0001326291192432461
15060.0 0.0001326291192432461
15069.999999999998 0.0001326291192432461
15080.0 0.0001326291192432461
15089.999999999998 0.0001326291192432461
15100.0 0.0001547339724504538
15109.999999999998 0.0001547339724504538
15120.0 0.0001547339724504538
15129.999999999998 0.0001547339724504538
15140.0 0.0001547339724504538
15149.999999999998 0.0001547339724504538
15160.0 0.0001547339724504538
15169.999999999998 0.00017683882565766148
15180.0 0.00017683882565766148
15189.999999999998 0.00017683882565766148
15200.0 0.00017683882565766148
15209.999999999998 0.00017683882565766148
15220.0 0.00017683882565766148
15230.0 0.00019894367886486917
15240.0 0.00019894367886486917
15250.0 0.00019894367886486917
15260.0 0.00019894367886486917
15270.0 0.00019894367886486917
15280.0 0.00022104853207207686
15290.0 0.00022104853207207686
15300.0 0.00022104853207207686
15310.0 0.00022104853207207686
15320.0 0.00022104853207207686
15330.0 0.00024315338527928454
15340.0 0.00024315338527928454
15350.0 0.00024315338527928454
15360.0 0.00024315338527928454
15370.0 0.00024315338527928454
15380.0 0.0002652582384864922
15390.0 0.0002652582384864922
15400.0 0.0002652582384864922
15410.0 0.0002652582384864922
15420.0 0.0002652582384864922
15430.0 0.0002873630916936999
15440.0 0.0002873630916936999
15450.0 0.0002873630916936999
15460.0 0.0002873630916936999
15470.0 0.0003094679449009076
15480.0 0.0003094679449009076
15490.0 0.0003094679449009076
15500.0 0.0003094679449009076
15510.0 0.00033157279810811527
15520.0 0.00033157279810811527
15530.0 0.00033157279810811527
15540.0 0.00033157279810811527
15550.0 0.00035367765131532296
15560.0 0.00035367765131532296
15570.0 0.00035367765131532296
15580.0 0.00035367765131532296
15590.0 0.00037578250452253065
15600.0 0.00037578250452253065
15610.0 0.00037578250452253065
15620.0 0.00039788735772973834
15630.0 0.00039788735772973834
15640.0 0.00039788735772973834
15650.0 0.00039788735772973834
15660.0 0.000419992210936946
15670.0 0.000419992210936946
15680.0 0.000419992210936946
15690.0 0.0004420970641441537
15700.0 0.0004420970641441537
15710.0 0.0004420970641441537
15720.0 0.00046420191735136135
15730.0 0.00046420191735136135
15740.0 0.00046420191735136135
15750.0 0.0004863067705585691
15760.0 0.0004863067705585691
15770.0 0.0004863067705585691
15780.0 0.0005084116237657767
15790.0 0.0005084116237657767
15800.0 0.0005084116237657767
15810.0 0.0005305164769729844
15820.0 0.0005305164769729844
15830.0 0.0005305164769729844
15840.0 0.0005526213301801921
15850.0 0.0005526213301801921
15860.0 0.0005526213301801921
15870.0 0.0005747261833873998
15880.0 0.0005747261833873998
15890.0 0.0005968310365946076
15900.0 0.0005968310365946076
15910.0 0.0005968310365946076
