mejiro/data/filter_response/RomanSCA12-F146.ecsv
# %ECSV 1.0
# ---
# datatype:
# - {name: wavelength, unit: Angstrom, datatype: float64}
# - {name: response, datatype: float64}
# meta:
#   __serialized_columns__:
#     wavelength:
#       __class__: astropy.units.quantity.Quantity
#       unit: !astropy.units.Unit {unit: Angstrom}
#       value: !astropy.table.SerializedColumn {name: wavelength}
#   band_name: F146
#   group_name: RomanSCA12
# schema: astropy-2.0
wavelength response
[from data line 566]
14800.0 0.5821313092118144
14810.000000000002 0.5822860431842648
14820.0 0.5823965674503009
14830.000000000002 0.5824407771567153
14840.0 0.5824628820099225
14850.000000000002 0.5825513014227514
14860.0 0.5826618256887873
14870.000000000002 0.582728140248409
14880.0 0.5827723499548234
14890.000000000002 0.5827944548080306
14900.0 0.5828607693676523
14910.000000000002 0.5829712936336884
14920.0 0.5830818178997244
14930.000000000002 0.5831260276061387
14940.0 0.5831923421657604
14950.000000000002 0.5833470761382108
14960.0 0.5835239149638685
14970.000000000002 0.5836123343766974
14980.0 0.5836344392299045
14990.000000000002 0.5836344392299045
15000.0 0.5836786489363189
15009.999999999998 0.583789173202355
15020.0 0.5839439071748055
15029.999999999998 0.5840986411472558
15040.0 0.5842312702664991
15049.999999999998 0.5843417945325352
15060.0 0.5844744236517784
15069.999999999998 0.5845849479178145
15080.0 0.584651262477436
15089.999999999998 0.584651262477436
15100.0 0.584651262477436
15109.999999999998 0.5848059964498865
15120.0 0.5850270449819586
15129.999999999998 0.5852038838076163
15140.0 0.5853365129268595
15149.999999999998 0.5853586177800667
15160.0 0.5853807226332739
15169.999999999998 0.5854028274864811
15180.0 0.5854470371928955
15189.999999999998 0.5855133517525172
15200.0 0.585601771165346
15209.999999999998 0.585712295431382
15220.0 0.5858007148442109
15230.0 0.5858891342570397
15240.0 0.5859996585230757
15250.0 0.5861101827891118
15260.0 0.5862649167615622
15270.0 0.5863975458808055
15280.0 0.5865080701468416
15290.0 0.5865301750000487
15300.0 0.5866185944128776
15310.0 0.5867954332385352
15320.0 0.5869722720641929
15330.0 0.5869943769174001
15340.0 0.5869943769174001
15350.0 0.5870385866238145
15360.0 0.5871049011834362
15370.0 0.5871491108898506
15380.0 0.5872596351558865
15390.0 0.5874364739815443
15400.0 0.5875912079539947
15410.0 0.587635417660409
15420.0 0.5875912079539947
15430.0 0.5875691031007875
15440.0 0.587635417660409
15450.0 0.587834361339274
15460.0 0.5880333050181389
15470.0 0.5881438292841749
15480.0 0.5882101438437966
15490.0 0.5883206681098326
15500.0 0.5884090875226614
15510.0 0.5883869826694541
15520.0 0.5883869826694541
15530.0 0.588475402082283
15540.0 0.5885859263483191
15550.0 0.5886743457611479
15560.0 0.5886743457611479
15570.0 0.5886301360547335
15580.0 0.5886522409079407
15590.0 0.5888069748803911
15600.0 0.5889396039996343
15610.0 0.5889174991464272
15620.0 0.5889174991464272
15630.0 0.589116442825292
15640.0 0.5893374913573641
15650.0 0.5893817010637785
15660.0 0.5893595962105713
15670.0 0.5893595962105713
15680.0 0.5894922253298145
15690.0 0.5896911690086795
15700.0 0.5898016932747155
15710.0 0.5897132738618867
15720.0 0.589646959302265
15730.0 0.5898016932747155
15740.0 0.5900227418067876
15750.0 0.5901553709260308
15760.0 0.5901774757792381
15770.0 0.5901332660728236
15780.0 0.5901111612196164
15790.0 0.5901774757792381
15800.0 0.5902437903388597
15810.0 0.5902658951920668
15820.0 0.5903322097516884
15830.0 0.5904869437241389
15840.0 0.590597467990175
15850.0 0.590597467990175
15860.0 0.5906195728433822
15870.0 0.5907743068158327
15880.0 0.5909953553479047
15890.0 0.5911058796139408
15900.0 0.5911500893203552
15910.0 0.5911721941735624
15920.0 0.5912606135863911
15930.0 0.5914374524120489
15940.0 0.5916142912377065
15950.0 0.5916806057973281
15960.0 0.5917027106505354
15970.0 0.5917248155037425
15980.0 0.5918353397697785
15990.0 0.5920563883018506
16000.0 0.5922774368339226
16010.0 0.5923658562467516
16020.0 0.592410065953166
16030.0 0.5924984853659948
16040.000000000002 0.5926311144852381
16050.0 0.5927637436044813
16060.000000000002 0.5929405824301389
16070.0 0.5931395261090038
16080.000000000002 0.5932942600814544
16090.0 0.5934047843474903
16100.000000000002 0.5935153086135264
16110.0 0.5937363571455985
16120.000000000002 0.593913195971256
16130.0 0.5940016153840849
16140.000000000002 0.5940679299437065
16150.0 0.5942668736225715
16160.000000000002 0.5945321318610579
16170.0 0.5947752852463372
16180.000000000002 0.5949742289252021
16190.0 0.5951510677508598
16200.000000000002 0.5952615920168958
16210.0 0.5953942211361389
16220.000000000002 0.5955710599617967
16230.0 0.5957478987874544
16240.000000000002 0.5959247376131119
16250.0 0.5960131570259408
16259.999999999998 0.596145786145184
16270.0 0.5964110443836707
16279.999999999998 0.5966320929157427
16290.0 0.5967205123285715
16299.999999999998 0.5967868268881932
16310.0 0.5969857705670579
16319.999999999998 0.5972510288055445
16330.0 0.5974941821908237
16339.999999999998 0.5976931258696886
16350.0 0.5978699646953463
16359.999999999998 0.5980246986677967
16370.0 0.5982236423466616
16379.999999999998 0.5984446908787336
16390.0 0.5986657394108057
16400.0 0.5988204733832562
16410.0 0.5989088927960851
16420.0 0.5990415219153282
16430.0 0.599328885007022
16440.0 0.5995720383923013
16450.0 0.5996825626583373
16460.0 0.5997488772179589
16470.0 0.5998594014839949
16480.0 0.5999920306032382
16490.0 0.6001025548692742
16500.0 0.6003014985481391
16510.0 0.60061096649304
16520.0 0.6008320150251122
16530.0 0.6007878053186977
16540.0 0.6007435956122832
16550.0 0.6009867489975625
16560.0 0.6013183217956707
16570.0 0.6014951606213284
16580.0 0.6016056848873643
16590.0 0.6017383140066076
16600.0 0.6019372576854725
16610.0 0.6022467256303734
16620.0 0.6024456693092383
16630.0 0.6023793547496166
16640.0 0.602313040189995
16650.0 0.6025119838688598
16660.0 0.602843556666968
16670.0 0.6030646051990401
16680.0 0.6031530246118689
16690.0 0.6031088149054545
16700.0 0.6030867100522472
16710.0 0.6032635488779049
16720.0 0.6034403877035627
16730.0 0.6034845974099771
16740.0 0.6035288071163915
16750.0 0.6037277507952563
16760.0 0.6039487993273285
16770.0 0.6040814284465716
16780.0 0.6041919527126076
16790.0 0.6043908963914725
16800.0 0.6046119449235445
16810.0 0.6047666788959951
16820.0 0.6048772031620312
16830.0 0.6050319371344816
16840.0 0.6051645662537247
16850.0 0.6052308808133464
16860.0 0.6052971953729681
16870.0 0.6054298244922113
16880.0 0.6055845584646617
16890.0 0.605717187583905
16900.0 0.605827711849941
16910.0 0.6059161312627699
16920.0 0.6060708652352204
16930.0 0.6063361234737068
16940.0 0.6065350671525717
16950.0 0.606579276858986
16960.0 0.6066455914186077
16970.0 0.6069550593635087
16980.0 0.6071982127487879
16990.0 0.6071761078955806
17000.0 0.6071318981891662
17010.0 0.6073971564276527
17020.0 0.6077729389321753
17030.0 0.6080381971706619
17040.0 0.6081266165834907
17050.0 0.6081266165834907
17060.0 0.608170826289905
17070.0 0.60836976996877
17080.0 0.6085908185008421
17090.0 0.6087234476200852
17100.0 0.6088118670329141
17110.0 0.6089223912989501
17120.0 0.6090771252714006
17130.0 0.609231859243851
17140.0 0.6093423835098871
17150.0 0.6093865932163015
17160.0 0.6095192223355448
17170.0 0.60987289998686
17180.0 0.6102265776381754
17190.0 0.6103149970510042
17200.0 0.6103149970510042
17210.0 0.6104476261702475
17220.0 0.6106244649959051
17230.0 0.6107349892619411
17240.0 0.6108676183811844
17250.0 0.6110665620600493
17260.0 0.6112655057389141
17270.0 0.6113318202985357
17280.0 0.6113760300049502
17290.0 0.611464449417779
17300.0 0.6116191833902295
17310.0 0.6118181270690943
17320.0 0.611994965894752
17330.0 0.6121496998672024
17340.0 0.6123044338396529
17350.0 0.6124812726653105
17360.0 0.612636006637761
17370.0 0.6127244260505899
17380.0 0.6127023211973825
17390.0 0.612636006637761
17400.0 0.6126802163441755
17410.0 0.6129233697294547
17420.0 0.6132328376743557
17430.0 0.6133654667935988
17440.0 0.6134538862064277
17450.0 0.6135865153256709
17460.0 0.6137191444449143
17470.0 0.6137412492981213
17480.0 0.613697039591707
17490.0 0.6137412492981213
17500.0 0.613807563857743
17510.0 0.6138296687109502
17520.0 0.6139401929769863
17530.0 0.6141833463622656
17540.0 0.614448604600752
17550.0 0.6145149191603736
17560.0 0.6144928143071665
17570.0 0.6144928143071665
17580.0 0.6145370240135809
17590.0 0.6146033385732025
17600.0 0.6147138628392385
17610.0 0.614868596811689
17620.0 0.6149570162245178
17630.0 0.6149349113713105
17640.0 0.6149128065181034
17650.0 0.6150233307841395
17660.0 0.6151780647565899
17670.0 0.6152443793162116
17680.0 0.6152443793162116
17690.0 0.6152001696097972
17700.0 0.6151780647565899
17710.0 0.6152001696097972
17720.0 0.6152222744630043
17730.0 0.6152443793162116
17740.0 0.6153106938758331
17750.0 0.6154433229950763
17760.0 0.6155980569675268
17770.0 0.6156422666739412
17780.0 0.6156864763803557
17790.0 0.6157970006463918
17800.0 0.6159296297656349
17810.0 0.6159738394720493
17820.0 0.6159075249124278
17830.0 0.6157970006463918
17840.0 0.6157085812335629
17850.0 0.6157306860867701
17860.0 0.6158412103528061
17870.0 0.6160180491784638
17880.0 0.6162169928573287
17890.0 0.6163938316829863
17900.0 0.6165043559490224
17910.0 0.6165485656554368
17920.0 0.6165264608022295
17930.0 0.6164822510958151
17940.0 0.6165264608022295
17950.0 0.6167254044810945
17960.0 0.616902243306752
17970.0 0.616880138453545
17980.0 0.616791719040716
17990.0 0.6168580336003376
18000.0 0.6170569772792026
18010.0 0.617322235517689
18020.0 0.6175211791965539
18030.0 0.6175432840497611
18040.0 0.6175211791965539
18050.0 0.6175653889029683
18060.0 0.6176759131690043
18070.0 0.6178306471414547
18080.0 0.6180516956735268
18090.0 0.6182285344991846
18100.0 0.6183611636184279
18110.0 0.6184053733248422
18120.0 0.618493792737671
18130.0 0.618692736416536
18140.0 0.6189579946550224
18150.0 0.6191348334806801
18160.0 0.6192674625999233
18170.0 0.6194000917191665
18180.0 0.6193779868659594
18190.0 0.6191790431870945
18200.0 0.619024309214644
18210.0 0.6191569383338873
18220.0 0.6194443014255809
18230.0 0.6197758742236891
18240.0 0.6201074470217972
18250.0 0.6204832295263197
18260.0 0.6208590120308423
18270.0 0.6211242702693287
18280.0 0.6212568993885721
18290.0 0.6212126896821576
18300.0 0.6212126896821576
18310.0 0.6213895285078153
18320.0 0.6215884721866801
18330.0 0.6215884721866801
18340.0 0.6215884721866801
18350.0 0.6217653110123378
18360.0 0.6220526741040314
18370.0 0.6223621420489324
18380.0 0.6226495051406261
18390.0 0.6228926585259054
18400.0 0.6230473924983558
18410.0 0.6231137070579775
18420.0 0.6231358119111846
18430.0 0.623069497351563
18440.0 0.623069497351563
18450.0 0.6231358119111846
18460.0 0.6232684410304279
18470.0 0.6234231750028784
18480.0 0.623600013828536
18490.0 0.6238431672138153
18500.0 0.6239536914798514
18510.0 0.6238210623606081
18520.0 0.6237105380945721
18530.0 0.6238431672138153
18540.0 0.6240421108926802
18550.0 0.6240642157458873
18560.0 0.6240200060394729
18570.0 0.624130530305509
18580.0 0.6242852642779594
18590.0 0.6244178933972028
18600.0 0.6245505225164459
18610.0 0.6246831516356892
18620.0 0.6248157807549325
18630.0 0.6248599904613469
18640.0 0.6247494661953108
18650.0 0.6243957885439955
18660.0 0.6240863205990946
18670.0 0.6241084254523017
18680.0 0.6242631594247523
18690.0 0.6242852642779594
18700.0 0.6241747400119234
18710.0 0.6240642157458873
18720.0 0.6241747400119234
18730.0 0.6246389419292748
18740.0 0.6250368292870044
18750.0 0.62499261958059
18760.0 0.6248599904613469
18770.0 0.624970514727383
18780.0 0.6251252486998333
18790.0 0.6250368292870044
18800.0 0.6249263050209685
18810.0 0.6250147244337974
18820.0 0.6251473535530405
18830.0 0.6251031438466261
18840.0 0.6250368292870044
18850.0 0.6250810389934189
18860.0 0.6251694584062477
18870.0 0.625191563259455
18880.0 0.6251473535530405
18890.0 0.6251473535530405
18900.0 0.6252578778190765
18910.0 0.6255010312043559
18920.0 0.6255673457639775
18930.0 0.6252136681126621
18940.0 0.6247936759017252
18950.0 0.6247494661953108
18960.0 0.6247936759017252
18970.0 0.6246610467824819
18980.0 0.6245505225164459
18990.0 0.6247936759017252
19000.0 0.6251031438466261
19010.0 0.625191563259455
19020.0 0.625191563259455
19030.0 0.6253020875254911
19040.0 0.6255010312043559
19050.0 0.6256336603235991
19060.0 0.6256336603235991
19070.0 0.6254347166447343
19080.0 0.625191563259455
19090.0 0.6251252486998333
19100.0 0.6252357729658694
19110.0 0.6254568214979415
19120.0 0.6256557651768063
19130.0 0.625722079736428
19140.0 0.6257662894428424
19150.0 0.625832604002464
19160.0 0.6258768137088784
19170.0 0.6257441845896352
19180.0 0.6254568214979415
19190.0 0.6251694584062477
19200.0 0.6252136681126621
19210.0 0.6257662894428424
19220.0 0.626363120479437
19230.0 0.6264957495986803
19240.0 0.6263852253326442
19250.0 0.626363120479437
19260.0 0.6262304913601938
19270.0 0.6258989185620857
19280.0 0.625722079736428
19290.0 0.626053652534536
19300.0 0.626584169011509
19310.0 0.6268715321032028
19320.0 0.6268494272499955
19330.0 0.6266062738647163
19340.0 0.6264294350390586
19350.0 0.6265399593050947
19360.0 0.6267389029839595
19370.0 0.6268273223967884
19380.0 0.6268494272499955
19390.0 0.6269820563692388
19400.0 0.6272694194609325
19410.0 0.6276230971122478
19420.0 0.6278662504975271
19430.0 0.6278220407911127
19440.0 0.6276230971122478
19450.0 0.6274462582865901
19460.0 0.6274683631397974
19470.0 0.6276673068186622
19480.0 0.6278662504975271
19490.0 0.6278662504975271
19500.0 0.6279104602039415
19510.0 0.6282420330020496
19520.0 0.6286399203597793
19530.0 0.6288609688918514
19540.0 0.6289714931578875
19550.0 0.6291483319835451
19560.0 0.6294135902220316
19570.0 0.6297009533137253
19580.0 0.6298335824329686
19590.0 0.6297230581669326
19600.0 0.6297451630201397
19610.0 0.6301872600842839
19620.0 0.630629357148428
19630.0 0.6306514620016354
19640.0 0.6305630425888064
19650.0 0.6307398814144641
19660.0 0.6310714542125723
19670.0 0.6313588173042659
19680.0 0.6316240755427525
19690.0 0.6318672289280316
19700.0 0.631999858047275
19710.0 0.6320219629004822
19720.0 0.6320882774601038
19730.0 0.6323535356985903
19740.0 0.6325745842306623
19750.0 0.6325303745242479
19760.0 0.6324640599646263
19770.0 0.6325966890838696
19780.0 0.6329061570287704
19790.0 0.633171415267257
19800.0 0.633392463799329
19810.0 0.6335471977717795
19820.0 0.63370193174423
19830.0 0.6338787705698876
19840.0 0.6339892948359237
19850.0 0.6339671899827164
19860.0 0.6339008754230948
19870.0 0.6338566657166804
19880.0 0.6335693026249867
19890.0 0.6325966890838696
19900.0 0.6303198892035272
19910.0 0.6256557651768063
19920.0 0.6167696141875089
19930.0 0.6012299023828418
19940.0 0.5762956279651116
19950.0 0.5395794667879396
19960.0 0.48975512765889345
19970.0 0.4278173289722976
19980.0 0.35736916180092665
19990.0 0.2838484200337539
20000.0 0.21309078491748207
20010.0 0.1503572115154267
20019.999999999996 0.09938342001960575
20030.0 0.061363072503208535
20040.0 0.03530145057191068
20050.0 0.018877544638955364
20059.999999999996 0.009372457759856059
20070.0 0.004310446375405498
20080.0 0.001834702816198238
20090.0 0.0007294601558378536
20099.999999999996 0.0002652582384864922
20110.0 8.841941282883074e-05
20120.0 2.2104853207207685e-05
20130.0 0.0
