mejiro/data/filter_response/RomanSCA08-F158.ecsv
# %ECSV 1.0
# ---
# datatype:
# - {name: wavelength, unit: Angstrom, datatype: float64}
# - {name: response, datatype: float64}
# meta:
#   __serialized_columns__:
#     wavelength:
#       __class__: astropy.units.quantity.Quantity
#       unit: !astropy.units.Unit {unit: Angstrom}
#       value: !astropy.table.SerializedColumn {name: wavelength}
#   band_name: F158
#   group_name: RomanSCA08
# schema: astropy-2.0
wavelength response
13660.000000000002 0.0
13670.0 2.2104853207207685e-05
13680.000000000002 6.631455962162305e-05
13690.0 0.00022104853207207686
13700.000000000002 0.0005968310365946076
13710.0 0.001547339724504538
13720.000000000002 0.0036915104856036834
13730.0 0.008090376273838013
13740.000000000002 0.016446010786162518
13750.0 0.030968899343297968
13759.999999999998 0.05411268065124441
13770.0 0.08786679149865055
13779.999999999998 0.13302700660097586
13790.0 0.18842176873823832
13799.999999999998 0.25069114022294237
13810.0 0.3149057387898807
13819.999999999998 0.375605665696873
13830.0 0.4281710066236129
13839.999999999998 0.4698386549191994
13850.0 0.5001001989598667
13859.999999999998 0.5203040347912545
13870.0 0.5327490671469124
13879.999999999998 0.5397784104668044
13890.0 0.5433372918331649
13899.999999999998 0.5450614703833272
13910.0 0.5460340839244443
13919.999999999998 0.5465203906950028
13930.0 0.5465867052546245
13939.999999999998 0.5464761809885884
13950.0 0.5464098664289668
13959.999999999998 0.5464761809885884
13970.0 0.5466088101078316
13980.0 0.5466751246674533
13990.0 0.5465424955482101
14000.0 0.5463656567225523
14010.0 0.5462551324565164
14020.0 0.5462551324565164
14030.0 0.5462993421629307
14040.0 0.5463435518693451
14050.0 0.5462993421629307
14060.0 0.5461667130436875
14070.0 0.5460340839244443
14080.0 0.5458793499519938
14090.0 0.5457688256859577
14100.0 0.5455919868603001
14110.0 0.5453046237686063
14120.0 0.5450835752365343
14130.0 0.5450614703833272
14140.0 0.5450614703833272
14150.0 0.5449288412640838
14160.0 0.5447298975852191
14170.0 0.5445530587595613
14180.0 0.5444867441999397
14190.0 0.5445309539063541
14200.0 0.5445530587595613
14210.0 0.5445530587595613
14220.0 0.5446414781723902
14230.0 0.5449509461172911
14240.0 0.5453267286218136
14250.0 0.5456140917135074
14260.0 0.5457467208327506
14270.0 0.5457246159795434
14280.0 0.5456804062731289
14290.0 0.5457467208327506
14300.0 0.5458572450987865
14310.0 0.5459014548052009
14320.0 0.5459235596584082
14330.0 0.5459456645116154
14340.0 0.5459898742180299
14350.0 0.5460561887776515
14360.0 0.5461225033372731
14370.0 0.5461667130436875
14380.0 0.5461446081904803
14390.0 0.5461003984840659
14400.0 0.5460782936308587
14410.0 0.5461888178968947
14420.0 0.5463214470161379
14430.0 0.5463656567225523
14440.0 0.5463656567225523
14450.0 0.5462993421629307
14460.0 0.5462551324565164
14470.0 0.5462772373097234
14480.0 0.5463214470161379
14490.0 0.546431971282174
14500.0 0.5465424955482101
14510.0 0.5466751246674533
14520.0 0.5467193343738677
14530.0 0.5466972295206605
14540.0 0.5466530198142461
14550.0 0.5467193343738677
14560.0 0.5468298586399037
14570.0 0.5468740683463181
14580.0 0.5469182780527326
14590.0 0.5470288023187686
14600.0 0.5471614314380118
14610.0 0.5471835362912191
14620.0 0.5472056411444262
14630.0 0.5472940605572552
14640.0 0.5473603751168767
14650.0 0.5473603751168767
14660.0 0.5473603751168767
14670.0 0.5474708993829128
14680.0 0.5476477382085704
14690.0 0.5477803673278137
14700.0 0.547824577034228
14710.0 0.5478024721810208
14720.0 0.5478024721810208
14730.0 0.5479572061534713
14740.0 0.548134044979129
14750.0 0.5482224643919579
14760.0 0.5482887789515795
14770.0 0.5483771983644082
14780.0 0.548465617777237
14790.000000000002 0.5485761420432731
14800.0 0.5486866663093092
14810.000000000002 0.5488414002817597
14820.0 0.5489740294010028
14830.000000000002 0.5490403439606245
14840.0 0.5490845536670389
14850.000000000002 0.549195077933075
14860.0 0.549305602199111
14870.000000000002 0.5493940216119397
14880.0 0.5494603361715614
14890.000000000002 0.5495045458779758
14900.0 0.5495929652908047
14910.000000000002 0.5497255944100479
14920.0 0.549836118676084
14930.000000000002 0.5499245380889128
14940.0 0.5499908526485344
14950.000000000002 0.5501676914741921
14960.0 0.5503445302998498
14970.000000000002 0.5504550545658858
14980.0 0.5504992642723002
14990.000000000002 0.5505213691255074
15000.0 0.5505655788319218
15009.999999999998 0.5506982079511651
15020.0 0.5508529419236156
15029.999999999998 0.551007675896066
15040.0 0.5511403050153092
15049.999999999998 0.5512729341345525
15060.0 0.5514055632537957
15069.999999999998 0.5515381923730389
15080.0 0.5516266117858678
15089.999999999998 0.5516266117858678
15100.0 0.551648716639075
15109.999999999998 0.5518034506115255
15120.0 0.5520244991435975
15129.999999999998 0.5522013379692552
15140.0 0.5523339670884985
15149.999999999998 0.5523781767949129
15160.0 0.5523781767949129
15169.999999999998 0.5524223865013272
15180.0 0.5524665962077416
15189.999999999998 0.5525550156205705
15200.0 0.5526434350333994
15209.999999999998 0.5527539592994354
15220.0 0.5528644835654715
15230.0 0.5529529029783002
15240.0 0.5530413223911291
15250.0 0.5531739515103723
15260.0 0.5533065806296156
15270.0 0.553461314602066
15280.0 0.5535497340148948
15290.0 0.5535939437213092
15300.0 0.5536823631341381
15310.0 0.5538592019597958
15320.0 0.5540139359322462
15330.0 0.5540581456386606
15340.0 0.5540581456386606
15350.0 0.554102355345075
15360.0 0.5541686699046967
15370.0 0.5542349844643183
15380.0 0.5543455087303544
15390.0 0.554522347556012
15400.0 0.5546770815284625
15410.0 0.5547212912348769
15420.0 0.5546770815284625
15430.0 0.5546549766752552
15440.0 0.5547212912348769
15450.0 0.5549202349137418
15460.0 0.5551412834458138
15470.0 0.5552297028586427
15480.0 0.5553181222714715
15490.0 0.5554286465375076
15500.0 0.5555170659503363
15510.0 0.5555170659503363
15520.0 0.5554949610971291
15530.0 0.5556054853631652
15540.0 0.5557160096292012
15550.0 0.5558044290420301
15560.0 0.5558265338952373
15570.0 0.5557823241888228
15580.0 0.5558044290420301
15590.0 0.5559591630144805
15600.0 0.5561138969869309
15610.0 0.5561138969869309
15620.0 0.5561138969869309
15630.0 0.5563128406657959
15640.0 0.556533889197868
15650.0 0.5565780989042823
15660.0 0.556555994051075
15670.0 0.5566002037574895
15680.0 0.5567107280235255
15690.0 0.5569096717023905
15700.0 0.5570201959684264
15710.0 0.5569538814088049
15720.0 0.5568875668491832
15730.0 0.5570423008216336
15740.0 0.557285454206913
15750.0 0.557395978472949
15760.0 0.5574401881793634
15770.0 0.557395978472949
15780.0 0.557395978472949
15790.0 0.5574401881793634
15800.0 0.5575286075921922
15810.0 0.5575728172986067
15820.0 0.5576170270050211
15830.0 0.5577717609774715
15840.0 0.5578822852435076
15850.0 0.5578822852435076
15860.0 0.5579043900967148
15870.0 0.5580591240691652
15880.0 0.5582580677480301
15890.0 0.5583685920140661
15900.0 0.5584128017204805
15910.0 0.5584349065736878
15920.0 0.5585233259865166
15930.0 0.558678059958967
15940.0 0.5588548987846247
15950.0 0.5589212133442464
15960.0 0.5589212133442464
15970.0 0.5589433181974536
15980.0 0.5590317376102824
15990.0 0.5592306812891472
16000.0 0.5594296249680122
16010.0 0.559518044380841
16020.0 0.5595401492340482
16030.0 0.5596064637936697
16040.000000000002 0.5597169880597057
16050.0 0.5598496171789491
16060.000000000002 0.5600043511513995
16070.0 0.5601590851238499
16080.000000000002 0.5603138190963004
16090.0 0.560380133655922
16100.000000000002 0.5604906579219581
16110.0 0.5606674967476157
16120.000000000002 0.5608443355732734
16130.0 0.5608885452796878
16140.000000000002 0.5609327549861022
16150.0 0.56110959381176
16160.000000000002 0.561330642343832
16170.0 0.5615516908759041
16180.000000000002 0.5617285297015617
16190.0 0.5618611588208049
16200.000000000002 0.561971683086841
16210.0 0.5620822073528771
16220.000000000002 0.5622148364721203
16230.0 0.5623695704445707
16240.000000000002 0.5625243044170212
16250.0 0.5625906189766429
16259.999999999998 0.562723248095886
16270.0 0.5629442966279581
16279.999999999998 0.5631432403068231
16290.0 0.5632095548664445
16299.999999999998 0.563253764572859
16310.0 0.5634306033985167
16319.999999999998 0.5636737567837959
16330.0 0.5638948053158681
16339.999999999998 0.5640716441415258
16350.0 0.5642263781139762
16359.999999999998 0.5643811120864266
16370.0 0.5645579509120843
16379.999999999998 0.5647568945909491
16390.0 0.564955838269814
16400.0 0.5650884673890573
16410.0 0.565176886801886
16420.0 0.5653095159211293
16430.0 0.5655747741596159
16440.0 0.5658179275448951
16450.0 0.5659284518109312
16460.0 0.5659726615173456
16470.0 0.5661052906365888
16480.0 0.566237919755832
16490.0 0.5663484440218681
16500.0 0.566547387700733
16510.0 0.5668568556456339
16520.0 0.567077904177706
16530.0 0.5670557993244988
16540.0 0.5670557993244988
16550.0 0.5672768478565708
16560.0 0.567608420654679
16570.0 0.567829469186751
16580.0 0.5679620983059942
16590.0 0.5680947274252375
16600.0 0.5683157759573096
16610.0 0.5686473487554177
16620.0 0.5688683972874898
16630.0 0.5688241875810754
16640.0 0.5688020827278681
16650.0 0.5690231312599402
16660.0 0.5693768089112556
16670.0 0.5696199622965349
16680.0 0.5697304865625709
16690.0 0.5697304865625709
16700.0 0.5697746962689852
16710.0 0.5699515350946429
16720.0 0.5701725836267151
16730.0 0.5702388981863367
16740.0 0.5703273175991654
16750.0 0.5705704709844448
16760.0 0.570813624369724
16770.0 0.5709904631953817
16780.0 0.571123092314625
16790.0 0.5713662456999042
16800.0 0.5716315039383907
16810.0 0.5718083427640485
16820.0 0.5719630767364988
16830.0 0.5721399155621565
16840.0 0.5723167543878143
16850.0 0.5724272786538502
16860.0 0.5725378029198863
16870.0 0.5726925368923368
16880.0 0.5728914805712015
16890.0 0.5730683193968592
16900.0 0.5732009485161025
16910.0 0.5733335776353458
16920.0 0.5735325213142105
16930.0 0.5738198844059043
16940.0 0.5740409329379764
16950.0 0.574107247497598
16960.0 0.5742177717636341
16970.0 0.5745493445617422
16980.0 0.5748367076534359
16990.0 0.5748367076534359
17000.0 0.5748367076534359
17010.0 0.5751240707451295
17020.0 0.575499853249652
17030.0 0.5757872163413458
17040.0 0.575919845460589
17050.0 0.5759419503137962
17060.0 0.5760082648734178
17070.0 0.5762293134054899
17080.0 0.5764724667907692
17090.0 0.5766272007632197
17100.0 0.5767377250292558
17110.0 0.576870354148499
17120.0 0.5770250881209494
17130.0 0.5772019269466071
17140.0 0.5773345560658504
17150.0 0.577400870625472
17160.0 0.5775334997447151
17170.0 0.5779092822492377
17180.0 0.5782629599005531
17190.0 0.5783513793133819
17200.0 0.5783955890197963
17210.0 0.5785282181390395
17220.0 0.5787050569646972
17230.0 0.5788376860839404
17240.0 0.5789703152031838
17250.0 0.5791913637352558
17260.0 0.5793903074141207
17270.0 0.5794566219737423
17280.0 0.579522936533364
17290.0 0.5796334607993999
17300.0 0.5797881947718504
17310.0 0.5799871384507153
17320.0 0.5801639772763729
17330.0 0.5803408161020306
17340.0 0.5804955500744811
17350.0 0.5806723889001387
17360.0 0.5808271228725892
17370.0 0.580915542285418
17380.0 0.580915542285418
17390.0 0.5808713325790036
17400.0 0.580915542285418
17410.0 0.5811586956706973
17420.0 0.581446058762391
17430.0 0.5816007927348414
17440.0 0.5816892121476702
17450.0 0.5818439461201207
17460.0 0.581976575239364
17470.0 0.581998680092571
17480.0 0.581976575239364
17490.0 0.5820207849457784
17500.0 0.5820870995054
17510.0 0.5821313092118144
17520.0 0.5822418334778504
17530.0 0.582507091716337
17540.0 0.5827502451016162
17550.0 0.5828165596612378
17560.0 0.5828165596612378
17570.0 0.5828165596612378
17580.0 0.5828828742208594
17590.0 0.5829491887804811
17600.0 0.5830597130465172
17610.0 0.5831923421657604
17620.0 0.5832365518721748
17630.0 0.5830818178997244
17640.0 0.5828165596612378
17650.0 0.5823744625970937
17660.0 0.581446058762391
17670.0 0.579522936533364
17680.0 0.5760524745798322
17690.0 0.5702388981863367
17700.0 0.5610874889585526
17710.0 0.5474266896764983
17720.0 0.5280407334137771
17730.0 0.5018685872164433
17740.0 0.4684239443139381
17750.0 0.42786153867871196
17760.0 0.38106556443905326
17770.0 0.3298044098515387
17780.0 0.2765980281817898
17790.0 0.22420952608070754
17800.0 0.17522517137353533
17810.0 0.13172282026175058
17820.0 0.09509507849740748
17830.0 0.06582825285106449
17840.0 0.04363498023102797
17850.0 0.027675276215424024
17860.0 0.01677758358427063
17870.0 0.009704030557964174
17880.0 0.005371479329351467
17890.0 0.0028294212105225837
17900.0 0.0014147106052612918
17910.0 0.0006852504494234382
17920.0 0.0003094679449009076
17930.0 0.0001326291192432461
17940.0 4.420970641441537e-05
17950.0 2.2104853207207685e-05
17960.0 0.0
