mejiro/data/filter_response/RomanSCA14-Grism_1stOrder.ecsv
# %ECSV 1.0
# ---
# datatype:
# - {name: wavelength, unit: Angstrom, datatype: float64}
# - {name: response, datatype: float64}
# meta:
#   __serialized_columns__:
#     wavelength:
#       __class__: astropy.units.quantity.Quantity
#       unit: !astropy.units.Unit {unit: Angstrom}
#       value: !astropy.table.SerializedColumn {name: wavelength}
#   band_name: Grism_1stOrder
#   group_name: RomanSCA14
# schema: astropy-2.0
wavelength response
9900.0 0.0
9910.0 2.2104853207207685e-05
9920.0 0.0001547339724504538
9930.0 0.0008620892750810997
9940.0 0.003757825045225307
9950.0 0.01259976632810838
9960.0 0.033024650691568284
9970.0 0.0687460934744159
9980.0 0.11605047933784035
9990.0 0.1636422282929585
10000.0 0.20004892152522957
10009.999999999998 0.22151273398942822
10020.0 0.23161465190512215
10029.999999999998 0.2359029934273204
10040.0 0.23804716418841956
10049.999999999998 0.23963871361933853
10060.0 0.24114184363742863
10069.999999999998 0.24264497365551874
10080.0 0.24410389396719448
10089.999999999998 0.24554070942566297
10100.0 0.24699962973733866
10109.999999999998 0.24848065490222163
10120.0 0.2499616800671045
10129.999999999998 0.2514427052319874
10140.0 0.2528574158372487
10149.999999999998 0.25425002158930277
10160.0 0.2556647321945641
10169.999999999998 0.2571015476530326
10180.0 0.2585604679647083
10189.999999999998 0.2599972834231768
10200.0 0.2614119940284381
10209.999999999998 0.2628267046336994
10220.0 0.26421931038575347
10230.0 0.26563402099101474
10240.0 0.267048731596276
10250.0 0.2684192324951229
10260.0 0.2697897333939698
10270.0 0.27113812943960947
10280.0 0.27250863033845635
10290.0 0.2739233409437177
10300.0 0.27531594669577175
10310.0 0.2766422378882042
10320.0 0.2779685290806367
10330.0 0.2793169251262763
10340.0 0.2806874260251232
10350.0 0.28201371721755564
10360.0 0.2833621132631953
10370.0 0.28466629960242057
10380.0 0.28597048594164587
10390.0 0.2872746722808711
10400.0 0.2885567537668891
10410.0 0.28981673039969996
10420.0 0.2911209167389252
10430.0 0.2924693127845649
10440.0 0.29377349912379014
10450.0 0.29498926605018655
10460.0 0.2961829281233758
10470.0 0.2974429047561866
10480.0 0.29874709109541187
10490.0 0.3000733822878443
10500.0 0.30135546377386235
10510.0 0.3025491258470516
10520.0 0.30372068306703365
10530.0 0.3049585548466372
10540.0 0.30624063633265525
10550.0 0.3075006129654661
10560.0 0.30876058959827696
10570.0 0.3099763565246734
10580.0 0.31112580889144814
10590.0 0.3122310515518086
10600.0 0.31335839906537616
10610.0 0.3145520611385654
10620.0 0.31578993291816904
10630.0 0.3169835949913582
10640.0 0.318133047358133
10650.0 0.31921618516528616
10660.0 0.3202993229724394
10670.0 0.3214487753392141
10680.0 0.32257612285278175
10690.0 0.32370347036634933
10700.0 0.3248087130267097
10710.0 0.3259581653934845
10720.0 0.3271076177602593
10730.0 0.32823496527382695
10740.0 0.32936231278739453
10750.0 0.33051176515416936
10760.0 0.3316391126677369
10770.0 0.3327001456216829
10780.0 0.3337169688692144
10790.0 0.33475589696995317
10800.0 0.33583903477710636
10810.0 0.33698848714388113
10820.0 0.33809372980424157
10830.0 0.3391105530517731
10840.0 0.3401052714460974
10850.0 0.34121051410645786
10860.0 0.3423157567668182
10870.0 0.34333258001434974
10880.0 0.3443051935554669
10890.0 0.34532201680299845
10900.0 0.3463609449037372
10910.0 0.347399873004476
10920.0 0.34841669625200755
10930.0 0.34938930979312466
10940.0 0.3503619233342418
10950.0 0.35137874658177337
10960.0 0.35237346497609773
10970.0 0.35332397366400764
10980.0 0.354429216324368
10990.0 0.35573340266359327
11000.0 0.35705969385602576
11010.0 0.3580986219567645
11020.0 0.35900492093826003
11030.0 0.3599996393325844
11040.000000000002 0.36103856743332313
11050.0 0.3620553906808547
11060.000000000002 0.36309431878159343
11070.0 0.3641332468823322
11080.000000000002 0.36510586042344934
11090.0 0.36601215940494486
11100.000000000002 0.3669184583864404
11110.0 0.36795738648717913
11120.000000000002 0.3690184194411251
11130.0 0.36999103298224223
11140.000000000002 0.37096364652335934
11150.0 0.37200257462409814
11160.000000000002 0.3730193978716297
11170.0 0.3738814871467108
11180.000000000002 0.3747435764217919
11190.0 0.37573829481611626
11200.000000000002 0.376777222916855
11210.0 0.3777056267515577
11220.000000000002 0.37861192573305325
11230.0 0.3795845392741704
11240.000000000002 0.3805350479620803
11250.0 0.381352927530747
11259.999999999998 0.38214870224620645
11270.0 0.38301079152128753
11279.999999999998 0.3839391953559903
11290.0 0.384867599190693
11299.999999999998 0.38579600302539574
11310.0 0.38674651171330565
11319.999999999998 0.3876528106948012
11330.0 0.3885370048230895
11339.999999999998 0.3893990940981706
11350.0 0.3902832882264589
11359.999999999998 0.39114537750154
11370.0 0.39198536192341393
11379.999999999998 0.39282534634528776
11390.0 0.39375375017999054
11399.999999999998 0.39468215401469325
11410.0 0.39561055784939597
11419.999999999998 0.39649475197768425
11430.0 0.3972905266931437
11439.999999999998 0.3980863014086032
11450.0 0.3989704955368915
11459.999999999998 0.39987679451838704
11470.0 0.4007388837934681
11480.0 0.4015567633621348
11490.0 0.4023746429308015
11500.0 0.4031925224994682
11510.0 0.40403250692134207
11520.0 0.40485038649000876
11530.0 0.405624056352261
11540.0 0.4064198310677205
11550.0 0.40732613004921603
11560.0 0.4081882193242971
11570.0 0.4089397843333422
11580.0 0.4096471396359728
11590.0 0.4104871240578467
11600.0 0.41134921333292784
11610.0 0.41216709290159453
11620.0 0.412962867617054
11630.0 0.41367022291968464
11640.0 0.4143996830755225
11650.0 0.41517335293777474
11660.0 0.41599123250644143
11670.0 0.4167427975154865
11680.0 0.417538572230946
11690.0 0.41840066150602706
11700.0 0.41919643622148656
11710.0 0.4198595818177028
11720.0 0.42047851770750455
11730.0 0.4211858730101352
11740.0 0.4219374380191803
11750.0 0.4226668981750181
11760.0 0.423396358330856
11770.0 0.4241258184866939
11780.0 0.4248773834957389
11790.0 0.4256952630644056
11800.0 0.4264910377798651
11810.0 0.42719839308249574
11820.0 0.42786153867871196
11830.0 0.4285688939813426
11840.0 0.4292983541371804
11850.0 0.4299393948801895
11860.0 0.4305362259167841
11870.0 0.43115516180658586
11880.0 0.43179620254959494
11890.0 0.4325256627054328
11900.0 0.4332109131548562
11910.0 0.4337856393382436
11920.0 0.43433826066842385
11930.0 0.43502351111784726
11940.0 0.4356866567140635
11950.0 0.4362171731910365
11960.0 0.43676979452121667
11970.0 0.43741083526422564
11980.0 0.4380739808604419
11990.0 0.4386266021906221
12000.0 0.43915711866759505
12010.0 0.4397318448509825
12020.0 0.44032867588757707
12030.0 0.44090340207096446
12040.0 0.4415002331075591
12050.0 0.442119168997361
12060.0 0.4426938951807483
12070.0 0.4431802019513069
12080.0 0.4436001941622439
12090.0 0.4440201863731808
12100.0 0.4445064931437393
12110.0 0.44508121932712674
12120.0 0.4456117358040997
12130.0 0.44600962316182946
12140.0 0.4464075105195592
12150.0 0.4468938172901178
12160.0 0.447446438620298
12170.0 0.4479990599504782
12180.0 0.4484853667210368
12190.0 0.4488611492255593
12200.0 0.44923693173008183
12210.0 0.44972323850064033
12220.0 0.45023165012440614
12230.0 0.45065164233534305
12240.0 0.4510495296930729
12250.0 0.45151373161042424
12260.0 0.45195582867456835
12270.0 0.4523316111790909
12280.0 0.45268528883040615
12290.000000000002 0.4531052810413431
12300.0 0.4535031683990729
12310.000000000002 0.45383474119718104
12320.0 0.4541221042888746
12330.000000000002 0.4544315722337756
12340.0 0.4547852498850909
12350.000000000002 0.45511682268319903
12360.0 0.4554262906280999
12370.000000000002 0.4557136537197936
12380.0 0.45604522651790175
12390.000000000002 0.4564431138756315
12400.0 0.45681889638015405
12410.000000000002 0.45701784005901885
12420.0 0.4572388885910909
12430.000000000002 0.4576146710956135
12440.0 0.45801255845334327
12450.000000000002 0.4582115021322082
12460.0 0.45836623610465854
12470.000000000002 0.45865359919635224
12480.0 0.45900727684766757
12490.000000000002 0.4593167447925685
12500.0 0.45958200303105495
12509.999999999998 0.459803051563127
12520.0 0.4600019952419919
12529.999999999998 0.460223043774064
12540.0 0.4604661971593433
12549.999999999998 0.46075356025103703
12560.0 0.4610409233427307
12569.999999999998 0.4612619718748028
12580.0 0.46141670584725325
12589.999999999998 0.46148302040687483
12600.0 0.46161564952611805
12609.999999999998 0.46190301261781175
12620.0 0.46221248056271275
12629.999999999998 0.4624335290947848
12640.0 0.46261036792044247
12649.999999999998 0.4628093115993073
12660.0 0.46300825527817213
12669.999999999998 0.4630966746910011
12680.0 0.4631629892506226
12689.999999999998 0.4633619329294875
12700.0 0.46356087660835243
12709.999999999998 0.46375982028721724
12720.0 0.4639587639660821
12730.0 0.4642019173513614
12740.0 0.4643566513238118
12750.0 0.46437875617701907
12760.0 0.46442296588343346
12770.0 0.4646440144155055
12780.0 0.4649534823604065
12790.0 0.46517453089247857
12800.0 0.4652850551585146
12810.0 0.4653071600117218
12820.0 0.46532926486492904
12830.0 0.4654839988373794
12840.0 0.46570504736945145
12850.0 0.46594820075473076
12860.0 0.4661029347271813
12870.0 0.4662134589932173
12880.0 0.46630187840604614
12890.0 0.46645661237849656
12900.0 0.4666334512041543
12910.0 0.4667881851766047
12920.0 0.4668987094426407
12930.0 0.46700923370867675
12940.0 0.4671197579747128
12950.0 0.46729659680037045
12960.0 0.4674513307728209
12970.0 0.46753975018564975
12980.0 0.4676281695984786
12990.0 0.46784921813055064
13000.0 0.4680481618094155
13010.0 0.4681807909286588
13020.0 0.4682471054882804
13030.0 0.46833552490110925
13040.0 0.46844604916714533
13050.0 0.4686007831395957
13060.0 0.46882183167166774
13070.0 0.46902077535053266
13080.0 0.46919761417619027
13090.0 0.4693302432954336
13100.0 0.4695291869742984
13110.0 0.46986075977240654
13120.0 0.4701481228641003
13130.0 0.47021443742372193
13140.0 0.4701923325705147
13150.0 0.47030285683655076
13160.0 0.4704796956622084
13170.0 0.47070074419428043
13180.0 0.47085547816673096
13190.0 0.47096600243276693
13200.0 0.4710544218455957
13210.0 0.47120915581804623
13220.0 0.47138599464370384
13230.0 0.4715628334693616
13240.0 0.471717567441812
13250.0 0.4718501965610552
13260.0 0.47198282568029853
13270.0 0.47213755965274895
13280.0 0.47224808391878503
13290.0 0.47231439847840656
13300.0 0.4724028178912355
13310.0 0.4725796567168931
13320.0 0.47280070524896517
13330.0 0.47297754407462284
13340.0 0.4730880683406589
13350.0 0.4731322780470733
13360.0 0.4731985926066949
13370.0 0.4733754314323526
13380.0 0.473530165404803
13390.0 0.47350806055159583
13400.0 0.4734417459919742
13410.0 0.4734859556983886
13420.0 0.47359647996442467
13430.0 0.4737291090836679
13440.0 0.47386173820291116
13450.0 0.4739280527625328
13460.0 0.47401647217536164
13470.0 0.47410489158819047
13480.0 0.474171206147812
13490.0 0.47419331100101925
13500.0 0.47419331100101925
13510.0 0.47419331100101925
13520.0 0.47414910129460486
13530.0 0.4740827867349832
13540.000000000002 0.474060681881776
13550.0 0.4740827867349832
13560.000000000002 0.474060681881776
13570.0 0.47395015761573994
13580.000000000002 0.47383963334970397
13590.0 0.47386173820291116
13600.000000000002 0.47390594790932555
13610.0 0.4737954236432896
13620.000000000002 0.47361858481763186
13630.0 0.4734859556983886
13640.000000000002 0.47335332657914536
13650.0 0.4732428023131093
13660.000000000002 0.47317648775348775
13670.0 0.47317648775348775
13680.000000000002 0.4731543829002805
13690.0 0.4730880683406589
13700.000000000002 0.47293333436820845
13710.0 0.4727786003957579
13720.000000000002 0.47262386642330756
13730.0 0.47249123730406434
13740.000000000002 0.47238071303802825
13750.0 0.4722922936251994
13759.999999999998 0.4722038742123706
13770.0 0.4720933499463345
13779.999999999998 0.4719165111206769
13790.0 0.47169546258860484
13799.999999999998 0.4714965189097399
13810.0 0.4713196800840823
13819.999999999998 0.4711649461116318
13830.0 0.47094389757955973
13839.999999999998 0.4706786393410733
13850.0 0.4703691713961723
13859.999999999998 0.4700818083044786
13870.0 0.46992707433202824
13879.999999999998 0.46979444521278496
13890.0 0.46957339668071285
13899.999999999998 0.4693965578550552
13910.0 0.4693965578550552
13919.999999999998 0.4693523481486408
13930.0 0.4691091947633615
13939.999999999998 0.46877762196525335
13950.0 0.46851236372676686
13959.999999999998 0.46833552490110925
13970.0 0.4682471054882804
13980.0 0.4680702666626228
13990.0 0.4677607987177218
14000.0 0.4673850162131993
14010.0 0.4670755482682984
14020.0 0.46685449973622634
14030.0 0.4666776609105687
14040.0 0.46650082208491095
14050.0 0.4662355638464245
14060.0 0.46590399104831637
14070.0 0.4655503133970011
14080.0 0.4651966357456857
14090.0 0.4648871678007848
14100.0 0.4645113852962623
14110.0 0.4640250785257038
14120.0 0.4636050863147668
14130.0 0.4633619329294875
14140.0 0.46314088439741546
14150.0 0.4627872067461001
14160.0 0.4623672145351631
14170.0 0.46201353688384783
14180.0 0.4617040689389469
14190.0 0.4615051252600821
14200.0 0.46130618158121717
14210.0 0.46106302819593786
14220.0 0.46088618937028025
14230.0 0.4609082942234875
14240.0 0.46099671363631634
14250.0 0.46099671363631634
14260.0 0.46086408451707306
14270.0 0.4605988262785865
14280.0 0.4603114631868928
14290.0 0.46013462436123514
14300.0 0.4599798903887848
14310.0 0.4597588418567126
14320.0 0.45953779332464056
14330.0 0.45929463993936126
14340.0 0.45909569626049646
14350.0 0.45889675258163154
14360.0 0.4586978089027667
14370.0 0.4584767603706946
14380.0 0.4582115021322082
14390.0 0.4579020341873072
14400.0 0.45763677594882074
14410.0 0.4574599371231631
14420.0 0.45732730800391985
14430.0 0.4571062594718477
14440.0 0.45684100123336124
14450.0 0.45653153328846036
14460.0 0.4562220653435594
14470.0 0.45597891195828016
14480.0 0.45575786342620805
14490.0 0.4555810246005504
14500.0 0.4554041857748927
14510.0 0.4552273469492351
14520.0 0.45500629841716295
14530.0 0.4547189353254693
14540.0 0.45440946738056837
14550.0 0.45421052370170356
14560.0 0.45401158002283865
14570.0 0.45376842663755934
14580.0 0.4535473781054873
14590.0 0.4533705392798297
14600.0 0.45317159560096476
14610.0 0.45292844221568546
14620.0 0.452663183977199
14630.0 0.45244213544512696
14640.0 0.4522210869130548
14650.0 0.45193372382136116
14660.0 0.45164636072966746
14670.0 0.45144741705080255
14680.0 0.4512926830783521
14690.0 0.4511158442526944
14700.0 0.4508726908674151
14710.0 0.4505632229225143
14720.0 0.4502537549776134
14730.0 0.45007691615195566
14740.0 0.44992218217950525
14750.0 0.4497011336474332
14760.0 0.4494579802621539
14770.0 0.4492148268768746
14780.0 0.44899377834480253
14790.000000000002 0.44877272981273036
14800.0 0.4485516812806583
14810.000000000002 0.4483527376017935
14820.0 0.44815379392292864
14830.000000000002 0.4478885356844421
14840.0 0.44760117259274845
14850.000000000002 0.4473801240606763
14860.0 0.44715907552860423
14870.000000000002 0.4468938172901178
14880.0 0.44662855905163135
14890.000000000002 0.4463411959599376
14900.0 0.4460538328682439
14910.000000000002 0.44583278433617185
14920.0 0.4456117358040997
14930.000000000002 0.44532437271240605
14940.0 0.4450591144739195
14950.000000000002 0.44483806594184744
14960.0 0.4446391222629826
14970.000000000002 0.44439596887770333
14980.0 0.4440865009328024
14990.000000000002 0.4437328232814871
15000.0 0.4434233553365861
15009.999999999998 0.4431802019513069
15020.0 0.44295915341923475
15029.999999999998 0.44271600003395556
15040.0 0.442450741795469
15049.999999999998 0.4422075884101898
15060.0 0.44194233017170326
15069.999999999998 0.44167707193321676
15080.0 0.4413676039883158
15089.999999999998 0.44099182148379334
15100.0 0.440638143832478
15109.999999999998 0.4403728855939915
15120.0 0.44017394191512665
15129.999999999998 0.43993078852984735
15140.0 0.43964342543815366
15149.999999999998 0.4392897477868383
15160.0 0.4389139652823158
15169.999999999998 0.43856028763100047
15180.0 0.43820660997968514
15189.999999999998 0.43787503718157705
15200.0 0.4375434643834689
15209.999999999998 0.43723399643856803
15220.0 0.4369245284936671
15230.0 0.436592955695559
15240.0 0.43626138289745087
15250.0 0.43595191495255
15260.0 0.4356645518608563
15270.0 0.4353550839159554
15280.0 0.43502351111784726
15290.0 0.4346477286133247
15300.0 0.43429405096200935
15310.0 0.4340287927235229
15320.0 0.4337414296318292
15330.0 0.43334354227409944
