mejiro/data/filter_response/RomanSCA05-F213.ecsv
# %ECSV 1.0
# ---
# datatype:
# - {name: wavelength, unit: Angstrom, datatype: float64}
# - {name: response, datatype: float64}
# meta:
#   __serialized_columns__:
#     wavelength:
#       __class__: astropy.units.quantity.Quantity
#       unit: !astropy.units.Unit {unit: Angstrom}
#       value: !astropy.table.SerializedColumn {name: wavelength}
#   band_name: F213
#   group_name: RomanSCA05
# schema: astropy-2.0
wavelength response
19430.0 0.0
19440.0 2.2104853207207685e-05
19450.0 6.631455962162305e-05
19460.0 0.00017683882565766148
19470.0 0.00039788735772973834
19480.0 0.0008841941282883074
19490.0 0.001901017375819861
19500.0 0.0038683493112613454
19510.0 0.007405125824414575
19520.0 0.013461855603189481
19530.0 0.02321009586756807
19540.0 0.03799824266319001
19550.0 0.05913048232928056
19560.0 0.08762363811337126
19570.0 0.12383138766677747
19580.0 0.16711269024649011
19590.0 0.21585389156838306
19600.0 0.2676676674860779
19610.0 0.3197909113486736
19620.0 0.3690405242943323
19630.0 0.4126533996721531
19640.0 0.44912640746404575
19650.0 0.4780837651654878
19660.0 0.4997907310149658
19670.0 0.5150430797279391
19680.0 0.5251671024968402
19690.0 0.5314890905141015
19700.0 0.535158496146498
19710.0 0.537059513522318
19720.0 0.5380542319166423
19730.0 0.5386952726596512
19740.0 0.538982635751345
19750.0 0.5389384260449306
19760.0 0.5387836920724801
19770.0 0.5388057969256873
19780.0 0.5389384260449306
19790.0 0.5390489503109667
19800.0 0.5391152648705883
19810.0 0.5391373697237954
19820.0 0.5391373697237954
19830.0 0.5391815794302098
19840.0 0.5391594745770026
19850.0 0.5390268454577594
19860.0 0.5389163211917234
19870.0 0.5388942163385162
19880.0 0.5388942163385162
19890.0 0.5388500066321017
19900.0 0.5387615872192729
19910.0 0.5387615872192729
19920.0 0.5388057969256873
19930.0 0.5388942163385162
19940.0 0.5390047406045523
19950.0 0.5391152648705883
19960.0 0.5390931600173811
19970.0 0.5388279017788946
19980.0 0.5386952726596512
19990.0 0.5389384260449306
20000.0 0.5392257891366243
20010.0 0.539203684283417
20019.999999999996 0.5390047406045523
20030.0 0.5388279017788946
20040.0 0.5386952726596512
20050.0 0.5386068532468224
20059.999999999996 0.5384521192743721
20070.0 0.5382089658890927
20080.0 0.5379437076506063
20090.0 0.5378110785313629
20099.999999999996 0.5378331833845702
20110.0 0.537921602797399
20120.0 0.5379437076506063
20130.0 0.5377447639717414
20139.999999999996 0.5374574008800477
20150.0 0.5373026669075972
20160.0 0.53728056205439
20170.0 0.53728056205439
20179.999999999996 0.5371479329351468
20190.0 0.5367721504306242
20200.0 0.5363300533664801
20210.0 0.5360647951279935
20219.999999999996 0.5360205854215792
20230.0 0.5362195291004441
20240.0 0.5363963679261017
20250.0 0.5363300533664801
20259.999999999996 0.5361532145408224
20270.0 0.5360426902747863
20280.0 0.535998480568372
20290.0 0.5360426902747863
20299.999999999996 0.5360205854215792
20310.0 0.5358658514491287
20320.0 0.5356448029170566
20330.0 0.535467964091399
20339.999999999996 0.5353353349721558
20350.0 0.5352469155593269
20360.0 0.5352248107061197
20370.0 0.5353574398253629
20379.999999999996 0.535467964091399
20390.0 0.5354458592381918
20400.0 0.5353574398253629
20410.0 0.5352911252657414
20419.999999999996 0.5353353349721558
20430.0 0.5355342786510205
20440.0 0.5357332223298854
20450.0 0.5358658514491287
20460.0 0.5358658514491287
20470.0 0.5357332223298854
20480.0 0.5355563835042279
20490.0 0.5354237543849846
20500.0 0.5354900689446062
20510.0 0.5357995368895071
20520.0 0.5360868999812007
20530.0 0.5360426902747863
20540.0 0.5360868999812007
20550.0 0.5364847873389306
20560.0 0.5368384649902458
20570.0 0.5367721504306242
20580.0 0.5365953116049667
20590.0 0.5367279407242098
20600.0 0.5370374086691108
20610.0 0.5372363523479756
20620.0 0.537391086320426
20630.0 0.5375237154396694
20640.0 0.5376784494121197
20650.0 0.5378110785313629
20660.0 0.5380763367698496
20670.0 0.5385405386872009
20680.0 0.5388279017788946
20690.0 0.5387394823660657
20700.0 0.5388279017788946
20710.0 0.5395352570815252
20720.0 0.5402205075309486
20730.0 0.5402426123841558
20740.0 0.5402205075309486
20750.0 0.5407510240079216
20760.0 0.5412815404848946
20770.0 0.5411710162188585
20780.0 0.5409720725399937
20790.0 0.5412594356316873
20800.0 0.5417457424022459
20810.0 0.5420110006407325
20820.0 0.5422541540260117
20830.000000000004 0.5427183559433632
20840.0 0.5431162433010928
20850.0 0.5431604530075073
20860.0 0.5432267675671288
20870.000000000004 0.543668864631273
20880.0 0.544199381108246
20890.0 0.5444867441999397
20900.0 0.5445972684659757
20910.000000000004 0.5446856878788047
20920.0 0.544840421851255
20930.0 0.5451056800897416
20940.0 0.5453930431814352
20950.000000000004 0.5455477771538857
20960.0 0.5457246159795434
20970.0 0.5460561887776515
20980.0 0.5464761809885884
20990.000000000004 0.5468077537866965
21000.0 0.546962487759147
21010.0 0.5469403829059397
21020.0 0.546962487759147
21030.000000000004 0.5472940605572552
21040.0 0.5476477382085704
21050.0 0.5477582624746065
21060.0 0.547824577034228
21070.000000000004 0.5480235207130929
21080.0 0.5480898352727145
21090.0 0.5478024721810208
21100.0 0.5475372139425343
21110.000000000004 0.5476698430617776
21120.0 0.5480014158598857
21130.0 0.548244569245165
21140.0 0.5484435129240299
21150.000000000004 0.5486866663093092
21160.0 0.5489961342542101
21170.0 0.5492834973459038
21180.0 0.5493940216119397
21190.000000000004 0.549195077933075
21200.0 0.5490403439606245
21210.0 0.5491729730798677
21220.0 0.5492392876394894
21230.000000000004 0.548885609988174
21240.0 0.548465617777237
21250.0 0.548355093511201
21260.0 0.5485540371900659
21269.999999999996 0.5489519245477956
21280.0 0.549195077933075
21290.0 0.5490845536670389
21300.0 0.5489740294010028
21309.999999999996 0.5492392876394894
21320.0 0.5495929652908047
21330.0 0.5497255944100479
21340.0 0.5497034895568408
21349.999999999996 0.5496592798504263
21360.0 0.549416126465147
21370.0 0.5489298196945884
21380.0 0.5486203517496876
21389.999999999996 0.5487971905753452
21400.0 0.5489961342542101
21410.0 0.5487750857221381
21420.0 0.5485098274836515
21429.999999999996 0.5486203517496876
21440.0 0.5489077148413812
21450.0 0.5490403439606245
21460.0 0.5490624488138317
21469.999999999996 0.5490845536670389
21480.0 0.5490845536670389
21490.0 0.5490624488138317
21500.0 0.5491287633734533
21509.999999999996 0.5493940216119397
21520.0 0.5495045458779758
21530.0 0.5492171827862822
21540.0 0.5487750857221381
21549.999999999996 0.5485540371900659
21560.0 0.5484214080708226
21570.0 0.548244569245165
21580.0 0.5480898352727145
21589.999999999996 0.5480677304195074
21600.0 0.5482003595387506
21610.0 0.548465617777237
21620.0 0.5486866663093092
21629.999999999996 0.548664561456102
21640.0 0.5485761420432731
21650.0 0.5485319323368587
21660.0 0.5485761420432731
21669.999999999996 0.5486424566028948
21680.0 0.5485982468964803
21690.0 0.5484214080708226
21700.0 0.5482224643919579
21710.0 0.548134044979129
21720.0 0.5480456255663001
21730.0 0.5478908915938497
21740.0 0.547824577034228
21750.0 0.5479572061534713
21760.0 0.5480898352727145
21770.0 0.5481119401259218
21780.0 0.5481782546855435
21790.0 0.5484435129240299
21800.0 0.5487529808689308
21810.0 0.548885609988174
21820.0 0.5487529808689308
21830.0 0.5483993032176155
21840.0 0.5480898352727145
21850.0 0.5480677304195074
21860.0 0.5480677304195074
21870.0 0.5478687867406424
21880.0 0.5477803673278137
21890.0 0.548134044979129
21900.0 0.5483771983644082
21910.0 0.5480456255663001
21920.0 0.5476477382085704
21930.0 0.5476698430617776
21940.0 0.547824577034228
21950.0 0.5477582624746065
21960.0 0.5475814236489488
21970.0 0.5475372139425343
21980.0 0.5477582624746065
21990.0 0.5482003595387506
22000.0 0.5483329886579938
22010.0 0.547824577034228
22020.0 0.5472940605572552
22030.0 0.5473603751168767
22040.0 0.5478687867406424
22050.0 0.548465617777237
22060.0 0.5485761420432731
22070.0 0.5479129964470569
22080.000000000004 0.5474045848232911
22090.0 0.547824577034228
22100.0 0.5484214080708226
22110.0 0.548355093511201
22120.000000000004 0.5480898352727145
22130.0 0.5482224643919579
22140.0 0.5484435129240299
22150.0 0.5483993032176155
22160.000000000004 0.5483329886579938
22170.0 0.5485761420432731
22180.0 0.5489740294010028
22190.0 0.5492613924926966
22200.000000000004 0.5491508682266606
22210.0 0.5485540371900659
22220.0 0.5480677304195074
22230.0 0.5482666740983723
22240.000000000004 0.5489298196945884
22250.0 0.5495929652908047
22260.0 0.5497698041164624
22270.0 0.549195077933075
22280.000000000004 0.5486424566028948
22290.0 0.5488192954285525
22300.0 0.5493498119055253
22310.0 0.5496150701440119
22320.000000000004 0.5495487555843903
22330.0 0.5492392876394894
22340.0 0.5490182391074172
22350.0 0.5491287633734533
22360.000000000004 0.5493719167587326
22370.0 0.5493940216119397
22380.0 0.5492392876394894
22390.0 0.5490403439606245
22400.000000000004 0.5490624488138317
22410.0 0.5494382313183542
22420.0 0.5497034895568408
22430.0 0.5493719167587326
22440.000000000004 0.5489077148413812
22450.0 0.5488414002817597
22460.0 0.5489519245477956
22470.0 0.5489298196945884
22480.000000000004 0.5488192954285525
22490.0 0.5487308760157236
22500.0 0.5488635051349668
22510.0 0.549305602199111
22519.999999999996 0.5496813847036335
22530.0 0.5496592798504263
22540.0 0.5495929652908047
22550.0 0.5497255944100479
22559.999999999996 0.5497034895568408
22570.0 0.5491729730798677
22580.0 0.5487308760157236
22590.0 0.5489740294010028
22599.999999999996 0.549416126465147
22610.0 0.5495045458779758
22620.0 0.5493498119055253
22630.0 0.5492171827862822
22639.999999999996 0.5489519245477956
22650.0 0.5485098274836515
22660.0 0.5484435129240299
22670.0 0.5492171827862822
22679.999999999996 0.5499908526485344
22690.0 0.5499687477953272
22700.0 0.5494603361715614
22710.0 0.5489740294010028
22719.999999999996 0.5486866663093092
22730.0 0.5485761420432731
22740.0 0.5484214080708226
22750.0 0.5480456255663001
22759.999999999996 0.5476477382085704
22770.0 0.5474930042361199
22780.0 0.5475814236489488
22790.0 0.5478024721810208
22799.999999999996 0.5478908915938497
22810.0 0.5476919479149849
22820.0 0.5474045848232911
22830.0 0.5472940605572552
22839.999999999996 0.5472940605572552
22850.0 0.5473161654104622
22860.0 0.5473161654104622
22870.0 0.5473161654104622
22879.999999999996 0.5473161654104622
22890.0 0.5473603751168767
22900.0 0.5473824799700839
22910.0 0.5472498508508407
22919.999999999996 0.5468961731995253
22930.0 0.5461667130436875
22940.0 0.5449951558237055
22950.0 0.5432267675671288
22960.0 0.5408836531271648
22970.0 0.5378773930909846
22980.0 0.5337216806880295
22990.0 0.5277754751752907
23000.0 0.5193093163969301
23010.0 0.5076821636099389
23020.0 0.49260665372262324
23030.0 0.4738175284964967
23040.0 0.4504526986564782
23050.0 0.42211427684483793
23060.0 0.389332779538549
23070.0 0.35314713483835
23080.0 0.3147067951110158
23090.0 0.27513910787011403
23100.0 0.2352398478311042
23110.0 0.1961142576543466
23120.0 0.15953072559641787
23130.0 0.12670501858371447
23140.0 0.0980792336803805
23150.0 0.07380810485886645
23160.0 0.054002156385208375
23170.0 0.03844033972733416
23180.0 0.026570033555063637
23190.0 0.0178386165382166
23200.0 0.011605047933784035
23210.0 0.007316706411585743
23220.0 0.00448728520106316
23230.0 0.00267468723807213
23240.0 0.001547339724504538
23250.0 0.0008620892750810997
23260.0 0.00046420191735136135
23270.0 0.00024315338527928454
23280.0 0.0001326291192432461
23290.0 6.631455962162305e-05
23300.0 2.2104853207207685e-05
23310.0 2.2104853207207685e-05
23320.0 0.0
