mejiro/data/filter_response/RomanSCA08-F062.ecsv
# %ECSV 1.0
# ---
# datatype:
# - {name: wavelength, unit: Angstrom, datatype: float64}
# - {name: response, datatype: float64}
# meta:
#   __serialized_columns__:
#     wavelength:
#       __class__: astropy.units.quantity.Quantity
#       unit: !astropy.units.Unit {unit: Angstrom}
#       value: !astropy.table.SerializedColumn {name: wavelength}
#   band_name: F062
#   group_name: RomanSCA08
# schema: astropy-2.0
wavelength response
4710.0 0.0
4720.0 4.420970641441537e-05
4730.0 0.00022104853207207686
4740.0 0.0009505086879099305
4750.0 0.0035367765131532297
4760.0 0.010676644099081313
4770.0 0.02672476752751409
4780.0 0.05590317376102824
4790.0 0.09878658898301115
4800.0 0.1498487998916609
4810.0 0.19821421870903133
4820.0 0.23552721092279785
4830.0 0.2586267825243299
4840.0 0.26992236251321305
4850.0 0.2741222846225825
4860.0 0.27509489816369964
4870.0 0.27494016419124917
4880.0 0.27452017198031226
4890.0 0.2740559700629609
4900.0 0.2736359778520239
4910.0 0.27319388078787976
4920.0 0.272685469164114
4930.0 0.272154952687141
4940.0 0.2717349604762041
4950.0 0.27138128282488877
4960.0 0.27113812943960947
4970.0 0.2709612906139518
4980.0 0.2708507663479158
4990.0 0.2706739275222581
5000.0 0.2704086692837716
5010.0 0.2701213061920779
5020.0 0.2699886770728347
5030.0 0.26994446736642025
5040.0 0.2699886770728347
5050.0 0.2700770964856635
5060.0 0.27018762075169955
5070.0 0.27034235472415
5080.0 0.2705412984030149
5090.0 0.2708286614947086
5100.0 0.2712044439992311
5110.0 0.2716023313569608
5120.0 0.27195600900827616
5130.0 0.2723538963660059
5140.0 0.2728844128429789
5150.0 0.2735033487327807
5160.0 0.27414438947578973
5170.0 0.27480753507200595
5180.0 0.27551489037463656
5190.0 0.27628856023688886
5200.0 0.27706223009914116
5210.0 0.27790221452101505
5220.0 0.27880851350251057
5230.0 0.27980323189683487
5240.0 0.28086426485078086
5250.0 0.28196950751114125
5260.0 0.28307475017150163
5270.0 0.2841578879786548
5280.0 0.2853073403454296
5290.0 0.28656731697824045
5300.0 0.2880041324367089
5310.0 0.2895072624547991
5320.0 0.290988287619682
5330.0 0.2924693127845649
5340.0 0.29401665250906944
5350.0 0.29565241164640277
5360.0 0.297376590196565
5370.0 0.29918918815955603
5380.0 0.3010238909757542
5390.0 0.3028806986451597
5400.0 0.3047596111677724
5410.0 0.3066606285435922
5420.0 0.30865006533224093
5430.0 0.3107721312401328
5440.0 0.3130710359736824
5450.0 0.3154583601200609
5460.0 0.3178677891196465
5470.0 0.32025511326602496
5480.0 0.32259822770598895
5490.0 0.3250076567055746
5500.0 0.3275276099711963
5510.0 0.3301138777964396
5520.000000000001 0.3327664601813045
5530.000000000001 0.33548535712579103
5540.000000000001 0.3383368831895208
5550.000000000001 0.34121051410645786
5560.000000000001 0.3440620401701876
5570.000000000001 0.34695777594033184
5580.000000000001 0.34987561656368327
5590.000000000001 0.3528376668934491
5600.000000000001 0.3557997172232149
5610.000000000001 0.35880597725939517
5620.000000000001 0.36183434214878263
5629.999999999999 0.3649511264509989
5639.999999999999 0.3681342253128368
5649.999999999999 0.3713615338810891
5659.999999999999 0.3746109473025487
5669.999999999999 0.3776614170451433
5679.999999999999 0.3803582091364226
5689.999999999999 0.3830771060809092
5699.999999999999 0.3862159952363327
5709.999999999999 0.3894875135109994
5719.999999999999 0.3924937735471797
5729.999999999999 0.3953452996109095
5740.0 0.3981968256746392
5750.0 0.40111466629799064
5760.0 0.4040988214809637
5770.0 0.4069724523979007
5780.0 0.40966924448918
5790.0 0.41234393172725214
5800.0 0.41515124808456755
5810.0 0.4179364595886757
5820.0 0.42052272741391905
5830.0 0.42297636611991907
5840.0 0.42538579511950475
5850.0 0.4276404901466399
5860.0 0.4295857172288742
5870.0 0.431486734604694
5880.0 0.43349827624654996
5890.0 0.4355098178884058
5900.0 0.43738873041101844
5910.0 0.43911290896118066
5920.0 0.44070445839209965
5930.0 0.4420749592909465
5940.0 0.4431802019513069
5950.0 0.4441749203456312
5960.0 0.44523595329957727
5970.0 0.44627488140031596
5980.0 0.4472253900882259
5990.0 0.44804326965689256
6000.0 0.44870641525310884
6010.0 0.4492148268768746
6020.0 0.44956850452818986
6030.0 0.44992218217950525
6040.0 0.450430593803271
6050.0 0.4510053199866584
6060.0 0.4514695219040098
6070.0 0.4517347801424963
6080.0 0.4517347801424963
6090.0 0.4516684655828746
6100.0 0.4516684655828746
6110.0 0.45171267528928905
6120.0 0.45175688499570343
6130.0 0.4517347801424963
6140.0 0.45169057043608185
6150.0 0.4516242558764602
6160.0 0.4516242558764602
6170.0 0.4516684655828746
6180.0 0.45171267528928905
6190.0 0.45175688499570343
6200.0 0.4517347801424963
6210.0 0.45175688499570343
6220.0 0.4518674092617395
6230.0 0.4521105626470188
6240.0 0.4524642402983341
6250.0 0.4528179179496495
6260.0 0.45317159560096476
6270.0 0.45372421693114495
6280.0 0.45463051591264053
6290.0 0.45569154886658647
6300.0 0.456708372114118
6310.0 0.4577030905084424
6320.0 0.4587862283155955
6330.0 0.4599135758291631
6340.0 0.4610188184895235
6350.0 0.4621903757095055
6360.0 0.46356087660835243
6370.0 0.46493137750719926
6380.0 0.4662134589932173
6390.0 0.4673850162131993
6400.0 0.46857867828638855
6410.0 0.46990496947882093
6420.0 0.4713638897904967
6430.0 0.47280070524896517
6440.0 0.47395015761573994
6450.0 0.47494487601006435
6460.0 0.4758511749915598
6470.0 0.47682378853267693
6480.0 0.4779069263398301
6490.0 0.4790563787066049
6500.0 0.48011741166055094
6510.0 0.4810237106420464
6520.0 0.4817089610914698
6530.0 0.48219526786202843
6540.0 0.48259315521975815
6550.0 0.4829026231646591
6560.0 0.4831457765499384
6570.0 0.48343313964163204
6580.0 0.4837647124397402
6590.0 0.48402997067822673
6600.0 0.4840962852378483
6610.0 0.4840078658250195
6620.0 0.483853131852569
6630.0 0.48367629302691134
6640.0 0.48349945420125373
6650.0 0.4833447202288032
6660.0 0.48321209110956
6670.0 0.48303525228390237
6680.0 0.4827699940454159
6690.0 0.4824163163941005
6700.0 0.4819742193299564
6710.0 0.48155422711901946
6720.0 0.4812889688805329
6730.0 0.48104581549525366
6740.0 0.48080266210997435
6750.0 0.4804710893118663
6760.0 0.4800953068073437
6770.000000000001 0.4796753145964068
6780.000000000001 0.4792553223854698
6790.000000000001 0.47883533017453284
6800.000000000001 0.4784153379635959
6810.000000000001 0.4780837651654878
6820.000000000001 0.477884821486623
6830.000000000001 0.4776195632481364
6840.000000000001 0.4772216758904067
6850.000000000001 0.47677957882626254
6860.000000000001 0.47640379632174
6870.000000000001 0.47616064293646077
6879.999999999999 0.47598380411080315
6889.999999999999 0.47578486043193824
6899.999999999999 0.47538697307420846
6909.999999999999 0.4749669808632715
6919.999999999999 0.47467961777157786
6929.999999999999 0.4744143595330913
6939.999999999999 0.47410489158819047
6949.999999999999 0.47383963334970397
6959.999999999999 0.4737291090836679
6969.999999999999 0.4736848993772535
6979.999999999999 0.47361858481763186
6990.0 0.47361858481763186
7000.0 0.4737291090836679
7010.0 0.47377331879008233
7020.0 0.47359647996442467
7030.0 0.4733312217259382
7040.0 0.47317648775348775
7050.0 0.4730438586342445
7060.0 0.47291122951500125
7070.0 0.47282281010217236
7080.0 0.4728449149553796
7090.0 0.47297754407462284
7100.0 0.4731322780470733
7110.0 0.4731985926066949
7120.0 0.4731322780470733
7130.0 0.4729996489278301
7140.0 0.4729554392214157
7150.0 0.4731322780470733
7160.0 0.473530165404803
7170.0 0.47390594790932555
7180.0 0.47401647217536164
7190.0 0.4739943673221544
7200.0 0.474060681881776
7210.0 0.47410489158819047
7220.0 0.4740385770285688
7230.0 0.47395015761573994
7240.0 0.47386173820291116
7250.0 0.4737291090836679
7260.0 0.473530165404803
7270.0 0.47335332657914536
7280.0 0.473309116872731
7290.0 0.4733312217259382
7300.0 0.473309116872731
7310.0 0.4731543829002805
7320.0 0.4728449149553796
7330.0 0.47255755186368587
7340.0 0.4724470275976499
7350.0 0.4725796567168931
7360.0 0.472889124661794
7370.0 0.47317648775348775
7380.0 0.4732428023131093
7390.0 0.4731985926066949
7400.0 0.4731543829002805
7410.0 0.4731985926066949
7420.0 0.47341964113876706
7430.0 0.47359647996442467
7440.0 0.47359647996442467
7450.0 0.47366279452404625
7460.0 0.4739722624689472
7470.0 0.47430383526705533
7480.0 0.47450277894592013
7490.0 0.4749227711568571
7500.0 0.475762755578731
7510.0 0.47622695749608235
7520.0 0.47487856145044266
7530.0 0.4696397112403345
7540.0 0.45701784005901885
7550.0 0.43210567049449583
7560.0 0.39054854646494536
7570.0 0.33150648354849366
7580.0 0.2596878154782759
7590.0 0.18477446795904903
7600.0 0.11786307730083138
7610.0 0.06673455183256
7620.0 0.03326780407684757
7630.0 0.014522888557135448
7640.0 0.005526213301801921
7650.0 0.0018125979629910304
7660.0 0.0005305164769729844
7670.0 0.0001326291192432461
7680.0 2.2104853207207685e-05
7690.0 0.0
