mejiro/data/filter_response/RomanSCA17-F129.ecsv
# %ECSV 1.0
# ---
# datatype:
# - {name: wavelength, unit: Angstrom, datatype: float64}
# - {name: response, datatype: float64}
# meta:
#   __serialized_columns__:
#     wavelength:
#       __class__: astropy.units.quantity.Quantity
#       unit: !astropy.units.Unit {unit: Angstrom}
#       value: !astropy.table.SerializedColumn {name: wavelength}
#   band_name: F129
#   group_name: RomanSCA17
# schema: astropy-2.0
wavelength response
11130.0 0.0
11140.000000000002 2.2104853207207685e-05
11150.0 0.0001326291192432461
11160.000000000002 0.0005526213301801921
11170.0 0.0020999610546847303
11180.000000000002 0.00678618993461276
11190.0 0.018833334932540947
11200.000000000002 0.04469601318497394
11210.0 0.09142567286501099
11220.000000000002 0.16233804195373325
11230.0 0.2528353109840415
11240.000000000002 0.349853511710476
11250.0 0.4371013673193248
11259.999999999998 0.5030843541428397
11270.0 0.5451056800897416
11279.999999999998 0.567608420654679
11290.0 0.5777324434235801
11299.999999999998 0.5815786878816341
11310.0 0.5828607693676523
11319.999999999998 0.5832144470189675
11330.0 0.5832586567253819
11339.999999999998 0.5832365518721748
11350.0 0.5832144470189675
11359.999999999998 0.5831923421657604
11370.0 0.5831039227529315
11379.999999999998 0.5830597130465172
11390.0 0.5831039227529315
11399.999999999998 0.5832144470189675
11410.0 0.5832807615785892
11419.999999999998 0.5832807615785892
11430.0 0.5831702373125531
11439.999999999998 0.5830818178997244
11450.0 0.5830818178997244
11459.999999999998 0.5831260276061387
11470.0 0.5831039227529315
11480.0 0.5830376081933099
11490.0 0.5829491887804811
11500.0 0.5828828742208594
11510.0 0.582838664514445
11520.0 0.5827502451016162
11530.0 0.5826176159823729
11540.0 0.5825291965695442
11550.0 0.5825734062759585
11560.0 0.5825513014227514
11570.0 0.5823965674503009
11580.0 0.5821755189182288
11590.0 0.5821313092118144
11600.0 0.5821313092118144
11610.0 0.5820870995054
11620.0 0.5819544703861567
11630.0 0.5817555267072919
11640.0 0.5815786878816341
11650.0 0.5814681636155982
11660.0 0.5814018490559765
11670.0 0.5812913247899405
11680.0 0.5812029053771117
11690.0 0.5812029053771117
11700.0 0.5811586956706973
11710.0 0.580915542285418
11720.0 0.5806281791937243
11730.0 0.5804292355148594
11740.0 0.5803187112488234
11750.0 0.5802081869827873
11760.0 0.5800755578635441
11770.0 0.5799429287443009
11780.0 0.5798545093314721
11790.0 0.5798766141846792
11800.0 0.5798766141846792
11810.0 0.5797218802122287
11820.0 0.5795671462397783
11830.0 0.5794566219737423
11840.0 0.5793682025609135
11850.0 0.5791913637352558
11860.0 0.5789703152031838
11870.0 0.5787492666711116
11880.0 0.5786166375518683
11890.0 0.5785724278454539
11900.0 0.5784840084326252
11910.0 0.5782629599005531
11920.0 0.578041911368481
11930.0 0.5779755968088593
11940.0 0.5779092822492377
11950.0 0.5776882337171656
11960.0 0.5774892900383007
11970.0 0.5774229754786792
11980.0 0.5773787657722648
11990.0 0.5772240317998143
12000.0 0.5770250881209494
12010.0 0.5769366687081205
12020.0 0.576870354148499
12030.0 0.5767819347356702
12040.0 0.5767156201760485
12050.0 0.5767156201760485
12060.0 0.5766714104696341
12070.0 0.5765166764971836
12080.0 0.5762735231119044
12090.0 0.5760745794330395
12100.0 0.5759640551670034
12110.0 0.5759419503137962
12120.0 0.5758977406073819
12130.0 0.5757209017817241
12140.0 0.5755219581028593
12150.0 0.5754556435432376
12160.0 0.5754777483964449
12170.0 0.5755219581028593
12180.0 0.575499853249652
12190.0 0.5753009095707872
12200.0 0.5751461755983368
12210.0 0.575168280451544
12220.0 0.5752124901579584
12230.0 0.5751240707451295
12240.0 0.5750356513323007
12250.0 0.5750356513323007
12260.0 0.5750577561855079
12270.0 0.5749693367726791
12280.0 0.5748588125066431
12290.000000000002 0.5748588125066431
12300.0 0.5748367076534359
12310.000000000002 0.5747261833873999
12320.0 0.5745714494149493
12330.000000000002 0.5744830300021205
12340.0 0.5744167154424988
12350.000000000002 0.5743725057360844
12360.0 0.5743061911764629
12370.000000000002 0.5741956669104268
12380.0 0.5741514572040124
12390.000000000002 0.5742177717636341
12400.0 0.5742398766168413
12410.000000000002 0.5740630377911836
12420.0 0.5739304086719403
12430.000000000002 0.5739967232315619
12440.0 0.5740851426443908
12450.000000000002 0.5739525135251475
12460.0 0.5737977795526972
12470.000000000002 0.5737756746994899
12480.0 0.5738419892591116
12490.000000000002 0.573886198965526
12500.0 0.5738419892591116
12509.999999999998 0.5737977795526972
12520.0 0.5737093601398683
12529.999999999998 0.5736651504334539
12540.0 0.5736651504334539
12549.999999999998 0.5737314649930755
12560.0 0.5737756746994899
12569.999999999998 0.5737535698462827
12580.0 0.5736430455802466
12589.999999999998 0.573466206754589
12600.0 0.573355682488553
12609.999999999998 0.5734441019013817
12620.0 0.5735546261674178
12629.999999999998 0.5735767310206251
12640.0 0.5735325213142105
12649.999999999998 0.5735546261674178
12660.0 0.5735546261674178
12669.999999999998 0.5734219970481745
12680.0 0.5733114727821386
12689.999999999998 0.5733114727821386
12700.0 0.573355682488553
12709.999999999998 0.5733777873417601
12720.0 0.5733998921949673
12730.0 0.5734883116077961
12740.0 0.5734883116077961
12750.0 0.5733335776353458
12760.0 0.5731788436628953
12770.0 0.5732672630757241
12780.0 0.5734441019013817
12790.0 0.5735325213142105
12800.0 0.5734883116077961
12810.0 0.5733335776353458
12820.0 0.5731788436628953
12830.0 0.5732009485161025
12840.0 0.5732893679289314
12850.0 0.5733998921949673
12860.0 0.5734441019013817
12870.0 0.5733777873417601
12880.0 0.5733335776353458
12890.0 0.5733335776353458
12900.0 0.5733777873417601
12910.0 0.5734219970481745
12920.0 0.5733998921949673
12930.0 0.5733335776353458
12940.0 0.5733114727821386
12950.0 0.5733777873417601
12960.0 0.5733998921949673
12970.0 0.5733114727821386
12980.0 0.5732672630757241
12990.0 0.573355682488553
13000.0 0.5734441019013817
13010.0 0.5734219970481745
13020.0 0.5733114727821386
13030.0 0.573245158222517
13040.0 0.5732009485161025
13050.0 0.5732230533693097
13060.0 0.5732893679289314
13070.0 0.5733777873417601
13080.0 0.5734219970481745
13090.0 0.5733998921949673
13100.0 0.573466206754589
13110.0 0.5736872552866611
13120.0 0.5738640941123186
13130.0 0.5737314649930755
13140.0 0.5735546261674178
13150.0 0.5735104164610034
13160.0 0.5735546261674178
13170.0 0.5736430455802466
13180.0 0.5736651504334539
13190.0 0.5736209407270395
13200.0 0.5735546261674178
13210.0 0.5735767310206251
13220.0 0.5736430455802466
13230.0 0.5736872552866611
13240.0 0.5737093601398683
13250.0 0.5737093601398683
13260.0 0.5737314649930755
13270.0 0.5737756746994899
13280.0 0.5737756746994899
13290.0 0.5737093601398683
13300.0 0.5736651504334539
13310.0 0.5737535698462827
13320.0 0.573886198965526
13330.0 0.5739746183783547
13340.0 0.5739746183783547
13350.0 0.5739083038187331
13360.0 0.5739083038187331
13370.0 0.5739967232315619
13380.0 0.5740851426443908
13390.0 0.5739525135251475
13400.0 0.5737756746994899
13410.0 0.5737535698462827
13420.0 0.5738198844059043
13430.0 0.5739083038187331
13440.0 0.5739746183783547
13450.0 0.5740188280847692
13460.0 0.5740409329379764
13470.0 0.574107247497598
13480.0 0.5741514572040124
13490.0 0.5741514572040124
13500.0 0.5741293523508052
13510.0 0.5740851426443908
13520.0 0.5740409329379764
13530.0 0.5739525135251475
13540.000000000002 0.5739304086719403
13550.0 0.5739746183783547
13560.000000000002 0.5739746183783547
13570.0 0.5738419892591116
13580.000000000002 0.5737535698462827
13590.0 0.5738198844059043
13600.000000000002 0.5739083038187331
13610.0 0.5738419892591116
13620.000000000002 0.5736872552866611
13630.0 0.5735767310206251
13640.000000000002 0.5734883116077961
13650.0 0.5734441019013817
13660.000000000002 0.5734441019013817
13670.0 0.5735325213142105
13680.000000000002 0.5736209407270395
13690.0 0.5736209407270395
13700.000000000002 0.5735546261674178
13710.0 0.5734883116077961
13720.000000000002 0.5734219970481745
13730.0 0.5733777873417601
13740.000000000002 0.5733777873417601
13750.0 0.5734219970481745
13759.999999999998 0.5734441019013817
13770.0 0.573466206754589
13779.999999999998 0.5734219970481745
13790.0 0.5733114727821386
13799.999999999998 0.5732230533693097
13810.0 0.5731788436628953
13819.999999999998 0.5731567388096881
13830.0 0.5730904242500665
13839.999999999998 0.5729577951308232
13850.0 0.5727588514519584
13859.999999999998 0.5726262223327151
13870.0 0.5726262223327151
13879.999999999998 0.5726704320391295
13890.0 0.5726041174795078
13899.999999999998 0.5726262223327151
13910.0 0.5728472708647872
13919.999999999998 0.5730241096904448
13930.0 0.5729577951308232
13939.999999999998 0.5727809563051656
13950.0 0.5726925368923368
13959.999999999998 0.5727367465987512
13970.0 0.5728472708647872
13980.0 0.5729135854244088
13990.0 0.5727809563051656
14000.0 0.5725599077730934
14010.0 0.5724493835070574
14020.0 0.5724493835070574
14030.0 0.572515698066679
14040.0 0.5725599077730934
14050.0 0.572515698066679
14060.0 0.5723830689474358
14070.0 0.5722283349749853
14080.0 0.5720957058557421
14090.0 0.5719851815897061
14100.0 0.5718304476172557
14110.0 0.5715430845255619
14120.0 0.5713220359934899
14130.0 0.5713220359934899
14140.0 0.571344140846697
14150.0 0.5712336165806611
14160.0 0.5710346729017961
14170.0 0.5708799389293456
14180.0 0.5708357292229312
14190.0 0.5709020437825529
14200.0 0.5709683583421745
14210.0 0.5709904631953817
14220.0 0.5711009874614178
14230.0 0.571454665112733
14240.0 0.57187465732367
14250.0 0.5722062301217782
14260.0 0.5723609640942287
14270.0 0.5723830689474358
14280.0 0.5723830689474358
14290.0 0.5724714883602646
14300.0 0.5726262223327151
14310.0 0.5726925368923368
14320.0 0.5727588514519584
14330.0 0.5728030611583728
14340.0 0.5728914805712015
14350.0 0.5729798999840304
14360.0 0.5730904242500665
14370.0 0.5731567388096881
14380.0 0.5731346339564809
14390.0 0.5729356902776159
14400.0 0.5724272786538502
14410.0 0.5709683583421745
14420.0 0.5668568556456339
14430.0 0.5569980911152193
14440.0 0.5369268844030747
14450.0 0.5015591192715424
14460.0 0.44742433376709073
14470.0 0.3754067220180081
14480.0 0.2919387963075919
14490.0 0.20778562014775223
14500.0 0.13391120072926416
14510.0 0.07749961534447015
14520.0 0.039987679451838704
14530.0 0.018324923308775172
14540.0 0.007405125824414575
14550.0 0.002652582384864922
14560.0 0.000839984421873892
14570.0 0.00022104853207207686
14580.0 4.420970641441537e-05
14590.0 2.2104853207207685e-05
14600.0 0.0
