mejiro/data/filter_response/RomanSCA15-Grism_1stOrder.ecsv
# %ECSV 1.0
# ---
# datatype:
# - {name: wavelength, unit: Angstrom, datatype: float64}
# - {name: response, datatype: float64}
# meta:
#   __serialized_columns__:
#     wavelength:
#       __class__: astropy.units.quantity.Quantity
#       unit: !astropy.units.Unit {unit: Angstrom}
#       value: !astropy.table.SerializedColumn {name: wavelength}
#   band_name: Grism_1stOrder
#   group_name: RomanSCA15
# schema: astropy-2.0
wavelength response
9900.0 0.0
9910.0 4.420970641441537e-05
9920.0 0.00033157279810811527
9930.0 0.0019231222290270686
9940.0 0.00802406171421639
9950.0 0.024890064711315857
9960.0 0.05835681246702829
9970.0 0.10603698083497527
9980.0 0.15497712583573306
9990.0 0.19133960936158972
10000.0 0.21118976754166224
10009.999999999998 0.21954540205398673
10020.0 0.22279481547544627
10029.999999999998 0.22454109887881568
10040.0 0.22597791433728417
10049.999999999998 0.22737052008933825
10060.0 0.22876312584139233
10069.999999999998 0.2301778364466536
10080.0 0.23157044219870773
10089.999999999998 0.23294094309755461
10100.0 0.2343335488496087
10109.999999999998 0.23574825945486996
10120.0 0.23718507491333846
10129.999999999998 0.23857768066539253
10140.0 0.23994818156423942
10149.999999999998 0.24129657760987908
10160.0 0.242667078508726
10169.999999999998 0.24405968426078006
10180.0 0.24545229001283414
10189.999999999998 0.24684489576488822
10200.0 0.24823750151694232
10209.999999999998 0.24960800241578918
10220.0 0.25097850331463606
10230.0 0.25234900421348294
10240.0 0.2537195051123298
10250.0 0.25506790115796946
10260.0 0.25639419235040195
10270.0 0.2577204835428344
10280.0 0.2590688795884741
10290.0 0.26046148534052815
10300.0 0.26183198623937504
10310.0 0.2631361725786003
10320.0 0.2644403589178255
10330.0 0.26576665011025796
10340.0 0.26711504615589765
10350.0 0.2684413373483301
10360.0 0.2697455236875554
10370.0 0.27104971002678063
10380.0 0.2723538963660059
10390.0 0.2736359778520239
10400.0 0.2748959544848348
10410.0 0.27615593111764564
10420.0 0.2774380126036637
10430.0 0.2787643037960961
10440.0 0.2800463852821142
10450.0 0.2812400473553034
10460.0 0.2824337094284926
10470.0 0.28367158120809627
10480.0 0.28495366269411426
10490.0 0.2862578490333395
10500.0 0.28749572081294317
10510.0 0.2886672780329252
10520.0 0.28981673039969996
10530.0 0.2910324973260964
10540.0 0.29229247395890723
10550.0 0.2935303457385109
10560.0 0.29472400781170005
10570.0 0.29591766988488927
10580.0 0.2970450173984569
10590.0 0.29812815520561003
10600.0 0.2992112930127632
10610.0 0.30036074537953805
10620.0 0.30157651230593446
10630.0 0.30272596467270924
10640.0 0.3038312073330697
10650.0 0.3048922402870156
10660.0 0.30593116838775436
10670.0 0.30703641104811474
10680.0 0.3081416537084751
10690.0 0.3092247915156283
10700.0 0.31028582446957426
10710.0 0.3113910671299347
10720.0 0.312496309790295
10730.0 0.31360155245065546
10740.0 0.3146846902578086
10750.0 0.31578993291816904
10760.0 0.31689517557852936
10770.0 0.3179119988260609
10780.0 0.3189067172203853
10790.0 0.31990143561470963
10800.0 0.3209403637154484
10810.0 0.322067711229016
10820.0 0.32315084903616914
10830.0 0.3241234625772863
10840.0 0.3250960761184034
10850.0 0.3261792139255566
10860.0 0.32724024687950254
10870.0 0.32823496527382695
10880.0 0.32920757881494406
10890.0 0.3302022972092684
10900.0 0.33121912045679996
10910.0 0.3322359437043315
10920.0 0.33323066209865587
10930.0 0.334203275639773
10940.0 0.33517588918089014
10950.0 0.33617060757521444
10960.0 0.33716532596953885
10970.0 0.33811583465744877
10980.0 0.33919897246460196
10990.0 0.3405252636570344
11000.0 0.34182944999625964
11010.0 0.3428904829502056
11020.0 0.3438188867849083
11030.0 0.3448136051792327
11040.000000000002 0.34587463813317865
11050.0 0.3469356710871246
11060.000000000002 0.3479745991878634
11070.0 0.3490356321418093
11080.000000000002 0.3500524553893409
11090.0 0.35100296407725085
11100.000000000002 0.35195347276516076
11110.0 0.35301450571910675
11120.000000000002 0.35411974837946714
11130.0 0.3551365716269987
11140.000000000002 0.35615339487453024
11150.0 0.3572365326816834
11160.000000000002 0.35829756563562937
11170.0 0.3592038646171249
11180.000000000002 0.3601322684518276
11190.0 0.36117119655256635
11200.000000000002 0.36225433435971954
11210.0 0.3632269479008367
11220.000000000002 0.3641995614419538
11230.0 0.3652384895426926
11240.000000000002 0.36623320793701697
11250.0 0.36709529721209805
11259.999999999998 0.36795738648717913
11270.0 0.36888579032188185
11279.999999999998 0.369858403862999
11290.0 0.3708310174041161
11299.999999999998 0.3718036309452333
11310.0 0.37279834933955763
11319.999999999998 0.3737709628806748
11330.0 0.3746993667153775
11339.999999999998 0.375605665696873
11350.0 0.3765119646783685
11359.999999999998 0.3774403685130712
11370.0 0.37830245778815236
11379.999999999998 0.3792087567696478
11390.0 0.38013716060435054
11399.999999999998 0.3811097741454677
11410.0 0.3820823876865848
11419.999999999998 0.38296658181487314
11430.0 0.383806566236747
11439.999999999998 0.3846244458054137
11450.0 0.38550863993370205
11459.999999999998 0.38641493891519757
11470.0 0.38729913304348584
11480.0 0.38811701261215253
11490.0 0.3889348921808192
11500.0 0.38973066689627867
11510.0 0.39057065131815255
11520.0 0.39136642603361205
11530.0 0.39214009589586435
11540.0 0.39291376575811665
11550.0 0.39377585503319773
11560.0 0.39459373460186437
11570.0 0.39530108990449503
11580.0 0.3960084452071257
11590.0 0.39678211506937794
11600.0 0.39757788978483743
11610.0 0.39837366450029693
11620.0 0.39908101980292754
11630.0 0.3997441653991438
11640.0 0.40040731099536
11650.0 0.4011367711511979
11660.0 0.40186623130703575
11670.0 0.40255148175645916
11680.0 0.403280941912297
11690.0 0.40403250692134207
11700.0 0.40476196707717993
11710.0 0.40535879811377457
11720.0 0.4058893145907475
11730.0 0.40650825048054934
11740.0 0.4071713960767656
11750.0 0.4078345416729818
11760.0 0.40845347756278366
11770.0 0.40909451830579263
11780.0 0.40975766390200885
11790.0 0.4104650192046395
11800.0 0.4111723745072702
11810.0 0.41179131039707195
11820.0 0.41236603658045934
11830.0 0.4129849724702612
11840.0 0.413603908360063
11850.0 0.4141565296902432
11860.0 0.41466494131400894
11870.0 0.41517335293777474
11880.0 0.41574807912116213
11890.0 0.41636701501096396
11900.0 0.4169638460475586
11910.0 0.41745015281811715
11920.0 0.4179143547354685
11930.0 0.4185111857720631
11940.0 0.4190859119554505
11950.0 0.41955011387280183
11960.0 0.4200143157901532
11970.0 0.42058904197354063
11980.0 0.421163768156928
11990.0 0.4216279700742794
12000.0 0.42209217199163074
12010.0 0.42260058361539654
12020.0 0.4231532049455767
12030.0 0.42366161656934254
12040.0 0.4241700281931083
12050.0 0.42474475437649567
12060.0 0.4252531660002614
12070.0 0.4256952630644056
12080.0 0.42607104556892816
12090.0 0.4264689329266579
12100.0 0.42691102999080205
12110.0 0.4274194416145678
12120.0 0.4279278532383336
12130.0 0.4283036357428561
12140.0 0.42865731339417146
12150.0 0.4291215153115228
12160.0 0.42962992693528856
12170.0 0.43016044341226156
12180.0 0.4306246453296129
12190.0 0.43097832298092825
12200.0 0.4313320006322436
12210.0 0.43181830740280214
12220.0 0.4323046141733607
12230.0 0.43270250153109047
12240.0 0.433078284035613
12250.0 0.43354248595296435
12260.0 0.4339845830171085
12270.0 0.43433826066842385
12280.0 0.4347140431729463
12290.000000000002 0.43511193053067604
12300.0 0.4355098178884058
12310.000000000002 0.43584139068651395
12320.0 0.43612875377820765
12330.000000000002 0.4364603265763157
12340.0 0.43681400422763106
12350.000000000002 0.4371455770257392
12360.0 0.43747714982384733
12370.000000000002 0.43776451291554097
12380.0 0.4380960857136491
12390.000000000002 0.4385160779245861
12400.0 0.4388918604291086
12410.000000000002 0.43911290896118066
12420.0 0.43935606234645996
12430.000000000002 0.4397539497041897
12440.0 0.44015183706191946
12450.000000000002 0.4403728855939915
12460.0 0.4405718292728564
12470.000000000002 0.44085919236455007
12480.0 0.4412349748690726
12490.000000000002 0.44156654766718073
12500.0 0.4418318059056672
12509.999999999998 0.4420749592909465
12520.0 0.4422960078230186
12529.999999999998 0.44253916120829784
12540.0 0.44282652429999153
12549.999999999998 0.44313599224489253
12560.0 0.4434233553365861
12569.999999999998 0.4436665087218654
12580.0 0.4438433475475231
12589.999999999998 0.44395387181355916
12600.0 0.44410860578600964
12609.999999999998 0.44439596887770333
12620.0 0.44472754167581136
12629.999999999998 0.44497069506109066
12640.0 0.4451696387399556
12649.999999999998 0.44539068727202763
12660.0 0.4456117358040997
12669.999999999998 0.44572226007013577
12680.0 0.44583278433617185
12689.999999999998 0.44603172801503665
12700.0 0.44627488140031596
12709.999999999998 0.4464738250791808
12720.0 0.4466948736112529
12730.0 0.4469601318497394
12740.0 0.4471369706753971
12750.0 0.4471811803818115
12760.0 0.44724749494143307
12770.0 0.44749064832671237
12780.0 0.44780011627161326
12790.0 0.44804326965689256
12800.0 0.4481758987761358
12810.0 0.44822010848255023
12820.0 0.4482643181889646
12830.0 0.44844115701462234
12840.0 0.4486622055466944
12850.0 0.4489053589319737
12860.0 0.44908219775763136
12870.0 0.44919272202366733
12880.0 0.4493032462897034
12890.0 0.4494579802621539
12900.0 0.44963481908781155
12910.0 0.44981165791346917
12920.0 0.4499442870327124
12930.0 0.45005481129874847
12940.0 0.45016533556478455
12950.0 0.4503421743904422
12960.0 0.45051901321609983
12970.0 0.4505853277757215
12980.0 0.4506958520417575
12990.0 0.45089479572062235
13000.0 0.45109373939948727
13010.0 0.4512263685187305
13020.0 0.4512926830783521
13030.0 0.45135899763797377
13040.0 0.4514695219040098
13050.0 0.4516242558764602
13060.0 0.45182319955532513
13070.0 0.45202214323419
13080.0 0.45219898205984765
13090.0 0.4523095063258836
13100.0 0.45248634515154135
13110.0 0.4528179179496495
13120.0 0.4530610713349287
13130.0 0.4531052810413431
13140.0 0.4530831761881359
13150.0 0.45317159560096476
13160.0 0.4533484344266224
13170.0 0.4535473781054873
13180.0 0.45368000722473056
13190.0 0.45376842663755934
13200.0 0.4538568460503882
13210.0 0.4539894751696314
13220.0 0.4541442091420819
13230.0 0.4542989431145324
13240.0 0.4544315722337756
13250.0 0.4545420964998116
13260.0 0.45465262076584767
13270.0 0.4547852498850909
13280.0 0.454895774151127
13290.0 0.45493998385754136
13300.0 0.45500629841716295
13310.0 0.4551610323896134
13320.0 0.45535997606847833
13330.0 0.4555147100409288
13340.0 0.45560312945375764
13350.0 0.4556252343069648
13360.0 0.45569154886658647
13370.0 0.45584628283903683
13380.0 0.45597891195828016
13390.0 0.4559568071050729
13400.0 0.4558683876922441
13410.0 0.4559125973986585
13420.0 0.45600101681148736
13430.0 0.4561336459307306
13440.0 0.45624417019676666
13450.0 0.4563104847563882
13460.0 0.4563767993160099
13470.0 0.4564652187288387
13480.0 0.4565094284352531
13490.0 0.4565536381416675
13500.0 0.4565536381416675
13510.0 0.45653153328846036
13520.0 0.4565094284352531
13530.0 0.4564431138756315
13540.000000000002 0.4564210090224243
13550.0 0.4564431138756315
13560.000000000002 0.4564431138756315
13570.0 0.45633258960959544
13580.000000000002 0.4562220653435594
13590.0 0.4562662750499738
13600.000000000002 0.4563104847563882
13610.0 0.4562220653435594
13620.000000000002 0.456067331371109
13630.0 0.4559347022518658
13640.000000000002 0.4558241779858297
13650.0 0.45573575857300086
13660.000000000002 0.4556694440133792
13670.0 0.45569154886658647
13680.000000000002 0.45569154886658647
13690.0 0.4556252343069648
13700.000000000002 0.4555147100409288
13710.0 0.4553820809216855
13720.000000000002 0.45524945180244225
13730.0 0.4551389275364063
13740.000000000002 0.45505050812357745
13750.0 0.4549841935639558
13759.999999999998 0.4549178790043341
13770.0 0.45482945959150534
13779.999999999998 0.4546747256190549
13790.0 0.4544978867933972
13799.999999999998 0.4542989431145324
13810.0 0.4541663139952892
13819.999999999998 0.45403368487604584
13830.0 0.4538568460503882
13839.999999999998 0.45361369266510887
13850.0 0.45332632957341523
13859.999999999998 0.4530831761881359
13870.0 0.4529505470688927
13879.999999999998 0.4528400228028566
13890.0 0.452663183977199
13899.999999999998 0.4525084500047485
13910.0 0.4525305548579558
13919.999999999998 0.4525305548579558
13930.0 0.4523095063258836
13939.999999999998 0.45202214323419
13950.0 0.4517789898489107
13959.999999999998 0.4516242558764602
13970.0 0.45155794131683863
13980.0 0.4514253121975953
13990.0 0.4511379491059017
14000.0 0.4508063763077936
14010.0 0.45051901321609983
14020.0 0.45032006953723497
14030.0 0.4501874404179917
14040.0 0.4500106015923341
14050.0 0.449789553060262
14060.0 0.449480085115361
14070.0 0.4491706171704602
14080.0 0.4488611492255593
14090.0 0.4485516812806583
14100.0 0.44822010848255023
14110.0 0.4477780114184061
14120.0 0.4473801240606763
14130.0 0.44715907552860423
14140.0 0.4469601318497394
14150.0 0.44662855905163135
14160.0 0.44625277654710876
14170.0 0.44589909889579343
14180.0 0.44563384065730693
14190.0 0.4454570018316493
14200.0 0.4452580581527844
14210.0 0.44503700962071235
14220.0 0.4448822756482619
14230.0 0.44490438050146913
14240.0 0.44499279991429797
14250.0 0.4450149047675051
14260.0 0.4448822756482619
14270.0 0.4446391222629826
14280.0 0.4443738640244961
14290.0 0.44419702519883847
14300.0 0.44404229122638794
14310.0 0.4438433475475231
14320.0 0.443622299015451
14330.0 0.443401250483379
14340.0 0.44320230680451406
14350.0 0.44300336312564925
14360.0 0.4428044194467844
14370.0 0.4426054757679195
14380.0 0.44234021752943303
14390.0 0.4420307495845321
14400.0 0.4417654913460456
14410.0 0.4415886525203879
14420.0 0.4414339185479375
14430.0 0.4412349748690726
14440.0 0.4409476117773789
14450.0 0.440638143832478
14460.0 0.44032867588757707
14470.0 0.44006341764909057
14480.0 0.4398423691170185
14490.0 0.43964342543815366
14500.0 0.439466586612496
14510.0 0.4392897477868383
14520.0 0.439046594401559
14530.0 0.43873712645665813
14540.0 0.43842765851175725
14550.0 0.43818450512647794
14560.0 0.4379634565944059
14570.0 0.4377203032091266
14580.0 0.43745504497064014
14590.0 0.4372561012917752
14600.0 0.43705715761291036
14610.0 0.43676979452121667
14620.0 0.4364824314295229
14630.0 0.4362392780442437
14640.0 0.4359740198057572
14650.0 0.4356645518608563
14660.0 0.4353771887691626
14670.0 0.4351340353838833
14680.0 0.4349571965582256
14690.0 0.4347361480261535
14700.0 0.43447088978766707
14710.0 0.43411721213635174
14720.0 0.4338077441914508
14730.0 0.43358669565937874
14740.0 0.43340985683372113
14750.0 0.4331445985952346
14760.0 0.4328572355035409
14770.0 0.43259197726505444
14780.0 0.43234882387977513
14790.000000000002 0.43208356564128864
14800.0 0.43184041225600933
14810.000000000002 0.4316193637239372
14820.0 0.431376210338658
14830.000000000002 0.4310888472469643
14840.0 0.4307793793020634
14850.000000000002 0.4305362259167841
14860.0 0.4302709676782976
14870.000000000002 0.4300057094398111
14880.0 0.4296962414949102
14890.000000000002 0.42938677355000926
14900.0 0.4290994104583156
14910.000000000002 0.42883415221982907
14920.0 0.4285909988345498
14930.000000000002 0.42828153088964893
14940.0 0.4279941677979552
14950.000000000002 0.42777311926588313
14960.0 0.427552070733811
14970.000000000002 0.4272647076421174
14980.0 0.42695523969721644
14990.000000000002 0.4266015620459011
15000.0 0.42626998924779297
15009.999999999998 0.4260047310093065
15020.0 0.4257615776240272
15029.999999999998 0.42551842423874797
15040.0 0.4252531660002614
15049.999999999998 0.424987907761775
15060.0 0.4247226495232885
15069.999999999998 0.424457391284802
15080.0 0.4241479233399011
15089.999999999998 0.42377214083537856
15100.0 0.42341846318406323
15109.999999999998 0.4231532049455767
15120.0 0.4229542612667119
15129.999999999998 0.42271110788143257
15140.0 0.4224237447897389
15149.999999999998 0.42209217199163074
15160.0 0.4217163894871082
15169.999999999998 0.4213627118357929
15180.0 0.4210090341844776
15189.999999999998 0.42069956623957666
15200.0 0.4203679934414685
15209.999999999998 0.4200806303497749
15220.0 0.41977116240487394
15230.0 0.41946169445997306
15240.0 0.4191301216618649
15250.0 0.4188427585701712
15260.0 0.41855539547847753
15270.0 0.41826803238678384
15280.0 0.41795856444188295
15290.0 0.4176048867905676
15300.0 0.41725120913925223
15310.0 0.417008055753973
15320.0 0.4167206926622793
15330.0 0.41636701501096396
