mejiro/data/filter_response/RomanSCA07-F184.ecsv
# %ECSV 1.0
# ---
# datatype:
# - {name: wavelength, unit: Angstrom, datatype: float64}
# - {name: response, datatype: float64}
# meta:
#   __serialized_columns__:
#     wavelength:
#       __class__: astropy.units.quantity.Quantity
#       unit: !astropy.units.Unit {unit: Angstrom}
#       value: !astropy.table.SerializedColumn {name: wavelength}
#   band_name: F184
#   group_name: RomanSCA07
# schema: astropy-2.0
wavelength response
16580.0 0.0
16590.0 2.2104853207207685e-05
16600.0 4.420970641441537e-05
16610.0 0.0001326291192432461
16620.0 0.0003094679449009076
16630.0 0.0007073553026306459
16640.0 0.001547339724504538
16650.0 0.0032052037150451145
16660.0 0.006277778310846983
16670.0 0.011582943080576828
16680.0 0.020292255244216656
16690.0 0.0336656914345773
16700.0 0.05307375255050566
16710.0 0.07953326183953326
16720.0 0.11348631636580425
16730.0 0.1544687142119673
16740.0 0.2010436399195539
16750.0 0.2509121887550144
16760.0 0.3011123103885831
16770.0 0.3486377447840796
16780.0 0.3910127483822967
16790.0 0.4266236668991083
16800.0 0.4547852498850909
16810.0 0.4757185458723166
16820.0 0.49035195869548814
16830.0 0.5000559892534523
16840.0 0.5060906141790199
16850.0 0.509605285838966
16860.0 0.5115726177744074
16870.0 0.5126778604347679
16880.0 0.5132967963245696
16890.0 0.513650473975885
16900.0 0.5138494176547499
16910.0 0.5139820467739932
16920.0 0.5141588855996507
16930.0 0.5144020389849301
16940.0 0.5146009826637948
16950.0 0.5146451923702093
16960.0 0.5147336117830381
16970.0 0.5149988700215247
16980.0 0.515242023406804
16990.0 0.515242023406804
17000.0 0.515242023406804
17010.0 0.5154851767920832
17020.0 0.5158167495901913
17030.0 0.5160599029754707
17040.0 0.5161704272415067
17050.0 0.5161925320947138
17060.0 0.5162588466543355
17070.0 0.5164577903332003
17080.0 0.5166788388652724
17090.0 0.5168114679845157
17100.0 0.5168998873973445
17110.0 0.5170325165165878
17120.0 0.5171651456358309
17130.0 0.5173419844614886
17140.0 0.5174525087275247
17150.0 0.5175188232871464
17160.0 0.5176514524063897
17170.0 0.5179830252044977
17180.0 0.5182924931493986
17190.0 0.5183809125622274
17200.0 0.5184030174154347
17210.0 0.5185356465346779
17220.0 0.5187124853603355
17230.0 0.5188230096263716
17240.0 0.5189556387456149
17250.0 0.5191545824244796
17260.0 0.5193314212501374
17270.0 0.519397735809759
17280.0 0.5194419455161734
17290.0 0.5195303649290022
17300.0 0.5196850989014526
17310.0 0.5198619377271103
17320.0 0.5200166716995608
17330.0 0.5201714056720113
17340.0 0.5203040347912545
17350.0 0.5204587687637049
17360.0 0.5205913978829483
17370.0 0.5206577124425699
17380.0 0.5206577124425699
17390.0 0.5205913978829483
17400.0 0.5206135027361554
17410.0 0.5208345512682274
17420.0 0.5210777046535068
17430.0 0.5211882289195429
17440.0 0.5212324386259573
17450.0 0.5213650677452005
17460.0 0.5214534871580293
17470.0 0.5214313823048221
17480.0 0.5213871725984076
17490.0 0.5214092774516149
17500.0 0.5214313823048221
17510.0 0.5214313823048221
17520.0 0.5214976968644437
17530.0 0.5216966405433086
17540.0 0.5218734793689662
17550.0 0.5218955842221735
17560.0 0.5218292696625518
17570.0 0.5218071648093446
17580.0 0.5218071648093446
17590.0 0.5218292696625518
17600.0 0.5218734793689662
17610.0 0.5219618987817951
17620.0 0.5220061084882095
17630.0 0.5219397939285879
17640.0 0.5218734793689662
17650.0 0.5219176890753806
17660.0 0.5220061084882095
17670.0 0.5220061084882095
17680.0 0.5219618987817951
17690.0 0.5218955842221735
17700.0 0.5218292696625518
17710.0 0.5217850599561374
17720.0 0.5217629551029301
17730.0 0.5217187453965157
17740.0 0.521740850249723
17750.0 0.5218071648093446
17760.0 0.5218955842221735
17770.0 0.5218734793689662
17780.0 0.5218734793689662
17790.0 0.5219397939285879
17800.0 0.5220061084882095
17810.0 0.5220061084882095
17820.0 0.5219176890753806
17830.0 0.5217629551029301
17840.0 0.5216524308368942
17850.0 0.5216524308368942
17860.0 0.5217187453965157
17870.0 0.5218292696625518
17880.0 0.5219618987817951
17890.0 0.5220724230478312
17900.0 0.52216084246066
17910.0 0.52216084246066
17920.0 0.5221166327542456
17930.0 0.5220724230478312
17940.0 0.5220945279010383
17950.0 0.5222492618734887
17960.0 0.522381890992732
17970.0 0.5223597861395248
17980.0 0.5222934715799032
17990.0 0.5223376812863176
18000.0 0.5225145201119753
18010.0 0.5227355686440474
18020.0 0.522912407469705
18030.0 0.5229566171761194
18040.0 0.5229566171761194
18050.0 0.5230008268825339
18060.0 0.5231113511485699
18070.0 0.5232881899742275
18080.0 0.5234871336530924
18090.0 0.5236860773319573
18100.0 0.5238187064512005
18110.0 0.5238850210108221
18120.0 0.5239955452768581
18130.0 0.5242165938089303
18140.0 0.5244597471942095
18150.0 0.5246586908730744
18160.0 0.5248134248455248
18170.0 0.5249460539647681
18180.0 0.5249902636711825
18190.0 0.5248576345519393
18200.0 0.5247692151391105
18210.0 0.5249239491115608
18220.0 0.5252334170564619
18230.0 0.5255428850013627
18240.0 0.5258744577994708
18250.0 0.5262281354507862
18260.0 0.5266039179553087
18270.0 0.5268691761937953
18280.0 0.5270239101662456
18290.0 0.5270460150194529
18300.0 0.52706811987266
18310.0 0.527267063551525
18320.0 0.5274660072303898
18330.0 0.5275323217900114
18340.0 0.5275544266432186
18350.0 0.5277312654688763
18360.0 0.52801862856057
18370.0 0.5283059916522637
18380.0 0.5285933547439574
18390.0 0.5288365081292367
18400.0 0.5289912421016871
18410.0 0.5290796615145159
18420.0 0.5291017663677232
18430.0 0.5291017663677232
18440.0 0.5291017663677232
18450.0 0.529190185780552
18460.0 0.529300710046588
18470.0 0.5294333391658312
18480.0 0.5295880731382817
18490.0 0.5297870168171466
18500.0 0.5298975410831827
18510.0 0.5297649119639394
18520.0 0.5296764925511105
18530.0 0.5297870168171466
18540.0 0.5299196459363898
18550.0 0.5299196459363898
18560.0 0.5298754362299755
18570.0 0.5299196459363898
18580.0 0.5300301702024259
18590.0 0.5301185896152547
18600.0 0.5301849041748763
18610.0 0.5302733235877052
18620.0 0.5303396381473268
18630.0 0.5303396381473268
18640.0 0.5301849041748763
18650.0 0.5298312265235611
18660.0 0.5295217585786601
18670.0 0.5294996537254529
18680.0 0.5295659682850745
18690.0 0.5295217585786601
18700.0 0.5293891294594169
18710.0 0.5292343954869664
18720.0 0.5292565003401736
18730.0 0.5295880731382817
18740.0 0.5298533313767682
18750.0 0.5297428071107322
18760.0 0.5295659682850745
18770.0 0.5295880731382817
18780.0 0.5296543876979034
18790.0 0.5295217585786601
18800.0 0.5293449197530024
18810.0 0.5293449197530024
18820.0 0.5293670246062097
18830.0 0.5292565003401736
18840.0 0.5291238712209304
18850.0 0.5291017663677232
18860.0 0.5291017663677232
18870.0 0.5290354518081015
18880.0 0.5289249275420654
18890.0 0.5288365081292367
18900.0 0.5288586129824439
18910.0 0.5289912421016871
18920.0 0.5289691372484798
18930.0 0.5285712498907502
18940.0 0.5281512576798132
18950.0 0.5280407334137771
18960.0 0.52801862856057
18970.0 0.527819684881705
18980.0 0.5276649509092547
18990.0 0.527797580028498
19000.0 0.5279744188541556
19010.0 0.5279744188541556
19020.0 0.5279081042945339
19030.0 0.5279302091477411
19040.0 0.52801862856057
19050.0 0.5280849431201916
19060.0 0.52801862856057
19070.0 0.5277754751752907
19080.0 0.5275102169368042
19090.0 0.5273775878175609
19100.0 0.5273996926707681
19110.0 0.5275323217900114
19120.0 0.5276428460560475
19130.0 0.5276428460560475
19140.0 0.527598636349633
19150.0 0.5276207412028402
19160.0 0.5275765314964258
19170.0 0.5273996926707681
19180.0 0.5270902247258673
19190.0 0.5268028616341736
19200.0 0.5267586519277592
19210.0 0.5271786441386961
19220.0 0.5276207412028402
19230.0 0.5276649509092547
19240.0 0.5275102169368042
19250.0 0.5273996926707681
19260.0 0.5272449586983178
19270.0 0.5268912810470023
19280.0 0.5266702325149303
19290.0 0.5268912810470023
19300.0 0.527267063551525
19310.0 0.5274439023771825
19320.0 0.5273554829643538
19330.0 0.52706811987266
19340.0 0.526847071340588
19350.0 0.5268691761937953
19360.0 0.526957595606624
19370.0 0.5269354907534168
19380.0 0.5268912810470023
19390.0 0.5269133859002096
19400.0 0.52706811987266
19410.0 0.5272891684047322
19420.0 0.5274217975239754
19430.0 0.5272891684047322
19440.0 0.5270239101662456
19450.0 0.5268028616341736
19460.0 0.5267144422213448
19470.0 0.5268028616341736
19480.0 0.5268691761937953
19490.0 0.5267586519277592
19500.0 0.5266923373681375
19510.0 0.5268691761937953
19520.0 0.5270902247258673
19530.0 0.5271565392854889
19540.0 0.5271565392854889
19550.0 0.5272007489919033
19560.0 0.5272891684047322
19570.0 0.5274217975239754
19580.0 0.5274217975239754
19590.0 0.5272228538451105
19600.0 0.5271123295790744
19610.0 0.5273554829643538
19620.0 0.527598636349633
19630.0 0.5274881120835969
19640.0 0.5272891684047322
19650.0 0.5273112732579394
19660.0 0.5274660072303898
19670.0 0.527598636349633
19680.0 0.5276870557624619
19690.0 0.5277754751752907
19700.0 0.5277533703220836
19710.0 0.5276207412028402
19720.0 0.5275544266432186
19730.0 0.5276207412028402
19740.0 0.5276428460560475
19750.0 0.5273775878175609
19760.0 0.5270460150194529
19770.0 0.5268028616341736
19780.0 0.5265376033956871
19790.0 0.5259849820655069
19800.0 0.5250565782308042
19810.0 0.523553448212714
19820.0 0.5213429628919932
19830.0 0.5181598640301553
19840.0 0.513650473975885
19850.0 0.5073948005182451
19860.0 0.49910548056554227
19870.0 0.48851725587928985
19880.0 0.4751438196889292
19890.0 0.4586314943431451
19900.0 0.4388697555759014
19910.0 0.41583649853399096
19920.0 0.3896643523366571
19930.0 0.3606627849288006
19940.0 0.32934020793418733
19950.0 0.2963818718022406
19960.0 0.26247302698238406
19970.0 0.22851997245611305
19980.0 0.1955616363241664
19990.0 0.16441589815521077
20000.0 0.13563537927942637
20010.0 0.10964007190775012
20019.999999999996 0.08682786339791178
20030.0 0.06735348772236183
20040.0 0.05112852546827138
20050.0 0.03799824266319001
20059.999999999996 0.0276089616558024
20070.0 0.019607004794793218
20080.0 0.013616589575639935
20090.0 0.009239828640612811
20099.999999999996 0.006145149191603736
20110.0 0.0039788735772973835
20120.0 0.0025199532656216763
20130.0 0.001547339724504538
20139.999999999996 0.0009284038347027227
20150.0 0.0005526213301801921
20160.0 0.0003094679449009076
20170.0 0.00017683882565766148
20179.999999999996 8.841941282883074e-05
20190.0 4.420970641441537e-05
20200.0 2.2104853207207685e-05
20210.0 2.2104853207207685e-05
20219.999999999996 0.0
