mejiro/data/filter_response/RomanSCA15-Grism_1stOrder.ecsv
# %ECSV 1.0
# ---
# datatype:
# - {name: wavelength, unit: Angstrom, datatype: float64}
# - {name: response, datatype: float64}
# meta:
#   __serialized_columns__:
#     wavelength:
#       __class__: astropy.units.quantity.Quantity
#       unit: !astropy.units.Unit {unit: Angstrom}
#       value: !astropy.table.SerializedColumn {name: wavelength}
#   band_name: Grism_1stOrder
#   group_name: RomanSCA15
# schema: astropy-2.0
wavelength response
[from data line 545]
15350.0 0.4155933451487117
15360.0 0.4152396674973964
15370.0 0.41488598984608105
15380.0 0.4145544170479729
15390.0 0.4142670539562793
15400.0 0.4139796908645855
15410.0 0.413603908360063
15420.0 0.41318391614912603
15430.0 0.4127639239381891
15440.0 0.4123881414336666
15450.0 0.4121228831951801
15460.0 0.4118797298099008
15470.0 0.41152605215858545
15480.0 0.4111723745072702
15490.0 0.41084080170916204
15500.0 0.4104871240578467
15510.0 0.4100671318469098
15520.0 0.4096471396359728
15530.0 0.4092934619846575
15540.0 0.4089618891865494
15550.0 0.4085861066820269
15560.0 0.4081882193242971
15570.0 0.40772401740694575
15580.0 0.40732613004921603
15590.0 0.4070166621043151
15600.0 0.406685089306207
15610.0 0.40624299224206284
15620.0 0.4058230000311259
15630.0 0.4055356369394322
15640.0 0.4052703787009457
15650.0 0.40487249134321596
15660.0 0.4044082894258646
15670.0 0.4040104020681349
15680.0 0.40365672441681955
15690.0 0.40336936132512585
15700.0 0.4030156836738105
15710.0 0.40252937690325197
15720.0 0.40204307013269336
15730.0 0.4017114973345853
15740.0 0.4014462390960988
15750.0 0.40109256144478345
15760.0 0.40067256923384653
15770.0 0.4002083673164952
15780.0 0.3997441653991438
15790.0 0.39934627804141404
15800.0 0.3989704955368915
15810.0 0.39855050332595454
15820.0 0.3981526159682248
15830.0 0.39779893831690954
15840.0 0.3974452606655942
15850.0 0.39700316360145005
15860.0 0.3965610665373059
15870.0 0.39622949373919775
15880.0 0.39592002579429686
15890.0 0.39554424328977433
15900.0 0.3951463559320446
15910.0 0.39470425886790045
15920.0 0.39430637151017073
15930.0 0.3939969035652698
15940.0 0.39366533076716165
15950.0 0.39324533855622473
15960.0 0.39280324149208057
15970.0 0.3923611444279364
15980.0 0.39198536192341393
15990.0 0.391675893978513
16000.0 0.39136642603361205
16010.0 0.3909685386758823
16020.0 0.39054854646494536
16030.0 0.39015065910721564
16040.000000000002 0.38977487660269317
16050.0 0.3893990940981706
16060.000000000002 0.38904541644685525
16070.0 0.3887138436487471
16080.000000000002 0.3883601659974318
16090.0 0.3879622786397021
16100.000000000002 0.3875864961351796
16110.0 0.38725492333707145
16120.000000000002 0.3869233505389633
16130.0 0.38650335832802635
16140.000000000002 0.38608336611708943
16150.0 0.38572968846577416
16160.000000000002 0.3854423253740804
16170.0 0.3851328574291795
16180.000000000002 0.3848012846310714
16190.0 0.38442550212654886
16200.000000000002 0.38404971962202633
16210.0 0.3836739371175038
16220.000000000002 0.3832981546129813
16230.0 0.38294447696166595
16240.000000000002 0.3825907993103506
16250.0 0.3821708070994137
16259.999999999998 0.3817950245948912
16270.0 0.38148555664999023
16279.999999999998 0.3811539838518821
16290.0 0.3807339916409452
16299.999999999998 0.380291894576801
16310.0 0.37993821692548574
16319.999999999998 0.3796287489805848
16330.0 0.37931928103568385
16339.999999999998 0.3789656033843685
16350.0 0.378589820879846
16359.999999999998 0.3782361432285307
16370.0 0.3778824655772154
16379.999999999998 0.37752878792590006
16390.0 0.3771972151277919
16400.0 0.3767993277700622
16410.0 0.3763793355591253
16420.0 0.37600355305460276
16430.0 0.3756940851097018
16440.0 0.3753625123115937
16450.0 0.37496462495386396
16460.0 0.3745225278897198
16470.0 0.3741025356787828
16480.0 0.37370464832105316
16490.0 0.37330676096332344
16500.0 0.37293097845880085
16510.0 0.37264361536710716
16520.0 0.372312042568999
16530.0 0.3718036309452333
16540.0 0.3712952193214675
16550.0 0.37096364652335934
16560.0 0.3706762834316657
16570.0 0.37032260578035037
16580.0 0.3699026135694134
16590.0 0.3695047262116837
16600.0 0.36915104856036834
16610.0 0.36884158061546746
16620.0 0.3684879029641521
16630.0 0.36795738648717913
16640.0 0.3674489748634134
16650.0 0.36709529721209805
16660.0 0.36680793412040436
16670.0 0.366454256469089
16680.0 0.36603426425815205
16690.0 0.3655258526343863
16700.0 0.3650395458638277
16710.0 0.36466376335930517
16720.0 0.36428798085478264
16730.0 0.3638237789374313
16740.0 0.3633816818732871
16750.0 0.36302800422197185
16760.0 0.3626743265706565
16770.0 0.36227643921292674
16780.0 0.361878551855197
16790.0 0.3615248742038817
16800.0 0.36117119655256635
16810.0 0.3607954140480439
16820.0 0.3603975266903141
16830.0 0.3599996393325844
16840.0 0.3596017519748546
16850.0 0.3591817597639177
16860.0 0.35873966269977353
16870.0 0.3583417753420438
16880.0 0.35796599283752123
16890.0 0.3575681054797915
16900.0 0.3571702181220618
16910.0 0.3567502259111248
16920.0 0.35637444340660235
16930.0 0.3560649754617014
16940.0 0.3557112978103861
16950.0 0.3552692007462419
16960.0 0.35484920853530494
16970.0 0.3545618454436113
16980.0 0.35425237749871036
16990.0 0.3537660707281518
17000.0 0.35327976395759325
17010.0 0.3529702960126923
17020.0 0.352727142627413
17030.0 0.3524176746825121
17040.0 0.3520197873247824
17050.0 0.35155558540743104
17060.0 0.35113559319649407
17070.0 0.35078191554517874
17080.0 0.35047244760027785
17090.0 0.3500745602425481
17100.0 0.3496766728848184
17110.0 0.34927878552708863
17120.0 0.3489030030225661
17130.0 0.3485493253712508
17140.0 0.34817354286672825
17150.0 0.3477314458025841
17160.0 0.34735566329806156
17170.0 0.3471125099127823
17180.0 0.34684725167429575
17190.0 0.34644936431656603
17200.0 0.34600726725242187
17210.0 0.3456314847478994
17220.0 0.34527780709658407
17230.0 0.3448799197388543
17240.0 0.34450413723433176
17250.0 0.3441725644362236
17260.0 0.3438188867849083
17270.0 0.34342099942717863
17280.0 0.34297890236303447
17290.0 0.34258101500530475
17300.0 0.3422273373539894
17310.0 0.3418736597026741
17320.0 0.34151998205135875
17330.0 0.3411663044000434
17340.0 0.3407905218955209
17350.0 0.34043684424420556
17360.0 0.34006106173968303
17370.0 0.33964106952874606
17380.0 0.33919897246460196
17390.0 0.33869056084083615
17400.0 0.33827056862989924
17410.0 0.3379389958317911
17420.0 0.3376516327400974
17430.0 0.3372758502355749
17440.0 0.3368558580246379
17450.0 0.3364800755201154
17460.0 0.33610429301559286
17470.0 0.3356400910982415
17480.0 0.33517588918089014
17490.0 0.334733792116746
17500.0 0.3342916950526018
17510.0 0.33384959798845765
17520.0 0.3334517106307279
17530.0 0.3331201378326198
17540.0 0.3327885650345117
17550.0 0.3323685728235748
17560.0 0.3318822660530162
17570.0 0.3314180641356648
17580.0 0.3309759670715207
17590.0 0.33053387000737655
17600.0 0.3301359826496468
17610.0 0.32973809529191705
17620.0 0.3293181030809801
17630.0 0.32883179631042153
17640.0 0.3283675943930702
17650.0 0.3279476021821332
17660.0 0.3275497148244035
17670.0 0.3271297226134665
17680.0 0.32664341584290796
17690.0 0.3261571090723494
17700.0 0.32567080230179085
17710.0 0.3252066003844395
17720.0 0.32474239846708813
17730.0 0.3242781965497368
17740.0 0.3238582043387998
17750.0 0.3234603169810701
17760.0 0.3230403247701331
17770.0 0.32259822770598895
17780.0 0.32215613064184484
17790.0 0.32173613843090787
17800.0 0.32133825107317815
17810.0 0.3208740491558268
17820.0 0.320365637532061
17830.0 0.31983512105508805
17840.0 0.31932670943132224
17850.0 0.3188625075139708
17860.0 0.3184425153030339
17870.0 0.3180667327985114
17880.0 0.31769095029398886
17890.0 0.31731516778946633
17900.0 0.31689517557852936
17910.0 0.316430973661178
17920.0 0.31594466689061945
17930.0 0.3154583601200609
17940.0 0.31501626305591673
17950.0 0.3146404805513942
17960.0 0.3142646980468717
17970.0 0.3137783912763131
17980.0 0.3132699796525473
17990.0 0.31282788258840316
18000.0 0.31245210008388064
18010.0 0.3121205272857725
18020.0 0.31174474478125
18030.0 0.3112805428638986
18040.0 0.31081634094654725
18050.0 0.3103521390291959
18060.0 0.3099321468182589
18070.0 0.30955636431373645
18080.0 0.3092026866624211
18090.0 0.3088269041578986
18100.0 0.3084290168001688
18110.0 0.30796481488281746
18120.0 0.30754482267188055
18130.0 0.3071911450205652
18140.0 0.3068374673692499
18150.0 0.30646168486472736
18160.0 0.30606379750699764
18170.0 0.30566591014926786
18180.0 0.3052017082319165
18190.0 0.3046269820485291
18200.0 0.3040964655715561
18210.0 0.30367647336061915
18220.0 0.3033670054157183
18230.0 0.3030575374708174
18240.0 0.3027701743791236
18250.0 0.30248281128743
18260.0 0.30219544819573624
18270.0 0.30186387539762816
18280.0 0.3014659880398984
18290.0 0.3009796812693398
18300.0 0.30051547935198847
18310.0 0.30013969684746594
18320.0 0.2997639143429434
18330.0 0.2993218172787993
18340.0 0.29885761536144795
18350.0 0.29848183285692537
18360.0 0.2981502600588173
18370.0 0.29784079211391634
18380.0 0.29750921931580826
18390.0 0.29715554166449293
18400.0 0.2967797591599704
18410.0 0.29635976694903343
18420.0 0.2958955650316821
18430.0 0.2954092582611235
18440.0 0.29494505634377216
18450.0 0.2945250641328352
18460.0 0.29412717677510547
18470.0 0.29375139427058294
18480.0 0.29337561176606036
18490.0 0.29302193411474503
18500.0 0.29260194190380817
18510.0 0.2920935302800423
18520.0 0.29158511865627657
18530.0 0.29118723129854684
18540.0 0.2908335536472315
18550.0 0.29036935172988015
18560.0 0.2899051498125288
18570.0 0.2894851576015919
18580.0 0.28910937509706935
18590.0 0.2887114877393396
18600.0 0.28831360038160986
18610.0 0.2879157130238801
18620.0 0.28751782566615036
18630.0 0.2870978334552134
18640.0 0.28656731697824045
18650.0 0.2859483810884386
18660.0 0.2853736549050512
18670.0 0.2849094529876998
18680.0 0.2845336704831773
18690.0 0.2840915734190331
18700.0 0.2835831617952674
18710.0 0.28307475017150163
18720.0 0.28265475796056466
18730.0 0.2824116045752854
18740.0 0.2821463463367989
18750.0 0.2816600395662403
18760.0 0.28112952308926736
18770.0 0.2807316357315376
18780.0 0.28033374837380787
18790.0 0.2798253367500421
18800.0 0.2792948202730691
18810.0 0.27885272320892496
18820.0 0.2783885212915736
18830.0 0.2778580048146006
18840.0 0.277261173778006
18850.0 0.27670855244782583
18860.0 0.276089616558024
18870.0 0.27538226125539333
18880.0 0.27456438168672664
18890.0 0.2736359778520239
18900.0 0.2726191546044924
18910.0 0.2714697022377176
18920.0 0.2700107819260419
18930.0 0.2680876596970148
18940.0 0.2658108598166724
18950.0 0.26331301140425795
18960.0 0.2603730659276993
18970.0 0.2568583942677533
18980.0 0.25276899642441986
18990.0 0.2481490821041135
19000.0 0.24288812704079804
19010.0 0.2367650827024015
19020.0 0.22984626364854552
19030.0 0.22217587958564447
19040.0 0.21375393051369831
19050.0 0.2045583115794999
19060.0 0.19461112763625646
19070.0 0.18395658839038237
19080.0 0.17277153266753525
19090.0 0.16121069444016564
19100.0 0.14938459797430953
19110.0 0.13740376753600297
19120.0 0.1254008322444892
19130.0 0.11350842121901146
19140.0 0.10188126843202022
19150.0 0.09065200300275872
19160.0 0.07993114919726299
19170.0 0.06982923128156908
19180.0 0.0604125638152986
19190.0 0.0517695662112804
19200.0 0.04394444817592888
19210.0 0.03698141941565846
19220.0 0.03079206051764031
19230.0 0.025376371481874424
19240.0 0.020690142601946394
19250.0 0.0166891641714418
19260.0 0.013307121630739025
19270.0 0.010499805273423651
19280.0 0.008200900539874052
19290.0 0.006344092870468606
19300.0 0.004840962852378483
19310.0 0.003669405632396476
19320.0 0.002741001797693753
19330.0 0.0020115416418558995
19340.0 0.001481025164882915
19350.0 0.0010610329539459688
19360.0 0.0007515650090450613
19370.0 0.0005305164769729844
19380.0 0.00037578250452253065
19390.0 0.0002652582384864922
19400.0 0.00017683882565766148
19410.0 0.00011052426603603843
19420.0 8.841941282883074e-05
19430.0 4.420970641441537e-05
19440.0 4.420970641441537e-05
19450.0 2.2104853207207685e-05
19460.0 2.2104853207207685e-05
19470.0 0.0
