mejiro/data/filter_response/RomanSCA09-F062.ecsv
# %ECSV 1.0
# ---
# datatype:
# - {name: wavelength, unit: Angstrom, datatype: float64}
# - {name: response, datatype: float64}
# meta:
#   __serialized_columns__:
#     wavelength:
#       __class__: astropy.units.quantity.Quantity
#       unit: !astropy.units.Unit {unit: Angstrom}
#       value: !astropy.table.SerializedColumn {name: wavelength}
#   band_name: F062
#   group_name: RomanSCA09
# schema: astropy-2.0
wavelength response
4710.0 0.0
4720.0 4.420970641441537e-05
4730.0 0.0002873630916936999
4740.0 0.0013483960456396689
4750.0 0.0050399065312433525
4760.0 0.015141824446937267
4770.0 0.03700352426886566
4780.0 0.07440493589546107
4790.0 0.12498084003355225
4800.0 0.1791377303912111
4810.0 0.22416531637429313
4820.0 0.2539405536444019
4830.0 0.2693034266234112
4840.0 0.2752938418425645
4850.0 0.27681907671386186
4860.0 0.2767748670074474
4870.0 0.2763548747965105
4880.0 0.27591277773236633
4890.0 0.2755369952278438
4900.0 0.2751833175765285
4910.0 0.27480753507200595
4920.0 0.27440964771427623
4930.0 0.27401176035654645
4940.0 0.27370229241164556
4950.0 0.2734812438795735
4960.0 0.2733928244667446
4970.0 0.2733928244667446
4980.0 0.2734591390263663
4990.0 0.2734812438795735
5000.0 0.27343703417315907
5010.0 0.27341492931995187
5020.0 0.2735254535859879
5030.0 0.27374650211805995
5040.0 0.2740780749161681
5050.0 0.2744759622738978
5060.0 0.27494016419124917
5070.0 0.2754264709618078
5080.0 0.2759569874387807
5090.0 0.2765759233285826
5100.0 0.2773274883376276
5110.0 0.2781011581998799
5120.0 0.27880851350251057
5130.0 0.2795821833647628
5140.0 0.2804884823462583
5150.0 0.2814832007405827
5160.0 0.28252212884132144
5170.0 0.2835610569420602
5180.0 0.2846441947492134
5190.0 0.28577154226278095
5200.0 0.2869209946295558
5210.0 0.28811465670274494
5220.0 0.2893746333355558
5230.0 0.29070092452798824
5240.0 0.2920935302800423
5250.0 0.2935082408853037
5260.0 0.29490084663735777
5270.0 0.29629345238941185
5280.0 0.2976860581414659
5290.0 0.2992112930127632
5300.0 0.3008691570033038
5310.0 0.302593335553466
5320.0 0.3042511995440066
5330.0 0.3058869586813399
5340.0 0.30758903237829494
5350.0 0.30933531578166434
5360.0 0.3111700185978626
5370.0 0.313026826267268
5380.0 0.3148836339366735
5390.0 0.31674044160607895
5400.0 0.3185751444222772
5410.0 0.32040984723847543
5420.0 0.32228875976108806
5430.0 0.3242560916965296
5440.0 0.32640026245762865
5450.0 0.32856653807193503
5460.0 0.3307328136862414
5470.0 0.3328106698877189
5480.0 0.3348001066763676
5490.0 0.3368116483182235
5500.0 0.338889504519701
5510.0 0.34098946557438575
5520.000000000001 0.3431115314822777
5530.000000000001 0.34527780709658407
5540.000000000001 0.34748829241730483
5550.000000000001 0.3497208825912328
5560.000000000001 0.35190926305874637
5570.000000000001 0.3540755386730527
5580.000000000001 0.35626391914056627
5590.000000000001 0.35845229960807984
5600.000000000001 0.36061857522238616
5610.000000000001 0.36278485083669254
5620.000000000001 0.3649953361574133
5629.999999999999 0.36725003118454846
5639.999999999999 0.36954893591809806
5649.999999999999 0.37189205035806205
5659.999999999999 0.37425726965123335
5669.999999999999 0.3764014404123325
5679.999999999999 0.37819193352211633
5689.999999999999 0.3800266363383145
5699.999999999999 0.38225922651224253
5709.999999999999 0.3846023409522065
5719.999999999999 0.38672440686009846
5729.999999999999 0.3886917387955399
5740.0 0.39068117558418863
5750.0 0.39273692693245893
5760.0 0.39485899284035086
5770.0 0.3969147441886212
5780.0 0.39881576156444104
5790.0 0.4006946740870537
5800.0 0.402750425435324
5810.0 0.4048061767835943
5820.0 0.40670719415941425
5830.0 0.40849768726919805
5840.0 0.41028818037898185
5850.0 0.4119460443695224
5860.0 0.41338285982799094
5870.0 0.414775465580045
5880.0 0.4163228053045495
5890.0 0.41795856444188295
5900.0 0.41948379931318025
5910.0 0.4208985099184415
5920.0 0.42226901081728846
5930.0 0.4234626728904776
5940.0 0.424457391284802
5950.0 0.42540789997271194
5960.0 0.4264910377798651
5970.0 0.4276183852934327
5980.0 0.42872362795379304
5990.0 0.4297625560545318
6000.0 0.430735169595649
6010.0 0.4316193637239372
6020.0 0.4324151384393967
6030.0 0.43329933256768505
6040.0 0.43436036552163104
6050.0 0.435531922741613
6060.0 0.43663716540197345
6070.0 0.43756556923667617
6080.0 0.4382729245393068
6090.0 0.4389139652823158
6100.0 0.4396213205849464
6110.0 0.4403728855939915
6120.0 0.4410802408966222
6130.0 0.44172128163963115
6140.0 0.4423181126762258
6150.0 0.4428707340064059
6160.0 0.4434233553365861
6170.0 0.44395387181355916
6180.0 0.4444401785841178
6190.0 0.44483806594184744
6200.0 0.44510332418033394
6210.0 0.4453022678591988
6220.0 0.44552331639127085
6230.0 0.44576646977655016
6240.0 0.4459875183086222
6250.0 0.4460980425746583
6260.0 0.4460980425746583
6270.0 0.44614225228107274
6280.0 0.44645172022597357
6290.0 0.4467832930240817
6300.0 0.4469822367029466
6310.0 0.4470927609689827
6320.0 0.4472253900882259
6330.0 0.44731380950105476
6340.0 0.4473359143542619
6350.0 0.4473801240606763
6360.0 0.44755696288633406
6370.0 0.44775590656519887
6380.0 0.44780011627161326
6390.0 0.44775590656519887
6400.0 0.4477338017119917
6410.0 0.4478222211248205
6420.0 0.4480653745100998
6430.0 0.448308527895379
6440.0 0.44833063274858626
6450.0 0.44822010848255023
6460.0 0.4481095842165142
6470.0 0.4481095842165142
6480.0 0.44828642304217187
6490.0 0.44859589098707275
6500.0 0.4489053589319737
6510.0 0.4491706171704602
6520.0 0.4493032462897034
6530.0 0.4493474559961178
6540.0 0.44936956084932506
6550.0 0.44939166570253225
6560.0 0.44943587540894664
6570.0 0.44956850452818986
6580.0 0.4498337627666764
6590.0 0.45007691615195566
6600.0 0.4501874404179917
6610.0 0.450209545271199
6620.0 0.450209545271199
6630.0 0.450209545271199
6640.0 0.4502537549776134
6650.0 0.45036427924364936
6660.0 0.45051901321609983
6670.0 0.45067374718855036
6680.0 0.4507400617481719
6690.0 0.45071795689496474
6700.0 0.45065164233534305
6710.0 0.45060743262892866
6720.0 0.4506958520417575
6730.0 0.4508284811610007
6740.0 0.45091690057382955
6750.0 0.4509390054270368
6760.0 0.4508726908674151
6770.000000000001 0.45076216660137913
6780.000000000001 0.45065164233534305
6790.000000000001 0.45051901321609983
6800.000000000001 0.45036427924364936
6810.000000000001 0.4502758598308205
6820.000000000001 0.4502758598308205
6830.000000000001 0.4502537549776134
6840.000000000001 0.4500327064455412
6850.000000000001 0.4497674482070548
6860.000000000001 0.44956850452818986
6870.000000000001 0.4494579802621539
6879.999999999999 0.4494137705557395
6889.999999999999 0.44932535114291067
6899.999999999999 0.4490379880512169
6909.999999999999 0.448728520106316
6919.999999999999 0.4484853667210368
6929.999999999999 0.44828642304217187
6939.999999999999 0.4480211648036854
6949.999999999999 0.4477780114184061
6959.999999999999 0.4476895920055773
6969.999999999999 0.4476232774459556
6979.999999999999 0.4475348580331268
6990.0 0.44749064832671237
7000.0 0.4475348580331268
7010.0 0.4475127531799196
7020.0 0.4472695997946403
7030.0 0.4469380269965322
7040.0 0.4466948736112529
7050.0 0.446495929932388
7060.0 0.4462969862535232
7070.0 0.44612014742786554
7080.0 0.44607593772145104
7090.0 0.44614225228107274
7100.0 0.44625277654710876
7110.0 0.4462969862535232
7120.0 0.4462085668406944
7130.0 0.44612014742786554
7140.0 0.44614225228107274
7150.0 0.4463633008131448
7160.0 0.44687171243691054
7170.0 0.44735801920746915
7180.0 0.44764538229916284
7190.0 0.4478664308312349
7200.0 0.44819800362934303
7210.0 0.44857378613386556
7220.0 0.44888325407876645
7230.0 0.4492148268768746
7240.0 0.4496127142346043
7250.0 0.45005481129874847
7260.0 0.45047480350968544
7270.0 0.4509832151334512
7280.0 0.4516684655828746
7290.0 0.4524642402983341
7300.0 0.4532600150137936
7310.0 0.4539894751696314
7320.0 0.45456420135301884
7330.0 0.45520524209602786
7340.0 0.45604522651790175
7350.0 0.45715046917826213
7360.0 0.4584325506642802
7370.0 0.45969252729709104
7380.0 0.46075356025103703
7390.0 0.4617040689389469
7400.0 0.46265457762685686
7410.0 0.4636714008743884
7420.0 0.4648208532411632
7430.0 0.4659260959015236
7440.0 0.46685449973622634
7450.0 0.4678050084241362
7460.0 0.4689323559377038
7470.0 0.47005970345127146
7480.0 0.47096600243276693
7490.0 0.47198282568029853
7500.0 0.4731322780470733
7510.0 0.47335332657914536
7520.0 0.4706344296346589
7530.0 0.4623008999755416
7540.0 0.4444622834373249
7550.0 0.4128302384978107
7560.0 0.3648406021849629
7570.0 0.302062819076493
7580.0 0.23086308689607707
7590.0 0.16079070222922873
7600.0 0.1009749694505247
7610.0 0.056698948476487716
7620.0 0.028294212105225838
7630.0 0.012489242062072343
7640.0 0.004840962852378483
7650.0 0.0016578639905405763
7660.0 0.0004863067705585691
7670.0 0.0001326291192432461
7680.0 2.2104853207207685e-05
7690.0 0.0
