mejiro/data/filter_response/RomanSCA05-F087.ecsv
# %ECSV 1.0
# ---
# datatype:
# - {name: wavelength, unit: Angstrom, datatype: float64}
# - {name: response, datatype: float64}
# meta:
#   __serialized_columns__:
#     wavelength:
#       __class__: astropy.units.quantity.Quantity
#       unit: !astropy.units.Unit {unit: Angstrom}
#       value: !astropy.table.SerializedColumn {name: wavelength}
#   band_name: F087
#   group_name: RomanSCA05
# schema: astropy-2.0
wavelength response
7520.0 0.0
7530.0 4.420970641441537e-05
7540.0 0.0002652582384864922
7550.0 0.0012378717796036303
7560.0 0.004774648292756861
7570.0 0.01518603415335168
7580.0 0.03974452606655941
7590.0 0.08640787118697485
7600.0 0.15771812763342685
7610.0 0.24556281427887017
7620.0 0.3327664601813045
7630.0 0.40257358660966636
7640.0 0.4475790677395412
7650.0 0.4710102121391813
7660.0 0.4810237106420464
7670.0 0.48502468907255103
7680.0 0.487257279246479
7690.0 0.4888930383838124
7700.0 0.4898877567781368
7710.0 0.49059511208076734
7720.0 0.4913466770898124
7730.0 0.49216455665847914
7740.0 0.49304875078676746
7750.0 0.49404346918109177
7760.0 0.4950823972818305
7770.0 0.495988696263326
7780.0 0.49660763215312786
7790.0 0.4972265680429297
7800.0 0.4981549718776324
7810.0 0.4990612708591279
7820.0 0.4995917873361009
7830.0 0.49990125528100177
7840.0 0.5001886183726955
7850.0 0.5004538766111819
7860.0 0.5006749251432541
7870.0 0.5009622882349478
7880.0 0.5013601755926775
7890.0 0.5018906920696505
7900.0 0.5024654182530379
7910.0 0.5029517250235965
7920.0 0.5032390881152902
7930.0 0.5036369754730199
7940.0 0.5043885404820649
7950.0 0.5049190569590379
7960.0 0.504808532693002
7970.0 0.5052506297571461
7980.0 0.507063227720137
7990.0 0.5080800509676687
8000.0 0.5063779772707137
8010.0 0.5038580240050919
8020.000000000001 0.5026643619319028
8030.000000000001 0.5027085716383172
8040.000000000001 0.5032390881152902
8050.000000000001 0.5037696045922632
8060.000000000001 0.5038801288582992
8070.000000000001 0.5038138142986776
8080.000000000001 0.5038359191518847
8090.000000000001 0.5036590803262272
8100.000000000001 0.5030622492896325
8110.000000000001 0.5024212085466234
8120.000000000001 0.5020233211888938
8129.999999999999 0.5016475386843713
8139.999999999999 0.5010507076477766
8149.999999999999 0.5005201911708036
8159.999999999999 0.5003875620515604
8169.999999999999 0.5004759814643892
8179.999999999999 0.5004980863175965
8189.999999999999 0.5004538766111819
8200.0 0.5004538766111819
8210.0 0.5006970299964613
8220.0 0.5013601755926775
8230.0 0.5021780551613442
8240.0 0.5027969910511461
8250.0 0.5029738298768036
8260.0 0.5026643619319028
8270.0 0.5028190959043533
8280.0 0.5041011773903713
8290.0 0.5054495734360109
8300.0 0.5057369365277047
8310.0 0.5056043074084614
8320.0 0.5059358802065695
8330.0 0.5065548160963713
8340.0 0.5071737519861731
8350.0 0.5079474218484253
8360.0 0.5090526645087858
8370.0 0.5102684314351822
8380.0 0.5113294643891282
8390.0 0.5121252391045877
8400.0 0.512699965287975
8410.0 0.5134515302970201
8420.0 0.5147778214894526
8430.0 0.5160377981222634
8440.0 0.5167230485716869
8450.0 0.5177177669660111
8460.0 0.5197514134610743
8470.0 0.5219397939285879
8480.0 0.5232660851210204
8490.0 0.5241944889557231
8500.0 0.525366046175705
8510.0 0.5267144422213448
8520.0 0.5280407334137771
8530.0 0.5293891294594169
8540.0 0.5307596303582638
8550.0 0.5319311875782458
8560.0 0.5327711720001197
8570.0 0.533655366128408
8580.0 0.5350037621740477
8590.0 0.5366616261645882
8600.0 0.5383636998615432
8610.0 0.5396678862007684
8620.0 0.5403310317969846
8630.0 0.5411268065124442
8640.0 0.5426741462369487
8650.0 0.5445972684659757
8660.0 0.5463656567225523
8670.0 0.5478687867406424
8680.0 0.5490845536670389
8690.0 0.5500129575017416
8700.0 0.5506539982447506
8710.0 0.5513834584005886
8720.0 0.5524665962077416
8730.0 0.5537265728405525
8740.0 0.5548318155009129
8750.0 0.5556275902163723
8760.0 0.5559812678676878
8770.0 0.5563570503722103
8780.0 0.5571307202344625
8790.0 0.5580149143627509
8800.0 0.5586117453993454
8810.0 0.5591201570231111
8820.0 0.5597169880597057
8830.0 0.5600264560046068
8840.0 0.5597833026193274
8850.0 0.5594296249680122
8860.0 0.5594075201148049
8870.0 0.5596285686468769
8880.0 0.5598054074725347
8890.0 0.5599380365917779
8900.0 0.5599601414449851
8910.0 0.5598717220321563
8920.0 0.5596285686468769
8930.0 0.5594738346744266
8940.0 0.5595401492340482
8950.0 0.5594959395276337
8960.0 0.5590096327570752
8970.0 0.5583685920140661
8980.0 0.5578822852435076
8990.0 0.5575507124453994
9000.0 0.557285454206913
9010.0 0.5570201959684264
9020.0 0.5566665183171111
9030.0 0.5562023163997598
9040.0 0.5556717999227867
9050.0 0.5552075980054354
9060.0 0.5548318155009129
9070.0 0.554522347556012
9080.0 0.5542128796111111
9090.0 0.5538370971065886
9100.0 0.5534392097488587
9110.0 0.5530413223911291
9120.0 0.552709749593021
9130.0 0.5524665962077416
9140.0 0.5522234428224625
9150.0 0.5519581845839758
9160.0 0.5516045069326606
9170.0 0.5512066195749308
9180.0 0.5508750467768228
9190.0 0.5507424176575795
9200.0 0.5506539982447506
9210.0 0.5504329497126785
9220.0 0.5502340060338137
9230.0 0.5501234817677777
9240.0 0.5501013769145704
9250.0 0.5500792720613633
9260.0 0.5501013769145704
9270.0 0.5501676914741921
9280.0 0.5502782157402281
9290.0 0.5503887400062641
9300.0 0.5505655788319218
9310.0 0.5508308370704083
9320.0 0.551118200162102
9330.0 0.5513392486941742
9340.0 0.5516045069326606
9350.0 0.5519581845839758
9360.0 0.55240028164812
9370.0 0.5528202738590571
9380.0 0.5532844757764084
9390.0 0.5537707825469669
9400.0 0.5542128796111111
9410.0 0.5545444524092192
9420.0 0.5548981300605346
9430.0 0.5553844368310932
9440.0 0.5558707436016517
9450.0 0.5561802115465525
9460.0 0.5564896794914534
9470.0 0.5569538814088049
9480.0 0.5574622930325707
9490.0 0.5578380755370932
9500.0 0.5582138580416157
9510.0 0.5587222696653815
9520.0 0.5592306812891472
9530.0 0.5595622540872554
9540.0 0.5598496171789491
9550.0 0.5601369802706427
9560.0 0.5604906579219581
9570.0 0.5608885452796878
9580.0 0.5612643277842103
9590.0 0.5615074811694897
9600.0 0.5617727394079761
9610.0 0.5621043122060843
9620.0 0.5624358850041924
9630.0 0.5627011432426788
9640.0 0.5629442966279581
9650.0 0.5632095548664445
9660.0 0.5634306033985167
9670.0 0.5635411276645527
9680.0 0.5637179664902103
9690.0 0.5640495392883185
9700.0 0.5643811120864266
9710.0 0.5645579509120843
9720.0 0.5646905800313275
9730.0 0.5649779431230212
9740.0 0.5652432013615077
9750.0 0.5653316207743366
9760.0 0.5650884673890573
9770.0 0.5634527082517239
9780.0 0.556644413463904
9790.0 0.5364184727793089
9800.0 0.4911477334109476
9810.0 0.41254287540611706
9820.0 0.30619642662624086
9830.0 0.19421324027852674
9840.0 0.10258862373465087
9850.0 0.044276020974036996
9860.0 0.015407082685423757
9870.0 0.0042662366689910835
9880.0 0.0009284038347027227
9890.0 0.0001547339724504538
9900.0 2.2104853207207685e-05
9910.0 0.0
