mejiro/data/filter_response/RomanSCA09-Grism_1stOrder.ecsv
# %ECSV 1.0
# ---
# datatype:
# - {name: wavelength, unit: Angstrom, datatype: float64}
# - {name: response, datatype: float64}
# meta:
#   __serialized_columns__:
#     wavelength:
#       __class__: astropy.units.quantity.Quantity
#       unit: !astropy.units.Unit {unit: Angstrom}
#       value: !astropy.table.SerializedColumn {name: wavelength}
#   band_name: Grism_1stOrder
#   group_name: RomanSCA09
# schema: astropy-2.0
wavelength response
[from data line 545]
15320.0 0.42231322052370285
15330.0 0.4219153331659731
15340.0 0.42149534095503616
15350.0 0.42111955845051363
15360.0 0.4207437759459911
15370.0 0.4203679934414685
15380.0 0.42003642064336044
15390.0 0.41974905755166675
15400.0 0.4194395896067658
15410.0 0.4190417022490361
15420.0 0.4185996051848919
15430.0 0.41815750812074776
15440.0 0.41775962076301804
15450.0 0.4174943625245316
15460.0 0.41720699943283784
15470.0 0.4168533217815225
15480.0 0.41647753927700004
15490.0 0.4161238616256847
15500.0 0.41574807912116213
15510.0 0.415305982057018
15520.0 0.41486388499287385
15530.0 0.41448810248835133
15540.0 0.414134424837036
15550.0 0.4137586423325134
15560.0 0.4133165452683693
15570.0 0.41285234335101795
15580.0 0.4124102462868738
15590.0 0.4120786734887657
15600.0 0.41172499583745037
15610.0 0.411260793920099
15620.0 0.41081869685595485
15630.0 0.4105092289110539
15640.0 0.4102218658193602
15650.0 0.4098018736084233
15660.0 0.4093155668378647
15670.0 0.40889557462692777
15680.0 0.40851979212240525
15690.0 0.40821032417750436
15700.0 0.4078345416729818
15710.0 0.40732613004921603
15720.0 0.4068177184254502
15730.0 0.4064640407741349
15740.0 0.406154572829234
15750.0 0.40580089517791873
15760.0 0.40535879811377457
15770.0 0.40487249134321596
15780.0 0.4043861845726574
15790.0 0.40396619236172043
15800.0 0.40354620015078346
15810.0 0.4031262079398466
15820.0 0.40270621572890963
15830.0 0.4023304332243871
15840.0 0.4019546507198646
15850.0 0.4014904488025132
15860.0 0.40104835173836906
15870.0 0.4006946740870537
15880.0 0.4003631012889456
15890.0 0.3999652139312158
15900.0 0.39954522172027895
15910.0 0.3991031246561348
15920.0 0.3986831324451978
15930.0 0.3983515596470897
15940.0 0.39799788199577435
15950.0 0.39757788978483743
15960.0 0.3971136878674861
15970.0 0.3966715908033419
15980.0 0.3962737034456122
15990.0 0.39594213064750405
16000.0 0.39563266270260317
16010.0 0.3952126704916662
16020.0 0.3947705734275221
16030.0 0.3943726860697923
16040.000000000002 0.3939969035652698
16050.0 0.39362112106074726
16060.000000000002 0.3932674434094319
16070.0 0.39291376575811665
16080.000000000002 0.3925600881068013
16090.0 0.39216220074907154
16100.000000000002 0.3917643133913418
16110.0 0.3914327405932337
16120.000000000002 0.3911011677951256
16130.0 0.39065907073098144
16140.000000000002 0.3902390785200445
16150.0 0.3899075057219364
16160.000000000002 0.38959803777703544
16170.0 0.38928856983213456
16180.000000000002 0.3889569970340264
16190.0 0.3885812145295039
16200.000000000002 0.38820543202498137
16210.0 0.38780754466725165
16220.000000000002 0.3874538670159363
16230.0 0.387100189364621
16240.000000000002 0.38672440686009846
16250.0 0.38632651950236874
16259.999999999998 0.3859507369978462
16270.0 0.38564126905294527
16279.999999999998 0.3853096962548372
16290.0 0.3848897040439002
16299.999999999998 0.3844476069797561
16310.0 0.3840939293284408
16319.999999999998 0.383806566236747
16330.0 0.3834749934386389
16339.999999999998 0.3831434206405308
16350.0 0.3827676381360083
16359.999999999998 0.38239185563148576
16370.0 0.3820602828333776
16379.999999999998 0.38172871003526954
16390.0 0.3813750323839542
16400.0 0.3809992498794317
16410.0 0.3805792576684947
16420.0 0.380181370310765
16430.0 0.37989400721907124
16440.0 0.37956243442096316
16450.0 0.37916454706323344
16460.0 0.3787224499990893
16470.0 0.37830245778815236
16480.0 0.3779266752836298
16490.0 0.37750668307269286
16500.0 0.37715300542137753
16510.0 0.37686564232968384
16520.0 0.3765340695315757
16530.0 0.37602565790780995
16540.0 0.3755172462840442
16550.0 0.37518567348593607
16560.0 0.3748983103942423
16570.0 0.374544632742927
16580.0 0.37412464053199007
16590.0 0.37372675317426035
16600.0 0.373373075522945
16610.0 0.3730857124312513
16620.0 0.372732034779936
16630.0 0.372201518302963
16640.0 0.37167100182599
16650.0 0.37131732417467467
16660.0 0.37102996108298103
16670.0 0.3706983882848729
16680.0 0.37025629122072873
16690.0 0.369747879596963
16700.0 0.3692615728264044
16710.0 0.36888579032188185
16720.0 0.3685100078173593
16730.0 0.36804580590000796
16740.0 0.3676037088358638
16750.0 0.36722792633134127
16760.0 0.36689635353323313
16770.0 0.3664763613222962
16780.0 0.36605636911135925
16790.0 0.36570269146004397
16800.0 0.36534901380872864
16810.0 0.3649511264509989
16820.0 0.36455323909326914
16830.0 0.3641553517355394
16840.0 0.36373535952460245
16850.0 0.3632932624604583
16860.0 0.3628511653963141
16870.0 0.3624532780385844
16880.0 0.3620553906808547
16890.0 0.36165750332312496
16900.0 0.361237511112188
16910.0 0.3607954140480439
16920.0 0.3604196315435213
16930.0 0.3600880587454132
16940.0 0.35971227624089064
16950.0 0.3592480743235393
16960.0 0.35880597725939517
16970.0 0.3584965093144942
16980.0 0.35816493651638615
16990.0 0.3576565248926204
17000.0 0.35714811326885454
17010.0 0.35681654047074646
17020.0 0.35655128223225996
17030.0 0.3562197094341518
17040.0 0.3557997172232149
17050.0 0.3553134104526563
17060.0 0.35484920853530494
17070.0 0.3544734260307824
17080.0 0.35411974837946714
17090.0 0.3537218610217374
17100.0 0.35327976395759325
17110.0 0.3528597717466563
17120.0 0.35246188438892656
17130.0 0.3520639970311968
17140.0 0.35164400482025987
17150.0 0.3511798029029085
17160.0 0.35078191554517874
17170.0 0.35049455245348504
17180.0 0.35020718936179135
17190.0 0.34978719715085443
17200.0 0.3493008903802959
17210.0 0.3489030030225661
17220.0 0.3485051156648364
17230.0 0.3480851234538994
17240.0 0.3476872360961697
17250.0 0.3473114535916471
17260.0 0.3469356710871246
17270.0 0.3464935740229804
17280.0 0.34602937210562906
17290.0 0.34560937989469215
17300.0 0.3452114925369624
17310.0 0.3448357100324399
17320.0 0.3444599275279174
17330.0 0.3440620401701876
17340.0 0.3436641528124579
17350.0 0.34328837030793535
17360.0 0.3428904829502056
17370.0 0.34247049073926866
17380.0 0.3419841839687101
17390.0 0.3414536674917371
17400.0 0.34098946557438575
17410.0 0.3406578927762776
17420.0 0.34034842483137673
17430.0 0.339950537473647
17440.0 0.33950844040950284
17450.0 0.3391326579049803
17460.0 0.33871266569404335
17470.0 0.338248463776692
17480.0 0.33776215700613343
17490.0 0.3372979550887821
17500.0 0.3368558580246379
17510.0 0.33639165610728655
17520.0 0.33599376874955683
17530.0 0.3356400910982415
17540.0 0.33530851830013336
17550.0 0.3348664212359892
17560.0 0.33440221931863784
17570.0 0.3339159125480793
17580.0 0.3334738154839351
17590.0 0.33303171841979096
17600.0 0.33263383106206124
17610.0 0.3322359437043315
17620.0 0.3318159514933946
17630.0 0.331329644722836
17640.0 0.33086544280548463
17650.0 0.33044545059454766
17660.0 0.3300696680900252
17670.0 0.329627571025881
17680.0 0.32916336910852967
17690.0 0.3286770623379711
17700.0 0.3281907555674125
17710.0 0.32772655365006115
17720.0 0.3272623517327098
17730.0 0.3268202546685656
17740.0 0.32637815760442146
17750.0 0.326002375099899
17760.0 0.3256044877421692
17770.0 0.32516239067802505
17780.0 0.32472029361388094
17790.0 0.32432240625615116
17800.0 0.32392451889842144
17810.0 0.3234603169810701
17820.0 0.32297401021051153
17830.0 0.32244349373353853
17840.0 0.32193508210977273
17850.0 0.32147088019242137
17860.0 0.3210729928346916
17870.0 0.3206972103301691
17880.0 0.3203435326788538
17890.0 0.31996775017433127
17900.0 0.3195477579633943
17910.0 0.31910566089925013
17920.0 0.3186193541286916
17930.0 0.318133047358133
17940.0 0.31769095029398886
17950.0 0.31733727264267353
17960.0 0.316961490138151
17970.0 0.31647518336759245
17980.0 0.31596677174382665
17990.0 0.3155246746796825
18000.0 0.31517099702836715
18010.0 0.31483942423025907
18020.0 0.31446364172573654
18030.0 0.3140215446615924
18040.0 0.3135352378910338
18050.0 0.3130710359736824
18060.0 0.31267314861595275
18070.0 0.3122973661114302
18080.0 0.31192158360690764
18090.0 0.3115458011023851
18100.0 0.3111479137446554
18110.0 0.3107058166805112
18120.0 0.31026371961636706
18130.0 0.30991004196505173
18140.0 0.30955636431373645
18150.0 0.30918058180921393
18160.0 0.30878269445148415
18170.0 0.30838480709375443
18180.0 0.3078985003231959
18190.0 0.3073237741398085
18200.0 0.30677115280962824
18210.0 0.3063732654518985
18220.0 0.30606379750699764
18230.0 0.3057322247088895
18240.0 0.3054448616171958
18250.0 0.3051574985255021
18260.0 0.3048701354338084
18270.0 0.3045385626357003
18280.0 0.3041185704247633
18290.0 0.30363226365420476
18300.0 0.3031680617368534
18310.0 0.3027701743791236
18320.0 0.30239439187460115
18330.0 0.30193018995724974
18340.0 0.3014659880398984
18350.0 0.3010681006821687
18360.0 0.3007365278840606
18370.0 0.30042705993915964
18380.0 0.3000954871410515
18390.0 0.2997418094897362
18400.0 0.2993439221320065
18410.0 0.29892392992106953
18420.0 0.298437623150511
18430.0 0.2979513163799524
18440.0 0.29748711446260107
18450.0 0.2970450173984569
18460.0 0.2966471300407272
18470.0 0.2962492426829974
18480.0 0.2958734601784749
18490.0 0.29549767767395235
18500.0 0.2950997903162226
18510.0 0.29456927383924963
18520.0 0.29403875736227664
18530.0 0.2936408700045469
18540.0 0.29326508750002434
18550.0 0.292800885582673
18560.0 0.2923366836653216
18570.0 0.2919166914543847
18580.0 0.2915188040966549
18590.0 0.2911209167389252
18600.0 0.2907230293811955
18610.0 0.2903030371702585
18620.0 0.2899051498125288
18630.0 0.2894630527483847
18640.0 0.28893253627141163
18650.0 0.28831360038160986
18660.0 0.2877167693450153
18670.0 0.2872746722808711
18680.0 0.28687678492314134
18690.0 0.28641258300579
18700.0 0.28590417138202423
18710.0 0.2853957597582584
18720.0 0.28497576754732146
18730.0 0.2847326141620422
18740.0 0.28444525107034846
18750.0 0.2839589442997899
18760.0 0.2834063229696097
18770.0 0.2829863307586728
18780.0 0.28256633854773583
18790.0 0.28201371721755564
18800.0 0.28143899103416825
18810.0 0.28093057941040245
18820.0 0.28037795808022226
18830.0 0.27969270763079884
18840.0 0.2789411426217538
18850.0 0.2781453679062943
18860.0 0.2772169640715916
18870.0 0.27613382626443844
18880.0 0.27480753507200595
18890.0 0.2732601953475014
18900.0 0.2714697022377176
18910.0 0.2694139508894473
18920.0 0.2668497879174112
18930.0 0.2636224793491589
18940.0 0.25982044459751913
18950.0 0.2555984176349425
18960.0 0.2507353499293568
18970.0 0.24507650750831161
18980.0 0.2386661000782214
18990.0 0.23161465190512215
19000.0 0.2237674290165634
19010.0 0.21503601199971636
19020.0 0.20553092512061705
19030.0 0.19534058779209432
19040.0 0.18455341942697695
19050.0 0.17321362973167942
19060.0 0.1613875332658233
19070.0 0.1492519688550663
19080.0 0.13698377532506603
19090.0 0.12475979150148019
19100.0 0.1127347513567592
19110.0 0.10101917915693913
19120.0 0.08972359916805599
19130.0 0.07895853565614586
19140.0 0.06885661774045194
19150.0 0.059484159980595884
19160.0 0.05088537208299209
19170.0 0.04308235890084778
19180.0 0.03611933014057735
19190.0 0.02997418094897362
19200.0 0.02462480647282936
19210.0 0.020049101858937372
19220.0 0.01613654284126161
19230.0 0.012842919713387664
19240.0 0.01012402276890112
19250.0 0.007869327741765936
19260.0 0.006056729778774906
19270.0 0.004619914320306406
19280.0 0.0034704619535316063
19290.0 0.002586267825243299
19300.0 0.001901017375819861
19310.0 0.0013926057520540843
19320.0 0.0009947183943243459
19330.0 0.0007073553026306459
19340.0 0.0005084116237657767
19350.0 0.00035367765131532296
19360.0 0.00024315338527928454
19370.0 0.0001547339724504538
19380.0 0.00011052426603603843
19390.0 6.631455962162305e-05
19400.0 4.420970641441537e-05
19410.0 2.2104853207207685e-05
19420.0 2.2104853207207685e-05
19430.0 2.2104853207207685e-05
19440.0 0.0
