mejiro/data/filter_response/RomanSCA01-F213.ecsv
# %ECSV 1.0
# ---
# datatype:
# - {name: wavelength, unit: Angstrom, datatype: float64}
# - {name: response, datatype: float64}
# meta:
#   __serialized_columns__:
#     wavelength:
#       __class__: astropy.units.quantity.Quantity
#       unit: !astropy.units.Unit {unit: Angstrom}
#       value: !astropy.table.SerializedColumn {name: wavelength}
#   band_name: F213
#   group_name: RomanSCA01
# schema: astropy-2.0
wavelength response
19470.0 0.0
19480.0 2.2104853207207685e-05
19490.0 6.631455962162305e-05
19500.0 0.0001547339724504538
19510.0 0.00037578250452253065
19520.0 0.0008841941282883074
19530.0 0.0019452270822342764
19540.0 0.004067292990126214
19550.0 0.007979852007801975
19560.0 0.014766041942414734
19570.0 0.02579636369281137
19580.0 0.04252973757066759
19590.0 0.06633666447483026
19600.0 0.09812344338679492
19610.0 0.13789007430656156
19620.0 0.18444289516094092
19630.0 0.23537247695034744
19640.0 0.287584140225772
19650.0 0.33787268127216946
19660.0 0.3832981546129813
19670.0 0.4216058652210722
19680.0 0.4519116189681539
19690.0 0.4743701498266769
19700.0 0.48986565192492953
19710.0 0.4998570455745874
19720.0 0.5059358802065695
19730.0 0.5095389712793443
19740.0 0.5114841983615785
19750.0 0.5122799730770381
19760.0 0.5125673361687318
19770.0 0.5127883847008039
19780.0 0.513009433232876
19790.0 0.5131641672053264
19800.0 0.5132525866181552
19810.0 0.5132967963245696
19820.0 0.5133410060309841
19830.0 0.5133852157373985
19840.0 0.5133852157373985
19850.0 0.5132967963245696
19860.0 0.5132083769117408
19870.0 0.5132083769117408
19880.0 0.513230481764948
19890.0 0.5131862720585336
19900.0 0.5131420623521192
19910.0 0.5131420623521192
19920.0 0.5132083769117408
19930.0 0.5132967963245696
19940.0 0.513429425443813
19950.0 0.513539949709849
19960.0 0.513539949709849
19970.0 0.5133189011777769
19980.0 0.5131862720585336
19990.0 0.513429425443813
20000.0 0.5137167885355066
20010.0 0.5137167885355066
20019.999999999996 0.5135178448566418
20030.0 0.5133410060309841
20040.0 0.513230481764948
20050.0 0.5131420623521192
20059.999999999996 0.5130315380860831
20070.0 0.5127883847008039
20080.0 0.5125452313155247
20090.0 0.5124126021962814
20099.999999999996 0.5124347070494886
20110.0 0.5125231264623173
20120.0 0.5125452313155247
20130.0 0.5123462876366598
20139.999999999996 0.5120810293981732
20150.0 0.51194840027893
20160.0 0.5119041905725156
20170.0 0.5119041905725156
20179.999999999996 0.5117936663064796
20190.0 0.5114399886551642
20200.0 0.5110199964442272
20210.0 0.5107547382057408
20219.999999999996 0.5107105284993264
20230.0 0.5109094721781913
20240.0 0.5110642061506416
20250.0 0.5110199964442272
20259.999999999996 0.5108431576185696
20270.0 0.5107326333525336
20280.0 0.5107105284993264
20290.0 0.5107326333525336
20299.999999999996 0.5107105284993264
20310.0 0.5105778993800831
20320.0 0.5103568508480111
20330.0 0.5102021168755606
20339.999999999996 0.5100915926095245
20350.0 0.5100031731966957
20360.0 0.5099810683434886
20370.0 0.5101136974627318
20379.999999999996 0.5102242217287678
20390.0 0.5102242217287678
20400.0 0.5101579071691462
20410.0 0.5100915926095245
20419.999999999996 0.5101579071691462
20430.0 0.5103347459948039
20440.0 0.5105557945268758
20450.0 0.5106884236461191
20460.0 0.5106884236461191
20470.0 0.5105778993800831
20480.0 0.5104231654076327
20490.0 0.5103126411415967
20500.0 0.5104010605544255
20510.0 0.5107326333525336
20520.0 0.5110199964442272
20530.0 0.5110199964442272
20540.0 0.5110642061506416
20550.0 0.5114620935083715
20560.0 0.5118599808661012
20570.0 0.5117936663064796
20580.0 0.5116610371872363
20590.0 0.511837876012894
20600.0 0.5121473439577948
20610.0 0.5123904973430742
20620.0 0.5125452313155247
20630.0 0.5127220701411823
20640.0 0.51289890896684
20650.0 0.5130757477924975
20660.0 0.5133631108841913
20670.0 0.5138273128015427
20680.0 0.5141367807464435
20690.0 0.5140925710400291
20700.0 0.5142030953060652
20710.0 0.514932555461903
20720.0 0.5156178059113264
20730.0 0.5156841204709481
20740.0 0.5156841204709481
20750.0 0.5162588466543355
20760.0 0.5167893631313084
20770.0 0.5167230485716869
20780.0 0.5165683145992364
20790.0 0.5168777825441373
20800.0 0.517386194167903
20810.0 0.5176735572595967
20820.0 0.5179388154980833
20830.000000000004 0.5184251222686418
20840.0 0.5188451144795788
20850.0 0.5189335338924076
20860.0 0.5190219533052364
20870.000000000004 0.5194861552225878
20880.0 0.520038776552768
20890.0 0.5203482444976689
20900.0 0.5204808736169122
20910.000000000004 0.5205913978829483
20920.0 0.520790341561813
20930.0 0.5210777046535068
20940.0 0.5213650677452005
20950.000000000004 0.5215419065708581
20960.0 0.521740850249723
20970.0 0.5221166327542456
20980.0 0.5225366249651825
20990.000000000004 0.5228681977632906
21000.0 0.5230671414421554
21010.0 0.5230450365889483
21020.0 0.5231113511485699
21030.000000000004 0.523442923946678
21040.0 0.5238187064512005
21050.0 0.5239292307172366
21060.0 0.5240176501300654
21070.000000000004 0.5242165938089303
21080.0 0.5243050132217592
21090.0 0.5240397549832726
21100.0 0.5238187064512005
21110.000000000004 0.5239513355704437
21120.0 0.5242829083685518
21130.0 0.5245481666070384
21140.0 0.5247471102859033
21150.000000000004 0.5250123685243898
21160.0 0.5253218364692906
21170.0 0.5256091995609844
21180.0 0.5257197238270204
21190.000000000004 0.52556498985457
21200.0 0.5254323607353266
21210.0 0.52556498985457
21220.0 0.5256534092673988
21230.000000000004 0.5253439413224978
21240.0 0.5249460539647681
21250.0 0.5248576345519393
21260.0 0.5250786830840114
21269.999999999996 0.5254765704417411
21280.0 0.5257418286802276
21290.0 0.5256534092673988
21300.0 0.52556498985457
21309.999999999996 0.5258523529462635
21320.0 0.526206030597579
21330.0 0.5263607645700294
21340.0 0.5263828694232366
21349.999999999996 0.5263607645700294
21360.0 0.5261618208911646
21370.0 0.5257418286802276
21380.0 0.5254544655885339
21389.999999999996 0.525675514120606
21400.0 0.5259186675058852
21410.0 0.5257197238270204
21420.0 0.5254986752949483
21429.999999999996 0.525675514120606
21440.0 0.5259849820655069
21450.0 0.5261618208911646
21460.0 0.5262281354507862
21469.999999999996 0.5262944500104078
21480.0 0.5263386597168221
21490.0 0.5263828694232366
21500.0 0.5265154985424798
21509.999999999996 0.5268249664873809
21520.0 0.5270018053130384
21530.0 0.5267807567809664
21540.0 0.526427079129651
21549.999999999996 0.5262944500104078
21560.0 0.5262281354507862
21570.0 0.5261397160379573
21580.0 0.5260512966251285
21589.999999999996 0.5261176111847502
21600.0 0.526316554863615
21610.0 0.5266481276617231
21620.0 0.5269354907534168
21629.999999999996 0.5270018053130384
21640.0 0.5269797004598312
21650.0 0.5270460150194529
21660.0 0.5271565392854889
21669.999999999996 0.5272891684047322
21680.0 0.5273554829643538
21690.0 0.527267063551525
21700.0 0.5271565392854889
21710.0 0.5271344344322817
21720.0 0.5271344344322817
21730.0 0.5270902247258673
21740.0 0.5271123295790744
21750.0 0.5272891684047322
21760.0 0.5275102169368042
21770.0 0.5276207412028402
21780.0 0.5277533703220836
21790.0 0.5280849431201916
21800.0 0.5284607256247141
21810.0 0.528659669303579
21820.0 0.5286154595971646
21830.0 0.5283280965054709
21840.0 0.5281070479733988
21850.0 0.5281733625330205
21860.0 0.5282396770926421
21870.0 0.5281070479733988
21880.0 0.5280849431201916
21890.0 0.5284607256247141
21900.0 0.5287480887164078
21910.0 0.5285049353311285
21920.0 0.5281733625330205
21930.0 0.5282396770926421
21940.0 0.5284386207715069
21950.0 0.5283944110650926
21960.0 0.5282617819458493
21970.0 0.5282838867990565
21980.0 0.5285270401843357
21990.0 0.5289470323952727
22000.0 0.5291238712209304
22010.0 0.528659669303579
22020.0 0.5281512576798132
22030.0 0.5282175722394349
22040.0 0.5287259838632007
22050.0 0.529300710046588
22060.0 0.529411234312624
22070.0 0.5287701935696151
22080.000000000004 0.5282838867990565
22090.0 0.5286817741567863
22100.0 0.5292343954869664
22110.0 0.5291459760741376
22120.000000000004 0.528880717835651
22130.0 0.5289912421016871
22140.0 0.529190185780552
22150.0 0.5291238712209304
22160.000000000004 0.5290354518081015
22170.0 0.5292565003401736
22180.0 0.529610177991489
22190.0 0.5298533313767682
22200.000000000004 0.529720702257525
22210.0 0.5291017663677232
22220.0 0.5285933547439574
22230.0 0.5287480887164078
22240.000000000004 0.5293449197530024
22250.0 0.5299638556428042
22260.0 0.5300964847620475
22270.0 0.5294996537254529
22280.000000000004 0.5289249275420654
22290.0 0.5290575566613088
22300.0 0.5295217585786601
22310.0 0.529720702257525
22320.000000000004 0.529610177991489
22330.0 0.5292786051933809
22340.0 0.5290354518081015
22350.0 0.5291017663677232
22360.000000000004 0.5292786051933809
22370.0 0.5292786051933809
22380.0 0.5290796615145159
22390.0 0.5288586129824439
22400.000000000004 0.5288365081292367
22410.0 0.5291680809273448
22420.0 0.5293670246062097
22430.0 0.5290133469548943
22440.000000000004 0.5285491450375429
22450.0 0.5284607256247141
22460.0 0.5285270401843357
22470.0 0.5284828304779213
22480.000000000004 0.5283502013586782
22490.0 0.5282396770926421
22500.0 0.5283502013586782
22510.0 0.5287480887164078
22519.999999999996 0.5290796615145159
22530.0 0.5290575566613088
22540.0 0.5289691372484798
22550.0 0.5291017663677232
22559.999999999996 0.5290575566613088
22570.0 0.5285491450375429
22580.0 0.5281070479733988
22590.0 0.5283502013586782
22599.999999999996 0.5287701935696151
22610.0 0.5288365081292367
22620.0 0.5287038790099934
22630.0 0.5285712498907502
22639.999999999996 0.5283280965054709
22650.0 0.5279081042945339
22660.0 0.5278417897349124
22670.0 0.5285933547439574
22679.999999999996 0.5293449197530024
22690.0 0.5293228148997953
22700.0 0.5288586129824439
22710.0 0.5284165159182996
22719.999999999996 0.5281291528266061
22730.0 0.5280407334137771
22740.0 0.5279081042945339
22750.0 0.5275544266432186
22759.999999999996 0.5272007489919033
22770.0 0.52706811987266
22780.0 0.5271565392854889
22790.0 0.5273996926707681
22799.999999999996 0.5275102169368042
22810.0 0.5273333781111466
22820.0 0.52706811987266
22830.0 0.5269797004598312
22839.999999999996 0.5270018053130384
22850.0 0.5270460150194529
22860.0 0.52706811987266
22870.0 0.5270902247258673
22879.999999999996 0.5271344344322817
22890.0 0.5272228538451105
22900.0 0.5273112732579394
22910.0 0.5273112732579394
22919.999999999996 0.5271565392854889
22930.0 0.5268249664873809
22940.0 0.5262723451572006
22950.0 0.5255207801481555
22960.0 0.5247913199923177
22970.0 0.5242386986621375
22980.0 0.5236639724787501
22990.0 0.5228018832036689
23000.0 0.521320858038786
23010.0 0.518867219332786
23020.0 0.5153746525260472
23030.0 0.5105115848204614
23040.0 0.5031727735556686
23050.0 0.4922308712181007
23060.0 0.47731009530323554
23070.0 0.45825571183862257
23080.0 0.43504561597105446
23090.0 0.40756928343449533
23100.0 0.3753183026051793
23110.0 0.33853582686838574
23120.0 0.29901234933389836
23130.0 0.2586046776711227
23140.0 0.21841805454041913
23150.0 0.17962403716176964
23160.0 0.14374786040647158
23170.0 0.11193897664129972
23180.0 0.08468369263681265
23190.0 0.0621146375122536
23200.0 0.044165496708000955
23210.0 0.030416278013117776
23220.0 0.020292255244216656
23230.0 0.013130282805081366
23240.0 0.008200900539874052
23250.0 0.004951487118414521
23260.0 0.002873630916936999
23270.0 0.0016136542841261611
23280.0 0.0008841941282883074
23290.0 0.00046420191735136135
23300.0 0.00024315338527928454
23310.0 0.00011052426603603843
23320.0 4.420970641441537e-05
23330.000000000004 2.2104853207207685e-05
23340.0 0.0
