mejiro/data/filter_response/RomanSCA15-F087.ecsv
# %ECSV 1.0
# ---
# datatype:
# - {name: wavelength, unit: Angstrom, datatype: float64}
# - {name: response, datatype: float64}
# meta:
#   __serialized_columns__:
#     wavelength:
#       __class__: astropy.units.quantity.Quantity
#       unit: !astropy.units.Unit {unit: Angstrom}
#       value: !astropy.table.SerializedColumn {name: wavelength}
#   band_name: F087
#   group_name: RomanSCA15
# schema: astropy-2.0
wavelength response
7510.0 0.0
7520.0 4.420970641441537e-05
7530.0 0.0003094679449009076
7540.0 0.001481025164882915
7550.0 0.005614632714630752
7560.0 0.01748493888690128
7570.0 0.04489495686383881
7580.0 0.09571401438720928
7590.0 0.17148945118151723
7600.0 0.2622961881567264
7610.0 0.34987561656368327
7620.0 0.41800277414829734
7630.0 0.46081987481065867
7640.0 0.482571050366551
7650.0 0.49163404018150614
7660.0 0.4949055584561729
7670.0 0.49647500303388464
7680.0 0.4980665524648036
7690.0 0.49956968248289363
7700.0 0.5005865057304253
7710.0 0.5012938610330558
7720.0 0.5020454260421009
7730.0 0.5028633056107676
7740.0 0.503747499739056
7750.0 0.5046980084269659
7760.0 0.5056927268212902
7770.0 0.5065327112431641
7780.0 0.507063227720137
7790.0 0.5075716393439028
7800.0 0.5083895189125696
7810.0 0.5091852936280291
7820.0 0.509605285838966
7830.0 0.5098042295178308
7840.0 0.5099589634902812
7850.0 0.5100915926095245
7860.0 0.5102242217287678
7870.0 0.5104010605544255
7880.0 0.5107326333525336
7890.0 0.5112189401230921
7900.0 0.5117715614532723
7910.0 0.5122357633706237
7920.0 0.5125231264623173
7930.0 0.5129873283796688
7940.0 0.5138273128015427
7950.0 0.5144683535445517
7960.0 0.5145125632509661
7970.0 0.515153603993975
7980.0 0.5172093553422454
7990.0 0.5185356465346779
8000.0 0.5171651456358309
8010.0 0.5149546603151103
8020.000000000001 0.5141809904528579
8030.000000000001 0.5147115069298309
8040.000000000001 0.5157725398837769
8050.000000000001 0.5168556776909301
8060.000000000001 0.5175630329935608
8070.000000000001 0.5180935494705337
8080.000000000001 0.5187124853603355
8090.000000000001 0.519176687277687
8100.000000000001 0.5191987921308941
8110.000000000001 0.5191324775712725
8120.000000000001 0.5193535261033445
8129.999999999999 0.5195745746354166
8139.999999999999 0.5195303649290022
8149.999999999999 0.5195303649290022
8159.999999999999 0.5199503571399391
8169.999999999999 0.5205250833233266
8179.999999999999 0.5209892852406779
8189.999999999999 0.5213429628919932
8200.0 0.5216966405433086
8210.0 0.5222492618734887
8220.0 0.5231555608549843
8230.0 0.5241723841025159
8240.0 0.5249018442583537
8250.0 0.5250786830840114
8260.0 0.5246807957262817
8270.0 0.5246586908730744
8280.0 0.5257418286802276
8290.0 0.5268249664873809
8300.0 0.5267144422213448
8310.0 0.5261176111847502
8320.0 0.5259186675058852
8330.0 0.5259849820655069
8340.0 0.5260070869187141
8350.0 0.5260955063315429
8360.0 0.5264933936892727
8370.0 0.526957595606624
8380.0 0.5272228538451105
8390.0 0.5272007489919033
8400.0 0.5268691761937953
8410.0 0.5267365470745519
8420.0 0.5271344344322817
8430.0 0.5274660072303898
8440.0 0.5272007489919033
8450.0 0.5272228538451105
8460.0 0.5282838867990565
8470.0 0.5294996537254529
8480.0 0.5298312265235611
8490.0 0.5297649119639394
8500.0 0.5299638556428042
8510.0 0.5303396381473268
8520.0 0.5307154206518493
8530.0 0.5311354128627863
8540.0 0.5315554050737232
8550.0 0.5318206633122097
8560.0 0.5317764536057953
8570.0 0.5317985584590025
8580.0 0.5323069700827683
8590.0 0.5331690593578493
8600.0 0.5340753583393449
8610.0 0.5346279796695251
8620.0 0.5346279796695251
8630.0 0.5347385039355611
8640.0 0.5356448029170566
8650.0 0.5369931989626963
8660.0 0.5382089658890927
8670.0 0.539203684283417
8680.0 0.5399773541456694
8690.0 0.5405299754758496
8700.0 0.5408394434207504
8710.0 0.5412815404848946
8720.0 0.5421215249067685
8730.0 0.5432267675671288
8740.0 0.5442435908146604
8750.0 0.5449951558237055
8760.0 0.5453930431814352
8770.0 0.5458793499519938
8780.0 0.5468077537866965
8790.0 0.5478908915938497
8800.0 0.5487529808689308
8810.0 0.5495487555843903
8820.0 0.5504550545658858
8830.0 0.5511403050153092
8840.0 0.5513171438409669
8850.0 0.5513613535473812
8860.0 0.5517813457583183
8870.0 0.5524444913545346
8880.0 0.5530634272443362
8890.0 0.5536160485745165
8900.0 0.554102355345075
8910.0 0.5544339281431832
8920.0 0.5546107669688408
8930.0 0.5548318155009129
8940.0 0.5552518077118498
8950.0 0.5555391708035435
8960.0 0.5553623319778859
8970.0 0.554942339766949
8980.0 0.5546549766752552
8990.0 0.5544781378495975
9000.0 0.5543234038771471
9010.0 0.5540802504918679
9020.0 0.5536823631341381
9030.0 0.5531076369507507
9040.0 0.5524444913545346
9050.0 0.5517813457583183
9060.0 0.5511624098685164
9070.0 0.5505655788319218
9080.0 0.5499466429421199
9090.0 0.5492171827862822
9100.0 0.5484435129240299
9110.0 0.5476256333553632
9120.0 0.5468519634931109
9130.0 0.5461446081904803
9140.0 0.5454372528878496
9150.0 0.5446856878788047
9160.0 0.5438457034569307
9170.0 0.5429394044754352
9180.0 0.5421436297599757
9190.0 0.5415025890169667
9200.0 0.5409057579803721
9210.0 0.5402426123841558
9220.0 0.5395573619347324
9230.0 0.5390047406045523
9240.0 0.5385626435404081
9250.0 0.538142651329471
9260.0 0.5377889736781558
9270.0 0.5375237154396694
9280.0 0.5373026669075972
9290.0 0.5371258280819395
9300.0 0.5370374086691108
9310.0 0.5370374086691108
9320.0 0.5371037232287323
9330.0 0.5371258280819395
9340.0 0.5371921426415612
9350.0 0.537391086320426
9360.0 0.5376784494121197
9370.0 0.5379658125038135
9380.0 0.5382973853019216
9390.0 0.5386731678064441
9400.0 0.5390047406045523
9410.0 0.5392478939898314
9420.0 0.5395352570815252
9430.0 0.5399552492924621
9440.0 0.5403531366501919
9450.0 0.5406183948886784
9460.0 0.5408836531271648
9470.0 0.5413036453381018
9480.0 0.5417457424022459
9490.0 0.5420773152003541
9500.0 0.542386783145255
9510.0 0.5428509850626063
9520.0 0.5432930821267505
9530.0 0.5435804452184442
9540.0 0.5438014937505163
9550.0 0.5440446471357955
9560.0 0.5443320102274892
9570.0 0.5446635830255974
9580.0 0.5449730509704982
9590.0 0.545149889796156
9600.0 0.5453488334750207
9610.0 0.5456140917135074
9620.0 0.5458793499519938
9630.0 0.5460782936308587
9640.0 0.5462551324565164
9650.0 0.546431971282174
9660.0 0.5465867052546245
9670.0 0.5466309149610389
9680.0 0.5467414392270749
9690.0 0.5469845926123542
9700.0 0.5472498508508407
9710.0 0.5473382702636695
9720.0 0.5474045848232911
9730.0 0.5475593187957416
9740.0 0.5474930042361199
9750.0 0.546431971282174
9760.0 0.542165734613183
9770.0 0.5293670246062097
9780.0 0.4986412786481909
9790.0 0.4403507807407843
9800.0 0.3529260863062779
9810.0 0.2488343325535369
9820.0 0.15033510666221947
9830.0 0.0762175338584521
9840.0 0.03196361773762232
9850.0 0.010964007190775012
9860.0 0.0030504697425946603
9870.0 0.0006852504494234382
9880.0 0.0001326291192432461
9890.0 2.2104853207207685e-05
9900.0 0.0
