mejiro/data/filter_response/RomanSCA07-Grism_1stOrder.ecsv
# %ECSV 1.0
# ---
# datatype:
# - {name: wavelength, unit: Angstrom, datatype: float64}
# - {name: response, datatype: float64}
# meta:
#   __serialized_columns__:
#     wavelength:
#       __class__: astropy.units.quantity.Quantity
#       unit: !astropy.units.Unit {unit: Angstrom}
#       value: !astropy.table.SerializedColumn {name: wavelength}
#   band_name: Grism_1stOrder
#   group_name: RomanSCA07
# schema: astropy-2.0
wavelength response
[from data line 545]
15300.0 0.414134424837036
15310.0 0.4138470617453423
15320.0 0.4135596986536486
15330.0 0.41318391614912603
15340.0 0.4127418190849819
15350.0 0.41236603658045934
15360.0 0.4119902540759368
15370.0 0.41161447157141434
15380.0 0.4112828987733062
15390.0 0.41097343082840526
15400.0 0.4106860677367116
15410.0 0.41028818037898185
15420.0 0.40984608331483774
15430.0 0.4094039862506936
15440.0 0.40902820374617105
15450.0 0.4087408406544773
15460.0 0.40847558241599086
15470.0 0.4081219047646755
15480.0 0.4077682271133602
15490.0 0.40741454946204486
15500.0 0.40706087181072953
15510.0 0.40661877474658537
15520.0 0.4061987825356484
15530.0 0.4058451048843331
15540.0 0.4054914272330178
15550.0 0.40513774958170246
15560.0 0.4047177573707655
15570.0 0.4042756603066214
15580.0 0.4038556680956844
15590.0 0.40352409529757627
15600.0 0.4032146273526754
15610.0 0.40277253028853127
15620.0 0.4023525380775943
15630.0 0.4020651749859006
15640.0 0.4017778118942069
15650.0 0.4013799245364772
15660.0 0.40093782747233303
15670.0 0.40053994011460325
15680.0 0.4001862624632879
15690.0 0.39989889937159423
15700.0 0.39954522172027895
15710.0 0.39905891494972034
15720.0 0.39857260817916174
15730.0 0.3982410353810537
15740.0 0.39797577714256716
15750.0 0.3976220994912518
15760.0 0.3972242121335221
15770.0 0.39676001021617074
15780.0 0.3963179131520266
15790.0 0.3958979209410896
15800.0 0.3955221384365671
15810.0 0.39510214622563017
15820.0 0.39472636372110764
15830.0 0.3943726860697923
15840.0 0.394019008418477
15850.0 0.3935769113543328
15860.0 0.3931569191433959
15870.0 0.39280324149208057
15880.0 0.3924937735471797
15890.0 0.39214009589586435
15900.0 0.3917201036849274
15910.0 0.39130011147399046
15920.0 0.3909022241162607
15930.0 0.39057065131815255
15940.0 0.3902390785200445
15950.0 0.38984119116231475
15960.0 0.3893990940981706
15970.0 0.3889569970340264
15980.0 0.3885812145295039
15990.0 0.388271746584603
16000.0 0.38794017378649487
16010.0 0.38754228642876515
16020.0 0.38712229421782823
16030.0 0.38672440686009846
16040.000000000002 0.38632651950236874
16050.0 0.3859728418510534
16060.000000000002 0.3856191641997381
16070.0 0.38526548654842274
16080.000000000002 0.38491180889710747
16090.0 0.3845139215393777
16100.000000000002 0.38411603418164797
16110.0 0.38378446138353983
16120.000000000002 0.3834307837322245
16130.0 0.38301079152128753
16140.000000000002 0.3825907993103506
16150.0 0.38223712165903534
16160.000000000002 0.3819276537141344
16170.0 0.38161818576923345
16180.000000000002 0.38128661297112537
16190.0 0.38091083046660285
16200.000000000002 0.3805129431088731
16210.0 0.38011505575114335
16220.000000000002 0.3797392732466208
16230.0 0.3793855955953055
16240.000000000002 0.37900981309078297
16250.0 0.378589820879846
16259.999999999998 0.37819193352211633
16270.0 0.3778824655772154
16279.999999999998 0.37755089277910725
16290.0 0.3771087957149631
16299.999999999998 0.37668880350402617
16310.0 0.37631302099950364
16319.999999999998 0.37600355305460276
16330.0 0.3756719802564946
16339.999999999998 0.3753183026051793
16350.0 0.37494252010065676
16359.999999999998 0.3745667375961342
16370.0 0.3742130599448189
16379.999999999998 0.3738593822935036
16390.0 0.37350570464218824
16400.0 0.3731299221376657
16410.0 0.37270992992672874
16420.0 0.372312042568999
16430.0 0.37200257462409814
16440.0 0.37167100182599
16450.0 0.3712731144682603
16460.0 0.3708089125509089
16470.0 0.3704110251931792
16480.0 0.3700131378354494
16490.0 0.3695931456245125
16500.0 0.3692394679731972
16510.0 0.3689521048815035
16520.0 0.36862053208339535
16530.0 0.3681121204596296
16540.0 0.3676037088358638
16550.0 0.3672721360377557
16560.0 0.3670068777992692
16570.0 0.3666310952947467
16580.0 0.36623320793701697
16590.0 0.3658353205792872
16600.0 0.36548164292797186
16610.0 0.36519427983627817
16620.0 0.3648406021849629
16630.0 0.3643321905611971
16640.0 0.3638016740842241
16650.0 0.363470101286116
16660.0 0.36318273819442226
16670.0 0.3628511653963141
16680.0 0.3624311731853772
16690.0 0.3619227615616114
16700.0 0.36145855964426005
16710.0 0.3610827771397375
16720.0 0.360706994635215
16730.0 0.36026489757107083
16740.0 0.35982280050692667
16750.0 0.3594691228556114
16760.0 0.35913755005750325
16770.0 0.35873966269977353
16780.0 0.3583417753420438
16790.0 0.3580102025439357
16800.0 0.3576565248926204
16810.0 0.3572807423880978
16820.0 0.3568828550303681
16830.0 0.35650707252584557
16840.0 0.3561091851681158
16850.0 0.3556891929571789
16860.0 0.3552692007462419
16870.0 0.3548934182417194
16880.0 0.35451763573719686
16890.0 0.35411974837946714
16900.0 0.3537218610217374
16910.0 0.35332397366400764
16920.0 0.3529481911594851
16930.0 0.352616618361377
16940.0 0.35228504556326884
16950.0 0.35184294849912473
16960.0 0.3514229562881878
16970.0 0.35113559319649407
16980.0 0.3508261252515932
16990.0 0.3503398184810346
17000.0 0.349853511710476
17010.0 0.34954404376557513
17020.0 0.3493008903802959
17030.0 0.34899142243539494
17040.0 0.3485935350776652
17050.0 0.34812933316031386
17060.0 0.3476872360961697
17070.0 0.34733355844485436
17080.0 0.3470019856467463
17090.0 0.34662620314222375
17100.0 0.3462062109312868
17110.0 0.345808323573557
17120.0 0.3454325410690345
17130.0 0.34505675856451196
17140.0 0.34465887120678224
17150.0 0.34421677414263807
17160.0 0.34384099163811555
17170.0 0.34357573339962905
17180.0 0.34331047516114255
17190.0 0.3428904829502056
17200.0 0.34244838588606147
17210.0 0.34205049852833175
17220.0 0.3416747160238092
17230.0 0.34127682866607945
17240.0 0.3408789413083497
17250.0 0.3405473685102416
17260.0 0.34017158600571906
17270.0 0.3397515937947821
17280.0 0.3393094967306379
17290.0 0.338889504519701
17300.0 0.33851372201517854
17310.0 0.33813793951065596
17320.0 0.33778426185934063
17330.0 0.3373863745016109
17340.0 0.3370105919970884
17350.0 0.3366348094925658
17360.0 0.3362369221348361
17370.0 0.3357948250706919
17380.0 0.33533062315334056
17390.0 0.3348222115295748
17400.0 0.33435800961222345
17410.0 0.33402643681411537
17420.0 0.33369486401600723
17430.0 0.3332969766582775
17440.0 0.33285487959413335
17450.0 0.33245699223640357
17460.0 0.33203700002546666
17470.0 0.3315727981081153
17480.0 0.3310643864843495
17490.0 0.33060018456699813
17500.0 0.3301359826496468
17510.0 0.3296717807322954
17520.0 0.3292296836681513
17530.0 0.32889811087004317
17540.0 0.3285223283655206
17550.0 0.3280802313013765
17560.0 0.3275718196776107
17570.0 0.3270855129070521
17580.0 0.32659920613649357
17590.0 0.3261571090723494
17600.0 0.32571501200820524
17610.0 0.3252950197972683
17620.0 0.32485292273312416
17630.0 0.32434451110935836
17640.0 0.3238360994855926
17650.0 0.32339400242144845
17660.0 0.32297401021051153
17670.0 0.32250980829316017
17680.0 0.32202350152260156
17690.0 0.32149298504562857
17700.0 0.32098457342186276
17710.0 0.3204982666513042
17720.0 0.32001195988074566
17730.0 0.3195477579633943
17740.0 0.31908355604604294
17750.0 0.31866356383510597
17760.0 0.31824357162416905
17770.0 0.3177793697068177
17780.0 0.31731516778946633
17790.0 0.31687307072532217
17800.0 0.3164530785143852
17810.0 0.31598887659703384
17820.0 0.3154804649732681
17830.0 0.3149278436430879
17840.0 0.3143973271661149
17850.0 0.31393312524876354
17860.0 0.3135131330378266
17870.0 0.3131152456800969
17880.0 0.31273946317557433
17890.0 0.3123415758178446
17900.0 0.31192158360690764
17910.0 0.31147948654276353
17920.0 0.3109931797722049
17930.0 0.31050687300164637
17940.0 0.3100647759375022
17950.0 0.3096889934329797
17960.0 0.30931321092845715
17970.0 0.3088490090111058
17980.0 0.30834059738734
17990.0 0.3079206051764031
18000.0 0.30756692752508774
18010.0 0.3072353547269796
18020.0 0.3068816770756643
18030.0 0.30646168486472736
18040.0 0.305997482947376
18050.0 0.3055774907364391
18060.0 0.3051796033787093
18070.0 0.304825925727394
18080.0 0.30449435292928584
18090.0 0.3041627801311777
18100.0 0.30378699762665523
18110.0 0.3033670054157183
18120.0 0.30296911805798854
18130.0 0.3026375452598804
18140.0 0.3023280773149795
18150.0 0.30199650451687143
18160.0 0.3016428268655561
18170.0 0.3012670443610335
18180.0 0.3008470521500966
18190.0 0.3003165356731236
18200.0 0.29980812404935786
18210.0 0.29945444639804253
18220.0 0.2991670833063488
18230.0 0.29890182506786234
18240.0 0.29863656682937584
18250.0 0.2983934134440966
18260.0 0.2981502600588173
18270.0 0.29786289696712354
18280.0 0.29748711446260107
18290.0 0.2970671222516641
18300.0 0.29662502518751993
18310.0 0.29629345238941185
18320.0 0.2959618795913037
18330.0 0.29554188738036674
18340.0 0.2951218951694298
18350.0 0.29476821751811444
18360.0 0.2944808544264208
18370.0 0.29419349133472705
18380.0 0.29390612824303336
18390.0 0.2935966602981325
18400.0 0.29324298264681714
18410.0 0.2928450952890874
18420.0 0.29240299822494326
18430.0 0.2919609011607991
18440.0 0.2915188040966549
18450.0 0.2911209167389252
18460.0 0.2907451342344027
18470.0 0.29036935172988015
18480.0 0.2900156740785648
18490.0 0.28968410128045674
18500.0 0.28930831877593416
18510.0 0.2887999071521684
18520.0 0.28829149552840266
18530.0 0.2879157130238801
18540.0 0.28756203537256475
18550.0 0.28711993830842064
18560.0 0.2866557363910693
18570.0 0.2862357441801323
18580.0 0.2858599616756098
18590.0 0.28548417917108726
18600.0 0.28508629181335754
18610.0 0.2846884044556278
18620.0 0.28429051709789804
18630.0 0.2838484200337539
18640.0 0.28334000840998813
18650.0 0.2827210725201863
18660.0 0.28212424148359166
18670.0 0.2816600395662403
18680.0 0.2812621522085106
18690.0 0.2808200551443664
18700.0 0.2803116435206007
18710.0 0.27980323189683487
18720.0 0.27938323968589795
18730.0 0.27911798144741146
18740.0 0.27883061835571776
18750.0 0.278322206731952
18760.0 0.27779169025497896
18770.0 0.2773495931908348
18780.0 0.2769296009798979
18790.0 0.2763769796497177
18800.0 0.2758022534663303
18810.0 0.2752717369893573
18820.0 0.2747191156591771
18830.0 0.2740559700629609
18840.0 0.2733044050539158
18850.0 0.27250863033845635
18860.0 0.2716023313569608
18870.0 0.2705412984030149
18880.0 0.2692371120637896
18890.0 0.2677339820456995
18900.0 0.26600980349553727
18910.0 0.26399826185368136
18920.0 0.26152251829447415
18930.0 0.25838362913905066
18940.0 0.2547142235066542
18950.0 0.2506248256633207
18960.0 0.2459164919301855
18970.0 0.24043448833479797
18980.0 0.23424512943677986
18990.0 0.22739262494254545
19000.0 0.219788555439266
19010.0 0.21132239666090546
19020.0 0.20206046316708545
19030.0 0.19215748893025641
19040.0 0.18165768365683274
19050.0 0.1705831522000217
19060.0 0.1590665236790665
19070.0 0.1472183223600032
19080.0 0.1351932822152822
19090.0 0.12323455663018285
19100.0 0.11143056501753394
19110.0 0.09993604134978595
19120.0 0.08886150989297491
19130.0 0.07827328520672241
19140.0 0.06830399641027175
19150.0 0.059064167769658935
19160.0 0.05057590413809118
19170.0 0.04288341522198291
19180.0 0.03596459616812691
19190.0 0.02988576153614479
19200.0 0.024580596766414945
19210.0 0.020026997005730164
19220.0 0.01613654284126161
19230.0 0.012865024566594873
19240.0 0.010146127622108328
19250.0 0.00791353744818035
19260.0 0.006100939485189321
19270.0 0.004642019173513614
19280.0 0.0034925668067388145
19290.0 0.002608372678450507
19300.0 0.0019231222290270686
19310.0 0.0014147106052612918
19320.0 0.0010168232475315534
19330.0 0.0007294601558378536
19340.0 0.0005084116237657767
19350.0 0.00035367765131532296
19360.0 0.00024315338527928454
19370.0 0.00017683882565766148
19380.0 0.00011052426603603843
19390.0 6.631455962162305e-05
19400.0 4.420970641441537e-05
19410.0 2.2104853207207685e-05
19420.0 2.2104853207207685e-05
19430.0 2.2104853207207685e-05
19440.0 0.0
