mejiro/data/filter_response/RomanSCA15-F129.ecsv
# %ECSV 1.0
# ---
# datatype:
# - {name: wavelength, unit: Angstrom, datatype: float64}
# - {name: response, datatype: float64}
# meta:
#   __serialized_columns__:
#     wavelength:
#       __class__: astropy.units.quantity.Quantity
#       unit: !astropy.units.Unit {unit: Angstrom}
#       value: !astropy.table.SerializedColumn {name: wavelength}
#   band_name: F129
#   group_name: RomanSCA15
# schema: astropy-2.0
wavelength response
11150.0 0.0
11160.000000000002 2.2104853207207685e-05
11170.0 0.00017683882565766148
11180.000000000002 0.0008178795686666844
11190.0 0.003094679449009076
11200.000000000002 0.009947183943243457
11210.0 0.02683529179355013
11220.000000000002 0.061340967650001334
11230.0 0.11954304614457915
11240.000000000002 0.20066785741503138
11250.0 0.29399454765586225
11259.999999999998 0.3827676381360083
11270.0 0.4525968694175773
11279.999999999998 0.4980223427583892
11290.0 0.5224482055523537
11299.999999999998 0.5333016884770926
11310.0 0.5373689814672189
11319.999999999998 0.5386289581000296
11330.0 0.5389384260449306
11339.999999999998 0.538982635751345
11350.0 0.5390047406045523
11359.999999999998 0.5390047406045523
11370.0 0.538982635751345
11379.999999999998 0.538982635751345
11390.0 0.5390489503109667
11399.999999999998 0.5391815794302098
11410.0 0.5392699988430387
11419.999999999998 0.5393142085494531
11430.0 0.5392478939898314
11439.999999999998 0.5391815794302098
11450.0 0.5392257891366243
11459.999999999998 0.5393142085494531
11470.0 0.5393363134026603
11480.0 0.5393142085494531
11490.0 0.5392699988430387
11500.0 0.5392257891366243
11510.0 0.5392257891366243
11520.0 0.539203684283417
11530.0 0.5391152648705883
11540.0 0.5390710551641738
11550.0 0.5391373697237954
11560.0 0.5391815794302098
11570.0 0.5390489503109667
11580.0 0.5389163211917234
11590.0 0.5388942163385162
11600.0 0.5389384260449306
11610.0 0.5389384260449306
11620.0 0.538872111485309
11630.0 0.5387394823660657
11640.0 0.5386068532468224
11650.0 0.5385405386872009
11660.0 0.5385184338339937
11670.0 0.5384521192743721
11680.0 0.5384300144211648
11690.0 0.5384742241275792
11700.0 0.5384521192743721
11710.0 0.5382752804487143
11720.0 0.5380542319166423
11730.0 0.537921602797399
11740.0 0.5378552882377774
11750.0 0.5377889736781558
11760.0 0.5377005542653269
11770.0 0.5376121348524981
11780.0 0.537590029999291
11790.0 0.5376342397057053
11800.0 0.5376784494121197
11810.0 0.537590029999291
11820.0 0.5374574008800477
11830.0 0.5374131911736333
11840.0 0.5373689814672189
11850.0 0.5372363523479756
11860.0 0.537059513522318
11870.0 0.5369047795498675
11880.0 0.5367942552838314
11890.0 0.5367942552838314
11900.0 0.536750045577417
11910.0 0.5365732067517593
11920.0 0.5364184727793089
11930.0 0.5363742630728945
11940.0 0.5363521582196873
11950.0 0.5361753193940296
11960.0 0.5360205854215792
11970.0 0.5359763757151648
11980.0 0.5359763757151648
11990.0 0.5358658514491287
12000.0 0.5357111174766783
12010.0 0.5356448029170566
12020.0 0.5356005932106422
12030.0 0.5355563835042279
12040.0 0.5355121737978135
12050.0 0.5355342786510205
12060.0 0.5355121737978135
12070.0 0.5353795446785702
12080.0 0.5351806009997053
12090.0 0.5350037621740477
12100.0 0.5349153427612188
12110.0 0.5349153427612188
12120.0 0.5348932379080116
12130.0 0.5347385039355611
12140.0 0.5345616651099034
12150.0 0.534517455403489
12160.0 0.5345616651099034
12170.0 0.5346058748163178
12180.0 0.5345837699631107
12190.0 0.5344290359906602
12200.0 0.5342743020182097
12210.0 0.534296406871417
12220.0 0.5343406165778314
12230.0 0.5342743020182097
12240.0 0.5341858826053809
12250.0 0.5341858826053809
12260.0 0.5341858826053809
12270.0 0.534097463192552
12280.0 0.5340090437797232
12290.000000000002 0.533986938926516
12300.0 0.5339648340733089
12310.000000000002 0.5338543098072728
12320.0 0.5337216806880295
12330.000000000002 0.5336111564219935
12340.0 0.5335448418623719
12350.000000000002 0.5334785273027504
12360.0 0.5333901078899214
12370.000000000002 0.5332795836238854
12380.0 0.5332132690642638
12390.000000000002 0.5332574787706782
12400.0 0.5332574787706782
12410.000000000002 0.5330806399450205
12420.0 0.5329259059725701
12430.000000000002 0.5329701156789844
12440.0 0.533014325385399
12450.000000000002 0.5328595914129485
12460.0 0.5326827525872908
12470.000000000002 0.5326385428808764
12480.0 0.5326606477340836
12490.000000000002 0.5326606477340836
12500.0 0.532594333174462
12509.999999999998 0.5325059137616331
12520.0 0.5323953894955972
12529.999999999998 0.5323069700827683
12540.0 0.5322627603763539
12549.999999999998 0.5322627603763539
12560.0 0.5322627603763539
12569.999999999998 0.5322185506699395
12580.0 0.532063816697489
12589.999999999998 0.531842768165417
12600.0 0.5316880341929665
12609.999999999998 0.5317101390461737
12620.0 0.5317764536057953
12629.999999999998 0.5317543487525881
12640.0 0.5316659293397592
12649.999999999998 0.531643824486552
12660.0 0.5315775099269304
12669.999999999998 0.53142277595448
12680.0 0.5312459371288224
12689.999999999998 0.5312017274224079
12700.0 0.5312017274224079
12709.999999999998 0.5311796225692007
12720.0 0.5311575177159934
12730.0 0.5312017274224079
12740.0 0.5311575177159934
12750.0 0.5309585740371286
12760.0 0.5307817352114709
12770.0 0.5308259449178854
12780.0 0.5309585740371286
12790.0 0.531002783743543
12800.0 0.5309143643307143
12810.0 0.5307375255050565
12820.0 0.5305827915326061
12830.0 0.5305606866793988
12840.0 0.5306270012390205
12850.0 0.5306933157986421
12860.0 0.5307154206518493
12870.0 0.5306491060922277
12880.0 0.5305606866793988
12890.0 0.5305606866793988
12900.0 0.5306048963858132
12910.0 0.5306270012390205
12920.0 0.5306048963858132
12930.0 0.5305606866793988
12940.0 0.5305385818261917
12950.0 0.5305827915326061
12960.0 0.5306270012390205
12970.0 0.5305827915326061
12980.0 0.5305385818261917
12990.0 0.5306491060922277
13000.0 0.5307596303582638
13010.0 0.5307596303582638
13020.0 0.5307154206518493
13030.0 0.5306712109454349
13040.0 0.5306933157986421
13050.0 0.5307596303582638
13060.0 0.5308701546242998
13070.0 0.531002783743543
13080.0 0.531113308009579
13090.0 0.5311575177159934
13100.0 0.5312680419820295
13110.0 0.5315554050737232
13120.0 0.5317764536057953
13130.0 0.5317543487525881
13140.0 0.531643824486552
13150.0 0.5316880341929665
13160.0 0.5318206633122097
13170.0 0.5319753972846601
13180.0 0.5320859215506961
13190.0 0.5321301312571106
13200.0 0.5321743409635251
13210.0 0.5322848652295611
13220.0 0.5324395992020116
13230.0 0.532594333174462
13240.0 0.532704857440498
13250.0 0.5328153817065341
13260.0 0.5329259059725701
13270.0 0.5330585350918133
13280.0 0.5331690593578493
13290.0 0.5332132690642638
13300.0 0.5332795836238854
13310.0 0.533456422449543
13320.0 0.5336995758348224
13330.0 0.53387641466048
13340.0 0.533986938926516
13350.0 0.5340311486329306
13360.0 0.5341195680457593
13370.0 0.5343406165778314
13380.0 0.5344953505502819
13390.0 0.5344953505502819
13400.0 0.5344511408438675
13410.0 0.534517455403489
13420.0 0.5346721893759395
13430.0 0.5348711330548044
13440.0 0.5350258670272547
13450.0 0.5351806009997053
13460.0 0.5352911252657414
13470.0 0.5354458592381918
13480.0 0.5355784883574349
13490.0 0.535689012623471
13500.0 0.5357553271830927
13510.0 0.5358216417427143
13520.0 0.5358437465959215
13530.0 0.5358658514491287
13540.000000000002 0.5359100611555431
13550.0 0.5360205854215792
13560.000000000002 0.536109004834408
13570.0 0.5360868999812007
13580.000000000002 0.5360647951279935
13590.0 0.5362195291004441
13600.000000000002 0.5363742630728945
13610.0 0.5363742630728945
13620.000000000002 0.5363079485132729
13630.0 0.5362637388068585
13640.000000000002 0.5362416339536512
13650.0 0.5362637388068585
13660.000000000002 0.5363300533664801
13670.0 0.5364847873389306
13680.000000000002 0.5366174164581737
13690.0 0.5366837310177954
13700.000000000002 0.5366837310177954
13710.0 0.5366616261645882
13720.000000000002 0.5366616261645882
13730.0 0.5366837310177954
13740.000000000002 0.5367279407242098
13750.0 0.5367942552838314
13759.999999999998 0.5368826746966602
13770.0 0.5369268844030747
13779.999999999998 0.5369489892562819
13790.0 0.5368826746966602
13799.999999999998 0.5368384649902458
13810.0 0.5368384649902458
13819.999999999998 0.5368605698434531
13830.0 0.5368384649902458
13839.999999999998 0.536750045577417
13850.0 0.5366174164581737
13859.999999999998 0.5365068921921377
13870.0 0.5365511018985522
13879.999999999998 0.5366174164581737
13890.0 0.5365953116049667
13899.999999999998 0.536639521311381
13910.0 0.5368605698434531
13919.999999999998 0.537059513522318
13930.0 0.5370153038159035
13939.999999999998 0.5368826746966602
13950.0 0.5368163601370387
13959.999999999998 0.5368826746966602
13970.0 0.5370153038159035
13980.0 0.5370816183755251
13990.0 0.5369710941094891
14000.0 0.5367942552838314
14010.0 0.5367058358710026
14020.0 0.5367058358710026
14030.0 0.5367942552838314
14040.0 0.5368384649902458
14050.0 0.5368163601370387
14060.0 0.5367058358710026
14070.0 0.5365732067517593
14080.0 0.5364626824857233
14090.0 0.5363742630728945
14100.0 0.5362195291004441
14110.0 0.5359763757151648
14120.0 0.5357774320362999
14130.0 0.5357774320362999
14140.0 0.5357995368895071
14150.0 0.535689012623471
14160.0 0.5355121737978135
14170.0 0.5353795446785702
14180.0 0.5353574398253629
14190.0 0.5354016495317774
14200.0 0.535467964091399
14210.0 0.5354900689446062
14220.0 0.5356226980638494
14230.0 0.5359542708619575
14240.0 0.5363521582196873
14250.0 0.5366616261645882
14260.0 0.5368163601370387
14270.0 0.5368384649902458
14280.0 0.5368384649902458
14290.0 0.5369489892562819
14300.0 0.5370816183755251
14310.0 0.5371479329351468
14320.0 0.5372142474947683
14330.0 0.5372584572011828
14340.0 0.5373468766140116
14350.0 0.5374352960268404
14360.0 0.5375458202928765
14370.0 0.5376121348524981
14380.0 0.5376342397057053
14390.0 0.5376121348524981
14400.0 0.5375679251460838
14410.0 0.5375237154396694
14420.0 0.5369710941094891
14430.0 0.5348932379080116
14440.0 0.5291680809273448
14450.0 0.5160377981222634
14460.0 0.49035195869548814
14470.0 0.44715907552860423
14480.0 0.3846244458054137
14490.0 0.30672694310321386
14500.0 0.22332533195241924
14510.0 0.14655517676378696
14520.0 0.08576683044396582
14530.0 0.04438654524007304
14540.0 0.020203835831387823
14550.0 0.008046166567423598
14560.0 0.002807316357315376
14570.0 0.000839984421873892
14580.0 0.00022104853207207686
14590.0 4.420970641441537e-05
14600.0 0.0
