mejiro/data/filter_response/RomanSCA06-Grism_1stOrder.ecsv
# %ECSV 1.0
# ---
# datatype:
# - {name: wavelength, unit: Angstrom, datatype: float64}
# - {name: response, datatype: float64}
# meta:
#   __serialized_columns__:
#     wavelength:
#       __class__: astropy.units.quantity.Quantity
#       unit: !astropy.units.Unit {unit: Angstrom}
#       value: !astropy.table.SerializedColumn {name: wavelength}
#   band_name: Grism_1stOrder
#   group_name: RomanSCA06
# schema: astropy-2.0
wavelength response
[from data line 545]
15350.0 0.43856028763100047
15360.0 0.43818450512647794
15370.0 0.4378308274751626
15380.0 0.43747714982384733
15390.0 0.43721189158536083
15400.0 0.4369024236404599
15410.0 0.43650453628273017
15420.0 0.436062439218586
15430.0 0.43562034215444184
15440.0 0.43524455964991937
15450.0 0.4349571965582256
15460.0 0.4346919383197391
15470.0 0.43433826066842385
15480.0 0.4339624781639013
15490.0 0.43360880051258593
15500.0 0.4332330180080634
15510.0 0.43279092094391924
15520.0 0.43234882387977513
15530.0 0.43197304137525255
15540.0 0.4316193637239372
15550.0 0.43124358121941475
15560.0 0.4308014841552706
15570.0 0.43031517738471203
15580.0 0.42989518517377506
15590.0 0.42954150752245973
15600.0 0.42920993472435165
15610.0 0.4287457328070003
15620.0 0.42828153088964893
15630.0 0.427972062944748
15640.0 0.4276846998530543
15650.0 0.4272647076421174
15660.0 0.4267784008715588
15670.0 0.42633630380741466
15680.0 0.42596052130289214
15690.0 0.4256510533579912
15700.0 0.42527527085346867
15710.0 0.42474475437649567
15720.0 0.4242363427527299
15730.0 0.4238826651014146
15740.0 0.42357319715651365
15750.0 0.4231974146519912
15760.0 0.422755317587847
15770.0 0.4222469059640812
15780.0 0.4217605991935226
15790.0 0.4213406069825857
15800.0 0.4209206147716487
15810.0 0.42047851770750455
15820.0 0.42003642064336044
15830.0 0.4196827429920451
15840.0 0.4192848556343154
15850.0 0.41882065371696403
15860.0 0.41835645179961267
15870.0 0.41800277414829734
15880.0 0.4176712013501892
15890.0 0.4172733139924595
15900.0 0.4168312169283153
15910.0 0.41636701501096396
15920.0 0.415947022800027
15930.0 0.4155933451487117
15940.0 0.4152396674973964
15950.0 0.4148196752864594
15960.0 0.41433336851590086
15970.0 0.4138912714517567
15980.0 0.413493384094027
15990.0 0.41316181129591883
16000.0 0.4128302384978107
16010.0 0.4124102462868738
16020.0 0.4119681492227296
16030.0 0.41154815701179265
16040.000000000002 0.411150269654063
16050.0 0.41077448714954046
16060.000000000002 0.4104208094982251
16070.0 0.4100671318469098
16080.000000000002 0.4096913493423872
16090.0 0.4092934619846575
16100.000000000002 0.4088734697737205
16110.0 0.40854189697561244
16120.000000000002 0.40821032417750436
16130.0 0.4077682271133602
16140.000000000002 0.40732613004921603
16150.0 0.4069724523979007
16160.000000000002 0.406685089306207
16170.0 0.40635351650809887
16180.000000000002 0.4060219437099908
16190.0 0.4056461612054682
16200.000000000002 0.4052482738477385
16210.0 0.40485038649000876
16220.000000000002 0.40447460398548624
16230.0 0.4041209263341709
16240.000000000002 0.4037451438296484
16250.0 0.4033251516187114
16259.999999999998 0.4029272642609817
16270.0 0.40261779631608074
16279.999999999998 0.40228622351797266
16290.0 0.40184412645382855
16299.999999999998 0.4014020293896844
16310.0 0.40104835173836906
16319.999999999998 0.4007167789402609
16330.0 0.40040731099536
16339.999999999998 0.4000536333440447
16350.0 0.399655745986315
16359.999999999998 0.39927996348179245
16370.0 0.39892628583047707
16379.999999999998 0.39857260817916174
16390.0 0.39821893052784646
16400.0 0.39782104317011674
16410.0 0.39740105095917977
16420.0 0.39700316360145005
16430.0 0.3966715908033419
16440.0 0.39636212285844097
16450.0 0.39594213064750405
16460.0 0.3954779287301527
16470.0 0.39503583166600853
16480.0 0.3946379443082788
16490.0 0.3942179520973419
16500.0 0.39384216959281937
16510.0 0.3935327016479184
16520.0 0.3931790239966031
16530.0 0.39267061237283735
16540.0 0.39214009589586435
16550.0 0.391786418244549
16560.0 0.39149905515285527
16570.0 0.3911232726483328
16580.0 0.39068117558418863
16590.0 0.3902611833732517
16600.0 0.38988540086872914
16610.0 0.38957593292382825
16620.0 0.3892001504193057
16630.0 0.38864752908912553
16640.0 0.38809490775894534
16650.0 0.3877191252544228
16660.0 0.38743176216272907
16670.0 0.3870780845114138
16680.0 0.38661388259406243
16690.0 0.38608336611708943
16700.0 0.38555284964011644
16710.0 0.3851549622823867
16720.0 0.38475707492465694
16730.0 0.3842707681540984
16740.0 0.383806566236747
16750.0 0.3834086788790173
16760.0 0.38305500122770203
16770.0 0.38261290416355787
16780.0 0.3821708070994137
16790.0 0.3817950245948912
16800.0 0.38141924209036865
16810.0 0.3809992498794317
16820.0 0.3805792576684947
16830.0 0.3801592654575578
16840.0 0.37971716839341363
16850.0 0.37925296647606227
16860.0 0.3787887645587109
16870.0 0.37836877234777394
16880.0 0.377948780136837
16890.0 0.37750668307269286
16900.0 0.3770645860085487
16910.0 0.37662248894440453
16920.0 0.3762024967334676
16930.0 0.3758488190821523
16940.0 0.3754509317244225
16950.0 0.37496462495386396
16960.0 0.3745004230365126
16970.0 0.3741688502384045
16980.0 0.3738151725870892
16990.0 0.3732846561101162
17000.0 0.3727541396331432
17010.0 0.3724004619818279
17020.0 0.37211309889013416
17030.0 0.37175942123881883
17040.0 0.37131732417467467
17050.0 0.3708089125509089
17060.0 0.3703005009271432
17070.0 0.3699247184226206
17080.0 0.36954893591809806
17090.0 0.3691068388539539
17100.0 0.3686647417898098
17110.0 0.36820053987245843
17120.0 0.36778054766152146
17130.0 0.36738266030379174
17140.0 0.3669405632396476
17150.0 0.3664321516158818
17160.0 0.36601215940494486
17170.0 0.36572479631325117
17180.0 0.3654153283683503
17190.0 0.3649511264509989
17200.0 0.3644427148272331
17210.0 0.3640227226162962
17220.0 0.36360273040535923
17230.0 0.36318273819442226
17240.0 0.3627406411302781
17250.0 0.3623427537725484
17260.0 0.36194486641481866
17270.0 0.3614806644974673
17280.0 0.3609943577269087
17290.0 0.3605522606627646
17300.0 0.3601322684518276
17310.0 0.3597564859473051
17320.0 0.3593585985895753
17330.0 0.3589386063786384
17340.0 0.3585186141677014
17350.0 0.35812072680997176
17360.0 0.3577007345990348
17370.0 0.3572365326816834
17380.0 0.3567281210579176
17390.0 0.3561976045809446
17400.0 0.3557112978103861
17410.0 0.35535762015907074
17420.0 0.35502604736096266
17430.0 0.3546060551500257
17440.0 0.3541639580858815
17450.0 0.3537439658749446
17460.0 0.35332397366400764
17470.0 0.3528376668934491
17480.0 0.3523071504164761
17490.0 0.35184294849912473
17500.0 0.35137874658177337
17510.0 0.35089243981121476
17520.0 0.35047244760027785
17530.0 0.35011876994896257
17540.0 0.34976509229764724
17550.0 0.3493008903802959
17560.0 0.34881458360973727
17570.0 0.3483061719859715
17580.0 0.34784197006862017
17590.0 0.347399873004476
17600.0 0.3469798807935391
17610.0 0.3465598885826021
17620.0 0.34613989637166515
17630.0 0.3456314847478994
17640.0 0.3451230731241336
17650.0 0.3447030809131966
17660.0 0.3443051935554669
17670.0 0.34384099163811555
17680.0 0.34335468486755694
17690.0 0.3428462732437912
17700.0 0.34235996647323264
17710.0 0.3418736597026741
17720.0 0.3413873529321155
17730.0 0.3409231510147641
17740.0 0.34048105395062
17750.0 0.34008316659289023
17760.0 0.3396631743819533
17770.0 0.33919897246460196
17780.0 0.3387568754004578
17790.0 0.3383368831895208
17800.0 0.33791689097858385
17810.0 0.3374526890612325
17820.0 0.33694427743746674
17830.0 0.33639165610728655
17840.0 0.3358611396303136
17850.0 0.335374832859755
17860.0 0.3349769455020253
17870.0 0.33457905814429556
17880.0 0.334203275639773
17890.0 0.33380538828204326
17900.0 0.3333853960711063
17910.0 0.33292119415375493
17920.0 0.3324348873831964
17930.0 0.33192647575943063
17940.0 0.33146227384207927
17950.0 0.33108649133755674
17960.0 0.33068860397982697
17970.0 0.3302022972092684
17980.0 0.3296717807322954
17990.0 0.32920757881494406
18000.0 0.32883179631042153
18010.0 0.3284781186591062
18020.0 0.3281023361545837
18030.0 0.3276381342372323
18040.0 0.3271297226134665
18050.0 0.32666552069611515
18060.0 0.32624552848517824
18070.0 0.32584764112744846
18080.0 0.32547185862292594
18090.0 0.3250739712651962
18100.0 0.32465397905425925
18110.0 0.3241897771369079
18120.0 0.3237476800727637
18130.0 0.32337189756824125
18140.0 0.3230182199169259
18150.0 0.3226203325591962
18160.0 0.32220034034825923
18170.0 0.32178034813732226
18180.0 0.3212940413667637
18190.0 0.3206972103301691
18200.0 0.3201224841467817
18210.0 0.3197024919358447
18220.0 0.3193709191377367
18230.0 0.31903934633962855
18240.0 0.3187298783947276
18250.0 0.3184425153030339
18260.0 0.318133047358133
18270.0 0.3178014745600249
18280.0 0.3173593774958807
18290.0 0.31687307072532217
18300.0 0.3163646591015564
18310.0 0.31598887659703384
18320.0 0.3155909892393041
18330.0 0.31510468246874557
18340.0 0.314618375698187
18350.0 0.31422048834045724
18360.0 0.3138889155423491
18370.0 0.313557342744241
18380.0 0.3132036650929257
18390.0 0.31284998744161036
18400.0 0.31245210008388064
18410.0 0.3119878981665293
18420.0 0.3115236962491779
18430.0 0.3110152846254121
18440.0 0.31052897785485356
18450.0 0.3100868807907094
18460.0 0.3096668885797725
18470.0 0.3092468963688355
18480.0 0.308871113864313
18490.0 0.30849533135979046
18500.0 0.3080753391488535
18510.0 0.3075227178186733
18520.0 0.30699220134170035
18530.0 0.3065943139839706
18540.0 0.30619642662624086
18550.0 0.3057322247088895
18560.0 0.30524591793833095
18570.0 0.3048038208741868
18580.0 0.30440593351645706
18590.0 0.3040080461587273
18600.0 0.3035880539477903
18610.0 0.3031901665900606
18620.0 0.3027701743791236
18630.0 0.3023280773149795
18640.0 0.3017975608380065
18650.0 0.3011565200949975
18660.0 0.30053758420519566
18670.0 0.3000733822878443
18680.0 0.2996754949301146
18690.0 0.2992333978659704
18700.0 0.2987028813889974
18710.0 0.2981944697652317
18720.0 0.2977744775542947
18730.0 0.29753132416901545
18740.0 0.29724396107732176
18750.0 0.2967576543067632
18760.0 0.2962271378297902
18770.0 0.2958292504720605
18780.0 0.2954313631143307
18790.0 0.29490084663735777
18800.0 0.2943703301603848
18810.0 0.2939282330962406
18820.0 0.29348613603209645
18830.0 0.29295561955512345
18840.0 0.29240299822494326
18850.0 0.29185037689476306
18860.0 0.2912756507113757
18870.0 0.29061250511515946
18880.0 0.28986094010611435
18890.0 0.2890209556842405
18900.0 0.28809255184953775
18910.0 0.2870757286020062
18920.0 0.28577154226278095
18930.0 0.28400315400620435
18940.0 0.28192529780472686
18950.0 0.2796263930711772
18960.0 0.27697381068631227
18970.0 0.27372439726485276
18980.0 0.26994446736642025
18990.0 0.2656782306974292
19000.0 0.26072674357901465
19010.0 0.25495737689193343
19020.0 0.24834802578297832
19030.0 0.240965004811771
19040.0 0.23276410427189692
19050.0 0.223723219310149
19060.0 0.21386445477973437
19070.0 0.20316570582744584
19080.0 0.1918480209853555
19090.0 0.1800219245194994
19100.0 0.16779794069591353
19110.0 0.1553308034870484
19120.0 0.1426868274525256
19130.0 0.1300207465647956
19140.0 0.11750939964951605
19150.0 0.10530752067913741
19160.0 0.09354773877290293
19170.0 0.08234057819684863
19180.0 0.07179656321701056
19190.0 0.06202621809942477
19200.0 0.05307375255050566
19210.0 0.045027585983082055
19220.0 0.03782140383753235
19230.0 0.031433101260649327
19240.0 0.025840573399225786
19250.0 0.02102171540005451
19260.0 0.016932317556721088
19270.0 0.013483960456396687
19280.0 0.010610329539459689
19290.0 0.008289319952702882
19300.0 0.006388302576883021
19310.0 0.004885172558792899
19320.0 0.003669405632396476
19330.0 0.002741001797693753
19340.0 0.0020115416418558995
19350.0 0.001481025164882915
19360.0 0.0010610329539459688
19370.0 0.0007515650090450613
19380.0 0.0005305164769729844
19390.0 0.00037578250452253065
19400.0 0.0002652582384864922
19410.0 0.00017683882565766148
19420.0 0.00011052426603603843
19430.0 8.841941282883074e-05
19440.0 4.420970641441537e-05
19450.0 4.420970641441537e-05
19460.0 2.2104853207207685e-05
19470.0 2.2104853207207685e-05
19480.0 0.0
