mejiro/data/filter_response/RomanSCA18-Grism_0thOrder.ecsv
# %ECSV 1.0
# ---
# datatype:
# - {name: wavelength, unit: Angstrom, datatype: float64}
# - {name: response, datatype: float64}
# meta:
#   __serialized_columns__:
#     wavelength:
#       __class__: astropy.units.quantity.Quantity
#       unit: !astropy.units.Unit {unit: Angstrom}
#       value: !astropy.table.SerializedColumn {name: wavelength}
#   band_name: Grism_0thOrder
#   group_name: RomanSCA18
# schema: astropy-2.0
wavelength response
[from data line 604]
15930.0 0.0006189358898018152
15940.0 0.0006410407430090229
15950.0 0.0006410407430090229
15960.0 0.0006410407430090229
15970.0 0.0006631455962162305
15980.0 0.0006631455962162305
15990.0 0.0006852504494234382
16000.0 0.0006852504494234382
16010.0 0.0006852504494234382
16020.0 0.0007073553026306459
16030.0 0.0007073553026306459
16040.000000000002 0.0007294601558378536
16050.0 0.0007294601558378536
16060.000000000002 0.0007515650090450613
16070.0 0.0007515650090450613
16080.000000000002 0.000773669862252269
16090.0 0.000773669862252269
16100.000000000002 0.0007957747154594767
16110.0 0.0007957747154594767
16120.000000000002 0.0008178795686666844
16130.0 0.0008178795686666844
16140.000000000002 0.000839984421873892
16150.0 0.000839984421873892
16160.000000000002 0.0008620892750810997
16170.0 0.0008620892750810997
16180.000000000002 0.0008841941282883074
16190.0 0.0008841941282883074
16200.000000000002 0.0009062989814955152
16210.0 0.0009062989814955152
16220.000000000002 0.0009284038347027227
16230.0 0.0009284038347027227
16240.000000000002 0.0009505086879099305
16250.0 0.0009505086879099305
16259.999999999998 0.0009726135411171382
16270.0 0.0009726135411171382
16279.999999999998 0.0009947183943243459
16290.0 0.0010168232475315534
16299.999999999998 0.0010168232475315534
16310.0 0.0010389281007387612
16319.999999999998 0.0010389281007387612
16330.0 0.0010610329539459688
16339.999999999998 0.0010610329539459688
16350.0 0.0010831378071531766
16359.999999999998 0.0011052426603603842
16370.0 0.0011052426603603842
16379.999999999998 0.001127347513567592
16390.0 0.0011494523667747996
16400.0 0.0011494523667747996
16410.0 0.0011715572199820074
16420.0 0.0011715572199820074
16430.0 0.0011936620731892152
16440.0 0.0012157669263964225
16450.0 0.0012157669263964225
16460.0 0.0012378717796036303
16470.0 0.0012599766328108381
16480.0 0.0012599766328108381
16490.0 0.0012820814860180457
16500.0 0.0013041863392252535
16510.0 0.0013041863392252535
16520.0 0.001326291192432461
16530.0 0.0013483960456396689
16540.0 0.0013483960456396689
16550.0 0.0013705008988468765
16560.0 0.0013926057520540843
16570.0 0.0014147106052612918
16580.0 0.0014147106052612918
16590.0 0.0014368154584684994
16600.0 0.0014589203116757072
16610.0 0.0014589203116757072
16620.0 0.001481025164882915
16630.0 0.0015031300180901226
16640.0 0.0015252348712973302
16650.0 0.0015252348712973302
16660.0 0.001547339724504538
16670.0 0.0015694445777117458
16680.0 0.0015915494309189533
16690.0 0.0015915494309189533
16700.0 0.0016136542841261611
16710.0 0.0016357591373333687
16720.0 0.0016578639905405763
16730.0 0.001679968843747784
16740.0 0.001679968843747784
16750.0 0.001702073696954992
16760.0 0.0017241785501621995
16770.0 0.0017462834033694073
16780.0 0.0017683882565766149
16790.0 0.0017904931097838224
16800.0 0.0017904931097838224
16810.0 0.0018125979629910304
16820.0 0.001834702816198238
16830.0 0.0018568076694054454
16840.0 0.0018789125226126534
16850.0 0.001901017375819861
16860.0 0.001901017375819861
16870.0 0.0019231222290270686
16880.0 0.0019452270822342764
16890.0 0.001967331935441484
16900.0 0.0019894367886486917
16910.0 0.0020115416418558995
16920.0 0.002033646495063107
16930.0 0.0020557513482703147
16940.0 0.0020778562014775225
16950.0 0.0020999610546847303
16960.0 0.0021220659078919376
16970.0 0.0021441707610991454
16980.0 0.0021441707610991454
16990.0 0.0021662756143063532
17000.0 0.002188380467513561
17010.0 0.0022104853207207684
17020.0 0.002232590173927976
17030.0 0.002254695027135184
17040.0 0.002276799880342392
17050.0 0.002298904733549599
17060.0 0.002321009586756807
17070.0 0.0023431144399640147
17080.0 0.002365219293171222
17090.0 0.0023873241463784303
17100.0 0.0024094289995856377
17110.0 0.002431533852792845
17120.0 0.0024757435592072607
17130.0 0.0024978484124144685
17140.0 0.0025199532656216763
17150.0 0.0025420581188288836
17160.0 0.0025641629720360914
17170.0 0.002586267825243299
17180.0 0.002608372678450507
17190.0 0.002630477531657715
17200.0 0.002652582384864922
17210.0 0.00267468723807213
17220.0 0.0026967920912793378
17230.0 0.002741001797693753
17240.0 0.0027631066509009607
17250.0 0.0027852115041081685
17260.0 0.002807316357315376
17270.0 0.0028294212105225837
17280.0 0.0028515260637297915
17290.0 0.002873630916936999
17300.0 0.0029178406233514144
17310.0 0.0029399454765586222
17320.0 0.00296205032976583
17330.0 0.0029841551829730374
17340.0 0.003006260036180245
17350.0 0.0030504697425946603
17360.0 0.003072574595801868
17370.0 0.003094679449009076
17380.0 0.0031167843022162837
17390.0 0.0031388891554234915
17400.0 0.0031830988618379067
17410.0 0.0032052037150451145
17420.0 0.0032273085682523223
17430.0 0.0032715182746667374
17440.0 0.0032936231278739452
17450.0 0.0033157279810811526
17460.0 0.003337832834288361
17470.0 0.0033820425407027756
17480.0 0.003404147393909984
17490.0 0.003426252247117191
17500.0 0.003448357100324399
17510.0 0.0034925668067388145
17520.0 0.0035146716599460223
17530.0 0.0035367765131532297
17540.0 0.003580986219567645
17550.0 0.0036030910727748522
17560.0 0.003625195925982061
17570.0 0.003669405632396476
17580.0 0.0036915104856036834
17590.0 0.0037357201920180986
17600.0 0.003757825045225307
17610.0 0.003779929898432514
17620.0 0.0038241396048469293
17630.0 0.003846244458054137
17640.0 0.0038683493112613454
17650.0 0.0039125590176757605
17660.0 0.003934663870882968
17670.0 0.0039788735772973835
17680.0 0.004000978430504592
17690.0 0.004023083283711799
17700.0 0.004067292990126214
17710.0 0.004089397843333422
17720.0 0.004133607549747838
17730.0 0.004155712402955045
17740.0 0.004199922109369461
17750.0 0.004222026962576668
17760.0 0.0042662366689910835
17770.0 0.004288341522198291
17780.0 0.0043325512286127065
17790.0 0.004354656081819914
17800.0 0.0043988657882343294
17810.0 0.004420970641441537
17820.0 0.004465180347855952
17830.0 0.00448728520106316
17840.0 0.004531494907477575
17850.0 0.004553599760684784
17860.0 0.004597809467099198
17870.0 0.004619914320306406
17880.0 0.004664124026720822
17890.0 0.0046862288799280295
17900.0 0.004730438586342444
17910.0 0.004774648292756861
17920.0 0.004796753145964068
17930.0 0.004840962852378483
17940.0 0.00486306770558569
17950.0 0.004907277412000107
17960.0 0.004951487118414521
17970.0 0.004973591971621729
17980.0 0.005017801678036145
17990.0 0.00506201138445056
18000.0 0.005084116237657767
18010.0 0.005128325944072183
18020.0 0.005172535650486598
18030.0 0.005194640503693806
18040.0 0.005238850210108221
18050.0 0.005283059916522637
18060.0 0.005305164769729844
18070.0 0.00534937447614426
18080.0 0.0053935841825586755
18090.0 0.005437793888973091
18100.0 0.005482003595387506
18110.0 0.005504108448594713
18120.0 0.00554831815500913
18130.0 0.005592527861423544
18140.0 0.005636737567837959
18150.0 0.005680947274252376
18160.0 0.005703052127459583
18170.0 0.005747261833873998
18180.0 0.005791471540288414
18190.0 0.005835681246702829
18200.0 0.0058798909531172444
18210.0 0.005901995806324453
18220.0 0.005946205512738867
18230.0 0.005990415219153283
18240.0 0.006034624925567699
18250.0 0.006078834631982113
18260.0 0.006123044338396529
18270.0 0.0061672540448109445
18280.0 0.006211463751225359
18290.0 0.006255673457639775
18300.0 0.00629988316405419
18310.0 0.006344092870468606
18320.0 0.006388302576883021
18330.0 0.006432512283297436
18340.0 0.006476721989711852
18350.0 0.006520931696126267
18360.0 0.006565141402540683
18370.0 0.006609351108955098
18380.0 0.0066535608153695126
18390.0 0.006697770521783929
18400.0 0.006741980228198344
18410.0 0.00678618993461276
18420.0 0.006830399641027175
18430.0 0.00687460934744159
18440.0 0.006918819053856006
18450.0 0.006963028760270421
18460.0 0.0070072384666848364
18470.0 0.007051448173099251
18480.0 0.007117762732720875
18490.0 0.00716197243913529
18500.0 0.0072061821455497044
18510.0 0.007250391851964122
18520.0 0.0072946015583785365
18530.0 0.007338811264792952
18540.0 0.007383020971207367
18550.0 0.0074272306776217815
18560.0 0.007471440384036197
18570.0 0.007515650090450614
18580.0 0.007581964650072236
18590.0 0.007626174356486652
18600.0 0.007670384062901067
18610.0 0.0077145937693154825
18620.0 0.007758803475729897
18630.0 0.007825118035351521
18640.0 0.007869327741765936
18650.0 0.00791353744818035
18660.0 0.007957747154594767
18670.0 0.008001956861009183
18680.0 0.008046166567423598
18690.0 0.008090376273838013
18700.0 0.008134585980252428
18710.0 0.008178795686666844
18720.0 0.008245110246288467
18730.0 0.008289319952702882
18740.0 0.008333529659117296
18750.0 0.008399844218738921
18760.0 0.008444053925153336
18770.0 0.00848826363156775
18780.0 0.008532473337982167
18790.0 0.008576683044396582
18800.0 0.008620892750810996
18810.0 0.008665102457225413
18820.0 0.008709312163639828
18830.0 0.008731417016847036
18840.0 0.00877562672326145
18850.0 0.008797731576468659
18860.0 0.008819836429675865
18870.0 0.008819836429675865
18880.0 0.008819836429675865
18890.0 0.008819836429675865
18900.0 0.008797731576468659
18910.0 0.008753521870054244
18920.0 0.008709312163639828
18930.0 0.008620892750810996
18940.0 0.008532473337982167
18950.0 0.008399844218738921
18960.0 0.008267215099495675
18970.0 0.008090376273838013
18980.0 0.007891432594973144
18990.0 0.007670384062901067
19000.0 0.0074272306776217815
19010.0 0.00716197243913529
19020.0 0.006852504494234382
19030.0 0.006520931696126267
19040.0 0.006189358898018152
19050.0 0.0058135763934956215
19060.0 0.0054598987421802985
19070.0 0.00506201138445056
19080.0 0.004664124026720822
19090.0 0.004288341522198291
19100.0 0.0038904541644685527
19110.0 0.0035146716599460223
19120.0 0.003160994008630699
19130.0 0.002807316357315376
19140.0 0.0024757435592072607
19150.0 0.0021662756143063532
19160.0 0.0018789125226126534
19170.0 0.0016136542841261611
19180.0 0.0013926057520540843
19190.0 0.0011715572199820074
19200.0 0.0009726135411171382
19210.0 0.0008178795686666844
19220.0 0.0006631455962162305
19230.0 0.0005526213301801921
19240.0 0.0004420970641441537
19250.0 0.00035367765131532296
19260.0 0.0002873630916936999
19270.0 0.00022104853207207686
19280.0 0.00017683882565766148
19290.0 0.0001326291192432461
19300.0 0.00011052426603603843
19310.0 6.631455962162305e-05
19320.0 6.631455962162305e-05
19330.0 4.420970641441537e-05
19340.0 2.2104853207207685e-05
19350.0 2.2104853207207685e-05
19360.0 2.2104853207207685e-05
19370.0 2.2104853207207685e-05
19380.0 0.0
