mejiro/data/filter_response/RomanSCA10-Grism_1stOrder.ecsv
# %ECSV 1.0
# ---
# datatype:
# - {name: wavelength, unit: Angstrom, datatype: float64}
# - {name: response, datatype: float64}
# meta:
#   __serialized_columns__:
#     wavelength:
#       __class__: astropy.units.quantity.Quantity
#       unit: !astropy.units.Unit {unit: Angstrom}
#       value: !astropy.table.SerializedColumn {name: wavelength}
#   band_name: Grism_1stOrder
#   group_name: RomanSCA10
# schema: astropy-2.0
wavelength response
9920.0 0.0
9930.0 2.2104853207207685e-05
9940.0 0.0001547339724504538
9950.0 0.0010168232475315534
9960.0 0.004885172558792899
9970.0 0.017219680648414785
9980.0 0.045160215102325305
9990.0 0.08996675255333528
10000.0 0.14091843919594899
10009.999999999998 0.18218820013380577
10020.0 0.2062382804232477
10029.999999999998 0.21671598084346416
10040.0 0.22065064471434712
10049.999999999998 0.22252955723695975
10060.0 0.2239884775486355
10069.999999999998 0.22538108330068957
10080.0 0.22675158419953645
10089.999999999998 0.22807787539196892
10100.0 0.22942627143760858
10109.999999999998 0.23081887718966265
10120.0 0.23221148294171673
10129.999999999998 0.2335819838405636
10140.0 0.23493037988620327
10149.999999999998 0.23623456622542854
10160.0 0.23756085741786098
10169.999999999998 0.23890925346350067
10180.0 0.24027975436234753
10189.999999999998 0.2416502552611944
10200.0 0.24297654645362687
10209.999999999998 0.24430283764605934
10220.0 0.245651233691699
10230.0 0.24697752488413147
10240.0 0.24830381607656393
10250.0 0.2496301072689964
10260.0 0.2509121887550144
10270.0 0.2522163750942397
10280.0 0.25352056143346496
10290.0 0.2548689574791046
10300.0 0.2561952486715371
10310.0 0.25747733015755514
10320.0 0.258737306790366
10330.0 0.260019388276384
10340.0 0.2613456794688164
10350.0 0.2626277609548345
10360.0 0.2639098424408525
10370.0 0.2651698190736634
10380.0 0.26642979570647424
10390.0 0.2676897723392851
10400.0 0.26890553926568145
10410.0 0.2701434110452851
10420.0 0.27140338767809596
10430.0 0.272685469164114
10440.0 0.27396755065013206
10450.0 0.27513910787011403
10460.0 0.27628856023688886
10470.0 0.2775043271632853
10480.0 0.2787864086493034
10490.0 0.28006849013532137
10500.0 0.281306361914925
10510.0 0.2824558142816998
10520.0 0.2835831617952674
10530.0 0.2847989287216638
10540.0 0.28603680050126745
10550.0 0.2872525674276639
10560.0 0.2884683343540603
10570.0 0.2896619964272495
10580.0 0.29078934394081707
10590.0 0.29187248174797026
10600.0 0.29295561955512345
10610.0 0.2941050719218983
10620.0 0.2953208388482947
10630.0 0.29649239606827665
10640.0 0.2975976387286371
10650.0 0.29865867168258303
10660.0 0.299719704636529
10670.0 0.3008249472968894
10680.0 0.301952294810457
10690.0 0.3030354326176102
10700.0 0.3041185704247633
10710.0 0.30522381308512375
10720.0 0.3063511605986913
10730.0 0.3074564032590517
10740.0 0.30856164591941204
10750.0 0.3096889934329797
10760.0 0.31079423609334006
10770.0 0.31183316419407886
10780.0 0.31282788258840316
10790.0 0.3138447058359347
10800.0 0.3149057387898807
10810.0 0.3160109814502411
10820.0 0.3171162241106015
10830.0 0.31811094250492583
10840.0 0.31910566089925013
10850.0 0.32016669385319607
10860.0 0.3212498316603493
10870.0 0.3222445500546736
10880.0 0.3232171635957908
10890.0 0.3242118819901151
10900.0 0.3252508100908539
10910.0 0.32624552848517824
10920.0 0.32724024687950254
10930.0 0.3282128604206197
10940.0 0.32918547396173686
10950.0 0.3301801923560612
10960.0 0.3311528058971783
10970.0 0.33210331458508824
10980.0 0.33316434753903423
10990.0 0.3344685338782595
11000.0 0.3357506153642775
11010.0 0.33676743861180913
11020.0 0.3376737375933046
11030.0 0.33864635113442176
11040.000000000002 0.3396631743819533
11050.0 0.3406799976294848
11060.000000000002 0.3416968208770164
11070.0 0.34271364412454797
11080.000000000002 0.3436862576656651
11090.0 0.3445925566471606
11100.000000000002 0.3454988556286561
11110.0 0.3465156788761877
11120.000000000002 0.3475546069769265
11130.0 0.3485051156648364
11140.000000000002 0.3494777292059535
11150.0 0.3505166573066923
11160.000000000002 0.3514892708478094
11170.0 0.35235136012289053
11180.000000000002 0.3532134493979716
11190.0 0.35420816779229597
11200.000000000002 0.35520288618662027
11210.0 0.35613129002132304
11220.000000000002 0.3570154841496113
11230.0 0.3579880976907285
11240.000000000002 0.3589165015254312
11250.0 0.35971227624089064
11259.999999999998 0.36048594610314294
11270.0 0.361348035378224
11279.999999999998 0.36225433435971954
11290.0 0.36316063334121507
11299.999999999998 0.3640669323227106
11310.0 0.3649732313042061
11319.999999999998 0.36587953028570164
11330.0 0.3667416195607827
11339.999999999998 0.3675816039826566
11350.0 0.3684215884045305
11359.999999999998 0.3692615728264044
11370.0 0.37007945239507106
11379.999999999998 0.37089733196373775
11390.0 0.37175942123881883
11399.999999999998 0.37266572022031436
11410.0 0.3735499143486027
11419.999999999998 0.37438989877047657
11430.0 0.37516356863272887
11439.999999999998 0.3759372384949811
11450.0 0.37675511806364775
11459.999999999998 0.3776172073387289
11470.0 0.3784129820541884
11480.0 0.37918665191644063
11490.0 0.37996032177869293
11500.0 0.38071188678773793
11510.0 0.3815076615031974
11520.0 0.38225922651224253
11530.0 0.38298868666808034
11540.0 0.3837181468239182
11550.0 0.3845360263925849
11560.0 0.3853539059612516
11570.0 0.3860170515574678
11580.0 0.38668019715368407
11590.0 0.38743176216272907
11600.0 0.38822753687818856
11610.0 0.38897910188723367
11620.0 0.3896864571898643
11630.0 0.3903274979328733
11640.0 0.3909685386758823
11650.0 0.391675893978513
11660.0 0.3923832492811436
11670.0 0.39306849973056707
11680.0 0.39377585503319773
11690.0 0.3945274200422428
11700.0 0.39525688019808064
11710.0 0.395831606381468
11720.0 0.3963842277116482
11730.0 0.39698105874824285
11740.0 0.397644204344459
11750.0 0.3982852450874681
11760.0 0.39892628583047707
11770.0 0.39954522172027895
11780.0 0.4002083673164952
11790.0 0.40093782747233303
11800.0 0.40164518277496364
11810.0 0.4022420138115583
11820.0 0.40281673999494566
11830.0 0.4034577807379547
11840.0 0.4040767166277565
11850.0 0.4046293379579367
11860.0 0.40513774958170246
11870.0 0.40566826605867545
11880.0 0.4062208873888556
11890.0 0.40686192813186467
11900.0 0.40745875916845925
11910.0 0.4079450659390178
11920.0 0.40843137270957636
11930.0 0.4090060988929638
11940.0 0.4095808250763512
11950.0 0.41004502699370254
11960.0 0.4105092289110539
11970.0 0.4110839550944413
11980.0 0.41165868127782873
11990.0 0.4121449880483873
12000.0 0.41258708511253145
12010.0 0.41309549673629725
12020.0 0.4136260132132702
12030.0 0.414134424837036
12040.0 0.41464283646080174
12050.0 0.415195457790982
12060.0 0.41570386941474774
12070.0 0.4161238616256847
12080.0 0.41649964413020724
12090.0 0.4168754266347297
12100.0 0.4172954188456667
12110.0 0.4178038304694324
12120.0 0.41829013723999103
12130.0 0.41864381489130637
12140.0 0.4189974925426217
12150.0 0.4194395896067658
12160.0 0.4199258963773244
12170.0 0.42043430800109016
12180.0 0.4208764050652343
12190.0 0.42120797786334246
12200.0 0.4215616555146578
12210.0 0.4220037525788019
12220.0 0.4224900593493605
12230.0 0.42286584185388304
12240.0 0.42321951950519837
12250.0 0.42366161656934254
12260.0 0.42408160878027945
12270.0 0.4244352864315947
12280.0 0.42476685922970286
12290.000000000002 0.4251426417342254
12300.0 0.42554052909195517
12310.000000000002 0.4258499970368561
12320.0 0.42611525527534255
12330.000000000002 0.4264247232202435
12340.0 0.4267562960183516
12350.000000000002 0.42708786881645966
12360.0 0.4273752319081534
12370.000000000002 0.4276625949998471
12380.0 0.4279941677979552
12390.000000000002 0.42839205515568496
12400.0 0.4287457328070003
12410.000000000002 0.4289446764858651
12420.0 0.4291657250179372
12430.000000000002 0.429563612375667
12440.0 0.4299393948801895
12450.000000000002 0.43016044341226156
12460.0 0.4303372822379192
12470.000000000002 0.4306467501828201
12480.0 0.43100042783413545
12490.000000000002 0.4313098957790364
12500.0 0.43157515401752283
12509.999999999998 0.43181830740280214
12520.0 0.4320393559348742
12529.999999999998 0.4322825093201535
12540.0 0.4325698724118472
12549.999999999998 0.4328793403567481
12560.0 0.4331667034484418
12569.999999999998 0.4334319616869283
12580.0 0.43360880051258593
12589.999999999998 0.43371932477862196
12600.0 0.4338740587510725
12609.999999999998 0.4341835266959733
12620.0 0.43451509949408146
12629.999999999998 0.43475825287936076
12640.0 0.4349571965582256
12649.999999999998 0.4352003499435049
12660.0 0.435421398475577
12669.999999999998 0.4355540275948202
12680.0 0.4356866567140635
12689.999999999998 0.43588560039292834
12700.0 0.43612875377820765
12709.999999999998 0.4363498023102797
12720.0 0.436592955695559
12730.0 0.4368582139340455
12740.0 0.43705715761291036
12750.0 0.4371013673193248
12760.0 0.4371897867321536
12770.0 0.43745504497064014
12780.0 0.43776451291554097
12790.0 0.4380297711540275
12800.0 0.43816240027327075
12810.0 0.43820660997968514
12820.0 0.4382729245393068
12830.0 0.43844976336496444
12840.0 0.4386929167502437
12850.0 0.438936070135523
12860.0 0.43913501381438785
12870.0 0.43924553808042394
12880.0 0.43935606234645996
12890.0 0.43953290117211763
12900.0 0.4397097399977753
12910.0 0.43988657882343296
12920.0 0.4400192079426762
12930.0 0.44012973220871227
12940.0 0.4402623613279555
12950.0 0.4404392001536131
12960.0 0.4405939341260636
12970.0 0.4406823535388924
12980.0 0.44077077295172123
12990.0 0.4409697166305861
13000.0 0.441168660309451
13010.0 0.44127918457548704
13020.0 0.4413454991351086
13030.0 0.44141181369473026
13040.0 0.44152233796076634
13050.0 0.44165496708000956
13060.0 0.4418318059056672
13070.0 0.4420086447313249
13080.0 0.44216337870377537
13090.0 0.44227390296981134
13100.0 0.44242863694226187
13110.0 0.44271600003395556
13120.0 0.44295915341923475
13130.0 0.442981258272442
13140.0 0.4429370485660276
13150.0 0.44300336312564925
13160.0 0.44313599224489253
13170.0 0.4432907262173429
13180.0 0.4434233553365861
13190.0 0.4434675650430006
13200.0 0.44351177474941506
13210.0 0.443622299015451
13220.0 0.44375492813469425
13230.0 0.44386545240073033
13240.0 0.44395387181355916
13250.0 0.44404229122638794
13260.0 0.4441307106392168
13270.0 0.4442191300520456
13280.0 0.4442854446116673
13290.0 0.44430754946487444
13300.0 0.4443296543180817
13310.0 0.4444401785841178
13320.0 0.44459491255656813
13330.0 0.4447054368226042
13340.0 0.44474964652901866
13350.0 0.44474964652901866
13360.0 0.4447717513822259
13370.0 0.4448822756482619
13380.0 0.44497069506109066
13390.0 0.44490438050146913
13400.0 0.44479385623543305
13410.0 0.4447717513822259
13420.0 0.44483806594184744
13430.0 0.44490438050146913
13440.0 0.44497069506109066
13450.0 0.44499279991429797
13460.0 0.4450149047675051
13470.0 0.44503700962071235
13480.0 0.4450591144739195
13490.0 0.44503700962071235
13500.0 0.44499279991429797
13510.0 0.4449485902078835
13520.0 0.4448601707950547
13530.0 0.4447717513822259
13540.000000000002 0.44468333196939697
13550.0 0.44466122711618983
13560.000000000002 0.4446170174097754
13570.0 0.4444622834373249
13580.000000000002 0.4443296543180817
13590.0 0.44430754946487444
13600.000000000002 0.44430754946487444
13610.0 0.4441749203456312
13620.000000000002 0.4439759766667664
13630.0 0.44379913784110864
13640.000000000002 0.4436444038686583
13650.0 0.44351177474941506
13660.000000000002 0.4434233553365861
13670.0 0.4433791456301717
13680.000000000002 0.4433349359237573
13690.0 0.4432244116577213
13700.000000000002 0.44306967768527084
13710.0 0.4428928388596132
13720.000000000002 0.44271600003395556
13730.0 0.4425612660615051
13740.000000000002 0.44242863694226187
13750.0 0.4423181126762258
13759.999999999998 0.4422075884101898
13770.0 0.4420749592909465
13779.999999999998 0.44189812046528887
13790.0 0.44165496708000956
13799.999999999998 0.4414339185479375
13810.0 0.4412349748690726
13819.999999999998 0.441058136043415
13830.0 0.44085919236455007
13839.999999999998 0.4405718292728564
13850.0 0.4402623613279555
13859.999999999998 0.43997499823626174
13870.0 0.43979815941060413
13879.999999999998 0.43964342543815366
13890.0 0.43940027205287435
13899.999999999998 0.43922343322721674
13910.0 0.43920132837400955
13919.999999999998 0.43913501381438785
13930.0 0.4388918604291086
13939.999999999998 0.43856028763100047
13950.0 0.4382729245393068
13959.999999999998 0.4380960857136491
13970.0 0.4379855614476131
13980.0 0.4378087226219554
13990.0 0.43747714982384733
14000.0 0.4371013673193248
14010.0 0.43679189937442386
14020.0 0.4365487459891446
14030.0 0.4363719071634869
14040.0 0.4361729634846221
14050.0 0.43590770524613554
14060.0 0.4355761324480274
14070.0 0.4352224547967121
14080.0 0.4348687771453968
14090.0 0.43453720434728865
14100.0 0.4341614218427661
14110.0 0.43369721992541477
14120.0 0.43327722771447785
14130.0 0.43303407432919855
14140.0 0.43279092094391924
14150.0 0.43245934814581116
14160.0 0.4320393559348742
14170.0 0.4316635734303517
14180.0 0.431376210338658
14190.0 0.43115516180658586
14200.0 0.43095621812772106
14210.0 0.4306909598892345
14220.0 0.4305141210635769
14230.0 0.4305141210635769
14240.0 0.4305583307699913
14250.0 0.4305362259167841
14260.0 0.43040359679754087
14270.0 0.43013833855905437
14280.0 0.4298509754673607
14290.0 0.42965203178849576
14300.0 0.42949729781604534
14310.0 0.42927624928397323
14320.0 0.429033095898694
14330.0 0.4288120473666219
14340.0 0.4285909988345498
14350.0 0.42839205515568496
14360.0 0.4281710066236129
14370.0 0.4279499580915408
14380.0 0.4276846998530543
14390.0 0.4273973367613606
14400.0 0.4271320785228741
14410.0 0.42695523969721644
14420.0 0.426800505724766
14430.0 0.4265794571926939
14440.0 0.42631419895420747
14450.0 0.4260047310093065
14460.0 0.4257173679176128
14470.0 0.42545210967912633
14480.0 0.4252531660002614
14490.0 0.4250763271746038
14500.0 0.4248994883489461
14510.0 0.4247226495232885
14520.0 0.4245016009912164
14530.0 0.4242142378995227
14540.0 0.423926874807829
14550.0 0.4237279311289641
14560.0 0.42352898745009926
14570.0 0.4233079389180272
14580.0 0.4230647855327479
14590.0 0.42291005156029743
14600.0 0.4227332127346398
14610.0 0.4224900593493605
14620.0 0.42222480111087396
14630.0 0.42202585743200915
14640.0 0.42180480889993704
14650.0 0.42151744580824335
14660.0 0.42125218756975685
14670.0 0.4210753487440992
14680.0 0.4209206147716487
14690.0 0.4207437759459911
14700.0 0.42052272741391905
14710.0 0.4202132594690181
14720.0 0.4199258963773244
14730.0 0.41974905755166675
14740.0 0.4196164284324235
14750.0 0.4193953799003514
14760.0 0.41915222651507217
14770.0 0.41893117798300006
14780.0 0.418710129450928
14790.000000000002 0.4185111857720631
14800.0 0.41829013723999103
14810.000000000002 0.41811329841433337
14820.0 0.4179143547354685
14830.000000000002 0.4176712013501892
14840.0 0.41740594311170276
14850.000000000002 0.41718489457963065
14860.0 0.4169638460475586
14870.000000000002 0.4167206926622793
14880.0 0.4164554344237928
14890.000000000002 0.4161901761853063
14900.0 0.4159249179468198
14910.000000000002 0.41570386941474774
14920.0 0.41548282088267563
14930.000000000002 0.4152175626441892
14940.0 0.4149744092589099
14950.000000000002 0.414775465580045
14960.0 0.4145765219011801
14970.000000000002 0.41433336851590086
14980.0 0.41402390057099997
14990.000000000002 0.413714432626099
15000.0 0.41340496468119814
15009.999999999998 0.41316181129591883
15020.0 0.4129407627638468
15029.999999999998 0.4126976093785675
15040.0 0.41245445599328817
15049.999999999998 0.4122113026080089
15060.0 0.4119460443695224
15069.999999999998 0.4117028909842432
15080.0 0.41139342303934223
15089.999999999998 0.4110397453880269
15100.0 0.4106860677367116
15109.999999999998 0.4104429143514323
15120.0 0.41024397067256746
15129.999999999998 0.41000081728728816
15140.0 0.40973555904880166
15149.999999999998 0.4093818813974864
15160.0 0.40902820374617105
15169.999999999998 0.40865242124164847
15180.0 0.40832084844354033
15189.999999999998 0.40798927564543225
15200.0 0.40767980770053136
15209.999999999998 0.4073703397556304
15220.0 0.40706087181072953
15230.0 0.40672929901262145
15240.0 0.4064198310677205
15250.0 0.40611036312281956
15260.0 0.4058230000311259
15270.0 0.4055356369394322
15280.0 0.4052040641413241
15290.0 0.4048282816368015
15300.0 0.40449670883869343
15310.0 0.40420934574699974
15320.0 0.40392198265530604
15330.0 0.40354620015078346
15340.0 0.4031262079398466
15350.0 0.402750425435324
