mejiro/data/filter_response/RomanSCA09-F146.ecsv
# %ECSV 1.0
# ---
# datatype:
# - {name: wavelength, unit: Angstrom, datatype: float64}
# - {name: response, datatype: float64}
# meta:
#   __serialized_columns__:
#     wavelength:
#       __class__: astropy.units.quantity.Quantity
#       unit: !astropy.units.Unit {unit: Angstrom}
#       value: !astropy.table.SerializedColumn {name: wavelength}
#   band_name: F146
#   group_name: RomanSCA09
# schema: astropy-2.0
wavelength response
[from data line 568]
14790.000000000002 0.566878960498841
14800.0 0.5669894847648771
14810.000000000002 0.5671442187373276
14820.0 0.5672768478565708
14830.000000000002 0.5673210575629852
14840.0 0.5673652672693996
14850.000000000002 0.5674757915354357
14860.0 0.5675863158014717
14870.000000000002 0.5676747352143006
14880.0 0.567718944920715
14890.000000000002 0.5677631546271293
14900.0 0.5678515740399582
14910.000000000002 0.5679842031592015
14920.0 0.5680947274252375
14930.000000000002 0.5681610419848592
14940.0 0.568249461397688
14950.000000000002 0.5684263002233456
14960.0 0.5686031390490033
14970.000000000002 0.5687136633150394
14980.0 0.5687578730214538
14990.000000000002 0.568779977874661
15000.0 0.5688241875810754
15009.999999999998 0.5689568167003186
15020.0 0.5691336555259763
15029.999999999998 0.5692883894984268
15040.0 0.56942101861767
15049.999999999998 0.5695757525901205
15060.0 0.5697083817093637
15069.999999999998 0.5698410108286069
15080.0 0.5699294302414357
15089.999999999998 0.5699294302414357
15100.0 0.5699736399478502
15109.999999999998 0.5701283739203007
15120.0 0.5703715273055798
15129.999999999998 0.5705704709844448
15140.0 0.570703100103688
15149.999999999998 0.5707473098101024
15160.0 0.5707694146633097
15169.999999999998 0.570813624369724
15180.0 0.5708799389293456
15189.999999999998 0.5709462534889673
15200.0 0.5710567777550034
15209.999999999998 0.5711894068742466
15220.0 0.5712999311402825
15230.0 0.5714104554063186
15240.0 0.5715209796723547
15250.0 0.571653608791598
15260.0 0.5718083427640485
15270.0 0.5719630767364988
15280.0 0.5720736010025349
15290.0 0.5721178107089493
15300.0 0.5722062301217782
15310.0 0.572405173800643
15320.0 0.5725820126263007
15330.0 0.5726262223327151
15340.0 0.5726262223327151
15350.0 0.5726704320391295
15360.0 0.5727588514519584
15370.0 0.57282516601158
15380.0 0.5729356902776159
15390.0 0.5731125291032736
15400.0 0.5732893679289314
15410.0 0.5733335776353458
15420.0 0.5733114727821386
15430.0 0.5732893679289314
15440.0 0.573355682488553
15450.0 0.5735546261674178
15460.0 0.5737756746994899
15470.0 0.573886198965526
15480.0 0.5739525135251475
15490.0 0.5740630377911836
15500.0 0.5741293523508052
15510.0 0.5741293523508052
15520.0 0.5741293523508052
15530.0 0.5742177717636341
15540.0 0.5743282960296701
15550.0 0.5744167154424988
15560.0 0.5744167154424988
15570.0 0.5743725057360844
15580.0 0.5743725057360844
15590.0 0.5745272397085349
15600.0 0.5746598688277782
15610.0 0.574637763974571
15620.0 0.574637763974571
15630.0 0.5748367076534359
15640.0 0.5750356513323007
15650.0 0.5750798610387151
15660.0 0.5750356513323007
15670.0 0.5750577561855079
15680.0 0.575168280451544
15690.0 0.5753451192772016
15700.0 0.5754556435432376
15710.0 0.5753672241304089
15720.0 0.5753009095707872
15730.0 0.5754335386900306
15740.0 0.5756545872221026
15750.0 0.5757651114881386
15760.0 0.5757872163413458
15770.0 0.5757430066349314
15780.0 0.575698796928517
15790.0 0.5757430066349314
15800.0 0.5758093211945531
15810.0 0.5758535309009675
15820.0 0.5758977406073819
15830.0 0.5760303697266251
15840.0 0.5761408939926611
15850.0 0.5761408939926611
15860.0 0.5761408939926611
15870.0 0.5762956279651116
15880.0 0.5764945716439764
15890.0 0.5765829910568053
15900.0 0.5766272007632197
15910.0 0.5766493056164268
15920.0 0.5767156201760485
15930.0 0.5768924590017062
15940.0 0.5770692978273638
15950.0 0.5771356123869854
15960.0 0.5771356123869854
15970.0 0.5771577172401927
15980.0 0.5772682415062287
15990.0 0.5774671851850935
16000.0 0.5776661288639585
16010.0 0.5777545482767873
16020.0 0.5777987579832017
16030.0 0.5778871773960306
16040.000000000002 0.5779977016620665
16050.0 0.578152435634517
16060.000000000002 0.5783071696069675
16070.0 0.5785061132858323
16080.000000000002 0.5786608472582828
16090.0 0.5787492666711116
16100.000000000002 0.5788597909371477
16110.0 0.5790808394692197
16120.000000000002 0.5792576782948774
16130.0 0.5793460977077062
16140.000000000002 0.5794124122673279
16150.0 0.5795892510929855
16160.000000000002 0.5798545093314721
16170.0 0.5800976627167512
16180.000000000002 0.5803187112488234
16190.0 0.5804734452212738
16200.000000000002 0.580606074340517
16210.0 0.5807387034597603
16220.000000000002 0.5808934374322108
16230.0 0.5810702762578683
16240.000000000002 0.5812471150835261
16250.0 0.581335534496355
16259.999999999998 0.5814902684688054
16270.0 0.5817334218540846
16279.999999999998 0.5819544703861567
16290.0 0.5820428897989857
16299.999999999998 0.5821092043586071
16310.0 0.5823081480374721
16319.999999999998 0.5825734062759585
16330.0 0.5828165596612378
16339.999999999998 0.5830376081933099
16350.0 0.5831923421657604
16359.999999999998 0.583369180991418
16370.0 0.583568124670283
16379.999999999998 0.583789173202355
16390.0 0.5839881168812199
16400.0 0.5841428508536702
16410.0 0.5842533751197063
16420.0 0.5843860042389496
16430.0 0.584651262477436
16440.0 0.5849165207159226
16450.0 0.5850270449819586
16460.0 0.5850933595415803
16470.0 0.5852038838076163
16480.0 0.5853365129268595
16490.0 0.5854691420461028
16500.0 0.5856459808717605
16510.0 0.5859775536698686
16520.0 0.5861986022019406
16530.0 0.5861543924955261
16540.0 0.5861322876423191
16550.0 0.5863533361743911
16560.0 0.5866849089724993
16570.0 0.586883852651364
16580.0 0.5869943769174001
16590.0 0.5871049011834362
16600.0 0.5873259497155082
16610.0 0.587635417660409
16620.0 0.587834361339274
16630.0 0.5877680467796523
16640.0 0.5877017322200307
16650.0 0.5879006758988956
16660.0 0.5882322486970036
16670.0 0.588475402082283
16680.0 0.5885417166419047
16690.0 0.5885196117886974
16700.0 0.5884975069354902
16710.0 0.5886743457611479
16720.0 0.5888511845868055
16730.0 0.5888953942932199
16740.0 0.5889396039996343
16750.0 0.5891385476784993
16760.0 0.5893595962105713
16770.0 0.5894922253298145
16780.0 0.5896027495958506
16790.0 0.5898237981279226
16800.0 0.5900448466599947
16810.0 0.5901774757792381
16820.0 0.5903101048984812
16830.0 0.5904427340177245
16840.0 0.5905753631369677
16850.0 0.5906637825497966
16860.0 0.5907300971094183
16870.0 0.5908627262286614
16880.0 0.5910174602011119
16890.0 0.5911500893203552
16900.0 0.5912606135863911
16910.0 0.5913490329992199
16920.0 0.5915037669716704
16930.0 0.591769025210157
16940.0 0.5919679688890218
16950.0 0.5920121785954362
16960.0 0.5920784931550579
16970.0 0.5923879610999587
16980.0 0.5926311144852381
16990.0 0.5926090096320308
17000.0 0.5925647999256164
17010.0 0.592830058164103
17020.0 0.5932058406686255
17030.0 0.5934489940539047
17040.0 0.5935595183199408
17050.0 0.5935595183199408
17060.0 0.5936037280263552
17070.0 0.59380267170522
17080.0 0.5940237202372921
17090.0 0.5941563493565354
17100.0 0.5942447687693642
17110.0 0.5943552930354002
17120.0 0.5945100270078506
17130.0 0.5946647609803012
17140.0 0.5947752852463372
17150.0 0.5948194949527517
17160.0 0.5949521240719948
17170.0 0.5953058017233102
17180.0 0.5956594793746255
17190.0 0.5957478987874544
17200.0 0.5957478987874544
17210.0 0.5958805279066975
17220.0 0.5960573667323552
17230.0 0.5961678909983913
17240.0 0.5963005201176346
17250.0 0.5965215686497066
17260.0 0.5966984074753642
17270.0 0.5967647220349859
17280.0 0.5968089317414003
17290.0 0.5969194560074363
17300.0 0.5970741899798867
17310.0 0.5972731336587517
17320.0 0.5974499724844093
17330.0 0.5976047064568598
17340.0 0.5977594404293103
17350.0 0.597958384108175
17360.0 0.5981131180806255
17370.0 0.5982015374934544
17380.0 0.5982015374934544
17390.0 0.5981352229338328
17400.0 0.5981794326402472
17410.0 0.5984446908787336
17420.0 0.5987320539704274
17430.0 0.5988867879428778
17440.0 0.5989752073557068
17450.0 0.5991299413281571
17460.0 0.5992625704474003
17470.0 0.5992846753006076
17480.0 0.5992625704474003
17490.0 0.5993067801538148
17500.0 0.5993951995666436
17510.0 0.599439409273058
17520.0 0.599549933539094
17530.0 0.5998151917775805
17540.0 0.6000583451628598
17550.0 0.6001467645756886
17560.0 0.6001467645756886
17570.0 0.6001688694288959
17580.0 0.6002130791353103
17590.0 0.6003014985481391
17600.0 0.6004341276673824
17610.0 0.60061096649304
17620.0 0.6006993859058688
17630.0 0.6006993859058688
17640.0 0.6006993859058688
17650.0 0.6008320150251122
17660.0 0.6009867489975625
17670.0 0.6010751684103913
17680.0 0.6010751684103913
17690.0 0.6010751684103913
17700.0 0.6010530635571842
17710.0 0.6010751684103913
17720.0 0.6011193781168057
17730.0 0.6011635878232202
17740.0 0.6012520072360491
17750.0 0.6014067412084995
17760.0 0.6015614751809499
17770.0 0.6016277897405715
17780.0 0.601671999446986
17790.0 0.6018046285662293
17800.0 0.6019593625386797
17810.0 0.602003572245094
17820.0 0.6019593625386797
17830.0 0.6018488382726437
17840.0 0.601782523713022
17850.0 0.6018267334194364
17860.0 0.6019372576854725
17870.0 0.6021362013643374
17880.0 0.6023351450432022
17890.0 0.6025119838688598
17900.0 0.6026225081348959
17910.0 0.6026667178413103
17920.0 0.6026667178413103
17930.0 0.6026225081348959
17940.0 0.6026667178413103
17950.0 0.6028656615201752
17960.0 0.6030425003458328
17970.0 0.6030203954926258
17980.0 0.6029540809330041
17990.0 0.6030203954926258
18000.0 0.6032193391714905
18010.0 0.6034624925567698
18020.0 0.6036614362356347
18030.0 0.6036835410888418
18040.0 0.6036614362356347
18050.0 0.6036835410888418
18060.0 0.6037940653548779
18070.0 0.6039487993273285
18080.0 0.6041477430061932
18090.0 0.604324581831851
18100.0 0.6044572109510942
18110.0 0.6044793158043014
18120.0 0.6045456303639231
18130.0 0.6047445740427878
18140.0 0.60496562257486
18150.0 0.6051424614005176
18160.0 0.6052529856665537
18170.0 0.6053635099325897
18180.0 0.6053414050793825
18190.0 0.6051203565473103
18200.0 0.6049435177216527
18210.0 0.6050540419876888
18220.0 0.6053414050793825
18230.0 0.6056287681710761
18240.0 0.6059382361159771
18250.0 0.6062698089140852
18260.0 0.6066234865654005
18270.0 0.6068666399506798
18280.0 0.6069550593635087
18290.0 0.6069108496570942
18300.0 0.6068666399506798
18310.0 0.6070213739231303
18320.0 0.6071761078955806
18330.0 0.6071540030423735
18340.0 0.6071318981891662
18350.0 0.6072645273084095
18360.0 0.6075076806936888
18370.0 0.6077950437853825
18380.0 0.6080381971706619
18390.0 0.6082371408495266
18400.0 0.60836976996877
18410.0 0.6084139796751844
18420.0 0.6083918748219771
18430.0 0.6083034554091483
18440.0 0.6082592457027339
18450.0 0.6083034554091483
18460.0 0.6084139796751844
18470.0 0.6085023990880132
18480.0 0.6086571330604635
18490.0 0.6088339718861213
18500.0 0.6089223912989501
18510.0 0.6087455524732924
18520.0 0.6086129233540492
18530.0 0.608701342766878
18540.0 0.6088560767393285
18550.0 0.6088339718861213
18560.0 0.6087676573264996
18570.0 0.6088118670329141
18580.0 0.6089223912989501
18590.0 0.6090329155649862
18600.0 0.609121334977815
18610.0 0.6092097543906437
18620.0 0.6092760689502654
18630.0 0.6092981738034727
18640.0 0.609121334977815
18650.0 0.6087455524732924
18660.0 0.6084139796751844
18670.0 0.6083918748219771
18680.0 0.608480294234806
18690.0 0.6084581893815988
18700.0 0.6083255602623554
18710.0 0.608170826289905
18720.0 0.6082150359963194
18730.0 0.6086350282072565
18740.0 0.6089666010053646
18750.0 0.6088781815925357
18760.0 0.608701342766878
18770.0 0.6087676573264996
18780.0 0.6088781815925357
18790.0 0.6087455524732924
18800.0 0.6085908185008421
18810.0 0.6086350282072565
18820.0 0.608701342766878
18830.0 0.6086129233540492
18840.0 0.608480294234806
18850.0 0.608480294234806
18860.0 0.6085245039412204
18870.0 0.608480294234806
18880.0 0.6084139796751844
18890.0 0.6083476651155627
18900.0 0.6084139796751844
18910.0 0.6085908185008421
18920.0 0.6086129233540492
18930.0 0.6081929311431122
18940.0 0.6077508340789681
18950.0 0.6076624146661393
18960.0 0.6076624146661393
18970.0 0.6074634709872744
18980.0 0.6073087370148239
18990.0 0.6074855758404817
19000.0 0.6077508340789681
19010.0 0.6077729389321753
19020.0 0.6077066243725537
19030.0 0.6077729389321753
19040.0 0.6079055680514186
19050.0 0.6079939874642474
19060.0 0.6079276729046258
19070.0 0.6076845195193464
19080.0 0.6073971564276527
19090.0 0.6072645273084095
19100.0 0.6073087370148239
19110.0 0.6074634709872744
19120.0 0.6075961001065177
19130.0 0.6076182049597249
19140.0 0.6075961001065177
19150.0 0.6076182049597249
19160.0 0.6075961001065177
19170.0 0.6073971564276527
19180.0 0.6070655836295447
19190.0 0.6067340108314366
19200.0 0.6066898011250221
19210.0 0.6071761078955806
19220.0 0.6076845195193464
19230.0 0.6077508340789681
19240.0 0.6075739952533105
19250.0 0.6074634709872744
19260.0 0.6072866321616167
19270.0 0.606888744803887
19280.0 0.6066455914186077
19290.0 0.6069108496570942
19300.0 0.6073308418680312
19310.0 0.6075297855468961
19320.0 0.6074413661340673
19330.0 0.6071318981891662
19340.0 0.6068666399506798
19350.0 0.606888744803887
19360.0 0.6070213739231303
19370.0 0.6069992690699231
19380.0 0.6069550593635087
19390.0 0.6069992690699231
19400.0 0.6071761078955806
19410.0 0.6074413661340673
19420.0 0.6075739952533105
19430.0 0.6074413661340673
19440.0 0.6071318981891662
19450.0 0.606888744803887
19460.0 0.6068003253910581
19470.0 0.6069108496570942
19480.0 0.6069771642167158
19490.0 0.606888744803887
19500.0 0.6068224302442654
19510.0 0.6070213739231303
19520.0 0.6073087370148239
19530.0 0.6073971564276527
19540.0 0.6073971564276527
19550.0 0.6074634709872744
19560.0 0.6075961001065177
19570.0 0.6077508340789681
19580.0 0.6077508340789681
19590.0 0.6075297855468961
19600.0 0.6074413661340673
19610.0 0.6077287292257608
19620.0 0.6080381971706619
19630.0 0.6079276729046258
19640.0 0.6077287292257608
19650.0 0.6077729389321753
19660.0 0.607949777757833
19670.0 0.6081266165834907
19680.0 0.6082592457027339
19690.0 0.6083476651155627
19700.0 0.60836976996877
19710.0 0.6082371408495266
19720.0 0.6081929311431122
19730.0 0.6083255602623554
19740.0 0.6084139796751844
19750.0 0.6082371408495266
19760.0 0.6080381971706619
19770.0 0.608060302023869
19780.0 0.6081929311431122
19790.0 0.6083255602623554
19800.0 0.6083476651155627
19810.0 0.6082150359963194
19820.0 0.6078392534917969
19830.0 0.6069329545103014
19840.0 0.6048550983088239
19850.0 0.6005888616398328
19860.0 0.5927416387512742
19870.0 0.5794787268269496
19880.0 0.5584128017204805
19890.0 0.5273333781111466
19900.0 0.48502468907255103
19910.0 0.43179620254959494
19920.0 0.369747879596963
19930.0 0.30281438408553807
19940.0 0.23596930798694202
19950.0 0.17420834812600378
19960.0 0.121333539254363
19970.0 0.07946694727991163
19980.0 0.04885172558792899
19990.0 0.028139478132775383
20000.0 0.015163929300144471
20010.0 0.007604069503279444
20019.999999999996 0.0035588813663604375
20030.0 0.001547339724504538
20040.0 0.0006410407430090229
20050.0 0.00024315338527928454
20059.999999999996 8.841941282883074e-05
20070.0 2.2104853207207685e-05
20080.0 0.0
