mejiro/data/filter_response/RomanSCA12-Grism_1stOrder.ecsv
# %ECSV 1.0
# ---
# datatype:
# - {name: wavelength, unit: Angstrom, datatype: float64}
# - {name: response, datatype: float64}
# meta:
#   __serialized_columns__:
#     wavelength:
#       __class__: astropy.units.quantity.Quantity
#       unit: !astropy.units.Unit {unit: Angstrom}
#       value: !astropy.table.SerializedColumn {name: wavelength}
#   band_name: Grism_1stOrder
#   group_name: RomanSCA12
# schema: astropy-2.0
wavelength response
[from data line 546]
15370.0 0.45076216660137913
15380.0 0.45036427924364936
15390.0 0.45005481129874847
15400.0 0.44972323850064033
15410.0 0.4493032462897034
15420.0 0.4488169395191449
15430.0 0.44833063274858626
15440.0 0.44791064053764934
15450.0 0.44760117259274845
15460.0 0.4472917046478475
15470.0 0.44691592214332493
15480.0 0.446495929932388
15490.0 0.44612014742786554
15500.0 0.44572226007013577
15510.0 0.44523595329957727
15520.0 0.44474964652901866
15530.0 0.44435175917128894
15540.0 0.4439759766667664
15550.0 0.4435780893090366
15560.0 0.4431138873916852
15570.0 0.4426054757679195
15580.0 0.4421412738505681
15590.0 0.4417654913460456
15600.0 0.44141181369473026
15610.0 0.4409255069241717
15620.0 0.4404392001536131
15630.0 0.440107627355505
15640.0 0.43979815941060413
15650.0 0.43935606234645996
15660.0 0.4388476507226942
15670.0 0.43838344880534286
15680.0 0.4379855614476131
15690.0 0.43765398864950494
15700.0 0.4372561012917752
15710.0 0.4367255848148022
15720.0 0.4361729634846221
15730.0 0.4357971809800995
15740.0 0.4354877130351986
15750.0 0.43511193053067604
15760.0 0.4346256237601175
15770.0 0.43411721213635174
15780.0 0.43360880051258593
15790.0 0.4331667034484418
15800.0 0.43272460638429766
15810.0 0.4322604044669463
15820.0 0.43181830740280214
15830.0 0.4314425248982796
15840.0 0.43104463754054984
15850.0 0.4305362259167841
15860.0 0.43007202399943273
15870.0 0.4296962414949102
15880.0 0.42934256384359487
15890.0 0.4289446764858651
15900.0 0.42848047456851374
15910.0 0.4279941677979552
15920.0 0.42757417558701827
15930.0 0.42719839308249574
15940.0 0.4268447154311804
15950.0 0.42640261836703625
15960.0 0.4258942067432705
15970.0 0.42543000482591914
15980.0 0.42501001261498217
15990.0 0.42467843981687403
16000.0 0.4243247621655587
16010.0 0.4238826651014146
16020.0 0.42341846318406323
16030.0 0.42297636611991907
16040.000000000002 0.4225784787621893
16050.0 0.42218059140445957
16060.000000000002 0.42180480889993704
16070.0 0.4214290263954145
16080.000000000002 0.421053243890892
16090.0 0.42061114682674783
16100.000000000002 0.4201911546158109
16110.0 0.4198374769644956
16120.000000000002 0.41946169445997306
16130.0 0.4190195973958289
16140.000000000002 0.41855539547847753
16150.0 0.41817961297395495
16160.000000000002 0.4178701450290541
16170.0 0.417538572230946
16180.000000000002 0.41718489457963065
16190.0 0.4167870072219009
16200.000000000002 0.41636701501096396
16210.0 0.415947022800027
16220.000000000002 0.41554913544229727
16230.0 0.41517335293777474
16240.000000000002 0.414775465580045
16250.0 0.41433336851590086
16259.999999999998 0.41391337630496394
16270.0 0.4135818035068558
16279.999999999998 0.4132281258555405
16290.0 0.4127860287913963
16299.999999999998 0.41232182687404495
16310.0 0.41192393951631523
16319.999999999998 0.41159236671820715
16330.0 0.411260793920099
16339.999999999998 0.4108850114155765
16350.0 0.4104871240578467
16359.999999999998 0.410089236700117
16370.0 0.40971345419559446
16379.999999999998 0.4093376716910719
16390.0 0.4089618891865494
16400.0 0.4085640018288197
16410.0 0.40809979991146833
16420.0 0.40767980770053136
16430.0 0.4073482349024232
16440.0 0.4070166621043151
16450.0 0.4065745650401709
16460.0 0.40608825826961237
16470.0 0.4056461612054682
16480.0 0.4052261689945313
16490.0 0.4047840719303871
16500.0 0.4043861845726574
16510.0 0.4040988214809637
16520.0 0.4037230389764412
16530.0 0.403170417646261
16540.0 0.402639901169288
16550.0 0.40226411866476547
16560.0 0.4019546507198646
16570.0 0.401578868215342
16580.0 0.4011367711511979
16590.0 0.4006946740870537
16600.0 0.40031889158253114
16610.0 0.3999873187844231
16620.0 0.39961153627990054
16630.0 0.3990368100965131
16640.0 0.3984620839131257
16650.0 0.3980863014086032
16660.0 0.39777683346370235
16670.0 0.39742315581238696
16680.0 0.3969368490418284
16690.0 0.3963842277116482
16700.0 0.3958537112346752
16710.0 0.3954558238769455
16720.0 0.39503583166600853
16730.0 0.39454952489545
16740.0 0.3940632181248914
16750.0 0.39366533076716165
16760.0 0.3932895482626391
16770.0 0.39284745119849496
16780.0 0.3924053541343508
16790.0 0.3920074667766211
16800.0 0.3916316842720986
16810.0 0.39121169206116163
16820.0 0.39076959499701747
16830.0 0.3903274979328733
16840.0 0.3899075057219364
16850.0 0.3894211989513778
16860.0 0.3889569970340264
16870.0 0.3885148999698823
16880.0 0.38807280290573815
16890.0 0.3876528106948012
16900.0 0.3871886087774498
16910.0 0.38672440686009846
16920.0 0.38630441464916154
16930.0 0.3859507369978462
16940.0 0.38555284964011644
16950.0 0.3850444380163507
16960.0 0.38458023609899933
16970.0 0.3842486633008912
16980.0 0.38389498564957586
16990.0 0.38334236431939567
17000.0 0.3827897429892155
17010.0 0.38243606533790014
17020.0 0.38214870224620645
17030.0 0.3817950245948912
17040.0 0.3813308226775398
17050.0 0.38080030620056676
17060.0 0.3803139994300082
17070.0 0.3799161120722785
17080.0 0.37954032956775596
17090.0 0.3790982325036118
17100.0 0.37863403058626044
17110.0 0.3781698286689091
17120.0 0.37774983645797217
17130.0 0.3773298442470352
17140.0 0.37686564232968384
17150.0 0.3763793355591253
17160.0 0.3759372384949811
17170.0 0.37562777055008023
17180.0 0.3753183026051793
17190.0 0.37485410068782793
17200.0 0.3743456890640622
17210.0 0.373903591999918
17220.0 0.37348359978898105
17230.0 0.3730415027248369
17240.0 0.3725994056606927
17250.0 0.372201518302963
17260.0 0.371781526092026
17270.0 0.37131732417467467
17280.0 0.3708089125509089
17290.0 0.37034471063355756
17300.0 0.3699247184226206
17310.0 0.36952683106489087
17320.0 0.3691068388539539
17330.0 0.368686846643017
17340.0 0.36826685443208
17350.0 0.3678468622211431
17360.0 0.36740476515699894
17370.0 0.3669405632396476
17380.0 0.3664100467626746
17390.0 0.3658574254324944
17400.0 0.36537111866193583
17410.0 0.3649953361574133
17420.0 0.364641658506098
17430.0 0.364221666295161
17440.0 0.36375746437780965
17450.0 0.3633153673136655
17460.0 0.3628732702495214
17470.0 0.36236485862575557
17480.0 0.36183434214878263
17490.0 0.3613259305250168
17500.0 0.36086172860766547
17510.0 0.3603533169838997
17520.0 0.35991121991975555
17530.0 0.35953543741523303
17540.0 0.3591596549107105
17550.0 0.35869545299335914
17560.0 0.35816493651638615
17570.0 0.3576565248926204
17580.0 0.3571702181220618
17590.0 0.3566839113515032
17600.0 0.356241814287359
17610.0 0.3558218220764221
17620.0 0.35535762015907074
17630.0 0.35482710368209774
17640.0 0.3542965872051248
17650.0 0.35385449014098064
17660.0 0.35343449793004367
17670.0 0.3529481911594851
17680.0 0.35243977953571937
17690.0 0.35190926305874637
17700.0 0.35137874658177337
17710.0 0.35087033495800757
17720.0 0.350384028187449
17730.0 0.34987561656368327
17740.0 0.3494114146463319
17750.0 0.34899142243539494
17760.0 0.3485493253712508
17770.0 0.3480851234538994
17780.0 0.34759881668334086
17790.0 0.3471567196191967
17800.0 0.34671462255505253
17810.0 0.346228315784494
17820.0 0.34569779930752104
17830.0 0.3451230731241336
17840.0 0.3445704517939534
17850.0 0.3440620401701876
17860.0 0.3436420479592507
17870.0 0.3432220557483137
17880.0 0.342824168390584
17890.0 0.3424262810328542
17900.0 0.3419841839687101
17910.0 0.3414978771981515
17920.0 0.34098946557438575
17930.0 0.34045894909741276
17940.0 0.3399726423268542
17950.0 0.3395747549691245
17960.0 0.3391768676113947
17970.0 0.33866845598762896
17980.0 0.33811583465744877
17990.0 0.3376516327400974
18000.0 0.3372537453823677
18010.0 0.33690006773105236
18020.0 0.3365021803733226
18030.0 0.3360379784559712
18040.0 0.3355074619789983
18050.0 0.3350432600616469
18060.0 0.33460116299750275
18070.0 0.334203275639773
18080.0 0.33380538828204326
18090.0 0.33340750092431354
18100.0 0.33298750871337657
18110.0 0.3325233067960252
18120.0 0.33205910487867385
18130.0 0.3316833223741513
18140.0 0.3313075398696288
18150.0 0.3309096525118991
18160.0 0.3304896603009621
18170.0 0.3300696680900252
18180.0 0.32956125646625933
18190.0 0.32896442542966475
18200.0 0.32838969924627737
18210.0 0.32796970703534045
18220.0 0.3276381342372323
18230.0 0.3273065614391242
18240.0 0.3269970934942233
18250.0 0.3267097304025296
18260.0 0.32640026245762865
18270.0 0.3260465848063134
18280.0 0.3256265925953764
18290.0 0.32511818097161066
18300.0 0.32463187420105205
18310.0 0.32423398684332233
18320.0 0.3238360994855926
18330.0 0.32334979271503406
18340.0 0.32286348594447545
18350.0 0.3224655985867457
18360.0 0.3221340257886376
18370.0 0.3218024529905295
18380.0 0.32147088019242137
18390.0 0.3210950976878988
18400.0 0.3206972103301691
18410.0 0.32025511326602496
18420.0 0.3197688064954664
18430.0 0.3192603948717006
18440.0 0.318774088101142
18450.0 0.31830988618379064
18460.0 0.3179119988260609
18470.0 0.31749200661512395
18480.0 0.3170941192573943
18490.0 0.31674044160607895
18500.0 0.316320449395142
18510.0 0.3157678280649618
18520.0 0.3152373115879888
18530.0 0.3148173193770518
18540.0 0.31444153687252935
18550.0 0.313977334955178
18560.0 0.3134689233314122
18570.0 0.3130489311204752
18580.0 0.31265104376274555
18590.0 0.3122310515518086
18600.0 0.3118110593408716
18610.0 0.3114131719831419
18620.0 0.3109931797722049
18630.0 0.31055108270806075
18640.0 0.3099984613778806
18650.0 0.30935742063487154
18660.0 0.30873848474506976
18670.0 0.3082742828277184
18680.0 0.30787639546998863
18690.0 0.30741219355263727
18700.0 0.3068816770756643
18710.0 0.3063511605986913
18720.0 0.30593116838775436
18730.0 0.3056880150024751
18740.0 0.30542275676398856
18750.0 0.30493644999343
18760.0 0.3043838286632498
18770.0 0.3039859413055201
18780.0 0.3035880539477903
18790.0 0.30307964232402457
18800.0 0.3025491258470516
18810.0 0.30210702878290746
18820.0 0.3016870365719705
18830.0 0.3011565200949975
18840.0 0.30062600361802455
18850.0 0.30011759199425875
18860.0 0.29960918037049294
18870.0 0.29903445418710556
18880.0 0.2983934134440966
18890.0 0.2976860581414659
18900.0 0.296956597985628
18910.0 0.296205032976583
18920.0 0.2952103145822586
18930.0 0.2938177088302045
18940.0 0.2922040545460784
18950.0 0.29050198084912343
18960.0 0.2885125440604747
18970.0 0.28603680050126745
18980.0 0.2831410647311232
18990.0 0.2798916513096637
19000.0 0.27606751170481675
19010.0 0.2714697022377176
19020.0 0.2661203277615733
19030.0 0.2600414931295912
19040.0 0.25316688378214963
19050.0 0.24545229001283414
19060.0 0.23680929240881593
19070.0 0.22725999582330222
19080.0 0.2168928196691218
19090.0 0.20586249791872518
19100.0 0.19425744998494116
19110.0 0.1821218855741841
19120.0 0.16956632895249016
19130.0 0.15667919953268808
19140.0 0.14368154584684997
19150.0 0.13072810186742626
19160.0 0.11797360156686741
19170.0 0.10552856921120948
19180.0 0.09354773877290293
19190.0 0.08218584422439817
19200.0 0.07157551468493847
19210.0 0.06180516956735269
19220.0 0.052852704018433574
19230.0 0.04471811803818115
19240.0 0.03746772618621703
19250.0 0.0310573187561268
19260.0 0.02548689574791046
19270.0 0.020690142601946394
19280.0 0.01662284961182018
19290.0 0.013240807071117404
19300.0 0.01041138586059482
19310.0 0.008112481127045221
19320.0 0.0062335686044325675
19330.0 0.004752543439549652
19340.0 0.003580986219567645
19350.0 0.002652582384864922
19360.0 0.001967331935441484
19370.0 0.0014368154584684994
19380.0 0.0010168232475315534
19390.0 0.0007294601558378536
19400.0 0.0005084116237657767
19410.0 0.00035367765131532296
19420.0 0.00024315338527928454
19430.0 0.00017683882565766148
19440.0 0.00011052426603603843
19450.0 6.631455962162305e-05
19460.0 4.420970641441537e-05
19470.0 2.2104853207207685e-05
19480.0 2.2104853207207685e-05
19490.0 2.2104853207207685e-05
19500.0 0.0
