mejiro/data/filter_response/RomanSCA13-Grism_1stOrder.ecsv
# %ECSV 1.0
# ---
# datatype:
# - {name: wavelength, unit: Angstrom, datatype: float64}
# - {name: response, datatype: float64}
# meta:
#   __serialized_columns__:
#     wavelength:
#       __class__: astropy.units.quantity.Quantity
#       unit: !astropy.units.Unit {unit: Angstrom}
#       value: !astropy.table.SerializedColumn {name: wavelength}
#   band_name: Grism_1stOrder
#   group_name: RomanSCA13
# schema: astropy-2.0
wavelength response
[from data line 545]
15350.0 0.41026607552577465
15360.0 0.4099345027276665
15370.0 0.40960292992955843
15380.0 0.4092713571314503
15390.0 0.4090060988929638
15400.0 0.4087187358012701
15410.0 0.4083650581499548
15420.0 0.4079450659390178
15430.0 0.4075250737280809
15440.0 0.4071713960767656
15450.0 0.40692824269148625
15460.0 0.40666298445299975
15470.0 0.40633141165489167
15480.0 0.40597773400357634
15490.0 0.40566826605867545
15500.0 0.4053145884073601
15510.0 0.4048945961964232
15520.0 0.40449670883869343
15530.0 0.4041430311873781
15540.0 0.40381145838927
15550.0 0.4034577807379547
15560.0 0.4030598933802249
15570.0 0.40261779631608074
15580.0 0.4022199089583511
15590.0 0.40191044101345014
15600.0 0.40160097306854925
15610.0 0.4011588760044051
15620.0 0.4007609886466753
15630.0 0.40047362555498167
15640.0 0.4002083673164952
15650.0 0.3998104799587654
15660.0 0.39936838289462123
15670.0 0.3989704955368915
15680.0 0.3986168178855762
15690.0 0.3983294547938825
15700.0 0.39799788199577435
15710.0 0.3975115752252158
15720.0 0.39704737330786444
15730.0 0.3967158005097563
15740.0 0.39645054227126986
15750.0 0.3960968646199545
15760.0 0.3956989772622248
15770.0 0.39523477534487345
15780.0 0.3947926782807293
15790.0 0.3943947909229995
15800.0 0.394019008418477
15810.0 0.39362112106074726
15820.0 0.3932232337030175
15830.0 0.3928916609049094
15840.0 0.39253798325359407
15850.0 0.39209588618944996
15860.0 0.391675893978513
15870.0 0.39134432118040485
15880.0 0.3910348532355039
15890.0 0.39068117558418863
15900.0 0.3902832882264589
15910.0 0.38986329601552194
15920.0 0.3894654086577922
15930.0 0.3891559407128913
15940.0 0.38882436791478314
15950.0 0.3884264805570535
15960.0 0.3879843834929093
15970.0 0.38756439128197234
15980.0 0.387210713630657
15990.0 0.3869012456857561
16000.0 0.3865917777408552
16010.0 0.3862159952363327
16020.0 0.38579600302539574
16030.0 0.385398115667666
16040.000000000002 0.3850444380163507
16050.0 0.38469076036503536
16060.000000000002 0.3843591875669272
16070.0 0.38402761476881914
16080.000000000002 0.383696041970711
16090.0 0.3832981546129813
16100.000000000002 0.38292237210845875
16110.0 0.38261290416355787
16120.000000000002 0.38228133136544973
16130.0 0.38188344400772
16140.000000000002 0.38146345179678304
16150.0 0.3811318789986749
16160.000000000002 0.38084451590698126
16170.0 0.3805571528152875
16180.000000000002 0.3802255800171794
16190.0 0.37987190236586404
16200.000000000002 0.3794961198613416
16210.0 0.37912033735681905
16220.000000000002 0.3787666597055037
16230.0 0.3784350869073956
16240.000000000002 0.37808140925608025
16250.0 0.37768352189835047
16259.999999999998 0.377307739393828
16270.0 0.37699827144892706
16279.999999999998 0.37668880350402617
16290.0 0.3762688112930892
16299.999999999998 0.3758488190821523
16310.0 0.37549514143083695
16319.999999999998 0.37520777833914326
16330.0 0.3748983103942423
16339.999999999998 0.374544632742927
16350.0 0.3741909550916117
16359.999999999998 0.3738151725870892
16370.0 0.37348359978898105
16379.999999999998 0.3731520269908729
16390.0 0.37279834933955763
16400.0 0.3724225668350351
16410.0 0.37200257462409814
16420.0 0.3716267921195756
16430.0 0.37131732417467467
16440.0 0.3710078562297738
16450.0 0.37058786401883687
16460.0 0.3701457669546927
16470.0 0.369747879596963
16480.0 0.3693499922392332
16490.0 0.3689300000282963
16500.0 0.36857632237698096
16510.0 0.3682889592852872
16520.0 0.36793528163397193
16530.0 0.36742687001020613
16540.0 0.3669184583864404
16550.0 0.3665868855883323
16560.0 0.36629952249663855
16570.0 0.365923739992116
16580.0 0.36550374778117906
16590.0 0.36510586042344934
16600.0 0.3647300779189268
16610.0 0.3644427148272331
16620.0 0.3640669323227106
16630.0 0.3635364158457376
16640.0 0.36300589936876465
16650.0 0.3626522217174493
16660.0 0.3623427537725484
16670.0 0.36201118097444024
16680.0 0.3615690839102961
16690.0 0.36103856743332313
16700.0 0.3605522606627646
16710.0 0.3601543733050348
16720.0 0.3597785908005123
16730.0 0.3593143888831609
16740.0 0.35885018696580956
16750.0 0.35847440446128703
16760.0 0.35812072680997176
16770.0 0.357722839452242
16780.0 0.35730284724130507
16790.0 0.3569270647367825
16800.0 0.35657338708546715
16810.0 0.35617549972773743
16820.0 0.35575550751680046
16830.0 0.35535762015907074
16840.0 0.35495973280134097
16850.0 0.35451763573719686
16860.0 0.3540755386730527
16870.0 0.3536555464621158
16880.0 0.35325765910438606
16890.0 0.3528597717466563
16900.0 0.35243977953571937
16910.0 0.3520197873247824
16920.0 0.3516218999670527
16930.0 0.35131243202215173
16940.0 0.3509366495176292
16950.0 0.35049455245348504
16960.0 0.3500524553893409
16970.0 0.34974298744444
16980.0 0.3494335194995391
16990.0 0.3489251078757733
17000.0 0.34843880110521475
17010.0 0.3481072283071066
17020.0 0.34786407492182736
17030.0 0.3475325021237192
17040.0 0.3471346147659895
17050.0 0.34667041284863814
17060.0 0.3462062109312868
17070.0 0.34585253327997145
17080.0 0.3455209604818633
17090.0 0.3451451779773408
17100.0 0.3447251857664039
17110.0 0.34432729840867415
17120.0 0.3439515159041516
17130.0 0.34357573339962905
17140.0 0.3431778460418993
17150.0 0.34273574897775516
17160.0 0.34233786162002544
17170.0 0.34209470823474614
17180.0 0.34182944999625964
17190.0 0.3414094577853227
17200.0 0.34096736072117856
17210.0 0.3405694733634488
17220.0 0.34021579571213345
17230.0 0.3398179083544038
17240.0 0.33944212584988126
17250.0 0.33908844819856593
17260.0 0.3387347705472506
17270.0 0.3383368831895208
17280.0 0.33789478612537666
17290.0 0.33749689876764694
17300.0 0.3371211162631244
17310.0 0.33676743861180913
17320.0 0.33641376096049375
17330.0 0.3360379784559712
17340.0 0.3356621959514487
17350.0 0.33530851830013336
17360.0 0.3349327357956109
17370.0 0.3345348484378811
17380.0 0.33407064652052976
17390.0 0.33356223489676395
17400.0 0.33314224268582704
17410.0 0.3328106698877189
17420.0 0.3325233067960252
17430.0 0.3321254194382955
17440.0 0.3317275320805657
17450.0 0.33135174957604324
17460.0 0.33095386221831347
17470.0 0.33051176515416936
17480.0 0.33002545838361075
17490.0 0.32958336131946664
17500.0 0.32916336910852967
17510.0 0.3287212720443855
17520.0 0.3283233846866558
17530.0 0.32799181188854765
17540.0 0.3276602390904395
17550.0 0.32724024687950254
17560.0 0.326753940108944
17570.0 0.3262897381915926
17580.0 0.32584764112744846
17590.0 0.32542764891651155
17600.0 0.32502976155878177
17610.0 0.32465397905425925
17620.0 0.32423398684332233
17630.0 0.3237476800727637
17640.0 0.32328347815541236
17650.0 0.32286348594447545
17660.0 0.3224877034399529
17670.0 0.3220456063758088
17680.0 0.32158140445845745
17690.0 0.3210950976878988
17700.0 0.32060879091734024
17710.0 0.3201445889999889
17720.0 0.3197024919358447
17730.0 0.31923829001849335
17740.0 0.31881829780755644
17750.0 0.31842041044982666
17760.0 0.318022523092097
17770.0 0.31758042602795283
17780.0 0.31713832896380867
17790.0 0.31671833675287175
17800.0 0.316320449395142
17810.0 0.3158783523309978
17820.0 0.31536994070723207
17830.0 0.31483942423025907
17840.0 0.31433101260649327
17850.0 0.3138668106891419
17860.0 0.3134689233314122
17870.0 0.3130710359736824
17880.0 0.31271735832236713
17890.0 0.3123194709646374
17900.0 0.31192158360690764
17910.0 0.3114573816895563
17920.0 0.3109710749189977
17930.0 0.31048476814843917
17940.0 0.310042671084295
17950.0 0.3096668885797725
17960.0 0.30929110607524996
17970.0 0.30880479930469135
17980.0 0.3082963876809256
17990.0 0.30785429061678143
18000.0 0.3074785081122589
18010.0 0.3071248304609436
18020.0 0.30677115280962824
18030.0 0.3063069508922769
18040.0 0.30582064412171833
18050.0 0.30537854705757417
18060.0 0.3049585548466372
18070.0 0.3045606674889075
18080.0 0.304184884984385
18090.0 0.3038091024798624
18100.0 0.3034112151221327
18110.0 0.30296911805798854
18120.0 0.3025270209938444
18130.0 0.30215123848932185
18140.0 0.3018196656912137
18150.0 0.3014438831866912
18160.0 0.3010238909757542
18170.0 0.30062600361802455
18180.0 0.30013969684746594
18190.0 0.29956497066407856
18200.0 0.29903445418710556
18210.0 0.29861446197616864
18220.0 0.2983049940312677
18230.0 0.2979734212331596
18240.0 0.2976639532882587
18250.0 0.2973986950497722
18260.0 0.2970892271048713
18270.0 0.2967576543067632
18280.0 0.29635976694903343
18290.0 0.2958734601784749
18300.0 0.2953871534079163
18310.0 0.2950113709033938
18320.0 0.2946355883988712
18330.0 0.29417138648151986
18340.0 0.2937071845641685
18350.0 0.293331402059646
18360.0 0.29299982926153784
18370.0 0.29266825646342975
18380.0 0.29235878851852887
18390.0 0.29200511086721354
18400.0 0.29160722350948376
18410.0 0.29118723129854684
18420.0 0.2907230293811955
18430.0 0.2902367226106369
18440.0 0.2897725206932855
18450.0 0.2893525284823486
18460.0 0.2889546411246188
18470.0 0.2885567537668891
18480.0 0.28818097126236664
18490.0 0.2878272936110513
18500.0 0.28742940625332153
18510.0 0.2869209946295558
18520.0 0.28641258300579
18530.0 0.28601469564806026
18540.0 0.28563891314353773
18550.0 0.28519681607939357
18560.0 0.2847326141620422
18570.0 0.28431262195110524
18580.0 0.2839368394465827
18590.0 0.2835610569420602
18600.0 0.2831631695843304
18610.0 0.2827652822266007
18620.0 0.28236739486887097
18630.0 0.28194740265793405
18640.0 0.28143899103416825
18650.0 0.2808421599975736
18660.0 0.28024532896097903
18670.0 0.2798253367500421
18680.0 0.27942744939231234
18690.0 0.27900745718137543
18700.0 0.2784990455576096
18710.0 0.2780127387870511
18720.0 0.27761485142932135
18730.0 0.277371698044042
18740.0 0.27710643980555555
18750.0 0.2766422378882042
18760.0 0.27613382626443844
18770.0 0.27573593890670867
18780.0 0.27536015640218614
18790.0 0.2748738496316276
18800.0 0.27438754286106903
18810.0 0.27396755065013206
18820.0 0.27356966329240234
18830.0 0.273105461375051
18840.0 0.2725970497512852
18850.0 0.272154952687141
18860.0 0.27169075076978966
18870.0 0.27118233914602385
18880.0 0.27062971781584366
18890.0 0.2700549916324563
18900.0 0.2694581605958617
18910.0 0.26886132955926706
18920.0 0.2680876596970148
18930.0 0.2670045218898616
18940.0 0.26574454525705077
18950.0 0.2644624637710327
18960.0 0.2629814386061498
18970.0 0.2611246309367444
18980.0 0.25898046017564524
18990.0 0.2565489263228524
19000.0 0.2536974002591226
19010.0 0.25024904315879826
19020.0 0.24615964531546478
19030.0 0.24147341643553677
19040.0 0.23612404195939252
19050.0 0.23004520732741038
19060.0 0.22312638827355438
19070.0 0.2153896896510317
19080.0 0.2068793211662567
19090.0 0.19770580708526553
19100.0 0.18791335711447252
19110.0 0.17754618096029215
19120.0 0.16664848832913876
19130.0 0.1553308034870484
19140.0 0.14374786040647158
19150.0 0.13203228820665153
19160.0 0.12029461115362423
19170.0 0.10868956321984019
19180.0 0.09737187837774985
19190.0 0.08645208089338925
19200.0 0.07612911444562327
19210.0 0.06649139844728072
19220.0 0.05751682804515439
19230.0 0.04924961294565872
19240.0 0.04175606770841532
19250.0 0.035036192333424185
19260.0 0.029112091673892525
19270.0 0.02393955602340592
19280.0 0.01947437567554997
19290.0 0.015694445777117455
19300.0 0.01251134691527955
19310.0 0.009880869383621834
19320.0 0.0077145937693154825
19330.0 0.005946205512738867
19340.0 0.004531494907477575
19350.0 0.003426252247117191
19360.0 0.0025641629720360914
19370.0 0.0018789125226126534
19380.0 0.0013705008988468765
19390.0 0.0009947183943243459
19400.0 0.0007073553026306459
19410.0 0.0005084116237657767
19420.0 0.00035367765131532296
19430.0 0.00024315338527928454
19440.0 0.0001547339724504538
19450.0 0.00011052426603603843
19460.0 6.631455962162305e-05
19470.0 4.420970641441537e-05
19480.0 2.2104853207207685e-05
19490.0 2.2104853207207685e-05
19500.0 2.2104853207207685e-05
19510.0 0.0
