mejiro/data/filter_response/RomanSCA09-F146.ecsv
# %ECSV 1.0
# ---
# datatype:
# - {name: wavelength, unit: Angstrom, datatype: float64}
# - {name: response, datatype: float64}
# meta:
#   __serialized_columns__:
#     wavelength:
#       __class__: astropy.units.quantity.Quantity
#       unit: !astropy.units.Unit {unit: Angstrom}
#       value: !astropy.table.SerializedColumn {name: wavelength}
#   band_name: F146
#   group_name: RomanSCA09
# schema: astropy-2.0
wavelength response
9110.0 0.0
9120.0 2.2104853207207685e-05
9130.0 6.631455962162305e-05
9140.0 0.0002873630916936999
9150.0 0.0010168232475315534
9160.0 0.0031388891554234915
9170.0 0.00848826363156775
9180.0 0.02033646495063107
9190.0 0.043192883166883814
9200.0 0.08169953745383961
9210.0 0.1383321713707057
9220.0 0.21099082386279736
9230.0 0.29244720793135764
9240.0 0.3721573085965486
9250.0 0.44021815162154104
9260.0 0.49097089458528986
9270.0 0.5240397549832726
9280.0 0.5428951947690207
9290.0 0.552289757382084
9300.0 0.5564675746382463
9310.0 0.5582359628948229
9320.0 0.5590096327570752
9330.0 0.5593633104083905
9340.0 0.5596506735000842
9350.0 0.5600264560046068
9360.0 0.5604685530687509
9370.0 0.5608885452796878
9380.0 0.5613527471970391
9390.0 0.5618390539675978
9400.0 0.5622811510317418
9410.0 0.5626348286830573
9420.0 0.5629885063343726
9430.0 0.5634969179581383
9440.0 0.5639832247286969
9450.0 0.5642926926735978
9460.0 0.5646021606184987
9470.0 0.5650884673890573
9480.0 0.5655968790128231
9490.0 0.5659947663705528
9500.0 0.5663705488750753
9510.0 0.566878960498841
9520.0 0.5673873721226069
9530.0 0.5677410497739221
9540.0 0.5680063080124087
9550.0 0.5682936711041023
9560.0 0.5686473487554177
9570.0 0.5690452361131475
9580.0 0.5693989137644627
9590.0 0.5696641720029493
9600.0 0.5699073253882285
9610.0 0.5702167933331295
9620.0 0.5705483661312376
9630.0 0.570813624369724
9640.0 0.5710567777550034
9650.0 0.5712999311402825
9660.0 0.5714988748191475
9670.0 0.5716093990851836
9680.0 0.571764133057634
9690.0 0.5720736010025349
9700.0 0.572405173800643
9710.0 0.5725599077730934
9720.0 0.5726704320391295
9730.0 0.5729356902776159
9740.0 0.5731788436628953
9750.0 0.5733114727821386
9760.0 0.573466206754589
9770.0 0.5737314649930755
9780.0 0.5739746183783547
9790.0 0.5740188280847692
9800.0 0.5740630377911836
9810.0 0.5742398766168413
9820.0 0.5744388202957061
9830.0 0.5744830300021205
9840.0 0.5745272397085349
9850.0 0.5746819736809854
9860.0 0.5749030222130574
9870.0 0.5750798610387151
9880.0 0.5751461755983368
9890.0 0.5750577561855079
9900.0 0.5749914416258863
9910.0 0.575168280451544
9920.0 0.5753672241304089
9930.0 0.5754114338368232
9940.0 0.575389328983616
9950.0 0.5754556435432376
9960.0 0.5755661678092737
9970.0 0.5756103775156881
9980.0 0.5756766920753097
9990.0 0.5758756357541747
10000.0 0.5760745794330395
10009.999999999998 0.5761851036990755
10020.0 0.5762293134054899
10029.999999999998 0.5762293134054899
10040.0 0.5762293134054899
10049.999999999998 0.5762514182586972
10060.0 0.576339837671526
10069.999999999998 0.5764282570843547
10080.0 0.5764945716439764
10089.999999999998 0.5764945716439764
10100.0 0.5764945716439764
10109.999999999998 0.5766272007632197
10120.0 0.5767819347356702
10129.999999999998 0.5768482492952918
10140.0 0.5768482492952918
10149.999999999998 0.5768040395888774
10160.0 0.5767819347356702
10169.999999999998 0.5768482492952918
10180.0 0.5769587735613279
10189.999999999998 0.5770250881209494
10200.0 0.5770692978273638
10209.999999999998 0.577091402680571
10220.0 0.5771135075337782
10230.0 0.5771577172401927
10240.0 0.5772019269466071
10250.0 0.5772019269466071
10260.0 0.5771577172401927
10270.0 0.577091402680571
10280.0 0.577091402680571
10290.0 0.5772019269466071
10300.0 0.5772682415062287
10310.0 0.5772019269466071
10320.0 0.5771135075337782
10330.0 0.5771135075337782
10340.0 0.5771356123869854
10350.0 0.5771356123869854
10360.0 0.577091402680571
10370.0 0.5770471929741566
10380.0 0.5769808784145349
10390.0 0.5769145638549134
10400.0 0.5768040395888774
10410.0 0.5766935153228414
10420.0 0.5766272007632197
10430.0 0.5766714104696341
10440.0 0.5766714104696341
10450.0 0.576450361937562
10460.0 0.5762072085522827
10470.0 0.5761187891394539
10480.0 0.5761187891394539
10490.0 0.5761629988458683
10500.0 0.5760966842862467
10510.0 0.5758756357541747
10520.0 0.5756324823688953
10530.0 0.5755219581028593
10540.0 0.575499853249652
10550.0 0.5754556435432376
10560.0 0.575389328983616
10570.0 0.5752566998643728
10580.0 0.5750356513323007
10590.0 0.5747040785341926
10600.0 0.5744167154424988
10610.0 0.5742840863232557
10620.0 0.5742177717636341
10630.0 0.5740851426443908
10640.0 0.573886198965526
10650.0 0.5735767310206251
10660.0 0.5732672630757241
10670.0 0.5730683193968592
10680.0 0.5728914805712015
10690.0 0.5726704320391295
10700.0 0.5724493835070574
10710.0 0.572294649534607
10720.0 0.5721399155621565
10730.0 0.5719851815897061
10740.0 0.5718304476172557
10750.0 0.5717199233512196
10760.0 0.5715651893787691
10770.0 0.5713220359934899
10780.0 0.5710346729017961
10790.0 0.5707473098101024
10800.0 0.5705704709844448
10810.0 0.5705041564248232
10820.0 0.5703936321587871
10830.0 0.5701283739203007
10840.0 0.5698631156818141
10850.0 0.5697525914157782
10860.0 0.5696641720029493
10870.0 0.5694431234708771
10880.0 0.5691778652323907
10890.0 0.5689789215535258
10900.0 0.5688241875810754
10910.0 0.5686694536086249
10920.0 0.5684926147829673
10930.0 0.5682715662508953
10940.0 0.5680726225720303
10950.0 0.5679399934527871
10960.0 0.5677631546271293
10970.0 0.5675863158014717
10980.0 0.567608420654679
10990.0 0.5680063080124087
11000.0 0.5684041953701384
11010.0 0.5683820905169312
11020.0 0.5681610419848592
11030.0 0.5680726225720303
11040.000000000002 0.5680726225720303
11050.0 0.5680726225720303
11060.000000000002 0.5680947274252375
11070.0 0.5681168322784448
11080.000000000002 0.5680947274252375
11090.0 0.5679399934527871
11100.000000000002 0.5678073643335438
11110.0 0.5678736788931654
11120.000000000002 0.5679842031592015
11130.0 0.5679842031592015
11140.000000000002 0.5679842031592015
11150.0 0.5681168322784448
11160.000000000002 0.5681831468380663
11170.0 0.5680505177188231
11180.000000000002 0.5679178885995798
11190.0 0.5680284128656159
11200.000000000002 0.5681610419848592
11210.0 0.5681610419848592
11220.000000000002 0.5681389371316519
11230.0 0.5682273565444809
11240.000000000002 0.5682715662508953
11250.0 0.5681389371316519
11259.999999999998 0.5679620983059942
11270.0 0.5679178885995798
11279.999999999998 0.5679620983059942
11290.0 0.5680063080124087
11299.999999999998 0.5680505177188231
11310.0 0.5681389371316519
11319.999999999998 0.5682052516912736
11330.0 0.5682052516912736
11339.999999999998 0.5681831468380663
11350.0 0.5682052516912736
11359.999999999998 0.5682052516912736
11370.0 0.5681610419848592
11379.999999999998 0.5681389371316519
11390.0 0.5682273565444809
11399.999999999998 0.568359985663724
11410.0 0.56847050992976
11419.999999999998 0.5684926147829673
11430.0 0.5684263002233456
11439.999999999998 0.5683820905169312
11450.0 0.5684263002233456
11459.999999999998 0.5685147196361744
11470.0 0.5685368244893817
11480.0 0.5685147196361744
11490.0 0.56847050992976
11500.0 0.5684484050765528
11510.0 0.56847050992976
11520.0 0.5684484050765528
11530.0 0.5683820905169312
11540.0 0.5683378808105168
11550.0 0.5684263002233456
11560.0 0.5684926147829673
11570.0 0.5683820905169312
11580.0 0.568249461397688
11590.0 0.568249461397688
11600.0 0.5683157759573096
11610.0 0.5683378808105168
11620.0 0.5682715662508953
11630.0 0.5681610419848592
11640.0 0.5680505177188231
11650.0 0.5680063080124087
11660.0 0.5680063080124087
11670.0 0.5679620983059942
11680.0 0.5679399934527871
11690.0 0.5680063080124087
11700.0 0.5680284128656159
11710.0 0.5678515740399582
11720.0 0.5676305255078862
11730.0 0.5675200012418501
11740.0 0.5674757915354357
11750.0 0.5674315818290213
11760.0 0.5673652672693996
11770.0 0.567298952709778
11780.0 0.5672768478565708
11790.0 0.5673431624161925
11800.0 0.5674094769758141
11810.0 0.5673210575629852
11820.0 0.5672105332969491
11830.0 0.5671663235905348
11840.0 0.5671442187373276
11850.0 0.5670115896180844
11860.0 0.5668568556456339
11870.0 0.5666800168199763
11880.0 0.5665915974071474
11890.0 0.5665915974071474
11900.0 0.566547387700733
11910.0 0.5663705488750753
11920.0 0.5661937100494177
11930.0 0.5661495003430033
11940.0 0.5661052906365888
11950.0 0.5659284518109312
11960.0 0.5657295081320662
11970.0 0.5657074032788592
11980.0 0.5656852984256519
11990.0 0.5655305644532014
12000.0 0.5653537256275437
12010.0 0.5652653062147149
12020.0 0.5651989916550934
12030.0 0.5651326770954717
12040.0 0.56506636253585
12050.0 0.5650442576826429
12060.0 0.5649779431230212
12070.0 0.5648232091505708
12080.0 0.5645800557652915
12090.0 0.5643590072332194
12100.0 0.5642042732607689
12110.0 0.5641821684075617
12120.0 0.5641158538479402
12130.0 0.5638948053158681
12140.0 0.5636737567837959
12150.0 0.56356323251776
12160.0 0.56356323251776
12170.0 0.56356323251776
12180.0 0.5634969179581383
12190.0 0.5632758694260662
12200.0 0.5630769257472014
12210.0 0.5630548208939942
12220.0 0.5630548208939942
12230.0 0.562922191774751
12240.0 0.5627895626555076
12250.0 0.5627453529490932
12260.0 0.5627011432426788
12270.0 0.5625464092702285
12280.0 0.5624137801509851
12290.000000000002 0.5623474655913635
12300.0 0.5622811510317418
12310.000000000002 0.5621043122060843
12320.0 0.5619274733804266
12330.000000000002 0.5617727394079761
12340.0 0.5616622151419401
12350.000000000002 0.5615516908759041
12360.0 0.5614190617566608
12370.000000000002 0.5612643277842103
12380.0 0.5611759083713815
12390.000000000002 0.5611980132245887
12400.0 0.5611538035181743
12410.000000000002 0.5609327549861022
12420.0 0.5607559161604445
12430.000000000002 0.5607780210136518
12440.0 0.5608222307200662
12450.000000000002 0.5606453918944085
12460.0 0.5604243433623364
12470.000000000002 0.560380133655922
12480.0 0.5604022385091293
12490.000000000002 0.560380133655922
12500.0 0.5603138190963004
12509.999999999998 0.5602253996834716
12520.0 0.5601148754174355
12529.999999999998 0.5600264560046068
12540.0 0.5600043511513995
12549.999999999998 0.5600264560046068
12560.0 0.5600485608578138
12569.999999999998 0.5600043511513995
12580.0 0.5598717220321563
12589.999999999998 0.5596727783532913
12600.0 0.5595401492340482
12609.999999999998 0.5596064637936697
12620.0 0.5596948832064986
12629.999999999998 0.5596948832064986
12640.0 0.5596506735000842
12649.999999999998 0.5596506735000842
12660.0 0.5596285686468769
12669.999999999998 0.559518044380841
12680.0 0.5593854152615977
12689.999999999998 0.5593854152615977
12700.0 0.5594296249680122
12709.999999999998 0.5594517298212193
12720.0 0.5594738346744266
12730.0 0.5595622540872554
12740.0 0.5595622540872554
12750.0 0.5594075201148049
12760.0 0.5592748909955616
12770.0 0.5593633104083905
12780.0 0.5595622540872554
12790.0 0.5596506735000842
12800.0 0.5596285686468769
12810.0 0.5594959395276337
12820.0 0.5593633104083905
12830.0 0.5594075201148049
12840.0 0.559518044380841
12850.0 0.5596506735000842
12860.0 0.5597169880597057
12870.0 0.5596948832064986
12880.0 0.5596506735000842
12890.0 0.5596948832064986
12900.0 0.5597833026193274
12910.0 0.5598496171789491
12920.0 0.5598717220321563
12930.0 0.5598496171789491
12940.0 0.5598717220321563
12950.0 0.5599601414449851
12960.0 0.5600264560046068
12970.0 0.5600043511513995
12980.0 0.5600043511513995
12990.0 0.5601369802706427
13000.0 0.5602917142430932
13010.0 0.5603138190963004
13020.0 0.560269609389886
13030.0 0.5602475045366788
13040.0 0.5602917142430932
13050.0 0.560380133655922
13060.0 0.5604906579219581
13070.0 0.5606453918944085
13080.0 0.5607559161604445
13090.0 0.560800125866859
13100.0 0.5609327549861022
13110.0 0.5612201180777959
13120.0 0.561441166609868
13130.0 0.5614190617566608
13140.0 0.5612864326374176
13150.0 0.561330642343832
13160.0 0.5614632714630752
13170.0 0.5616180054355258
13180.0 0.5617064248483545
13190.0 0.5617506345547689
13200.0 0.5617727394079761
13210.0 0.5618611588208049
13220.0 0.5619937879400483
13230.0 0.5621264170592914
13240.0 0.5622369413253274
13250.0 0.5623253607381563
13260.0 0.5624137801509851
13270.0 0.5625243044170212
13280.0 0.56261272382985
13290.0 0.5626348286830573
13300.0 0.5626569335362644
13310.0 0.562833772361922
13320.0 0.563032716040787
13330.0 0.5632095548664445
13340.0 0.5632979742792734
13350.0 0.5632979742792734
13360.0 0.5633642888388951
13370.0 0.5635411276645527
13380.0 0.5636958616370032
13390.0 0.5636516519305887
13400.0 0.56356323251776
13410.0 0.5636074422241744
13420.0 0.5637400713434176
13430.0 0.5638948053158681
13440.0 0.5640495392883185
13450.0 0.5641600635543546
13460.0 0.5642484829671833
13470.0 0.5643811120864266
13480.0 0.5644916363524627
13490.0 0.5645579509120843
13500.0 0.5646021606184987
13510.0 0.564624265471706
13520.0 0.564646370324913
13530.0 0.564624265471706
13540.000000000002 0.564646370324913
13550.0 0.5647347897377419
13560.000000000002 0.5648011042973635
13570.0 0.5647347897377419
13580.000000000002 0.5646905800313275
13590.0 0.5648232091505708
13600.000000000002 0.564955838269814
13610.0 0.5649337334166068
13620.000000000002 0.5648232091505708
13630.0 0.5647568945909491
13640.000000000002 0.5647126848845347
13650.0 0.5647126848845347
13660.000000000002 0.5647568945909491
13670.0 0.5648674188569852
13680.000000000002 0.5650000479762285
13690.0 0.5650442576826429
13700.000000000002 0.5650221528294356
13710.0 0.5649779431230212
13720.000000000002 0.5649337334166068
13730.0 0.5649337334166068
13740.000000000002 0.5649779431230212
13750.0 0.5650221528294356
13759.999999999998 0.5650884673890573
13770.0 0.5651326770954717
13779.999999999998 0.5651105722422646
13790.0 0.5650442576826429
13799.999999999998 0.564955838269814
13810.0 0.564955838269814
13819.999999999998 0.564955838269814
13830.0 0.5649116285633996
13839.999999999998 0.5647789994441564
13850.0 0.5646021606184987
13859.999999999998 0.5644916363524627
13870.0 0.5644916363524627
13879.999999999998 0.5645579509120843
13890.0 0.5645137412056699
13899.999999999998 0.5645137412056699
13910.0 0.5647347897377419
13919.999999999998 0.5649337334166068
13930.0 0.5648674188569852
13939.999999999998 0.5647126848845347
13950.0 0.564624265471706
13959.999999999998 0.564646370324913
13970.0 0.5647789994441564
13980.0 0.5648232091505708
13990.0 0.5646905800313275
14000.0 0.5644916363524627
14010.0 0.5643811120864266
14020.0 0.5643590072332194
14030.0 0.564425321792841
14040.0 0.5644474266460483
14050.0 0.5644032169396339
14060.0 0.5642705878203906
14070.0 0.5641158538479402
14080.0 0.5639611198754897
14090.0 0.5638505956094537
14100.0 0.5636737567837959
14110.0 0.5633642888388951
14120.0 0.5631432403068231
14130.0 0.5631211354536158
14140.0 0.5631432403068231
14150.0 0.5630106111875798
14160.0 0.5627895626555076
14170.0 0.5626348286830573
14180.0 0.5625685141234356
14190.0 0.56261272382985
14200.0 0.5626569335362644
14210.0 0.5626569335362644
14220.0 0.5627453529490932
14230.0 0.5630769257472014
14240.0 0.5634748131049312
14250.0 0.563784281049832
14260.0 0.5639169101690753
14270.0 0.5639169101690753
14280.0 0.5638948053158681
14290.0 0.5639611198754897
14300.0 0.5640937489947329
14310.0 0.5641379587011472
14320.0 0.5641821684075617
14330.0 0.5642042732607689
14340.0 0.5642705878203906
14350.0 0.5643590072332194
14360.0 0.564425321792841
14370.0 0.5644695314992554
14380.0 0.5644695314992554
14390.0 0.564425321792841
14400.0 0.564425321792841
14410.0 0.5645358460588771
14420.0 0.5646905800313275
14430.0 0.5647568945909491
14440.0 0.5647568945909491
14450.0 0.5646905800313275
14460.0 0.564646370324913
14470.0 0.5646684751781204
14480.0 0.5647347897377419
14490.0 0.564845314003778
14500.0 0.564955838269814
14510.0 0.5650884673890573
14520.0 0.565154781948679
14530.0 0.5651105722422646
14540.0 0.5650884673890573
14550.0 0.565154781948679
14560.0 0.5652432013615077
14570.0 0.5652874110679221
14580.0 0.5653316207743366
14590.0 0.5654642498935798
14600.0 0.5655747741596159
14610.0 0.5655968790128231
14620.0 0.5656189838660303
14630.0 0.5656852984256519
14640.0 0.5657516129852735
14650.0 0.5657516129852735
14660.0 0.5657516129852735
14670.0 0.5658621372513095
14680.0 0.56601687122376
14690.0 0.5661495003430033
14700.0 0.5662158149026248
14710.0 0.5661716051962105
14720.0 0.5661716051962105
14730.0 0.5663042343154537
14740.0 0.5664810731411114
14750.0 0.5665694925539402
14760.0 0.5666137022603546
14770.0 0.5667021216731835
