mejiro/data/filter_response/RomanSCA07-F146.ecsv
# %ECSV 1.0
# ---
# datatype:
# - {name: wavelength, unit: Angstrom, datatype: float64}
# - {name: response, datatype: float64}
# meta:
#   __serialized_columns__:
#     wavelength:
#       __class__: astropy.units.quantity.Quantity
#       unit: !astropy.units.Unit {unit: Angstrom}
#       value: !astropy.table.SerializedColumn {name: wavelength}
#   band_name: F146
#   group_name: RomanSCA07
# schema: astropy-2.0
wavelength response
[from data line 567]
14780.0 0.5502782157402281
14790.000000000002 0.5503445302998498
14800.0 0.5504329497126785
14810.000000000002 0.5505434739787146
14820.0 0.5506318933915435
14830.000000000002 0.5506761030979579
14840.0 0.5506761030979579
14850.000000000002 0.5507645225107867
14860.0 0.5508308370704083
14870.000000000002 0.55089715163003
14880.0 0.5509192564832371
14890.000000000002 0.5509192564832371
14900.0 0.5509634661896516
14910.000000000002 0.5510518856024804
14920.0 0.5511624098685164
14930.000000000002 0.5511845147217237
14940.0 0.5512287244281381
14950.000000000002 0.5513613535473812
14960.0 0.5515160875198318
14970.000000000002 0.5515824020794533
14980.0 0.5516045069326606
14990.000000000002 0.5515824020794533
15000.0 0.5516045069326606
15009.999999999998 0.5516929263454894
15020.0 0.5518255554647327
15029.999999999998 0.5519581845839758
15040.0 0.5520466039968047
15049.999999999998 0.5521571282628408
15060.0 0.5522676525288769
15069.999999999998 0.5523560719417057
15080.0 0.55240028164812
15089.999999999998 0.5523781767949129
15100.0 0.55240028164812
15109.999999999998 0.552510805914156
15120.0 0.552709749593021
15129.999999999998 0.5528865884186785
15140.0 0.5529750078315074
15149.999999999998 0.5529971126847146
15160.0 0.5529971126847146
15169.999999999998 0.5529971126847146
15180.0 0.5530413223911291
15189.999999999998 0.5530855320975435
15200.0 0.5531518466571652
15209.999999999998 0.553240266069994
15220.0 0.55335079033603
15230.0 0.5534171048956517
15240.0 0.5535055243084804
15250.0 0.5536160485745165
15260.0 0.5537265728405525
15270.0 0.5538592019597958
15280.0 0.5539476213726245
15290.0 0.5539697262258318
15300.0 0.5540360407854534
15310.0 0.5542128796111111
15320.0 0.5543676135835615
15330.0 0.5543897184367688
15340.0 0.5543897184367688
15350.0 0.554411823289976
15360.0 0.5544781378495975
15370.0 0.5545444524092192
15380.0 0.554632871822048
15390.0 0.5548097106477057
15400.0 0.554942339766949
15410.0 0.5549865494733633
15420.0 0.5549644446201561
15430.0 0.554942339766949
15440.0 0.5549865494733633
15450.0 0.5551854931522282
15460.0 0.5553844368310932
15470.0 0.5554949610971291
15480.0 0.5555612756567507
15490.0 0.5556717999227867
15500.0 0.5557602193356157
15510.0 0.5557602193356157
15520.0 0.5557602193356157
15530.0 0.5558486387484445
15540.0 0.5559812678676878
15550.0 0.5560696872805165
15560.0 0.5560917921337237
15570.0 0.5560696872805165
15580.0 0.5560917921337237
15590.0 0.5562465261061742
15600.0 0.5563791552254175
15610.0 0.5563791552254175
15620.0 0.5564012600786247
15630.0 0.5566002037574895
15640.0 0.5568212522895616
15650.0 0.5568875668491832
15660.0 0.5568875668491832
15670.0 0.5569096717023905
15680.0 0.5570423008216336
15690.0 0.5572412445004986
15700.0 0.5573738736197418
15710.0 0.5573075590601202
15720.0 0.5572633493537057
15730.0 0.5574180833261562
15740.0 0.5576612367114355
15750.0 0.5577938658306788
15760.0 0.5578380755370932
15770.0 0.5578159706838859
15780.0 0.5577938658306788
15790.0 0.5578601803903003
15800.0 0.5579485998031292
15810.0 0.5579928095095437
15820.0 0.5580812289223724
15830.0 0.5582359628948229
15840.0 0.5583464871608589
15850.0 0.5583685920140661
15860.0 0.5583906968672734
15870.0 0.5585675356929309
15880.0 0.5587664793717959
15890.0 0.558877003637832
15900.0 0.5589433181974536
15910.0 0.5589654230506608
15920.0 0.5590538424634895
15930.0 0.5592306812891472
15940.0 0.5594075201148049
15950.0 0.5594738346744266
15960.0 0.5594959395276337
15970.0 0.559518044380841
15980.0 0.5596285686468769
15990.0 0.5598275123257418
16000.0 0.5600264560046068
16010.0 0.5601148754174355
16020.0 0.5601590851238499
16030.0 0.5602475045366788
16040.000000000002 0.5603580288027149
16050.0 0.5604906579219581
16060.000000000002 0.5606453918944085
16070.0 0.560800125866859
16080.000000000002 0.5609548598393095
16090.0 0.5610432792521383
16100.000000000002 0.561131698664967
16110.0 0.561330642343832
16120.000000000002 0.5615074811694897
16130.0 0.5615516908759041
16140.000000000002 0.5615959005823185
16150.0 0.5617727394079761
16160.000000000002 0.5619937879400483
16170.0 0.5622148364721203
16180.000000000002 0.5624137801509851
16190.0 0.5625243044170212
16200.000000000002 0.5626348286830573
16210.0 0.5627453529490932
16220.000000000002 0.5628779820683365
16230.0 0.563032716040787
16240.000000000002 0.5631653451600301
16250.0 0.563253764572859
16259.999999999998 0.5633642888388951
16270.0 0.5635853373709672
16279.999999999998 0.563784281049832
16290.0 0.5638284907562464
16299.999999999998 0.5638727004626608
16310.0 0.5640274344351113
16319.999999999998 0.5642705878203906
16330.0 0.5644916363524627
16339.999999999998 0.5646684751781204
16350.0 0.5648011042973635
16359.999999999998 0.5649337334166068
16370.0 0.5651105722422646
16379.999999999998 0.5652874110679221
16390.0 0.5654642498935798
16400.0 0.5655968790128231
16410.0 0.5656631935724447
16420.0 0.5657958226916879
16430.0 0.5660389760769673
16440.0 0.5662600246090393
16450.0 0.5663484440218681
16460.0 0.5663926537282825
16470.0 0.5664810731411114
16480.0 0.5665915974071474
16490.0 0.5667021216731835
16500.0 0.5668568556456339
16510.0 0.5671663235905348
16520.0 0.5673652672693996
16530.0 0.5673210575629852
16540.0 0.5672768478565708
16550.0 0.5674978963886429
16560.0 0.5677852594803366
16570.0 0.5679620983059942
16580.0 0.5680726225720303
16590.0 0.5681831468380663
16600.0 0.5683820905169312
16610.0 0.5686694536086249
16620.0 0.5688683972874898
16630.0 0.5688020827278681
16640.0 0.5687357681682466
16650.0 0.5689347118471114
16660.0 0.5692441797920124
16670.0 0.5694652283240844
16680.0 0.5695536477369132
16690.0 0.5695094380304988
16700.0 0.5695094380304988
16710.0 0.5696862768561565
16720.0 0.5698631156818141
16730.0 0.5699073253882285
16740.0 0.5699515350946429
16750.0 0.5701504787735078
16760.0 0.5703936321587871
16770.0 0.5705262612780303
16780.0 0.5706367855440664
16790.0 0.5708578340761384
16800.0 0.5710788826082105
16810.0 0.5712336165806611
16820.0 0.5713662456999042
16830.0 0.5715209796723547
16840.0 0.571653608791598
16850.0 0.5717420282044268
16860.0 0.5718304476172557
16870.0 0.5719630767364988
16880.0 0.5721399155621565
16890.0 0.5722725446813998
16900.0 0.572405173800643
16910.0 0.572515698066679
16920.0 0.5726704320391295
16930.0 0.5729577951308232
16940.0 0.5731567388096881
16950.0 0.5732230533693097
16960.0 0.5733114727821386
16970.0 0.5736209407270395
16980.0 0.573886198965526
16990.0 0.573886198965526
17000.0 0.573886198965526
17010.0 0.5741514572040124
17020.0 0.5745272397085349
17030.0 0.5748146028002287
17040.0 0.5749251270662648
17050.0 0.574947231919472
17060.0 0.5750135464790935
17070.0 0.5752345950111656
17080.0 0.5754777483964449
17090.0 0.5756324823688953
17100.0 0.5757430066349314
17110.0 0.5758756357541747
17120.0 0.5760303697266251
17130.0 0.5762293134054899
17140.0 0.5763619425247333
17150.0 0.5764061522311477
17160.0 0.576560886203598
17170.0 0.5769366687081205
17180.0 0.577290346359436
17190.0 0.577400870625472
17200.0 0.5774229754786792
17210.0 0.5775556045979224
17220.0 0.5777545482767873
17230.0 0.5778871773960306
17240.0 0.5780198065152737
17250.0 0.5782408550473458
17260.0 0.5784397987262108
17270.0 0.5785061132858323
17280.0 0.5785724278454539
17290.0 0.57868295211149
17300.0 0.5788376860839404
17310.0 0.5790366297628053
17320.0 0.5792134685884629
17330.0 0.5793682025609135
17340.0 0.579522936533364
17350.0 0.5796997753590216
17360.0 0.5798324044782648
17370.0 0.5799208238910936
17380.0 0.5798987190378865
17390.0 0.5798324044782648
17400.0 0.5798766141846792
17410.0 0.5800976627167512
17420.0 0.580385025808445
17430.0 0.5804955500744811
17440.0 0.5805618646341026
17450.0 0.5806944937533458
17460.0 0.5808050180193819
17470.0 0.5807829131661748
17480.0 0.5807387034597603
17490.0 0.5807608083129675
17500.0 0.5807829131661748
17510.0 0.5807829131661748
17520.0 0.5808492277257964
17530.0 0.5810702762578683
17540.0 0.5812692199367333
17550.0 0.5812913247899405
17560.0 0.5812250102303189
17570.0 0.5812029053771117
17580.0 0.5811808005239044
17590.0 0.5812250102303189
17600.0 0.5812692199367333
17610.0 0.5813797442027694
17620.0 0.5814239539091838
17630.0 0.581335534496355
17640.0 0.5812692199367333
17650.0 0.581335534496355
17660.0 0.5814239539091838
17670.0 0.5814239539091838
17680.0 0.5813797442027694
17690.0 0.5812913247899405
17700.0 0.5812250102303189
17710.0 0.5811808005239044
17720.0 0.58113659081749
17730.0 0.5811144859642828
17740.0 0.5811144859642828
17750.0 0.5812029053771117
17760.0 0.5812913247899405
17770.0 0.5812913247899405
17780.0 0.5812692199367333
17790.0 0.5813576393495621
17800.0 0.5814239539091838
17810.0 0.5814018490559765
17820.0 0.5813134296431477
17830.0 0.5811586956706973
17840.0 0.581026066551454
17850.0 0.581026066551454
17860.0 0.5810923811110756
17870.0 0.5812250102303189
17880.0 0.5813797442027694
17890.0 0.5815123733220126
17900.0 0.5815786878816341
17910.0 0.5816007927348414
17920.0 0.581556583028427
17930.0 0.5814902684688054
17940.0 0.5815123733220126
17950.0 0.5816892121476702
17960.0 0.5818439461201207
17970.0 0.5818218412669135
17980.0 0.5817334218540846
17990.0 0.5817997364137063
18000.0 0.581976575239364
18010.0 0.5822418334778504
18020.0 0.5824407771567153
18030.0 0.5824849868631298
18040.0 0.5824849868631298
18050.0 0.5825291965695442
18060.0 0.5826618256887873
18070.0 0.582838664514445
18080.0 0.5830597130465172
18090.0 0.5832807615785892
18100.0 0.5834354955510397
18110.0 0.5835239149638685
18120.0 0.5836344392299045
18130.0 0.5838775926151838
18140.0 0.5841649557068775
18150.0 0.5843638993857424
18160.0 0.5845407382114001
18170.0 0.5846954721838504
18180.0 0.5847396818902649
18190.0 0.5846070527710217
18200.0 0.5844965285049857
18210.0 0.5846733673306432
18220.0 0.5850049401287514
18230.0 0.5853586177800667
18240.0 0.5857344002845892
18250.0 0.5861322876423191
18260.0 0.5865301750000487
18270.0 0.5868396429449496
18280.0 0.5870164817706074
18290.0 0.5870385866238145
18300.0 0.5870606914770218
18310.0 0.5872817400090938
18320.0 0.5875027885411659
18330.0 0.5875691031007875
18340.0 0.587613312807202
18350.0 0.5878122564860667
18360.0 0.5881217244309677
18370.0 0.5884532972290758
18380.0 0.5887627651739767
18390.0 0.5890280234124632
18400.0 0.5892048622381209
18410.0 0.5893153865041568
18420.0 0.5893374913573641
18430.0 0.5893153865041568
18440.0 0.5893153865041568
18450.0 0.5894038059169857
18460.0 0.5895585398894362
18470.0 0.5896911690086795
18480.0 0.589868007834337
18490.0 0.5900890563664092
18500.0 0.5901995806324452
18510.0 0.590066951513202
18520.0 0.5899564272471659
18530.0 0.5900890563664092
18540.0 0.5902437903388597
18550.0 0.5902437903388597
18560.0 0.5901774757792381
18570.0 0.5902437903388597
18580.0 0.5903543146048956
18590.0 0.5904427340177245
18600.0 0.5905311534305533
18610.0 0.5906195728433822
18620.0 0.5906858874030038
18630.0 0.5906858874030038
18640.0 0.5905311534305533
18650.0 0.5901332660728236
18660.0 0.5898016932747155
18670.0 0.589757483568301
18680.0 0.5898237981279226
18690.0 0.5898016932747155
18700.0 0.589646959302265
18710.0 0.5894701204766074
18720.0 0.5894922253298145
18730.0 0.589868007834337
18740.0 0.5901553709260308
18750.0 0.5900448466599947
18760.0 0.5898459029811299
18770.0 0.589868007834337
18780.0 0.5899343223939587
18790.0 0.5897795884215082
18800.0 0.5896027495958506
18810.0 0.5896027495958506
18820.0 0.5896248544490579
18830.0 0.5895143301830218
18840.0 0.5893595962105713
18850.0 0.5893153865041568
18860.0 0.5893153865041568
18870.0 0.5892490719445354
18880.0 0.589116442825292
18890.0 0.5890280234124632
18900.0 0.5890501282656704
18910.0 0.5892048622381209
18920.0 0.5891827573849137
18930.0 0.5887406603207695
18940.0 0.5882764584034181
18950.0 0.5881438292841749
18960.0 0.5881217244309677
18970.0 0.5878785710456884
18980.0 0.5877238370732379
18990.0 0.5878564661924812
19000.0 0.5880775147245533
19010.0 0.5880775147245533
19020.0 0.5879890953117245
19030.0 0.5880333050181389
19040.0 0.5881217244309677
19050.0 0.5881880389905892
19060.0 0.5881217244309677
19070.0 0.5878564661924812
19080.0 0.5875469982475803
19090.0 0.587414369128337
19100.0 0.5874364739815443
19110.0 0.5875691031007875
19120.0 0.5877017322200307
19130.0 0.5877017322200307
19140.0 0.5876575225136164
19150.0 0.5876575225136164
19160.0 0.587613312807202
19170.0 0.587414369128337
19180.0 0.5871049011834362
19190.0 0.5867512235321207
19200.0 0.5867291186789136
19210.0 0.5871712157430578
19220.0 0.5876575225136164
19230.0 0.5877238370732379
19240.0 0.5875469982475803
19250.0 0.5874364739815443
19260.0 0.5872596351558865
19270.0 0.5868617477981568
19280.0 0.5866185944128776
19290.0 0.5868617477981568
19300.0 0.5872817400090938
19310.0 0.5874585788347514
19320.0 0.5873701594219226
19330.0 0.5870606914770218
19340.0 0.5867954332385352
19350.0 0.5868175380917424
19360.0 0.5869280623577784
19370.0 0.5869059575045713
19380.0 0.5868617477981568
19390.0 0.5869059575045713
19400.0 0.5870606914770218
19410.0 0.5873038448623009
19420.0 0.5874364739815443
19430.0 0.5873038448623009
19440.0 0.5870164817706074
19450.0 0.5867512235321207
19460.0 0.586662804119292
19470.0 0.5867512235321207
19480.0 0.5868396429449496
19490.0 0.5867070138257063
19500.0 0.5866406992660848
19510.0 0.5868396429449496
19520.0 0.5870827963302289
19530.0 0.5871712157430578
19540.0 0.5871491108898506
19550.0 0.587193320596265
19560.0 0.5873259497155082
19570.0 0.5874585788347514
19580.0 0.5874585788347514
19590.0 0.5872154254494721
19600.0 0.5871049011834362
19610.0 0.5873922642751299
19620.0 0.5876575225136164
19630.0 0.5875469982475803
19640.0 0.5873259497155082
19650.0 0.5873480545687154
19660.0 0.5875027885411659
19670.0 0.5876575225136164
19680.0 0.5877680467796523
19690.0 0.587834361339274
19700.0 0.587834361339274
19710.0 0.5877017322200307
19720.0 0.587635417660409
19730.0 0.5877459419264451
19740.0 0.5878122564860667
19750.0 0.587613312807202
19760.0 0.587414369128337
19770.0 0.587414369128337
19780.0 0.5875248933943731
19790.0 0.587635417660409
19800.0 0.587635417660409
19810.0 0.5874806836879587
19820.0 0.5871049011834362
19830.0 0.5862207070551478
19840.0 0.584319689679328
19850.0 0.5804955500744811
19860.0 0.5736651504334539
19870.0 0.5622590461785347
19880.0 0.5442878005210748
19890.0 0.51780618637884
19900.0 0.48155422711901946
19910.0 0.4353992936223698
19920.0 0.38062346737490915
19930.0 0.32003406473395285
19940.0 0.25758785442359117
19950.0 0.1976615973788511
19960.0 0.14403522349816528
19970.0 0.09936131516639855
19980.0 0.06476721989711852
19990.0 0.039810840626181045
20000.0 0.023055361895117615
20010.0 0.012533451768486758
20019.999999999996 0.006388302576883021
20030.0 0.0030504697425946603
20040.0 0.0013705008988468765
20050.0 0.0005747261833873998
20059.999999999996 0.00022104853207207686
20070.0 8.841941282883074e-05
20080.0 2.2104853207207685e-05
20090.0 0.0
