mejiro/data/filter_response/RomanSCA14-Grism_0thOrder.ecsv
# %ECSV 1.0
# ---
# datatype:
# - {name: wavelength, unit: Angstrom, datatype: float64}
# - {name: response, datatype: float64}
# meta:
#   __serialized_columns__:
#     wavelength:
#       __class__: astropy.units.quantity.Quantity
#       unit: !astropy.units.Unit {unit: Angstrom}
#       value: !astropy.table.SerializedColumn {name: wavelength}
#   band_name: Grism_0thOrder
#   group_name: RomanSCA14
# schema: astropy-2.0
wavelength response
[from data line 606]
15990.0 0.0006631455962162305
16000.0 0.0006631455962162305
16010.0 0.0006852504494234382
16020.0 0.0006852504494234382
16030.0 0.0007073553026306459
16040.000000000002 0.0007073553026306459
16050.0 0.0007294601558378536
16060.000000000002 0.0007294601558378536
16070.0 0.0007294601558378536
16080.000000000002 0.0007515650090450613
16090.0 0.0007515650090450613
16100.000000000002 0.000773669862252269
16110.0 0.000773669862252269
16120.000000000002 0.0007957747154594767
16130.0 0.0007957747154594767
16140.000000000002 0.0008178795686666844
16150.0 0.0008178795686666844
16160.000000000002 0.000839984421873892
16170.0 0.000839984421873892
16180.000000000002 0.0008620892750810997
16190.0 0.0008620892750810997
16200.000000000002 0.0008841941282883074
16210.0 0.0008841941282883074
16220.000000000002 0.0009062989814955152
16230.0 0.0009062989814955152
16240.000000000002 0.0009284038347027227
16250.0 0.0009284038347027227
16259.999999999998 0.0009505086879099305
16270.0 0.0009726135411171382
16279.999999999998 0.0009726135411171382
16290.0 0.0009947183943243459
16299.999999999998 0.0009947183943243459
16310.0 0.0010168232475315534
16319.999999999998 0.0010168232475315534
16330.0 0.0010389281007387612
16339.999999999998 0.0010610329539459688
16350.0 0.0010610329539459688
16359.999999999998 0.0010831378071531766
16370.0 0.0010831378071531766
16379.999999999998 0.0011052426603603842
16390.0 0.001127347513567592
16400.0 0.001127347513567592
16410.0 0.0011494523667747996
16420.0 0.0011494523667747996
16430.0 0.0011715572199820074
16440.0 0.0011936620731892152
16450.0 0.0011936620731892152
16460.0 0.0012157669263964225
16470.0 0.0012378717796036303
16480.0 0.0012378717796036303
16490.0 0.0012599766328108381
16500.0 0.0012820814860180457
16510.0 0.0012820814860180457
16520.0 0.0013041863392252535
16530.0 0.001326291192432461
16540.0 0.001326291192432461
16550.0 0.0013483960456396689
16560.0 0.0013705008988468765
16570.0 0.0013705008988468765
16580.0 0.0013926057520540843
16590.0 0.0014147106052612918
16600.0 0.0014147106052612918
16610.0 0.0014368154584684994
16620.0 0.0014589203116757072
16630.0 0.001481025164882915
16640.0 0.001481025164882915
16650.0 0.0015031300180901226
16660.0 0.0015252348712973302
16670.0 0.001547339724504538
16680.0 0.001547339724504538
16690.0 0.0015694445777117458
16700.0 0.0015915494309189533
16710.0 0.0016136542841261611
16720.0 0.0016136542841261611
16730.0 0.0016357591373333687
16740.0 0.0016578639905405763
16750.0 0.001679968843747784
16760.0 0.001702073696954992
16770.0 0.001702073696954992
16780.0 0.0017241785501621995
16790.0 0.0017462834033694073
16800.0 0.0017683882565766149
16810.0 0.0017904931097838224
16820.0 0.0018125979629910304
16830.0 0.0018125979629910304
16840.0 0.001834702816198238
16850.0 0.0018568076694054454
16860.0 0.0018789125226126534
16870.0 0.001901017375819861
16880.0 0.0019231222290270686
16890.0 0.0019452270822342764
16900.0 0.0019452270822342764
16910.0 0.001967331935441484
16920.0 0.0019894367886486917
16930.0 0.0020115416418558995
16940.0 0.002033646495063107
16950.0 0.0020557513482703147
16960.0 0.0020778562014775225
16970.0 0.0020999610546847303
16980.0 0.0021220659078919376
16990.0 0.0021441707610991454
17000.0 0.0021662756143063532
17010.0 0.002188380467513561
17020.0 0.0022104853207207684
17030.0 0.002232590173927976
17040.0 0.002254695027135184
17050.0 0.002276799880342392
17060.0 0.002298904733549599
17070.0 0.002321009586756807
17080.0 0.0023431144399640147
17090.0 0.002365219293171222
17100.0 0.0023873241463784303
17110.0 0.0024094289995856377
17120.0 0.002431533852792845
17130.0 0.0024536387060000533
17140.0 0.0024757435592072607
17150.0 0.0024978484124144685
17160.0 0.0025199532656216763
17170.0 0.0025420581188288836
17180.0 0.0025641629720360914
17190.0 0.002586267825243299
17200.0 0.002608372678450507
17210.0 0.002630477531657715
17220.0 0.002652582384864922
17230.0 0.00267468723807213
17240.0 0.0027188969444865456
17250.0 0.002741001797693753
17260.0 0.0027631066509009607
17270.0 0.0027852115041081685
17280.0 0.002807316357315376
17290.0 0.0028294212105225837
17300.0 0.0028515260637297915
17310.0 0.002895735770144207
17320.0 0.0029178406233514144
17330.0 0.0029399454765586222
17340.0 0.00296205032976583
17350.0 0.0029841551829730374
17360.0 0.003028364889387453
17370.0 0.0030504697425946603
17380.0 0.003072574595801868
17390.0 0.003094679449009076
17400.0 0.0031167843022162837
17410.0 0.003160994008630699
17420.0 0.0031830988618379067
17430.0 0.0032052037150451145
17440.0 0.0032273085682523223
17450.0 0.0032715182746667374
17460.0 0.0032936231278739452
17470.0 0.0033157279810811526
17480.0 0.003337832834288361
17490.0 0.0033820425407027756
17500.0 0.003404147393909984
17510.0 0.003426252247117191
17520.0 0.003448357100324399
17530.0 0.0034925668067388145
17540.0 0.0035146716599460223
17550.0 0.0035367765131532297
17560.0 0.003580986219567645
17570.0 0.0036030910727748522
17580.0 0.003625195925982061
17590.0 0.003669405632396476
17600.0 0.0036915104856036834
17610.0 0.0037136153388108908
17620.0 0.003757825045225307
17630.0 0.003779929898432514
17640.0 0.003802034751639722
17650.0 0.003846244458054137
17660.0 0.0038683493112613454
17670.0 0.0039125590176757605
17680.0 0.003934663870882968
17690.0 0.003956768724090175
17700.0 0.004000978430504592
17710.0 0.004023083283711799
17720.0 0.004067292990126214
17730.0 0.004089397843333422
17740.0 0.004111502696540629
17750.0 0.004155712402955045
17760.0 0.004177817256162252
17770.0 0.004222026962576668
17780.0 0.004244131815783875
17790.0 0.004288341522198291
17800.0 0.004310446375405498
17810.0 0.004354656081819914
17820.0 0.004376760935027122
17830.0 0.004420970641441537
17840.0 0.004443075494648745
17850.0 0.00448728520106316
17860.0 0.004509390054270368
17870.0 0.004553599760684784
17880.0 0.004575704613891991
17890.0 0.004619914320306406
17900.0 0.004642019173513614
17910.0 0.0046862288799280295
17920.0 0.004708333733135237
17930.0 0.004752543439549652
17940.0 0.004796753145964068
17950.0 0.004818857999171275
17960.0 0.00486306770558569
17970.0 0.004885172558792899
17980.0 0.004929382265207314
17990.0 0.004973591971621729
18000.0 0.004995696824828937
18010.0 0.0050399065312433525
18020.0 0.005084116237657767
18030.0 0.0051062210908649755
18040.0 0.005150430797279391
18050.0 0.005194640503693806
18060.0 0.005216745356901014
18070.0 0.00526095506331543
18080.0 0.005305164769729844
18090.0 0.0053272696229370526
18100.0 0.005371479329351467
18110.0 0.005415689035765883
18120.0 0.0054598987421802985
18130.0 0.005482003595387506
18140.0 0.005526213301801921
18150.0 0.005570423008216337
18160.0 0.005614632714630752
18170.0 0.005636737567837959
18180.0 0.005680947274252376
18190.0 0.00572515698066679
18200.0 0.005769366687081206
18210.0 0.005791471540288414
18220.0 0.005835681246702829
18230.0 0.0058798909531172444
18240.0 0.00592410065953166
18250.0 0.005968310365946075
18260.0 0.00601252007236049
18270.0 0.006056729778774906
18280.0 0.006100939485189321
18290.0 0.006145149191603736
18300.0 0.0061672540448109445
18310.0 0.006211463751225359
18320.0 0.006255673457639775
18330.0 0.00629988316405419
18340.0 0.006344092870468606
18350.0 0.006388302576883021
18360.0 0.006432512283297436
18370.0 0.006476721989711852
18380.0 0.006520931696126267
18390.0 0.006565141402540683
18400.0 0.006609351108955098
18410.0 0.0066535608153695126
18420.0 0.006697770521783929
18430.0 0.006741980228198344
18440.0 0.00678618993461276
18450.0 0.006830399641027175
18460.0 0.00687460934744159
18470.0 0.006918819053856006
18480.0 0.006963028760270421
18490.0 0.0070072384666848364
18500.0 0.007051448173099251
18510.0 0.007095657879513666
18520.0 0.007139867585928083
18530.0 0.007184077292342498
18540.0 0.0072282869987569135
18550.0 0.007272496705171328
18560.0 0.007316706411585743
18570.0 0.00736091611800016
18580.0 0.007405125824414575
18590.0 0.00744933553082899
18600.0 0.007493545237243405
18610.0 0.00753775494365782
18620.0 0.007604069503279444
18630.0 0.007648279209693859
18640.0 0.007692488916108274
18650.0 0.007736698622522691
18660.0 0.007780908328937105
18670.0 0.007825118035351521
18680.0 0.007869327741765936
18690.0 0.00791353744818035
18700.0 0.007957747154594767
18710.0 0.008001956861009183
18720.0 0.008046166567423598
18730.0 0.008112481127045221
18740.0 0.008156690833459636
18750.0 0.008200900539874052
18760.0 0.008245110246288467
18770.0 0.008289319952702882
18780.0 0.008355634512324505
18790.0 0.008399844218738921
18800.0 0.008444053925153336
18810.0 0.00848826363156775
18820.0 0.008532473337982167
18830.0 0.008598787897603788
18840.0 0.008642997604018206
18850.0 0.008687207310432621
18860.0 0.008731417016847036
18870.0 0.00877562672326145
18880.0 0.008819836429675865
18890.0 0.008864046136090282
18900.0 0.008908255842504698
18910.0 0.008952465548919113
18920.0 0.008996675255333528
18930.0 0.009018780108540736
18940.0 0.009040884961747942
18950.0 0.00906298981495515
18960.0 0.00906298981495515
18970.0 0.00906298981495515
18980.0 0.009040884961747942
18990.0 0.009018780108540736
19000.0 0.00897457040212632
19010.0 0.008908255842504698
19020.0 0.008797731576468659
19030.0 0.008687207310432621
19040.0 0.008554578191189374
19050.0 0.008377739365531713
19060.0 0.008156690833459636
19070.0 0.00791353744818035
19080.0 0.007648279209693859
19090.0 0.007338811264792952
19100.0 0.0070072384666848364
19110.0 0.0066535608153695126
19120.0 0.006255673457639775
19130.0 0.005857786099910036
19140.0 0.005437793888973091
19150.0 0.005017801678036145
19160.0 0.004597809467099198
19170.0 0.004155712402955045
19180.0 0.0037357201920180986
19190.0 0.003337832834288361
19200.0 0.0029399454765586222
19210.0 0.002586267825243299
19220.0 0.002232590173927976
19230.0 0.0019231222290270686
19240.0 0.0016357591373333687
19250.0 0.0013705008988468765
19260.0 0.0011494523667747996
19270.0 0.0009505086879099305
19280.0 0.000773669862252269
19290.0 0.0006189358898018152
19300.0 0.0004863067705585691
19310.0 0.00039788735772973834
19320.0 0.0003094679449009076
19330.0 0.00024315338527928454
19340.0 0.00017683882565766148
19350.0 0.0001326291192432461
19360.0 0.00011052426603603843
19370.0 6.631455962162305e-05
19380.0 6.631455962162305e-05
19390.0 4.420970641441537e-05
19400.0 2.2104853207207685e-05
19410.0 2.2104853207207685e-05
19420.0 2.2104853207207685e-05
19430.0 0.0
