mejiro/data/filter_response/RomanSCA02-F158.ecsv
# %ECSV 1.0
# ---
# datatype:
# - {name: wavelength, unit: Angstrom, datatype: float64}
# - {name: response, datatype: float64}
# meta:
#   __serialized_columns__:
#     wavelength:
#       __class__: astropy.units.quantity.Quantity
#       unit: !astropy.units.Unit {unit: Angstrom}
#       value: !astropy.table.SerializedColumn {name: wavelength}
#   band_name: F158
#   group_name: RomanSCA02
# schema: astropy-2.0
wavelength response
13720.000000000002 0.0
13730.0 2.2104853207207685e-05
13740.000000000002 6.631455962162305e-05
13750.0 0.00022104853207207686
13759.999999999998 0.0006410407430090229
13770.0 0.001702073696954992
13779.999999999998 0.004177817256162252
13790.0 0.009394562613063267
13799.999999999998 0.01938595626272114
13810.0 0.0368045805900008
13819.999999999998 0.064391437392596
13830.0 0.1041138586059482
13839.999999999998 0.15608236849609344
13850.0 0.21790964291665338
13859.999999999998 0.28482103357487104
13870.0 0.35069349613234996
13879.999999999998 0.4096471396359728
13890.0 0.45752625168278466
13899.999999999998 0.49296033137393863
13910.0 0.5169440971037589
13919.999999999998 0.5316659293397592
13930.0 0.5396899910539756
13939.999999999998 0.5436025500716514
13950.0 0.545370938328228
13959.999999999998 0.5461667130436875
13970.0 0.5465646004014172
13980.0 0.5466972295206605
13990.0 0.5465867052546245
14000.0 0.5463656567225523
14010.0 0.546233027603309
14020.0 0.546210922750102
14030.0 0.546233027603309
14040.0 0.5462551324565164
14050.0 0.5461888178968947
14060.0 0.5460340839244443
14070.0 0.5458793499519938
14080.0 0.5457246159795434
14090.0 0.5455919868603001
14100.0 0.5454151480346424
14110.0 0.5451056800897416
14120.0 0.5448625267044622
14130.0 0.544840421851255
14140.0 0.544840421851255
14150.0 0.5447077927320118
14160.0 0.5444867441999397
14170.0 0.5443320102274892
14180.0 0.5442656956678676
14190.0 0.5442878005210748
14200.0 0.5443320102274892
14210.0 0.5443320102274892
14220.0 0.544420429640318
14230.0 0.5447298975852191
14240.0 0.5451277849429488
14250.0 0.5454372528878496
14260.0 0.5455698820070929
14270.0 0.5455698820070929
14280.0 0.5455477771538857
14290.0 0.5456361965667145
14300.0 0.5457688256859577
14310.0 0.5458351402455794
14320.0 0.5458793499519938
14330.0 0.5459235596584082
14340.0 0.5459898742180299
14350.0 0.5461003984840659
14360.0 0.5461888178968947
14370.0 0.5462551324565164
14380.0 0.5462772373097234
14390.0 0.5462551324565164
14400.0 0.5462772373097234
14410.0 0.546431971282174
14420.0 0.5465867052546245
14430.0 0.5466972295206605
14440.0 0.5467414392270749
14450.0 0.5467193343738677
14460.0 0.5467193343738677
14470.0 0.5467856489334892
14480.0 0.5468961731995253
14490.0 0.5470509071719758
14500.0 0.5472056411444262
14510.0 0.5473824799700839
14520.0 0.5474930042361199
14530.0 0.5475151090893272
14540.0 0.5475593187957416
14550.0 0.5476919479149849
14560.0 0.5478466818874353
14570.0 0.5479572061534713
14580.0 0.5480677304195074
14590.0 0.5482666740983723
14600.0 0.5484435129240299
14610.0 0.5485319323368587
14620.0 0.5486203517496876
14630.0 0.5487750857221381
14640.0 0.5489077148413812
14650.0 0.5489961342542101
14660.0 0.5490624488138317
14670.0 0.5492613924926966
14680.0 0.5494824410247686
14690.0 0.5497034895568408
14700.0 0.549836118676084
14710.0 0.5498803283824983
14720.0 0.5499466429421199
14730.0 0.5501676914741921
14740.0 0.5504108448594714
14750.0 0.550587683685129
14760.0 0.5507203128043723
14770.0 0.5508750467768228
14780.0 0.5510518856024804
14790.000000000002 0.5512287244281381
14800.0 0.5514276681070029
14810.000000000002 0.551648716639075
14820.0 0.5518476603179399
14830.000000000002 0.5519802894371831
14840.0 0.5521129185564264
14850.000000000002 0.552289757382084
14860.0 0.5524665962077416
14870.000000000002 0.5526213301801921
14880.0 0.5527539592994354
14890.000000000002 0.5528644835654715
14900.0 0.5530192175379218
14910.000000000002 0.5532181612167867
14920.0 0.5533950000424444
14930.000000000002 0.5535276291616877
14940.0 0.5536823631341381
14950.000000000002 0.5539034116662102
14960.0 0.5541465650514894
14970.000000000002 0.55430129902394
14980.0 0.554411823289976
14990.000000000002 0.5544781378495975
15000.0 0.5545665572624264
15009.999999999998 0.554743396088084
15020.0 0.5549644446201561
15029.999999999998 0.555163388299021
15040.0 0.5553402271246787
15049.999999999998 0.5555170659503363
15060.0 0.555693904775994
15069.999999999998 0.5558486387484445
15080.0 0.5559591630144805
15089.999999999998 0.5560033727208948
15100.0 0.5560696872805165
15109.999999999998 0.5562686309593814
15120.0 0.5565117843446606
15129.999999999998 0.5567328328767328
15140.0 0.5568875668491832
15149.999999999998 0.5569538814088049
15160.0 0.5569980911152193
15169.999999999998 0.5570423008216336
15180.0 0.5571086153812553
15189.999999999998 0.5572191396472913
15200.0 0.5573296639133274
15209.999999999998 0.5574622930325707
15220.0 0.5575728172986067
15230.0 0.5576833415646427
15240.0 0.5578159706838859
15250.0 0.5579485998031292
15260.0 0.5581033337755796
15270.0 0.5582580677480301
15280.0 0.5583685920140661
15290.0 0.5584349065736878
15300.0 0.5585233259865166
15310.0 0.5587001648121742
15320.0 0.558877003637832
15330.0 0.5589433181974536
15340.0 0.5589433181974536
15350.0 0.558987527903868
15360.0 0.5590538424634895
15370.0 0.5591201570231111
15380.0 0.5592306812891472
15390.0 0.5594296249680122
15400.0 0.5595843589404625
15410.0 0.5596285686468769
15420.0 0.5596064637936697
15430.0 0.5595843589404625
15440.0 0.5596506735000842
15450.0 0.5598496171789491
15460.0 0.5600706657110212
15470.0 0.5601811899770571
15480.0 0.5602475045366788
15490.0 0.5603580288027149
15500.0 0.5604464482155437
15510.0 0.5604464482155437
15520.0 0.5604464482155437
15530.0 0.5605348676283725
15540.0 0.5606674967476157
15550.0 0.5607559161604445
15560.0 0.5607559161604445
15570.0 0.5607338113072374
15580.0 0.5607559161604445
15590.0 0.5609106501328951
15600.0 0.5610432792521383
15610.0 0.5610432792521383
15620.0 0.5610653841053455
15630.0 0.5612643277842103
15640.0 0.5614632714630752
15650.0 0.5615295860226968
15660.0 0.5615074811694897
15670.0 0.5615295860226968
15680.0 0.5616622151419401
15690.0 0.5618611588208049
15700.0 0.5619937879400483
15710.0 0.5619053685272193
15720.0 0.5618611588208049
15730.0 0.5620158927932554
15740.0 0.5622369413253274
15750.0 0.5623695704445707
15760.0 0.5623916752977779
15770.0 0.5623695704445707
15780.0 0.5623695704445707
15790.0 0.5624358850041924
15800.0 0.562502199563814
15810.0 0.5625464092702285
15820.0 0.5626348286830573
15830.0 0.5627674578023005
15840.0 0.5629000869215437
15850.0 0.562922191774751
15860.0 0.5629442966279581
15870.0 0.5630990306004086
15880.0 0.5633200791324806
15890.0 0.5634306033985167
15900.0 0.5634969179581383
15910.0 0.5635190228113456
15920.0 0.5636074422241744
15930.0 0.5638063859030392
15940.0 0.5639832247286969
15950.0 0.5640495392883185
15960.0 0.5640716441415258
15970.0 0.5641158538479402
15980.0 0.5642263781139762
15990.0 0.5644474266460483
16000.0 0.5646684751781204
16010.0 0.5647568945909491
16020.0 0.5648232091505708
16030.0 0.5649116285633996
16040.000000000002 0.5650442576826429
16050.0 0.565176886801886
16060.000000000002 0.5653537256275437
16070.0 0.5655526693064087
16080.000000000002 0.5657074032788592
16090.0 0.5658179275448951
16100.000000000002 0.5659505566641383
16110.0 0.5661495003430033
16120.000000000002 0.5663484440218681
16130.0 0.5664147585814897
16140.000000000002 0.5665031779943186
16150.0 0.5666800168199763
16160.000000000002 0.5669452750584627
16170.0 0.5671884284437421
16180.000000000002 0.5673873721226069
16190.0 0.5675421060950573
16200.000000000002 0.5676747352143006
16210.0 0.5677852594803366
16220.000000000002 0.5679399934527871
16230.0 0.5681389371316519
16240.000000000002 0.5682936711041023
16250.0 0.5683820905169312
16259.999999999998 0.5685147196361744
16270.0 0.5687578730214538
16279.999999999998 0.5689789215535258
16290.0 0.5690452361131475
16299.999999999998 0.5691115506727691
16310.0 0.5692883894984268
16319.999999999998 0.569531542883706
16330.0 0.5697525914157782
16339.999999999998 0.5699515350946429
16350.0 0.5701062690670934
16359.999999999998 0.5702388981863367
16370.0 0.5704378418652015
16379.999999999998 0.5706367855440664
16390.0 0.570813624369724
16400.0 0.5709462534889673
16410.0 0.571012568048589
16420.0 0.571123092314625
16430.0 0.5713662456999042
16440.0 0.5716093990851836
16450.0 0.5716978184980124
16460.0 0.5717199233512196
16470.0 0.5718083427640485
16480.0 0.5719188670300844
16490.0 0.5720072864429132
16500.0 0.5721620204153638
16510.0 0.5724272786538502
16520.0 0.5726041174795078
16530.0 0.5725378029198863
16540.0 0.5724714883602646
16550.0 0.5726704320391295
16560.0 0.5729356902776159
16570.0 0.5730904242500665
16580.0 0.5731567388096881
16590.0 0.573245158222517
16600.0 0.5733998921949673
16610.0 0.5736651504334539
16620.0 0.5738198844059043
16630.0 0.5737093601398683
16640.0 0.5735988358738322
16650.0 0.5737535698462827
16660.0 0.5740409329379764
16670.0 0.5742177717636341
16680.0 0.5742619814700485
16690.0 0.5741735620572197
16700.0 0.5741293523508052
16710.0 0.5742398766168413
16720.0 0.5743725057360844
16730.0 0.5743725057360844
16740.0 0.5743725057360844
16750.0 0.5745272397085349
16760.0 0.5747040785341926
16770.0 0.5747924979470214
16780.0 0.5748809173598503
16790.0 0.5750356513323007
16800.0 0.5752124901579584
16810.0 0.5753230144239945
16820.0 0.5754114338368232
16830.0 0.5755219581028593
16840.0 0.5756103775156881
16850.0 0.5756545872221026
16860.0 0.575698796928517
16870.0 0.5757872163413458
16880.0 0.575919845460589
16890.0 0.5760082648734178
16900.0 0.5760966842862467
16910.0 0.5761629988458683
16920.0 0.5762956279651116
16930.0 0.5765387813503908
16940.0 0.5767156201760485
16950.0 0.5767377250292558
16960.0 0.5768040395888774
16970.0 0.577091402680571
16980.0 0.5773345560658504
16990.0 0.577290346359436
17000.0 0.5772461366530215
17010.0 0.577511394891508
17020.0 0.5778650725428233
17030.0 0.5781303307813098
17040.0 0.5782408550473458
17050.0 0.5782408550473458
17060.0 0.5783071696069675
17070.0 0.5785061132858323
17080.0 0.5787492666711116
17090.0 0.5789040006435621
17100.0 0.5789924200563908
17110.0 0.5791250491756341
17120.0 0.5792797831480846
17130.0 0.5794787268269496
17140.0 0.5796113559461927
17150.0 0.5796776705058143
17160.0 0.5798324044782648
17170.0 0.5802081869827873
17180.0 0.5805618646341026
17190.0 0.5806944937533458
17200.0 0.5807387034597603
17210.0 0.5808934374322108
17220.0 0.5810923811110756
17230.0 0.5812471150835261
17240.0 0.5814018490559765
17250.0 0.5816450024412558
17260.0 0.5818660509733279
17270.0 0.581976575239364
17280.0 0.5820428897989857
17290.0 0.5821755189182288
17300.0 0.5823744625970937
17310.0 0.5825955111291657
17320.0 0.5828165596612378
17330.0 0.5829933984868955
17340.0 0.5831702373125531
17350.0 0.5833912858446253
17360.0 0.583568124670283
17370.0 0.5836786489363189
17380.0 0.5837228586427333
17390.0 0.5837007537895261
17400.0 0.5837670683491477
17410.0 0.5840323265876343
17420.0 0.5843638993857424
17430.0 0.5845186333581928
17440.0 0.5846291576242288
17450.0 0.5848059964498865
17460.0 0.584960730422337
17470.0 0.5850049401287514
17480.0 0.5850049401287514
17490.0 0.585071254688373
17500.0 0.5851375692479946
17510.0 0.5852038838076163
17520.0 0.5853365129268595
17530.0 0.585601771165346
17540.0 0.5858449245506253
17550.0 0.5859333439634541
17560.0 0.5859333439634541
17570.0 0.5859554488166613
17580.0 0.5859996585230757
17590.0 0.5860880779359047
17600.0 0.5861986022019406
17610.0 0.5863533361743911
17620.0 0.5864638604404271
17630.0 0.5864417555872199
17640.0 0.5864196507340127
17650.0 0.586552279853256
17660.0 0.5866849089724993
17670.0 0.5867512235321207
17680.0 0.5867512235321207
17690.0 0.5867070138257063
17700.0 0.5866185944128776
17710.0 0.5864859652936343
17720.0 0.5861543924955261
17730.0 0.5854249323396884
17740.0 0.5839660120280126
17750.0 0.5811808005239044
17760.0 0.5760524745798322
17770.0 0.5672326381501565
17780.0 0.5532844757764084
17790.0 0.5326164380276692
17800.0 0.5037696045922632
17810.0 0.4659260959015236
17820.0 0.4193732750471442
17830.0 0.36574690116645836
17840.0 0.30778797605715985
17850.0 0.24898906652598737
17860.0 0.1929753684989231
17870.0 0.14286366627818325
17880.0 0.10077602577165984
17890.0 0.0675745362544339
17900.0 0.04299393948801895
17910.0 0.025928992812054616
17920.0 0.014788146795621942
17930.0 0.007979852007801975
17940.0 0.004067292990126214
17950.0 0.0019452270822342764
17960.0 0.0008841941282883074
17970.0 0.00037578250452253065
17980.0 0.0001547339724504538
17990.0 6.631455962162305e-05
18000.0 2.2104853207207685e-05
18010.0 0.0
