mejiro/data/filter_response/RomanSCA02-F106.ecsv
# %ECSV 1.0
# ---
# datatype:
# - {name: wavelength, unit: Angstrom, datatype: float64}
# - {name: response, datatype: float64}
# meta:
#   __serialized_columns__:
#     wavelength:
#       __class__: astropy.units.quantity.Quantity
#       unit: !astropy.units.Unit {unit: Angstrom}
#       value: !astropy.table.SerializedColumn {name: wavelength}
#   band_name: F106
#   group_name: RomanSCA02
# schema: astropy-2.0
wavelength response
9250.0 0.0
9260.0 4.420970641441537e-05
9270.0 0.00022104853207207686
9280.0 0.0011052426603603842
9290.0 0.004420970641441537
9300.0 0.014611307969964281
9310.0 0.03963400180052338
9320.0 0.08892782445259652
9330.0 0.16693585142083245
9340.0 0.2660319083487445
9350.0 0.3672721360377557
9360.0 0.45036427924364936
9370.0 0.5051843151975245
9380.0 0.5343406165778314
9390.0 0.5470066974655614
9400.0 0.5515602972262462
9410.0 0.5530192175379218
9420.0 0.5535939437213092
9430.0 0.5541244601982823
9440.0 0.5545886621156336
9450.0 0.5549202349137418
9460.0 0.5552518077118498
9470.0 0.5557381144824084
9480.0 0.5562686309593814
9490.0 0.5566665183171111
9500.0 0.5570865105280481
9510.0 0.5576391318582282
9520.0 0.5581917531884084
9530.0 0.5586117453993454
9540.0 0.5589433181974536
9550.0 0.5593191007019761
9560.0 0.559739092912913
9570.0 0.5602253996834716
9580.0 0.5606674967476157
9590.0 0.5609990695457239
9600.0 0.5613527471970391
9610.0 0.5617727394079761
9620.0 0.562192731618913
9630.0 0.5625685141234356
9640.0 0.562922191774751
9650.0 0.5632758694260662
9660.0 0.5636074422241744
9670.0 0.5638284907562464
9680.0 0.5641158538479402
9690.0 0.5645579509120843
9700.0 0.5649779431230212
9710.0 0.5652653062147149
9720.0 0.5655305644532014
9730.0 0.5659063469577239
9740.0 0.5662821294622464
9750.0 0.566547387700733
9760.0 0.5668126459392194
9770.0 0.5672105332969491
9780.0 0.5675642109482646
9790.0 0.5677410497739221
9800.0 0.5679178885995798
9810.0 0.5682052516912736
9820.0 0.5685147196361744
9830.0 0.5686915584618322
9840.0 0.5688241875810754
9850.0 0.5690894458195619
9860.0 0.56942101861767
9870.0 0.5697083817093637
9880.0 0.5698631156818141
9890.0 0.5698631156818141
9900.0 0.5699073253882285
9910.0 0.5701504787735078
9920.0 0.5704157370119943
9930.0 0.5705262612780303
9940.0 0.5705704709844448
9950.0 0.570703100103688
9960.0 0.5708578340761384
9970.0 0.5709462534889673
9980.0 0.5710567777550034
9990.0 0.5712778262870755
10000.0 0.5714988748191475
10009.999999999998 0.5716093990851836
10020.0 0.571653608791598
10029.999999999998 0.571653608791598
10040.0 0.5716315039383907
10049.999999999998 0.571653608791598
10060.0 0.5716978184980124
10069.999999999998 0.571764133057634
10080.0 0.5717862379108412
10089.999999999998 0.5717199233512196
10100.0 0.5716978184980124
10109.999999999998 0.5717420282044268
10120.0 0.5718304476172557
10129.999999999998 0.5718304476172557
10140.0 0.571764133057634
10149.999999999998 0.5716315039383907
10160.0 0.5715209796723547
10169.999999999998 0.5714988748191475
10180.0 0.5715209796723547
10189.999999999998 0.5714767699659403
10200.0 0.5714104554063186
10209.999999999998 0.5713220359934899
10220.0 0.5712336165806611
10230.0 0.5711673020210394
10240.0 0.5711009874614178
10250.0 0.5709683583421745
10260.0 0.570813624369724
10270.0 0.5706367855440664
10280.0 0.5705041564248232
10290.0 0.5704599467184088
10300.0 0.5703936321587871
10310.0 0.5702167933331295
10320.0 0.5699957448010573
10330.0 0.5698410108286069
10340.0 0.5697304865625709
10350.0 0.5695978574433276
10360.0 0.5694431234708771
10370.0 0.5692662846452196
10380.0 0.5690673409663546
10390.0 0.5688462924342825
10400.0 0.5686031390490033
10410.0 0.568359985663724
10420.0 0.5681831468380663
10430.0 0.5680947274252375
10440.0 0.5679620983059942
10450.0 0.5676305255078862
10460.0 0.5672547430033635
10470.0 0.5670336944712915
10480.0 0.5669231702052555
10490.0 0.5668568556456339
10500.0 0.5666800168199763
10510.0 0.5663484440218681
10520.0 0.56601687122376
10530.0 0.5657958226916879
10540.0 0.5656852984256519
10550.0 0.5655526693064087
10560.0 0.565375830480751
10570.0 0.565154781948679
10580.0 0.564845314003778
10590.0 0.5644474266460483
10600.0 0.5640716441415258
10610.0 0.5638505956094537
10620.0 0.5637179664902103
10630.0 0.5635190228113456
10640.0 0.5632316597196518
10650.0 0.5628558772151293
10660.0 0.562502199563814
10670.0 0.5622148364721203
10680.0 0.561971683086841
10690.0 0.5616843199951472
10700.0 0.5613969569034536
10710.0 0.5611759083713815
10720.0 0.5609548598393095
10730.0 0.5607338113072374
10740.0 0.5605348676283725
10750.0 0.5603580288027149
10760.0 0.5601369802706427
10770.0 0.5598275123257418
10780.0 0.5594738346744266
10790.0 0.5591422618763184
10800.0 0.5588991084910391
10810.0 0.5587664793717959
10820.0 0.5585896405461382
10830.0 0.5582580677480301
10840.0 0.557926494949922
10850.0 0.5577496561242643
10860.0 0.5575949221518138
10870.0 0.5573075590601202
10880.0 0.5569538814088049
10890.0 0.5566886231703184
10900.0 0.5564675746382463
10910.0 0.5562465261061742
10920.0 0.5559812678676878
10930.0 0.555693904775994
10940.0 0.5554286465375076
10950.0 0.5551854931522282
10960.0 0.554942339766949
10970.0 0.5546549766752552
10980.0 0.5545886621156336
10990.0 0.5548760252073274
11000.0 0.555163388299021
11010.0 0.5550307591797777
11020.0 0.5547212912348769
11030.0 0.5545444524092192
11040.000000000002 0.554411823289976
11050.0 0.55430129902394
11060.000000000002 0.5541907747579039
11070.0 0.554102355345075
11080.000000000002 0.5539476213726245
11090.0 0.5536823631341381
11100.000000000002 0.5534392097488587
11110.0 0.5533728951892373
11120.000000000002 0.55335079033603
11130.0 0.5532181612167867
11140.000000000002 0.5531076369507507
11150.0 0.5531076369507507
11160.000000000002 0.5530413223911291
11170.0 0.5527760641526426
11180.000000000002 0.5525329107673633
11190.0 0.5524887010609489
11200.000000000002 0.5524887010609489
11210.0 0.5523560719417057
11220.000000000002 0.5522013379692552
11230.0 0.5521571282628408
11240.000000000002 0.5520687088500119
11250.0 0.5518034506115255
11259.999999999998 0.5515160875198318
11270.0 0.5513613535473812
11279.999999999998 0.5512729341345525
11290.0 0.5511845147217237
11299.999999999998 0.551118200162102
11310.0 0.5510960953088948
11319.999999999998 0.5510297807492731
11330.0 0.5509192564832371
11339.999999999998 0.5507866273639939
11350.0 0.5506982079511651
11359.999999999998 0.550587683685129
11370.0 0.5504550545658858
11379.999999999998 0.5503445302998498
11390.0 0.5503224254466424
11399.999999999998 0.5503445302998498
11410.0 0.550366635153057
11419.999999999998 0.5503224254466424
11430.0 0.5501676914741921
11439.999999999998 0.5500350623549489
11450.0 0.5500129575017416
11459.999999999998 0.5500350623549489
11470.0 0.5499908526485344
11480.0 0.5499245380889128
11490.0 0.549836118676084
11500.0 0.5497698041164624
11510.0 0.5497255944100479
11520.0 0.5496813847036335
11530.0 0.5495708604375975
11540.0 0.5495045458779758
11550.0 0.5495708604375975
11560.0 0.5496150701440119
11570.0 0.5494824410247686
11580.0 0.5493498119055253
11590.0 0.5493498119055253
11600.0 0.549416126465147
11610.0 0.5494382313183542
11620.0 0.549416126465147
11630.0 0.549305602199111
11640.0 0.549195077933075
11650.0 0.549195077933075
11660.0 0.549195077933075
11670.0 0.549195077933075
11680.0 0.5492171827862822
11690.0 0.549305602199111
11700.0 0.5493719167587326
11710.0 0.5492392876394894
11720.0 0.5490624488138317
11730.0 0.5489961342542101
11740.0 0.5489961342542101
11750.0 0.5490182391074172
11760.0 0.5489961342542101
11770.0 0.5489740294010028
11780.0 0.5490182391074172
11790.0 0.5491508682266606
11800.0 0.5492834973459038
11810.0 0.5492613924926966
11820.0 0.5492171827862822
11830.0 0.5492392876394894
11840.0 0.5492613924926966
11850.0 0.5492171827862822
11860.0 0.5491287633734533
11870.0 0.5490403439606245
11880.0 0.5490182391074172
11890.0 0.5490624488138317
11900.0 0.5490182391074172
11910.0 0.5486424566028948
11920.0 0.5476477382085704
11930.0 0.545260414062192
11940.0 0.5394026279622819
11950.0 0.5267586519277592
11960.0 0.5031727735556686
11970.0 0.4646440144155055
11980.0 0.40905030859937824
11990.0 0.33851372201517854
12000.0 0.26006359798279843
12010.0 0.18349238647303098
12020.0 0.11781886759441697
12030.0 0.06832610126347895
12040.0 0.03558881366360438
12050.0 0.016578639905405763
12060.0 0.00687460934744159
12070.0 0.0025420581188288836
12080.0 0.000839984421873892
12090.0 0.00024315338527928454
12100.0 6.631455962162305e-05
12110.0 2.2104853207207685e-05
12120.0 0.0
