mejiro/data/filter_response/RomanSCA10-Grism_1stOrder.ecsv
# %ECSV 1.0
# ---
# datatype:
# - {name: wavelength, unit: Angstrom, datatype: float64}
# - {name: response, datatype: float64}
# meta:
#   __serialized_columns__:
#     wavelength:
#       __class__: astropy.units.quantity.Quantity
#       unit: !astropy.units.Unit {unit: Angstrom}
#       value: !astropy.table.SerializedColumn {name: wavelength}
#   band_name: Grism_1stOrder
#   group_name: RomanSCA10
# schema: astropy-2.0
wavelength response
[from data line 545]
15370.0 0.40202096527948616
15380.0 0.401689392481378
15390.0 0.4014020293896844
15400.0 0.40109256144478345
15410.0 0.4006946740870537
15420.0 0.40025257702290956
15430.0 0.3998325848119726
15440.0 0.39943469745424287
15450.0 0.3991694392157564
15460.0 0.3988820761240627
15470.0 0.39852839847274735
15480.0 0.3981526159682248
15490.0 0.39779893831690954
15500.0 0.39742315581238696
15510.0 0.39700316360145005
15520.0 0.3965610665373059
15530.0 0.39618528403278336
15540.0 0.3958537112346752
15550.0 0.3954779287301527
15560.0 0.39503583166600853
15570.0 0.39457162974865717
15580.0 0.3941516375377202
15590.0 0.3938200647396121
15600.0 0.39348849194150404
15610.0 0.3930463948773599
15620.0 0.3926042978132157
15630.0 0.392316934721522
15640.0 0.3920074667766211
15650.0 0.39160957941889135
15660.0 0.39114537750154
15670.0 0.3907253852906031
15680.0 0.39037170763928775
15690.0 0.3900622396943868
15700.0 0.38970856204307147
15710.0 0.3892222552725129
15720.0 0.38873594850195436
15730.0 0.3884043757038463
15740.0 0.38811701261215253
15750.0 0.3877633349608372
15760.0 0.38732123789669304
15770.0 0.38687914083254893
15780.0 0.38641493891519757
15790.0 0.3860170515574678
15800.0 0.3856191641997381
15810.0 0.3852212768420083
15820.0 0.3848233894842786
15830.0 0.3844918166861705
15840.0 0.38411603418164797
15850.0 0.383696041970711
15860.0 0.3832760497597741
15870.0 0.38294447696166595
15880.0 0.38263500901676506
15890.0 0.38228133136544973
15900.0 0.38188344400772
15910.0 0.38146345179678304
15920.0 0.3810876692922605
15930.0 0.38077820134735957
15940.0 0.3804687334024587
15950.0 0.38007084604472896
15960.0 0.379650853833792
15970.0 0.37925296647606227
15980.0 0.37889928882474694
15990.0 0.37861192573305325
16000.0 0.37832456264135955
16010.0 0.377948780136837
16020.0 0.37755089277910725
16030.0 0.3771972151277919
16040.000000000002 0.37684353747647664
16050.0 0.3765340695315757
16060.000000000002 0.3762246015866748
16070.0 0.37591513364177387
16080.000000000002 0.375605665696873
16090.0 0.37525198804555765
16100.000000000002 0.3748983103942423
16110.0 0.3746109473025487
16120.000000000002 0.37432358421085493
16130.0 0.3739478017063324
16140.000000000002 0.3735720192018099
16150.0 0.3732846561101162
16160.000000000002 0.3730193978716297
16170.0 0.3727541396331432
16180.000000000002 0.3724667765414495
16190.0 0.3721573085965486
16200.000000000002 0.3718036309452333
16210.0 0.3714720581471252
16220.000000000002 0.37116259020222425
16230.0 0.3708531222573233
16240.000000000002 0.3705215494592152
16250.0 0.3701678718078999
16259.999999999998 0.3698362990097918
16270.0 0.36957104077130526
16279.999999999998 0.3692836776796116
16290.0 0.3689078951750891
16299.999999999998 0.3685100078173593
16310.0 0.36820053987245843
16319.999999999998 0.36793528163397193
16330.0 0.36764791854227824
16339.999999999998 0.3673605554505845
16350.0 0.3670289826524764
16359.999999999998 0.3666753050011611
16370.0 0.3663658370562602
16379.999999999998 0.36605636911135925
16390.0 0.36574690116645836
16400.0 0.36539322351514303
16410.0 0.3650174410106205
16420.0 0.36466376335930517
16430.0 0.36437640026761153
16440.0 0.3640890371759178
16450.0 0.36369114981818806
16460.0 0.3632711576072511
16470.0 0.36289537510272857
16480.0 0.36251959259820604
16490.0 0.3621217052404763
16500.0 0.361768027589161
16510.0 0.3615027693506745
16520.0 0.36117119655256635
16530.0 0.3606627849288006
16540.0 0.360176478158242
16550.0 0.3598449053601339
16560.0 0.3595575422684402
16570.0 0.3592038646171249
16580.0 0.3587838724061879
16590.0 0.3583859850484582
16600.0 0.35803230739714287
16610.0 0.357722839452242
16620.0 0.35734705694771945
16630.0 0.3568386453239537
16640.0 0.3563081288469807
16650.0 0.3559323463424582
16660.0 0.35564498325076443
16670.0 0.3552913055994491
16680.0 0.35484920853530494
16690.0 0.354318692058332
16700.0 0.35383238528777344
16710.0 0.35343449793004367
16720.0 0.35303661057231395
16730.0 0.3525724086549626
16740.0 0.35210820673761123
16750.0 0.3517324242330887
16760.0 0.3513566417285661
16770.0 0.3509366495176292
16780.0 0.3505166573066923
16790.0 0.35014087480216977
16800.0 0.34976509229764724
16810.0 0.34936720493991746
16820.0 0.3489251078757733
16830.0 0.3485272205180436
16840.0 0.3481072283071066
16850.0 0.3476651312429625
16860.0 0.34720092932561114
16870.0 0.34678093711467417
16880.0 0.3463830497569444
16890.0 0.3459630575460075
16900.0 0.3455430653350705
16910.0 0.34510096827092634
16920.0 0.3447030809131966
16930.0 0.34437150811508854
16940.0 0.343995725610566
16950.0 0.34353152369321466
16960.0 0.3430894266290705
16970.0 0.34277995868416955
16980.0 0.34244838588606147
16990.0 0.34193997426229567
17000.0 0.3414536674917371
17010.0 0.341122094693629
17020.0 0.34085683645514253
17030.0 0.3405252636570344
17040.0 0.3401273762993047
17050.0 0.33964106952874606
17060.0 0.33919897246460196
17070.0 0.33884529481328657
17080.0 0.33851372201517854
17090.0 0.33811583465744877
17100.0 0.33769584244651185
17110.0 0.3372979550887821
17120.0 0.33692217258425955
17130.0 0.336546390079737
17140.0 0.33614850272200725
17150.0 0.3357064056578631
17160.0 0.33533062315334056
17170.0 0.3350653649148541
17180.0 0.3348001066763676
17190.0 0.33440221931863784
17200.0 0.3339601222544937
17210.0 0.33356223489676395
17220.0 0.3332085572454487
17230.0 0.33283277474092615
17240.0 0.3324348873831964
17250.0 0.33210331458508824
17260.0 0.3317496369337729
17270.0 0.33135174957604324
17280.0 0.3309096525118991
17290.0 0.33051176515416936
17300.0 0.330158087502854
17310.0 0.3298044098515387
17320.0 0.32947283705343056
17330.0 0.329097054548908
17340.0 0.3287433768975927
17350.0 0.32838969924627737
17360.0 0.32801391674175484
17370.0 0.3276160293840251
17380.0 0.32715182746667376
17390.0 0.32666552069611515
17400.0 0.32624552848517824
17410.0 0.3259360605402773
17420.0 0.32564869744858366
17430.0 0.3252729149440611
17440.0 0.32487502758633136
17450.0 0.32449924508180883
17460.0 0.3241234625772863
17470.0 0.32365926065993494
17480.0 0.3231950587425836
17490.0 0.3227750665316466
17500.0 0.32235507432070964
17510.0 0.32191297725656554
17520.0 0.32153719475204295
17530.0 0.3212056219539349
17540.0 0.320896154009034
17550.0 0.320476161798097
17560.0 0.32001195988074566
17570.0 0.3195477579633943
17580.0 0.3191277657524573
17590.0 0.3187077735415204
17600.0 0.31830988618379064
17610.0 0.3179341036792681
17620.0 0.31753621632153844
17630.0 0.31707201440418703
17640.0 0.31660781248683567
17650.0 0.31620992512910595
17660.0 0.3158341426245834
17670.0 0.31541415041364645
17680.0 0.3149499484962951
17690.0 0.31448574657894374
17700.0 0.3139994398083852
17710.0 0.313557342744241
17720.0 0.3131152456800969
17730.0 0.31267314861595275
17740.0 0.3122531564050158
17750.0 0.31187737390049325
17760.0 0.31147948654276353
17770.0 0.31105949433182656
17780.0 0.3106173972676824
17790.0 0.3102195099099527
17800.0 0.3098437274054301
17810.0 0.309401630341286
17820.0 0.3089153235707274
17830.0 0.3084069119469616
17840.0 0.3078985003231959
17850.0 0.3074564032590517
17860.0 0.30705851590132194
17870.0 0.3067048382500066
17880.0 0.3063290557454841
17890.0 0.3059753780941688
17900.0 0.3055774907364391
17910.0 0.3051353936722949
17920.0 0.30467119175494356
17930.0 0.3042069898375922
17940.0 0.30376489277344804
17950.0 0.3034112151221327
17960.0 0.3030575374708174
17970.0 0.302593335553466
17980.0 0.3020849239297002
17990.0 0.3016649317187633
18000.0 0.30131125406744796
18010.0 0.301001786122547
18020.0 0.30064810847123175
18030.0 0.3002060114070876
18040.0 0.2997418094897362
18050.0 0.2993218172787993
18060.0 0.29892392992106953
18070.0 0.298548147416547
18080.0 0.2981944697652317
18090.0 0.29784079211391634
18100.0 0.2974650096093938
18110.0 0.2970450173984569
18120.0 0.29662502518751993
18130.0 0.2962713475362046
18140.0 0.2959618795913037
18150.0 0.2955860970867812
18160.0 0.2952103145822586
18170.0 0.29483453207773613
18180.0 0.2943703301603848
18190.0 0.2938177088302045
18200.0 0.2933092972064388
18210.0 0.29293351470191625
18220.0 0.29262404675701537
18230.0 0.2923145788121144
18240.0 0.29202721572042073
18250.0 0.29176195748193423
18260.0 0.29149669924344773
18270.0 0.2911651264453396
18280.0 0.29078934394081707
18290.0 0.2903251420234657
18300.0 0.28988304495932155
18310.0 0.2895072624547991
18320.0 0.28915358480348374
18330.0 0.2887114877393396
18340.0 0.2882693906751954
18350.0 0.2878936081706729
18360.0 0.287584140225772
18370.0 0.2872746722808711
18380.0 0.28696520433597017
18390.0 0.28661152668465484
18400.0 0.2862578490333395
18410.0 0.28583785682240254
18420.0 0.2853957597582584
18430.0 0.2849094529876998
18440.0 0.2844673559235557
18450.0 0.28404736371261874
18460.0 0.28367158120809627
18470.0 0.2832736938503665
18480.0 0.28292001619905116
18490.0 0.28256633854773583
18500.0 0.2821684511900061
18510.0 0.2816600395662403
18520.0 0.28115162794247456
18530.0 0.28077584543795203
18540.0 0.2804000629334295
18550.0 0.27995796586928534
18560.0 0.279493763951934
18570.0 0.2790958765942042
18580.0 0.2786979892364745
18590.0 0.278322206731952
18600.0 0.27792431937422224
18610.0 0.2775264320164925
18620.0 0.27712854465876274
18630.0 0.27670855244782583
18640.0 0.27620014082406
18650.0 0.2755812049342582
18660.0 0.2750064787508708
18670.0 0.27456438168672664
18680.0 0.2741885991822041
18690.0 0.27374650211805995
18700.0 0.2732380904942942
18710.0 0.27275178372373565
18720.0 0.2723317915127987
18730.0 0.27208863812751943
18740.0 0.27182337988903293
18750.0 0.2713370731184743
18760.0 0.2708286614947086
18770.0 0.27043077413697886
18780.0 0.2700549916324563
18790.0 0.2695686848618977
18800.0 0.269060273238132
18810.0 0.268640281027195
18820.0 0.2682423936694653
18830.0 0.2677781917521139
18840.0 0.26729188498155537
18850.0 0.2668718927706184
18860.0 0.26642979570647424
18870.0 0.2659655937891229
18880.0 0.2654792870185643
18890.0 0.26499298024800577
18900.0 0.2645287783306544
18910.0 0.26410878611971744
18920.0 0.26357826964274444
18930.0 0.2628267046336994
18940.0 0.2619867202118255
18950.0 0.2612130503495732
18960.0 0.2603951707809065
18970.0 0.25935624268016777
18980.0 0.25818468546018575
18990.0 0.25692470882737495
19000.0 0.25546578851569923
19010.0 0.2536089808462938
19020.0 0.2513763906723658
19030.0 0.2487680179939153
19040.0 0.24573965310452783
19050.0 0.24213656203175296
19060.0 0.23789243021596912
19070.0 0.23294094309755461
19080.0 0.22728210067650942
19090.0 0.22096011265924803
19100.0 0.2139749790457704
19110.0 0.20628249012966213
19120.0 0.19783843620450878
19130.0 0.18868702697672482
19140.0 0.1788945770059318
19150.0 0.16854950570495858
19160.0 0.15776233733984124
19170.0 0.14657728161699415
19180.0 0.135171177362075
19190.0 0.12372086340074141
19200.0 0.11238107370544387
19210.0 0.10132864710184003
19220.0 0.0906077932963443
19230.0 0.08024061714216389
19240.0 0.07040395746495648
19250.0 0.06120833853075808
19260.0 0.052720074899190325
19270.0 0.04493916657025323
19280.0 0.037954032956775595
19290.0 0.03176467405875744
19300.0 0.026326880169784354
19310.0 0.021596441583441907
19320.0 0.01750704374010849
19330.0 0.014036581786576881
19340.0 0.011162950869639882
19350.0 0.008753521870054244
19360.0 0.006808294787819968
19370.0 0.005238850210108221
19380.0 0.0039788735772973835
19390.0 0.003006260036180245
19400.0 0.002232590173927976
19410.0 0.0016357591373333687
19420.0 0.0011936620731892152
19430.0 0.0008620892750810997
19440.0 0.0006189358898018152
19450.0 0.000419992210936946
19460.0 0.0002873630916936999
19470.0 0.00019894367886486917
19480.0 0.0001326291192432461
19490.0 8.841941282883074e-05
19500.0 6.631455962162305e-05
19510.0 4.420970641441537e-05
19520.0 2.2104853207207685e-05
19530.0 2.2104853207207685e-05
19540.0 0.0
