mejiro/data/filter_response/RomanSCA09-Prism.ecsv
# %ECSV 1.0
# ---
# datatype:
# - {name: wavelength, unit: Angstrom, datatype: float64}
# - {name: response, datatype: float64}
# meta:
#   __serialized_columns__:
#     wavelength:
#       __class__: astropy.units.quantity.Quantity
#       unit: !astropy.units.Unit {unit: Angstrom}
#       value: !astropy.table.SerializedColumn {name: wavelength}
#   band_name: Prism
#   group_name: RomanSCA09
# schema: astropy-2.0
wavelength response
7470.0 0.0
7480.0 4.420970641441537e-05
7490.0 0.00019894367886486917
7500.0 0.0009726135411171382
7510.0 0.003757825045225307
7520.0 0.011980830438306566
7530.0 0.03169835949913582
7540.0 0.07013869922647
7550.0 0.1311480940783632
7560.0 0.21001821032168022
7570.0 0.2931545632339883
7580.0 0.3647300779189268
7590.0 0.4151070383781531
7600.0 0.444152815492424
7610.0 0.4582115021322082
7620.0 0.4643345464706046
7630.0 0.46705344341509114
7640.0 0.4684018394607309
7650.0 0.46919761417619027
7660.0 0.46979444521278496
7670.0 0.4706344296346589
7680.0 0.47200493053350573
7690.0 0.4734417459919742
7700.0 0.47439225467988416
7710.0 0.4750996099825148
7720.0 0.47582907013835263
7730.0 0.47666905456022657
7740.0 0.47755324868851484
7750.0 0.478525862229632
7760.0 0.4795647903303708
7770.0 0.4804710893118663
7780.0 0.4810900252016681
7790.0 0.4817310659446771
7800.0 0.4826594697793798
7810.0 0.48356576876087537
7820.0 0.48411839009105556
7830.0 0.4844499628891637
7840.0 0.48475943083406453
7850.0 0.48502468907255103
7860.0 0.4852899473110375
7870.0 0.4855773104027312
7880.0 0.48599730261366814
7890.0 0.48654992394384833
7900.0 0.48712465012723577
7910.0 0.4876109568977944
7920.0 0.48792042484269527
7930.0 0.48831831220042493
7940.0 0.48906987720947004
7950.0 0.48960039368644304
7960.0 0.4895119742736142
7970.0 0.4899540713377583
7980.0 0.4917003547411278
7990.0 0.4926950731354521
8000.0 0.4910593139981187
8010.0 0.4886056752921187
8020.000000000001 0.4874562229253439
8030.000000000001 0.48747832777855105
8040.000000000001 0.4880088442555241
8050.000000000001 0.4884951510260827
8060.000000000001 0.4886056752921187
8070.000000000001 0.4885393607324971
8080.000000000001 0.48851725587928985
8090.000000000001 0.4883404170536322
8100.000000000001 0.48776569087024474
8110.000000000001 0.4871025452740285
8120.000000000001 0.4867046579162988
8129.999999999999 0.4863288754117763
8139.999999999999 0.4857320443751817
8149.999999999999 0.48520152789820864
8159.999999999999 0.4850688987789654
8169.999999999999 0.48511310848537986
8179.999999999999 0.48511310848537986
8189.999999999999 0.4850467939257583
8200.0 0.4850467939257583
8210.0 0.48526784245783033
8220.0 0.4859088832008393
8230.0 0.48668255306309166
8240.0 0.48727938409968624
8250.0 0.48743411807213666
8260.0 0.487146754980443
8270.0 0.48727938409968624
8280.0 0.4885393607324971
8290.0 0.48984354707172234
8300.0 0.490130910163416
8310.0 0.48999828104417276
8320.0 0.4903298538422809
8330.0 0.4909487897320827
8340.0 0.49156772562188455
8350.0 0.4923413954841368
8360.0 0.49340242843808274
8370.0 0.4945960905112719
8380.0 0.49565712346521795
8390.0 0.49645289818067734
8400.0 0.49700551951085764
8410.0 0.4977791893731099
8420.0 0.4990612708591279
8430.0 0.5002991426387315
8440.0 0.500984393088155
8450.0 0.5019570066292721
8460.0 0.503968548271128
8470.0 0.5060906141790199
8480.0 0.5073948005182451
8490.0 0.5083010994997408
8500.0 0.5094505518665156
8510.0 0.510776843058948
8520.0 0.5120810293981732
8530.0 0.5133852157373985
8540.0 0.5147115069298309
8550.0 0.5158609592966057
8560.0 0.5166788388652724
8570.0 0.5175630329935608
8580.0 0.518867219332786
8590.0 0.5204808736169122
8600.0 0.5221166327542456
8610.0 0.5233766093870564
8620.0 0.5240397549832726
8630.0 0.5248134248455248
8640.0 0.5262944500104078
8650.0 0.5281733625330205
8660.0 0.5298975410831827
8670.0 0.5313564613948584
8680.0 0.5325501234680475
8690.0 0.533456422449543
8700.0 0.5340753583393449
8710.0 0.5347827136419755
8720.0 0.5358437465959215
8730.0 0.537059513522318
8740.0 0.5381647561826783
8750.0 0.5389163211917234
8760.0 0.5392699988430387
8770.0 0.5396457813475612
8780.0 0.5404194512098135
8790.0 0.5412815404848946
8800.0 0.5418783715214892
8810.0 0.5423646782920477
8820.0 0.5429394044754352
8830.0 0.5432709772735432
8840.0 0.5430499287414713
8850.0 0.5426962510901558
8860.0 0.5426962510901558
8870.0 0.5428951947690207
8880.0 0.5430941384478857
8890.0 0.5432046627139216
8900.0 0.543248872420336
8910.0 0.5431383481543001
8920.0 0.542917299622228
8930.0 0.5427404607965702
8940.0 0.5428067753561919
8950.0 0.5427404607965702
8960.0 0.5422541540260117
8970.0 0.5416131132830028
8980.0 0.541104701659237
8990.0 0.5407731288611288
9000.0 0.5404857657694351
9010.0 0.5401984026777414
9020.0 0.5398005153200117
9030.0 0.5392921036962459
9040.0 0.5387394823660657
9050.0 0.5382531755955071
9060.0 0.5378331833845702
9070.0 0.5374795057332549
9080.0 0.5371037232287323
9090.0 0.5367058358710026
9100.0 0.5362416339536512
9110.0 0.5357995368895071
9120.0 0.5354237543849846
9130.0 0.5351142864400836
9140.0 0.53482692334839
9150.0 0.5344953505502819
9160.0 0.5340753583393449
9170.0 0.5336332612752007
9180.0 0.5332795836238854
9190.0 0.5330806399450205
9200.0 0.5329259059725701
9210.0 0.5326827525872908
9220.0 0.5324174943488043
9230.0 0.5322848652295611
9240.0 0.5321964458167322
9250.0 0.5321522361103178
9260.0 0.5321301312571106
9270.0 0.5321743409635251
9280.0 0.5322406555231466
9290.0 0.5323290749359755
9300.0 0.532483808908426
9310.0 0.532704857440498
9320.0 0.5329701156789844
9330.0 0.5331690593578493
9340.0 0.5334122127431287
9350.0 0.533765890394444
9360.0 0.5341858826053809
9370.0 0.5345837699631107
9380.0 0.5350258670272547
9390.0 0.5354900689446062
9400.0 0.5359321660087504
9410.0 0.5362416339536512
9420.0 0.5365953116049667
9430.0 0.537059513522318
9440.0 0.5375237154396694
9450.0 0.5378331833845702
9460.0 0.538142651329471
9470.0 0.5386068532468224
9480.0 0.5390931600173811
9490.0 0.5394468376686964
9500.0 0.5398005153200117
9510.0 0.5402868220905702
9520.0 0.5407731288611288
9530.0 0.541104701659237
9540.0 0.5413699598977234
9550.0 0.5416573229894172
9560.0 0.5419888957875253
9570.0 0.5423646782920477
9580.0 0.5426962510901558
9590.0 0.5429394044754352
9600.0 0.5431825578607145
9610.0 0.5434920258056153
9620.0 0.5438014937505163
9630.0 0.5440446471357955
9640.0 0.5442656956678676
9650.0 0.5445088490531469
9660.0 0.5446856878788047
9670.0 0.5447962121448406
9680.0 0.5449509461172911
9690.0 0.545260414062192
9700.0 0.5455477771538857
9710.0 0.5457025111263362
9720.0 0.5458130353923721
9730.0 0.5460561887776515
9740.0 0.5462993421629307
9750.0 0.546431971282174
9760.0 0.5465646004014172
9770.0 0.5468298586399037
9780.0 0.5470509071719758
9790.0 0.5471172217315974
9800.0 0.5471393265848047
9810.0 0.5473161654104622
9820.0 0.5474930042361199
9830.0 0.5475372139425343
9840.0 0.5475814236489488
9850.0 0.5477361576213993
9860.0 0.5479351013002641
9870.0 0.5481119401259218
9880.0 0.5481782546855435
9890.0 0.5480898352727145
9900.0 0.5480235207130929
9910.0 0.5482003595387506
9920.0 0.5483771983644082
9930.0 0.5484214080708226
9940.0 0.5483993032176155
9950.0 0.5484877226304443
9960.0 0.5485761420432731
9970.0 0.5486203517496876
9980.0 0.5486866663093092
9990.0 0.5488635051349668
10000.0 0.5490624488138317
10009.999999999998 0.5491729730798677
10020.0 0.549195077933075
10029.999999999998 0.549195077933075
10040.0 0.549195077933075
10049.999999999998 0.5492392876394894
10060.0 0.549305602199111
10069.999999999998 0.5493940216119397
10080.0 0.5494603361715614
10089.999999999998 0.5494603361715614
10100.0 0.5494603361715614
10109.999999999998 0.5495929652908047
10120.0 0.5497255944100479
10129.999999999998 0.5497919089696696
10140.0 0.5497919089696696
10149.999999999998 0.5497476992632552
10160.0 0.5497255944100479
10169.999999999998 0.5497919089696696
10180.0 0.5499024332357055
10189.999999999998 0.5499687477953272
10200.0 0.5500129575017416
10209.999999999998 0.5500350623549489
10220.0 0.550057167208156
10230.0 0.5501013769145704
10240.0 0.5501234817677777
10250.0 0.5501234817677777
10260.0 0.5501013769145704
10270.0 0.5500350623549489
10280.0 0.5500350623549489
10290.0 0.5501234817677777
10300.0 0.5501897963273993
10310.0 0.5501455866209849
10320.0 0.550057167208156
10330.0 0.5500350623549489
10340.0 0.550057167208156
10350.0 0.550057167208156
10360.0 0.5500350623549489
10370.0 0.5499908526485344
10380.0 0.5499245380889128
10390.0 0.5498582235292911
10400.0 0.5497476992632552
10410.0 0.5496371749972191
10420.0 0.5495929652908047
10430.0 0.5496371749972191
10440.0 0.5496150701440119
10450.0 0.549416126465147
10460.0 0.549195077933075
10470.0 0.5490845536670389
10480.0 0.5491066585202462
10490.0 0.5491287633734533
10500.0 0.5490845536670389
10510.0 0.5488635051349668
10520.0 0.5486424566028948
10530.0 0.5485319323368587
10540.0 0.5485098274836515
10550.0 0.548465617777237
10560.0 0.5483993032176155
10570.0 0.5482887789515795
10580.0 0.5480677304195074
10590.0 0.5477582624746065
10600.0 0.5474708993829128
10610.0 0.5473382702636695
10620.0 0.5472940605572552
10630.0 0.5471835362912191
10640.0 0.546962487759147
10650.0 0.5466751246674533
10660.0 0.5463877615757595
10670.0 0.5461888178968947
10680.0 0.5460340839244443
10690.0 0.5458130353923721
10700.0 0.5456140917135074
10710.0 0.5454593577410568
10720.0 0.5453046237686063
10730.0 0.545149889796156
10740.0 0.5450172606769127
10750.0 0.5449067364108767
10760.0 0.5447741072916334
10770.0 0.5445309539063541
10780.0 0.5442435908146604
10790.0 0.543978332576174
10800.0 0.5438014937505163
10810.0 0.543757284044102
10820.0 0.5436467597780659
10830.0 0.5433815015395793
10840.0 0.5431383481543001
10850.0 0.543027823888264
10860.0 0.5429615093286424
10870.0 0.5427404607965702
10880.0 0.5424752025580838
10890.0 0.5422983637324261
10900.0 0.5421436297599757
10910.0 0.5420110006407325
10920.0 0.5418341618150748
10930.0 0.5416352181362099
10940.0 0.541436274457345
10950.0 0.5413036453381018
10960.0 0.5411489113656514
10970.0 0.5409720725399937
10980.0 0.5409720725399937
10990.0 0.5413699598977234
11000.0 0.5417457424022459
11010.0 0.5417236375490387
11020.0 0.5415246938701739
11030.0 0.541436274457345
11040.000000000002 0.541436274457345
11050.0 0.541436274457345
11060.000000000002 0.5414583793105523
11070.0 0.5414804841637595
11080.000000000002 0.541436274457345
11090.0 0.5413036453381018
11100.000000000002 0.5411931210720657
11110.0 0.5412373307784802
11120.000000000002 0.5413478550445162
11130.0 0.5413478550445162
11140.000000000002 0.5413478550445162
11150.0 0.5414804841637595
11160.000000000002 0.5415467987233811
11170.0 0.5414141696041378
11180.000000000002 0.5413036453381018
11190.0 0.5413920647509306
11200.000000000002 0.5415246938701739
11210.0 0.5415246938701739
11220.000000000002 0.5414804841637595
11230.0 0.5415689035765884
11240.000000000002 0.5416131132830028
11250.0 0.5414804841637595
11259.999999999998 0.541325750191309
11270.0 0.5412815404848946
11279.999999999998 0.541325750191309
11290.0 0.5413699598977234
11299.999999999998 0.5414141696041378
11310.0 0.5415025890169667
11319.999999999998 0.5415689035765884
11330.0 0.5415689035765884
11339.999999999998 0.5415467987233811
11350.0 0.5415467987233811
11359.999999999998 0.5415467987233811
11370.0 0.5415246938701739
11379.999999999998 0.5415025890169667
11390.0 0.5415689035765884
11399.999999999998 0.5417015326958315
11410.0 0.5418120569618675
11419.999999999998 0.5418341618150748
11430.0 0.5417678472554531
11439.999999999998 0.5417236375490387
11450.0 0.5417678472554531
11459.999999999998 0.5418562666682819
11470.0 0.5418783715214892
11480.0 0.5418562666682819
11490.0 0.5418120569618675
11500.0 0.5417899521086604
11510.0 0.5418120569618675
11520.0 0.5417899521086604
11530.0 0.5417236375490387
11540.0 0.5416794278426244
11550.0 0.5417678472554531
11560.0 0.5418341618150748
11570.0 0.5417236375490387
11580.0 0.5415910084297955
11590.0 0.5415910084297955
11600.0 0.5416573229894172
11610.0 0.5416794278426244
11620.0 0.5416352181362099
11630.0 0.5415025890169667
11640.0 0.5413920647509306
11650.0 0.5413699598977234
11660.0 0.5413699598977234
11670.0 0.541325750191309
11680.0 0.5413036453381018
11690.0 0.5413699598977234
11700.0 0.5413920647509306
11710.0 0.5412152259252729
11720.0 0.5410162822464081
11730.0 0.5409057579803721
11740.0 0.5408615482739577
11750.0 0.5408173385675432
11760.0 0.5407510240079216
11770.0 0.5406847094483
11780.0 0.5406626045950927
11790.0 0.5407510240079216
11800.0 0.540795233714336
11810.0 0.5407289191547144
11820.0 0.5406183948886784
11830.0 0.540574185182264
11840.0 0.5405299754758496
11850.0 0.5404194512098135
11860.0 0.540264717237363
11870.0 0.5401099832649126
11880.0 0.5400215638520838
11890.0 0.5400215638520838
11900.0 0.5399773541456694
11910.0 0.5398005153200117
11920.0 0.5396236764943539
11930.0 0.5396015716411469
11940.0 0.5395573619347324
11950.0 0.5393805231090748
11960.0 0.539203684283417
11970.0 0.5391815794302098
11980.0 0.5391594745770026
11990.0 0.5390047406045523
12000.0 0.5388500066321017
12010.0 0.5387615872192729
12020.0 0.5386952726596512
12030.0 0.5386289581000296
12040.0 0.5385626435404081
12050.0 0.5385405386872009
12060.0 0.5384963289807865
12070.0 0.5383194901551287
12080.0 0.5380984416230566
12090.0 0.5378773930909846
12100.0 0.5377447639717414
12110.0 0.5377226591185341
12120.0 0.5376563445589125
12130.0 0.5374574008800477
12140.0 0.5372363523479756
12150.0 0.5371479329351468
12160.0 0.5371258280819395
12170.0 0.5371479329351468
12180.0 0.537059513522318
12190.0 0.5368605698434531
12200.0 0.5366837310177954
12210.0 0.536639521311381
12220.0 0.536639521311381
12230.0 0.536528997045345
12240.0 0.5363963679261017
12250.0 0.5363521582196873
12260.0 0.5363079485132729
12270.0 0.5361753193940296
12280.0 0.5360426902747863
12290.000000000002 0.5359763757151648
12300.0 0.5359100611555431
12310.000000000002 0.5357553271830927
12320.0 0.5355563835042279
12330.000000000002 0.5354237543849846
12340.0 0.5353132301189485
12350.000000000002 0.5352248107061197
12360.0 0.5350921815868764
12370.000000000002 0.534937447614426
12380.0 0.5348490282015972
12390.000000000002 0.5348711330548044
12400.0 0.5348490282015972
12410.000000000002 0.5346279796695251
12420.0 0.5344511408438675
12430.000000000002 0.5344732456970747
12440.0 0.534517455403489
12450.000000000002 0.5343406165778314
12460.0 0.5341416728989665
12470.000000000002 0.534097463192552
12480.0 0.5341195680457593
12490.000000000002 0.534097463192552
12500.0 0.5340311486329306
12509.999999999998 0.5339427292201017
12520.0 0.5338322049540656
12529.999999999998 0.533765890394444
12540.0 0.5337437855412368
12549.999999999998 0.533765890394444
12560.0 0.5337879952476512
12569.999999999998 0.5337437855412368
12580.0 0.5336111564219935
12589.999999999998 0.5334122127431287
12600.0 0.5333016884770926
12609.999999999998 0.533345898183507
12620.0 0.533456422449543
12629.999999999998 0.533456422449543
12640.0 0.5334122127431287
12649.999999999998 0.5334122127431287
12660.0 0.5333901078899214
12669.999999999998 0.5332795836238854
12680.0 0.5331469545046422
12689.999999999998 0.5331469545046422
12700.0 0.5331911642110566
12709.999999999998 0.5332132690642638
12720.0 0.533235373917471
12730.0 0.5333237933302999
12740.0 0.5333237933302999
12750.0 0.5331690593578493
12760.0 0.5330364302386061
12770.0 0.5331469545046422
12780.0 0.5333237933302999
12790.0 0.5334122127431287
12800.0 0.5333901078899214
12810.0 0.5332574787706782
12820.0 0.5331469545046422
12830.0 0.5331690593578493
12840.0 0.5332795836238854
12850.0 0.5333901078899214
12860.0 0.533456422449543
12870.0 0.5334343175963359
12880.0 0.5334122127431287
12890.0 0.533456422449543
12900.0 0.5335227370091647
12910.0 0.5335890515687863
12920.0 0.5336111564219935
12930.0 0.5336111564219935
12940.0 0.5336111564219935
12950.0 0.5336995758348224
12960.0 0.533765890394444
12970.0 0.5337437855412368
12980.0 0.5337437855412368
12990.0 0.53387641466048
13000.0 0.5340090437797232
13010.0 0.5340311486329306
13020.0 0.5340090437797232
13030.0 0.533986938926516
13040.0 0.5340090437797232
13050.0 0.534097463192552
13060.0 0.5342079874585881
13070.0 0.5343627214310387
13080.0 0.5344511408438675
13090.0 0.5344953505502819
13100.0 0.5346279796695251
13110.0 0.5348932379080116
13120.0 0.5351142864400836
13130.0 0.5350921815868764
13140.0 0.5349816573208404
13150.0 0.5350037621740477
13160.0 0.5351363912932908
13170.0 0.5352690204125341
13180.0 0.5353795446785702
13190.0 0.5354016495317774
