mejiro/data/filter_response/RomanSCA07-F087.ecsv
# %ECSV 1.0
# ---
# datatype:
# - {name: wavelength, unit: Angstrom, datatype: float64}
# - {name: response, datatype: float64}
# meta:
#   __serialized_columns__:
#     wavelength:
#       __class__: astropy.units.quantity.Quantity
#       unit: !astropy.units.Unit {unit: Angstrom}
#       value: !astropy.table.SerializedColumn {name: wavelength}
#   band_name: F087
#   group_name: RomanSCA07
# schema: astropy-2.0
wavelength response
7490.0 0.0
7500.0 6.631455962162305e-05
7510.0 0.00033157279810811527
7520.0 0.0014147106052612918
7530.0 0.00506201138445056
7540.0 0.015141824446937267
7550.0 0.0379761378099828
7560.0 0.08035114140819993
7570.0 0.14480889336041755
7580.0 0.22520424447503187
7590.0 0.3073679838462229
7600.0 0.3760919724674316
7610.0 0.42326372921161276
7620.0 0.44992218217950525
7630.0 0.46234510968195597
7640.0 0.4669650240022623
7650.0 0.468202895781866
7660.0 0.4682913151946948
7670.0 0.4684018394607309
7680.0 0.4689765656441182
7690.0 0.4696397112403345
7700.0 0.4698828646256138
7710.0 0.4698828646256138
7720.0 0.46999338889164977
7730.0 0.4701923325705147
7740.0 0.47050180051541557
7750.0 0.47094389757955973
7760.0 0.4715186237629472
7770.0 0.4719607208270913
7780.0 0.47218176935916334
7790.0 0.4724470275976499
7800.0 0.47306596348745167
7810.0 0.4736848993772535
7820.0 0.47401647217536164
7830.0 0.47414910129460486
7840.0 0.4743259401202625
7850.0 0.47450277894592013
7860.0 0.47470172262478505
7870.0 0.47498908571647874
7880.0 0.47543118278062285
7890.0 0.4760501186704247
7900.0 0.4767353691198481
7910.0 0.47737640986285723
7920.0 0.477884821486623
7930.0 0.478525862229632
7940.0 0.4795647903303708
7950.0 0.4804047747522446
7960.0 0.4807142426971456
7970.0 0.4815763319722266
7980.0 0.4837647124397402
7990.0 0.4852457376046231
8000.0 0.4842068095038844
8010.0 0.4823721066876861
8020.000000000001 0.4818857999171276
8030.000000000001 0.482571050366551
8040.000000000001 0.4837868172929474
8050.000000000001 0.4850025842193439
8060.000000000001 0.4858425686412178
8070.000000000001 0.4865278190906412
8080.000000000001 0.4873014889528934
8090.000000000001 0.4878762151362808
8100.000000000001 0.4880530539619385
8110.000000000001 0.48816357822797457
8120.000000000001 0.4884951510260827
8129.999999999999 0.488848828677398
8139.999999999999 0.4889372480902268
8149.999999999999 0.48906987720947004
8159.999999999999 0.48955618398002865
8169.999999999999 0.4902193295762448
8179.999999999999 0.49077195090642506
8189.999999999999 0.49121404797056917
8200.0 0.4916561450347134
8210.0 0.4922750809245151
8220.0 0.4932255896124251
8230.0 0.4942645177131639
8240.0 0.49506029242862326
8250.0 0.49530344581390257
8260.0 0.49501608272220887
8270.0 0.4950823972818305
8280.0 0.4961876399421909
8290.0 0.4972928826025513
8300.0 0.4972707777493441
8310.0 0.4967844709787855
8320.0 0.49671815641916395
8330.0 0.49685078553840717
8340.0 0.49696130980444325
8350.0 0.497160253483308
8360.0 0.49762445540065936
8370.0 0.49817707673083955
8380.0 0.49855285923536213
8390.0 0.4986412786481909
8400.0 0.4984644398225333
8410.0 0.49848654467574055
8420.0 0.4989949562995063
8430.0 0.49945915821685766
8440.0 0.4993707388040288
8450.0 0.49956968248289363
8460.0 0.50078544940929
8470.0 0.5021117406017226
8480.0 0.5026643619319028
8490.0 0.5028190959043533
8500.0 0.5032390881152902
8510.0 0.5038580240050919
8520.0 0.5044769598948938
8530.0 0.5051401054911101
8540.0 0.5058474607937408
8550.0 0.5063779772707137
8560.0 0.5066432355092001
8570.0 0.5069748083073082
8580.0 0.5077705830227677
8590.0 0.5088979305363354
8600.0 0.5100694877563173
8610.0 0.5109094721781913
8620.0 0.511196835269885
8630.0 0.5116168274808218
8640.0 0.5127883847008039
8650.0 0.5143578292785157
8660.0 0.5157946447369842
8670.0 0.5170325165165878
8680.0 0.5180272349109122
8690.0 0.5187787999199572
8700.0 0.5193093163969301
8710.0 0.519928252286732
8720.0 0.5209450755342635
8730.0 0.52216084246066
8740.0 0.5232881899742275
8750.0 0.5241502792493087
8760.0 0.5246365860198673
8770.0 0.5251671024968402
8780.0 0.5261397160379573
8790.0 0.5272228538451105
8800.0 0.5280849431201916
8810.0 0.528880717835651
8820.0 0.5297870168171466
8830.0 0.53047226726657
8840.0 0.5306491060922277
8850.0 0.5307154206518493
8860.0 0.5311575177159934
8870.0 0.5318206633122097
8880.0 0.532483808908426
8890.0 0.5331027447982278
8900.0 0.533655366128408
8910.0 0.534097463192552
8920.0 0.5344069311374531
8930.0 0.5348048184951827
8940.0 0.5354237543849846
8950.0 0.5359321660087504
8960.0 0.5360205854215792
8970.0 0.5359763757151648
8980.0 0.5360647951279935
8990.0 0.5363079485132729
9000.0 0.5366174164581737
9010.0 0.5369047795498675
9020.0 0.5371037232287323
9030.0 0.5371700377883539
9040.0 0.5371921426415612
9050.0 0.53728056205439
9060.0 0.5374131911736333
9070.0 0.5376121348524981
9080.0 0.5377889736781558
9090.0 0.5378994979441918
9100.0 0.5379879173570207
9110.0 0.5380542319166423
9120.0 0.538142651329471
9130.0 0.5383194901551287
9140.0 0.5385184338339937
9150.0 0.5386289581000296
9160.0 0.5386510629532368
9170.0 0.5386289581000296
9180.0 0.5386731678064441
9190.0 0.5388500066321017
9200.0 0.5390489503109667
9210.0 0.5391373697237954
9220.0 0.5391815794302098
9230.0 0.5393363134026603
9240.0 0.539513152228318
9250.0 0.5396899910539756
9260.0 0.5398889347328405
9270.0 0.5401099832649126
9280.0 0.5403531366501919
9290.0 0.540574185182264
9300.0 0.5408394434207504
9310.0 0.5411710162188585
9320.0 0.5415025890169667
9330.0 0.5417678472554531
9340.0 0.5420552103471469
9350.0 0.5424309928516694
9360.0 0.5428509850626063
9370.0 0.5432709772735432
9380.0 0.5436909694844803
9390.0 0.5441551714018316
9400.0 0.5445530587595613
9410.0 0.5448625267044622
9420.0 0.545149889796156
9430.0 0.5455919868603001
9440.0 0.546011979071237
9450.0 0.5462772373097234
9460.0 0.5465424955482101
9470.0 0.546962487759147
9480.0 0.5474045848232911
9490.0 0.5477361576213993
9500.0 0.5480677304195074
9510.0 0.5485319323368587
9520.0 0.5489961342542101
9530.0 0.5493277070523183
9540.0 0.5495708604375975
9550.0 0.5498582235292911
9560.0 0.5502119011806065
9570.0 0.550587683685129
9580.0 0.5509634661896516
9590.0 0.5512287244281381
9600.0 0.5514718778134173
9610.0 0.5518255554647327
9620.0 0.552179233116048
9630.0 0.5524665962077416
9640.0 0.5527539592994354
9650.0 0.5530413223911291
9660.0 0.5532844757764084
9670.0 0.553461314602066
9680.0 0.5536602582809309
9690.0 0.5540360407854534
9700.0 0.554411823289976
9710.0 0.5546107669688408
9720.0 0.5546770815284625
9730.0 0.55430129902394
9740.0 0.5518034506115255
9750.0 0.5427625656497775
9760.0 0.5191103727180653
9770.0 0.4705681150750372
9780.0 0.3914327405932337
9790.0 0.28913147995027655
9800.0 0.18439868545452653
9810.0 0.09929500060677691
9820.0 0.04438654524007304
9830.0 0.016269171960504855
9840.0 0.004840962852378483
9850.0 0.0011715572199820074
9860.0 0.00022104853207207686
9870.0 4.420970641441537e-05
9880.0 0.0
