mejiro/data/filter_response/RomanSCA09-Grism_1stOrder.ecsv
# %ECSV 1.0
# ---
# datatype:
# - {name: wavelength, unit: Angstrom, datatype: float64}
# - {name: response, datatype: float64}
# meta:
#   __serialized_columns__:
#     wavelength:
#       __class__: astropy.units.quantity.Quantity
#       unit: !astropy.units.Unit {unit: Angstrom}
#       value: !astropy.table.SerializedColumn {name: wavelength}
#   band_name: Grism_1stOrder
#   group_name: RomanSCA09
# schema: astropy-2.0
wavelength response
9870.0 0.0
9880.0 6.631455962162305e-05
9890.0 0.00033157279810811527
9900.0 0.001481025164882915
9910.0 0.005305164769729844
9920.0 0.015296558419387717
9930.0 0.03572144278284762
9940.0 0.06863556920837986
9950.0 0.1104579514764168
9960.0 0.15232454345086818
9970.0 0.18548182326167967
9980.0 0.206481433808527
9990.0 0.21744544099930202
10000.0 0.22252955723695975
10009.999999999998 0.22507161535578865
10020.0 0.22675158419953645
10029.999999999998 0.22821050451121214
10040.0 0.22962521511647344
10049.999999999998 0.2310399257217347
10060.0 0.23247674118020326
10069.999999999998 0.23393566149187894
10080.0 0.23537247695034744
10089.999999999998 0.2367650827024015
10100.0 0.23817979330766278
10109.999999999998 0.23963871361933853
10120.0 0.24109763393101422
10129.999999999998 0.2425344493894827
10140.0 0.243949159994744
10149.999999999998 0.24531966089359086
10160.0 0.246712266645645
10169.999999999998 0.2481269772509063
10180.0 0.24958589756258198
10189.999999999998 0.25100060816784325
10200.0 0.2524153187731045
10209.999999999998 0.25380792452515866
10220.0 0.25522263513041993
10230.0 0.256615240882474
10240.0 0.25802995148773533
10250.0 0.2594004523865822
10260.0 0.26077095328542904
10270.0 0.26211934933106873
10280.0 0.2635119550831228
10290.0 0.2649266656883841
10300.0 0.2663192714404382
10310.0 0.2676676674860779
10320.0 0.26899395867851034
10330.0 0.2703644595773572
10340.0 0.2717349604762041
10350.0 0.273105461375051
10360.0 0.2744538574206906
10370.0 0.2757801486131231
10380.0 0.27710643980555555
10390.0 0.2784106261447808
10400.0 0.2797148124840061
10410.0 0.28099689397002414
10420.0 0.2823231851624565
10430.0 0.28369368606130346
10440.0 0.2850199772537359
10450.0 0.2862578490333395
10460.0 0.2874515111065287
10470.0 0.2887335925925468
10480.0 0.29005988378497927
10490.0 0.2914082798306189
10500.0 0.29269036131663695
10510.0 0.29388402338982617
10520.0 0.2950776854630154
10530.0 0.29633766209582624
10540.0 0.2976197435818443
10550.0 0.29890182506786234
10560.0 0.3001618017006732
10570.0 0.30137756862706955
10580.0 0.3025491258470516
10590.0 0.30367647336061915
10600.0 0.3048038208741868
10610.0 0.305997482947376
10620.0 0.3072353547269796
10630.0 0.308451121653376
10640.0 0.30960057402015084
10650.0 0.31068371182730403
10660.0 0.3117889544876644
10670.0 0.3129384068544392
10680.0 0.314087859221214
10690.0 0.3151931018815744
10700.0 0.316320449395142
10710.0 0.31746990176191675
10720.0 0.3186193541286916
10730.0 0.31974670164225916
10740.0 0.320896154009034
10750.0 0.3220456063758088
10760.0 0.32317295388937634
10770.0 0.3242560916965296
10780.0 0.3252950197972683
10790.0 0.32633394789800707
10800.0 0.32741708570516026
10810.0 0.32856653807193503
10820.0 0.32969388558550267
10830.0 0.3307328136862414
10840.0 0.3317496369337729
10850.0 0.33285487959413335
10860.0 0.3339822271077009
10870.0 0.33502115520843967
10880.0 0.336015873602764
10890.0 0.33705480170350277
10900.0 0.33811583465744877
10910.0 0.3391547627581875
10920.0 0.34019369085892626
10930.0 0.34121051410645786
10940.0 0.3422273373539894
10950.0 0.3432441606015209
10960.0 0.3442830887022597
10970.0 0.34527780709658407
10980.0 0.34640515461015164
10990.0 0.3477535506557913
11000.0 0.34910194670143097
11010.0 0.35018508450858415
11020.0 0.3511576980497013
11030.0 0.3521745212972328
11040.000000000002 0.35325765910438606
11050.0 0.3543407969115392
11060.000000000002 0.3554239347186924
11070.0 0.35650707252584557
11080.000000000002 0.3575681054797915
11090.0 0.3585186141677014
11100.000000000002 0.3594912277088186
11110.0 0.36059647036917897
11120.000000000002 0.36170171302953935
11130.0 0.3627406411302781
11140.000000000002 0.36377956923101684
11150.0 0.3649069167445845
11160.000000000002 0.3659679496985304
11170.0 0.36689635353323313
11180.000000000002 0.3678468622211431
11190.0 0.3689078951750891
11200.000000000002 0.3700131378354494
11210.0 0.3710078562297738
11220.000000000002 0.37198046977089094
11230.0 0.3730415027248369
11240.000000000002 0.37405832597236843
11250.0 0.37494252010065676
11259.999999999998 0.37580460937573784
11270.0 0.37675511806364775
11279.999999999998 0.37774983645797217
11290.0 0.37874455485229647
11299.999999999998 0.3797392732466208
11310.0 0.3807339916409452
11319.999999999998 0.38172871003526954
11330.0 0.38267921872317945
11339.999999999998 0.38358551770467497
11350.0 0.3845360263925849
11359.999999999998 0.3854644302272876
11370.0 0.38634862435557593
11379.999999999998 0.38725492333707145
11390.0 0.38822753687818856
11399.999999999998 0.3892222552725129
11410.0 0.3901948688136301
11419.999999999998 0.3911011677951256
11430.0 0.39194115221699943
11439.999999999998 0.39280324149208057
11450.0 0.3937095404735761
11459.999999999998 0.3946379443082788
11470.0 0.3955221384365671
11480.0 0.3963842277116482
11490.0 0.3972021072803149
11500.0 0.3980420917021888
11510.0 0.3989041809772699
11520.0 0.39972206054593656
11530.0 0.40051783526139606
11540.0 0.4013136099768555
11550.0 0.4022199089583511
11560.0 0.4030819982334321
11570.0 0.40381145838927
11580.0 0.4045188136919007
11590.0 0.40533669326056737
11600.0 0.4061766776824412
11610.0 0.4069945572511079
11620.0 0.40774612226015294
11630.0 0.40843137270957636
11640.0 0.4091387280122071
11650.0 0.40986818816804493
11660.0 0.4106418580302972
11670.0 0.41137131818613504
11680.0 0.4121228831951801
11690.0 0.4129186579106396
11700.0 0.41367022291968464
11710.0 0.41428915880948647
11720.0 0.41486388499287385
11730.0 0.4155049257358828
11740.0 0.4161901761853063
11750.0 0.4168754266347297
11760.0 0.4175606770841532
11770.0 0.4182017178271622
11780.0 0.41888696827658567
11790.0 0.4196606381388379
11800.0 0.4203900982946758
11810.0 0.4210090341844776
11820.0 0.4216058652210722
11830.0 0.4222469059640812
11840.0 0.42288794670709023
11850.0 0.4234847777436848
11860.0 0.4240152942206578
11870.0 0.4245458106976308
11880.0 0.4251205368810182
11890.0 0.4257615776240272
11900.0 0.42635840866062186
11910.0 0.4268668202843876
11920.0 0.4273531270549462
11930.0 0.4279499580915408
11940.0 0.42854678912813543
11950.0 0.4290109910454868
11960.0 0.42947519296283815
11970.0 0.43004991914622553
11980.0 0.4306246453296129
11990.0 0.4311109521001715
12000.0 0.43155304916431564
12010.0 0.4320614607880814
12020.0 0.43259197726505444
12030.0 0.4331003888888202
12040.0 0.43360880051258593
12050.0 0.4341614218427661
12060.0 0.43466983346653193
12070.0 0.43508982567746884
12080.0 0.4354435033287842
12090.0 0.43581928583330676
12100.0 0.4362392780442437
12110.0 0.4367476896680095
12120.0 0.43721189158536083
12130.0 0.43756556923667617
12140.0 0.43789714203478425
12150.0 0.4383171342457212
12160.0 0.43882554586948697
12170.0 0.43933395749325277
12180.0 0.4397539497041897
12190.0 0.44008552250229777
12200.0 0.4403949904471987
12210.0 0.44085919236455007
12220.0 0.4413233942819014
12230.0 0.44169917678642395
12240.0 0.4420528544377393
12250.0 0.44247284664867625
12260.0 0.4428707340064059
12270.0 0.4432244116577213
12280.0 0.4435338796026222
12290.000000000002 0.44393176696035197
12300.0 0.44430754946487444
12310.000000000002 0.44459491255656813
12320.0 0.4448601707950547
12330.000000000002 0.4451696387399556
12340.0 0.44547910668485646
12350.000000000002 0.4458106794829646
12360.0 0.4460980425746583
12370.000000000002 0.44638540566635204
12380.0 0.4466948736112529
12390.000000000002 0.4470927609689827
12400.0 0.447446438620298
12410.000000000002 0.44764538229916284
12420.0 0.4478664308312349
12430.000000000002 0.4482643181889646
12440.0 0.4486622055466944
12450.000000000002 0.44888325407876645
12460.0 0.4490600929044241
12470.000000000002 0.44936956084932506
12480.0 0.44972323850064033
12490.000000000002 0.45005481129874847
12500.0 0.45032006953723497
12509.999999999998 0.4505853277757215
12520.0 0.4508063763077936
12529.999999999998 0.45107163454628
12540.0 0.45135899763797377
12549.999999999998 0.45169057043608185
12560.0 0.45202214323419
12569.999999999998 0.4522874014726765
12580.0 0.4524642402983341
12589.999999999998 0.4525968694175773
12600.0 0.452773708243235
12609.999999999998 0.4531052810413431
12620.0 0.45348106354586565
12629.999999999998 0.4537463217843522
12640.0 0.4539894751696314
12649.999999999998 0.45425473340811795
12660.0 0.4544978867933972
12669.999999999998 0.45465262076584767
12680.0 0.45480735473829814
12689.999999999998 0.4550284032703702
12700.0 0.45531576636206395
12709.999999999998 0.4555810246005504
12720.0 0.45584628283903683
12730.0 0.4561336459307306
12740.0 0.4563767993160099
12750.0 0.4564652187288387
12760.0 0.4565536381416675
12770.0 0.4568631060865685
12780.0 0.45721678373788377
12790.0 0.45750414682957746
12800.0 0.45768098565523513
12810.0 0.45776940506806396
12820.0 0.4578578244808928
12830.0 0.45805676815975765
12840.0 0.4583441312514514
12850.0 0.4586314943431451
12860.0 0.45885254287521715
12870.0 0.45900727684766757
12880.0 0.45916201082011804
12890.0 0.4593609544989829
12900.0 0.45958200303105495
12910.0 0.45978094670991987
12920.0 0.45995778553557753
12930.0 0.46009041465482076
12940.0 0.46024514862727123
12950.0 0.4604661971593433
12960.0 0.46064303598500095
12970.0 0.46075356025103703
12980.0 0.46088618937028025
12990.0 0.4611072379023523
13000.0 0.4613503912876316
13010.0 0.46148302040687483
13020.0 0.46157143981970367
13030.0 0.46165985923253244
13040.0 0.4617924883517758
13050.0 0.4619472223242262
13060.0 0.4621461660030911
13070.0 0.4623672145351631
13080.0 0.4625440533608208
13090.0 0.46265457762685686
13100.0 0.46285352130572177
13110.0 0.4631629892506226
13120.0 0.4634282474891091
13130.0 0.4634724571955235
13140.0 0.4634282474891091
13150.0 0.463516666901938
13160.0 0.46369350572759566
13170.0 0.46387034455325327
13180.0 0.46400297367249654
13190.0 0.4640692882321182
13200.0 0.46413560279173977
13210.0 0.46424612705777585
13220.0 0.4644008610302263
13230.0 0.46453349014946954
13240.0 0.4646440144155055
13250.0 0.46473243382833435
13260.0 0.46484295809437043
13270.0 0.4649534823604065
13280.0 0.4650419017732353
13290.0 0.4650640066264425
13300.0 0.46510821633285687
13310.0 0.4652408454521001
13320.0 0.46541768427775787
13330.0 0.4655503133970011
13340.0 0.4656166279566227
13350.0 0.4656166279566227
13360.0 0.4656387328098299
13370.0 0.4657934667822804
13380.0 0.46588188619510923
13390.0 0.46581557163548754
13400.0 0.4657271522226587
13410.0 0.4657271522226587
13420.0 0.4657934667822804
13430.0 0.46590399104831637
13440.0 0.465970305607938
13450.0 0.46601451531435245
13460.0 0.46605872502076684
13470.0 0.4661029347271813
13480.0 0.4661471444335957
13490.0 0.4661471444335957
13500.0 0.4661250395803884
13510.0 0.46608082987397403
13520.0 0.46601451531435245
13530.0 0.4659260959015236
13540.000000000002 0.46588188619510923
13550.0 0.46588188619510923
13560.000000000002 0.465859781341902
13570.0 0.4657271522226587
13580.000000000002 0.4655945231034155
13590.0 0.4656166279566227
13600.000000000002 0.4656387328098299
13610.0 0.46550610369058665
13620.000000000002 0.46532926486492904
13630.0 0.46517453089247857
13640.000000000002 0.4650419017732353
13650.0 0.46493137750719926
13660.000000000002 0.46484295809437043
13670.0 0.46484295809437043
13680.000000000002 0.46484295809437043
13690.0 0.4647545386815416
13700.000000000002 0.4645998047090911
13710.0 0.4644450707366407
13720.000000000002 0.46429033676419024
13730.0 0.464157707644947
13740.000000000002 0.4640692882321182
13750.0 0.4639587639660821
13759.999999999998 0.46387034455325327
13770.0 0.46375982028721724
13779.999999999998 0.4636050863147668
13790.0 0.4634061426359019
13799.999999999998 0.46318509410382985
13810.0 0.4630303601313794
13819.999999999998 0.4628756261589289
13830.0 0.4626766824800641
13839.999999999998 0.4624335290947848
13850.0 0.4621240611498838
13859.999999999998 0.4618366980581902
13870.0 0.4617040689389469
13879.999999999998 0.46154933496649647
13890.0 0.4613503912876316
13899.999999999998 0.4611956573151811
13910.0 0.4611956573151811
13919.999999999998 0.46117355246197395
13930.0 0.46093039907669464
13939.999999999998 0.46062093113179375
13950.0 0.4603556728933072
13959.999999999998 0.4601788340676496
13970.0 0.46009041465482076
13980.0 0.45993568068237034
13990.0 0.4596262127374694
14000.0 0.4592725350861541
14010.0 0.4589630671412531
14020.0 0.45874201860918107
14030.0 0.4585872846367307
14040.0 0.45841044581107293
14050.0 0.4581451875725865
14060.0 0.45781361477447835
14070.0 0.4574820419763702
14080.0 0.45715046917826213
14090.0 0.45681889638015405
14100.0 0.4564431138756315
14110.0 0.45600101681148736
14120.0 0.4555810246005504
14130.0 0.45531576636206395
14140.0 0.4550947178299919
14150.0 0.45476314503188375
14160.0 0.4543431528209468
14170.0 0.4539894751696314
14180.0 0.45368000722473056
14190.0 0.45348106354586565
14200.0 0.4532600150137936
14210.0 0.4530168616285143
14220.0 0.4528400228028566
14230.0 0.4528621276560639
14240.0 0.45292844221568546
14250.0 0.4529063373624783
14260.0 0.452773708243235
14270.0 0.45248634515154135
14280.0 0.45219898205984765
14290.0 0.45200003838098274
14300.0 0.45184530440853227
14310.0 0.4516242558764602
14320.0 0.45135899763797377
14330.0 0.4511158442526944
14340.0 0.45089479572062235
14350.0 0.45067374718855036
14360.0 0.4504526986564782
14370.0 0.450209545271199
14380.0 0.44992218217950525
14390.0 0.4496127142346043
14400.0 0.4493032462897034
14410.0 0.4491043026108385
14420.0 0.4489274637851809
14430.0 0.44870641525310884
14440.0 0.44839694730820795
14450.0 0.4480653745100998
14460.0 0.4477338017119917
14470.0 0.447446438620298
14480.0 0.4471811803818115
14490.0 0.4469601318497394
14500.0 0.44676118817087457
14510.0 0.4465401396388024
14520.0 0.4462969862535232
14530.0 0.4459433086022078
14540.0 0.4456117358040997
14550.0 0.44534647756561324
14560.0 0.44510332418033394
14570.0 0.4448159610886403
14580.0 0.44455070285015374
14590.0 0.44430754946487444
14600.0 0.4440865009328024
14610.0 0.4437770329879015
14620.0 0.4434675650430006
14630.0 0.44320230680451406
14640.0 0.44291494371282036
14650.0 0.44258337091471234
14660.0 0.4422517981166042
14670.0 0.4419865398781177
14680.0 0.4417875961992528
14690.0 0.44154444281397354
14700.0 0.4412349748690726
14710.0 0.44088129721775726
14720.0 0.44052761956644193
14730.0 0.4402844661811627
14740.0 0.44008552250229777
14750.0 0.43979815941060413
14760.0 0.4394886914657032
14770.0 0.43920132837400955
14780.0 0.4389139652823158
14790.000000000002 0.4386487070438293
14800.0 0.43838344880534286
14810.000000000002 0.4381181905668563
14820.0 0.43787503718157705
14830.000000000002 0.4375434643834689
14840.0 0.43723399643856803
14850.000000000002 0.4369466333468743
14860.0 0.43665927025518064
14870.000000000002 0.4363719071634869
14880.0 0.43604033436537876
14890.000000000002 0.43570876156727073
14900.0 0.4353771887691626
14910.000000000002 0.43511193053067604
14920.0 0.4348466722921896
14930.000000000002 0.43451509949408146
14940.0 0.43420563154918057
14950.000000000002 0.4339624781639013
14960.0 0.43371932477862196
14970.000000000002 0.4334319616869283
14980.0 0.433078284035613
14990.000000000002 0.43270250153109047
15000.0 0.43237092873298233
15009.999999999998 0.43208356564128864
15020.0 0.43181830740280214
15029.999999999998 0.43155304916431564
15040.0 0.43128779092582914
15049.999999999998 0.43100042783413545
15060.0 0.43071306474244175
15069.999999999998 0.43042570165074806
15080.0 0.4300941288526399
15089.999999999998 0.4296962414949102
15100.0 0.42934256384359487
15109.999999999998 0.4290552007519012
15120.0 0.42883415221982907
15129.999999999998 0.4285909988345498
15140.0 0.42828153088964893
15149.999999999998 0.4279278532383336
15160.0 0.427552070733811
15169.999999999998 0.42717628822928855
15180.0 0.426800505724766
15189.999999999998 0.4264689329266579
15200.0 0.42613736012854975
15209.999999999998 0.4258278921836488
15220.0 0.4254963193855408
15230.0 0.42516474658743264
15240.0 0.4248331737893245
15250.0 0.4245237058444236
15260.0 0.4242363427527299
15270.0 0.423926874807829
15280.0 0.42359530200972084
15290.0 0.42321951950519837
15300.0 0.42286584185388304
