mejiro/data/filter_response/RomanSCA12-F184.ecsv
# %ECSV 1.0
# ---
# datatype:
# - {name: wavelength, unit: Angstrom, datatype: float64}
# - {name: response, datatype: float64}
# meta:
#   __serialized_columns__:
#     wavelength:
#       __class__: astropy.units.quantity.Quantity
#       unit: !astropy.units.Unit {unit: Angstrom}
#       value: !astropy.table.SerializedColumn {name: wavelength}
#   band_name: F184
#   group_name: RomanSCA12
# schema: astropy-2.0
wavelength response
16640.0 0.0
16650.0 2.2104853207207685e-05
16660.0 8.841941282883074e-05
16670.0 0.00022104853207207686
16680.0 0.0005526213301801921
16690.0 0.0013041863392252535
16700.0 0.0028294212105225837
16710.0 0.005791471540288414
16720.0 0.011162950869639882
16730.0 0.020292255244216656
16740.0 0.034748829241730485
16750.0 0.05621264170592915
16760.0 0.08603208868245231
16770.0 0.12473768664827298
16780.0 0.17175470942000373
16790.0 0.2252263493282391
16800.0 0.2820800317771773
16810.0 0.3385800365748001
16820.0 0.39114537750154
16830.0 0.4369245284936671
16840.0 0.474171206147812
16850.0 0.5025096279594523
16860.0 0.5227134637908402
16870.0 0.5362416339536512
16880.0 0.5447298975852191
16890.0 0.5497255944100479
16900.0 0.5524887010609489
16910.0 0.5539255165194173
16920.0 0.5546991863816696
16930.0 0.5552297028586427
16940.0 0.5555391708035435
16950.0 0.5556054853631652
16960.0 0.555693904775994
16970.0 0.5559812678676878
16980.0 0.556224421252967
16990.0 0.5562023163997598
17000.0 0.5561581066933454
17010.0 0.5564012600786247
17020.0 0.5567328328767328
17030.0 0.5569759862620121
17040.0 0.5570644056748408
17050.0 0.5570644056748408
17060.0 0.5571086153812553
17070.0 0.557285454206913
17080.0 0.557506502738985
17090.0 0.5576170270050211
17100.0 0.5577054464178499
17110.0 0.5577938658306788
17120.0 0.557926494949922
17130.0 0.5580812289223724
17140.0 0.5581917531884084
17150.0 0.5582138580416157
17160.0 0.5583464871608589
17170.0 0.558678059958967
17180.0 0.558987527903868
17190.0 0.5590759473166967
17200.0 0.5590759473166967
17210.0 0.5591864715827328
17220.0 0.5593633104083905
17230.0 0.5594738346744266
17240.0 0.5595843589404625
17250.0 0.5597611977661203
17260.0 0.5599380365917779
17270.0 0.5600043511513995
17280.0 0.5600485608578138
17290.0 0.5601369802706427
17300.0 0.560269609389886
17310.0 0.5604464482155437
17320.0 0.5606232870412013
17330.0 0.5607559161604445
17340.0 0.5608885452796878
17350.0 0.5610653841053455
17360.0 0.5611980132245887
17370.0 0.5612643277842103
17380.0 0.5612643277842103
17390.0 0.5611980132245887
17400.0 0.5612422229310031
17410.0 0.5614632714630752
17420.0 0.5617285297015617
17430.0 0.5618611588208049
17440.0 0.5619495782336338
17450.0 0.5620822073528771
17460.0 0.562192731618913
17470.0 0.562192731618913
17480.0 0.5621706267657058
17490.0 0.5622148364721203
17500.0 0.5622590461785347
17510.0 0.5623032558849491
17520.0 0.5623916752977779
17530.0 0.5626348286830573
17540.0 0.5628558772151293
17550.0 0.562922191774751
17560.0 0.5629000869215437
17570.0 0.5629000869215437
17580.0 0.5629442966279581
17590.0 0.5630106111875798
17600.0 0.5630990306004086
17610.0 0.563253764572859
17620.0 0.5633200791324806
17630.0 0.5632979742792734
17640.0 0.5632979742792734
17650.0 0.5633863936921023
17660.0 0.5635190228113456
17670.0 0.5635853373709672
17680.0 0.5635853373709672
17690.0 0.56356323251776
17700.0 0.5635411276645527
17710.0 0.5635411276645527
17720.0 0.56356323251776
17730.0 0.5635853373709672
17740.0 0.5636516519305887
17750.0 0.563784281049832
17760.0 0.5638948053158681
17770.0 0.5639390150222825
17780.0 0.5639832247286969
17790.0 0.5640937489947329
17800.0 0.5642263781139762
17810.0 0.5642484829671833
17820.0 0.5642042732607689
17830.0 0.5640937489947329
17840.0 0.5640053295819041
17850.0 0.5640274344351113
17860.0 0.5641379587011472
17870.0 0.564314797526805
17880.0 0.5644916363524627
17890.0 0.564646370324913
17900.0 0.5647347897377419
17910.0 0.5647789994441564
17920.0 0.5647568945909491
17930.0 0.5647126848845347
17940.0 0.5647568945909491
17950.0 0.5649337334166068
17960.0 0.5651105722422646
17970.0 0.5650884673890573
17980.0 0.5650221528294356
17990.0 0.56506636253585
18000.0 0.5652432013615077
18010.0 0.565486354746787
18020.0 0.5656631935724447
18030.0 0.5657074032788592
18040.0 0.5656631935724447
18050.0 0.5657074032788592
18060.0 0.5657958226916879
18070.0 0.5659726615173456
18080.0 0.5661495003430033
18090.0 0.5663263391686608
18100.0 0.5664589682879042
18110.0 0.5664810731411114
18120.0 0.566547387700733
18130.0 0.5667463313795978
18140.0 0.5669894847648771
18150.0 0.5671663235905348
18160.0 0.5672768478565708
18170.0 0.5673873721226069
18180.0 0.5673873721226069
18190.0 0.5671884284437421
18200.0 0.5670557993244988
18210.0 0.5671663235905348
18220.0 0.5674536866822285
18230.0 0.5677410497739221
18240.0 0.5680505177188231
18250.0 0.5683820905169312
18260.0 0.5687357681682466
18270.0 0.5689789215535258
18280.0 0.5690894458195619
18290.0 0.5690673409663546
18300.0 0.5690673409663546
18310.0 0.5692220749388051
18320.0 0.5693989137644627
18330.0 0.5693989137644627
18340.0 0.5693989137644627
18350.0 0.5695536477369132
18360.0 0.5698189059753996
18370.0 0.5701062690670934
18380.0 0.5703715273055798
18390.0 0.570592575837652
18400.0 0.5707252049568953
18410.0 0.570813624369724
18420.0 0.570813624369724
18430.0 0.5707694146633097
18440.0 0.5707473098101024
18450.0 0.5708357292229312
18460.0 0.5709462534889673
18470.0 0.5710788826082105
18480.0 0.5712557214338682
18490.0 0.571454665112733
18500.0 0.5715651893787691
18510.0 0.5714325602595259
18520.0 0.571344140846697
18530.0 0.5714767699659403
18540.0 0.571653608791598
18550.0 0.5716757136448051
18560.0 0.5716315039383907
18570.0 0.5717199233512196
18580.0 0.57187465732367
18590.0 0.5719851815897061
18600.0 0.5721178107089493
18610.0 0.5722283349749853
18620.0 0.5723609640942287
18630.0 0.572405173800643
18640.0 0.572294649534607
18650.0 0.5719630767364988
18660.0 0.5716978184980124
18670.0 0.5716978184980124
18680.0 0.5718304476172557
18690.0 0.5718525524704628
18700.0 0.5717862379108412
18710.0 0.5716757136448051
18720.0 0.571764133057634
18730.0 0.5721841252685709
18740.0 0.5725599077730934
18750.0 0.572515698066679
18760.0 0.5723830689474358
18770.0 0.5724935932134718
18780.0 0.5726483271859223
18790.0 0.5725599077730934
18800.0 0.5724714883602646
18810.0 0.5725378029198863
18820.0 0.5726483271859223
18830.0 0.5726262223327151
18840.0 0.5725599077730934
18850.0 0.5726041174795078
18860.0 0.5726704320391295
18870.0 0.5726925368923368
18880.0 0.5726704320391295
18890.0 0.5726483271859223
18900.0 0.5727588514519584
18910.0 0.5729798999840304
18920.0 0.573046214543652
18930.0 0.5727146417455439
18940.0 0.5723388592410213
18950.0 0.572294649534607
18960.0 0.5723388592410213
18970.0 0.5722062301217782
18980.0 0.5721178107089493
18990.0 0.5723388592410213
19000.0 0.5726262223327151
19010.0 0.5726925368923368
19020.0 0.5726925368923368
19030.0 0.5728030611583728
19040.0 0.5729798999840304
19050.0 0.5731125291032736
19060.0 0.5731125291032736
19070.0 0.5729135854244088
19080.0 0.5726925368923368
19090.0 0.5726483271859223
19100.0 0.5727367465987512
19110.0 0.5729356902776159
19120.0 0.5731125291032736
19130.0 0.5731788436628953
19140.0 0.5732230533693097
19150.0 0.5732893679289314
19160.0 0.5733335776353458
19170.0 0.5732009485161025
19180.0 0.5729356902776159
19190.0 0.5726925368923368
19200.0 0.5727146417455439
19210.0 0.573245158222517
19220.0 0.5737756746994899
19230.0 0.573886198965526
19240.0 0.5737977795526972
19250.0 0.5737756746994899
19260.0 0.5736651504334539
19270.0 0.5733335776353458
19280.0 0.5731788436628953
19290.0 0.5734883116077961
19300.0 0.5739746183783547
19310.0 0.5742398766168413
19320.0 0.5742177717636341
19330.0 0.5739967232315619
19340.0 0.5738419892591116
19350.0 0.5739304086719403
19360.0 0.5741293523508052
19370.0 0.5741956669104268
19380.0 0.5742177717636341
19390.0 0.5743504008828773
19400.0 0.5745935542681566
19410.0 0.5749251270662648
19420.0 0.5751461755983368
19430.0 0.5751019658919224
19440.0 0.5749251270662648
19450.0 0.5747703930938143
19460.0 0.5747703930938143
19470.0 0.5749693367726791
19480.0 0.5751461755983368
19490.0 0.5751461755983368
19500.0 0.5751903853047512
19510.0 0.575499853249652
19520.0 0.5758535309009675
19530.0 0.5760524745798322
19540.0 0.5761629988458683
19550.0 0.576339837671526
19560.0 0.576560886203598
19570.0 0.5768261444420846
19580.0 0.5769587735613279
19590.0 0.5768482492952918
19600.0 0.576870354148499
19610.0 0.5772682415062287
19620.0 0.5776882337171656
19630.0 0.5776882337171656
19640.0 0.5776219191575441
19650.0 0.5777766531299945
19660.0 0.5780861210748954
19670.0 0.5783513793133819
19680.0 0.5785945326986612
19690.0 0.5788155812307333
19700.0 0.5789482103499765
19710.0 0.5789482103499765
19720.0 0.5790145249095981
19730.0 0.5792576782948774
19740.0 0.5794787268269496
19750.0 0.5794345171205351
19760.0 0.5793460977077062
19770.0 0.5794787268269496
19780.0 0.579743985065436
19790.0 0.5799650335975081
19800.0 0.5801197675699585
19810.0 0.5801860821295801
19820.0 0.5801860821295801
19830.0 0.5801197675699585
19840.0 0.5798324044782648
19850.0 0.5791692588820485
19860.0 0.5781082259281026
19870.0 0.576560886203598
19880.0 0.5742177717636341
19890.0 0.5706367855440664
19900.0 0.5655084595999942
19910.0 0.5584349065736878
19920.0 0.5489519245477956
19930.0 0.5365068921921377
19940.0 0.5206577124425699
19950.0 0.5010286027945694
19960.0 0.47726588559682115
19970.0 0.44932535114291067
19980.0 0.41773751590981084
19990.0 0.38323184005335964
20000.0 0.346228315784494
20010.0 0.3074564032590517
20019.999999999996 0.26813186940342926
20030.0 0.229470481144023
20040.0 0.19257748114119336
20050.0 0.15831495867002143
20059.999999999996 0.1273902690331379
20070.0 0.10022340444147965
20080.0 0.0771017279867404
20090.0 0.05795892510929855
20099.999999999996 0.042551842423874796
20110.0 0.03050469742594661
20120.0 0.02133118334495542
20130.0 0.014544993410342657
20139.999999999996 0.009659820851549759
20150.0 0.006255673457639775
20160.0 0.003956768724090175
20170.0 0.002431533852792845
20179.999999999996 0.0014589203116757072
20190.0 0.000839984421873892
20200.0 0.0004863067705585691
20210.0 0.0002652582384864922
20219.999999999996 0.0001547339724504538
20230.0 6.631455962162305e-05
20240.0 4.420970641441537e-05
20250.0 2.2104853207207685e-05
20259.999999999996 0.0
