mejiro/data/filter_response/RomanSCA18-F184.ecsv
# %ECSV 1.0
# ---
# datatype:
# - {name: wavelength, unit: Angstrom, datatype: float64}
# - {name: response, datatype: float64}
# meta:
#   __serialized_columns__:
#     wavelength:
#       __class__: astropy.units.quantity.Quantity
#       unit: !astropy.units.Unit {unit: Angstrom}
#       value: !astropy.table.SerializedColumn {name: wavelength}
#   band_name: F184
#   group_name: RomanSCA18
# schema: astropy-2.0
wavelength response
16580.0 0.0
16590.0 2.2104853207207685e-05
16600.0 6.631455962162305e-05
16610.0 0.00017683882565766148
16620.0 0.000419992210936946
16630.0 0.0009284038347027227
16640.0 0.0020115416418558995
16650.0 0.004111502696540629
16660.0 0.00791353744818035
16670.0 0.014434469144306617
16680.0 0.024956379270937478
16690.0 0.04087187358012701
16700.0 0.06359566267713651
16710.0 0.09414456980949754
16720.0 0.13273964350928216
16730.0 0.1785851090610309
16740.0 0.22986836850175274
16750.0 0.2838926297401683
16760.0 0.3374526890612325
16770.0 0.3873433427499003
16780.0 0.4310888472469643
16790.0 0.46725238709395606
16800.0 0.49536976037352426
16810.0 0.5159051690030202
16820.0 0.5300301702024259
16830.0 0.5392257891366243
16840.0 0.5448183169980478
16850.0 0.5480235207130929
16860.0 0.5497476992632552
16870.0 0.5506982079511651
16880.0 0.5512066195749308
16890.0 0.5514718778134173
16900.0 0.5516266117858678
16910.0 0.5516929263454894
16920.0 0.5518255554647327
16930.0 0.5520466039968047
16940.0 0.5522013379692552
16950.0 0.5522013379692552
16960.0 0.5522455476756696
16970.0 0.552510805914156
16980.0 0.5527318544462282
16990.0 0.5526876447398138
17000.0 0.5526434350333994
17010.0 0.5528865884186785
17020.0 0.5532181612167867
17030.0 0.553461314602066
17040.0 0.5535718388681021
17050.0 0.5535718388681021
17060.0 0.5536160485745165
17070.0 0.5537928874001742
17080.0 0.5540360407854534
17090.0 0.5541686699046967
17100.0 0.5542791941707327
17110.0 0.5543897184367688
17120.0 0.5545444524092192
17130.0 0.5547212912348769
17140.0 0.5548539203541201
17150.0 0.5549202349137418
17160.0 0.5550749688861921
17170.0 0.5554286465375076
17180.0 0.5557823241888228
17190.0 0.5558928484548589
17200.0 0.5559370581612734
17210.0 0.5561138969869309
17220.0 0.5563128406657959
17230.0 0.5564454697850391
17240.0 0.5566002037574895
17250.0 0.5568433571427688
17260.0 0.5570423008216336
17270.0 0.5571528250876697
17280.0 0.5572412445004986
17290.0 0.5573738736197418
17300.0 0.5575728172986067
17310.0 0.5577717609774715
17320.0 0.5579928095095437
17330.0 0.5581696483352013
17340.0 0.5583685920140661
17350.0 0.5585675356929309
17360.0 0.5587443745185886
17370.0 0.5588548987846247
17380.0 0.5588991084910391
17390.0 0.558877003637832
17400.0 0.5589433181974536
17410.0 0.5592306812891472
17420.0 0.559518044380841
17430.0 0.5596948832064986
17440.0 0.5598054074725347
17450.0 0.5599822462981923
17460.0 0.5601148754174355
17470.0 0.5601590851238499
17480.0 0.5601590851238499
17490.0 0.5602253996834716
17500.0 0.5603138190963004
17510.0 0.5603580288027149
17520.0 0.5604685530687509
17530.0 0.5607338113072374
17540.0 0.5609769646925166
17550.0 0.5610653841053455
17560.0 0.5610432792521383
17570.0 0.5610653841053455
17580.0 0.56110959381176
17590.0 0.5611980132245887
17600.0 0.5613085374906247
17610.0 0.561441166609868
17620.0 0.5615295860226968
17630.0 0.5615295860226968
17640.0 0.5615074811694897
17650.0 0.5616180054355258
17660.0 0.5617506345547689
17670.0 0.5618169491143905
17680.0 0.5618169491143905
17690.0 0.5617948442611833
17700.0 0.5617727394079761
17710.0 0.5617727394079761
17720.0 0.5617948442611833
17730.0 0.5618169491143905
17740.0 0.5618832636740122
17750.0 0.5620158927932554
17760.0 0.5621264170592914
17770.0 0.5621706267657058
17780.0 0.5622148364721203
17790.0 0.5623253607381563
17800.0 0.5624579898573996
17810.0 0.5624800947106068
17820.0 0.5624358850041924
17830.0 0.5623253607381563
17840.0 0.5622590461785347
17850.0 0.5622811510317418
17860.0 0.5623916752977779
17870.0 0.5625685141234356
17880.0 0.5627453529490932
17890.0 0.562922191774751
17900.0 0.563032716040787
17910.0 0.5630769257472014
17920.0 0.5630769257472014
17930.0 0.563032716040787
17940.0 0.5630990306004086
17950.0 0.5632979742792734
17960.0 0.5634969179581383
17970.0 0.5634748131049312
17980.0 0.5634306033985167
17990.0 0.5635190228113456
18000.0 0.5637400713434176
18010.0 0.5640053295819041
18020.0 0.5642042732607689
18030.0 0.5642705878203906
18040.0 0.5642926926735978
18050.0 0.5643590072332194
18060.0 0.5645137412056699
18070.0 0.5647126848845347
18080.0 0.5649337334166068
18090.0 0.565154781948679
18100.0 0.5653316207743366
18110.0 0.5654200401871654
18120.0 0.5655305644532014
18130.0 0.5657737178384807
18140.0 0.5660610809301744
18150.0 0.5662821294622464
18160.0 0.5664810731411114
18170.0 0.5666358071135619
18180.0 0.5666800168199763
18190.0 0.566547387700733
18200.0 0.5664810731411114
18210.0 0.566657911966769
18220.0 0.5669894847648771
18230.0 0.5673431624161925
18240.0 0.5676968400675078
18250.0 0.5681168322784448
18260.0 0.5685147196361744
18270.0 0.5688241875810754
18280.0 0.569001026406733
18290.0 0.5690231312599402
18300.0 0.5690894458195619
18310.0 0.5693104943516339
18320.0 0.569531542883706
18330.0 0.5696199622965349
18340.0 0.5696862768561565
18350.0 0.5698852205350213
18360.0 0.5702167933331295
18370.0 0.5705483661312376
18380.0 0.5708799389293456
18390.0 0.5711451971678322
18400.0 0.5713662456999042
18410.0 0.5714767699659403
18420.0 0.5715430845255619
18430.0 0.5715430845255619
18440.0 0.5715872942319763
18450.0 0.5717199233512196
18460.0 0.57187465732367
18470.0 0.5720514961493277
18480.0 0.5722725446813998
18490.0 0.5725378029198863
18500.0 0.5726704320391295
18510.0 0.5726041174795078
18520.0 0.5725378029198863
18530.0 0.5727146417455439
18540.0 0.5729135854244088
18550.0 0.5729577951308232
18560.0 0.5729577951308232
18570.0 0.5730904242500665
18580.0 0.5732672630757241
18590.0 0.5734219970481745
18600.0 0.5735546261674178
18610.0 0.5737093601398683
18620.0 0.5738419892591116
18630.0 0.5739083038187331
18640.0 0.5738198844059043
18650.0 0.5735104164610034
18660.0 0.573245158222517
18670.0 0.5732672630757241
18680.0 0.5734219970481745
18690.0 0.5734441019013817
18700.0 0.5733777873417601
18710.0 0.5732672630757241
18720.0 0.5733777873417601
18730.0 0.5737977795526972
18740.0 0.5741735620572197
18750.0 0.5741293523508052
18760.0 0.5739967232315619
18770.0 0.5741293523508052
18780.0 0.5742619814700485
18790.0 0.5741735620572197
18800.0 0.5740630377911836
18810.0 0.5741293523508052
18820.0 0.5742398766168413
18830.0 0.5741956669104268
18840.0 0.574107247497598
18850.0 0.5741514572040124
18860.0 0.5742177717636341
18870.0 0.5741956669104268
18880.0 0.5741514572040124
18890.0 0.5741293523508052
18900.0 0.5742177717636341
18910.0 0.5744167154424988
18920.0 0.5744609251489133
18930.0 0.5740851426443908
18940.0 0.5736872552866611
18950.0 0.5736209407270395
18960.0 0.5736430455802466
18970.0 0.573466206754589
18980.0 0.573355682488553
18990.0 0.5735325213142105
19000.0 0.5737977795526972
19010.0 0.5738198844059043
19020.0 0.5737977795526972
19030.0 0.5738640941123186
19040.0 0.5739967232315619
19050.0 0.5740851426443908
19060.0 0.5740409329379764
19070.0 0.5737977795526972
19080.0 0.5735546261674178
19090.0 0.5734441019013817
19100.0 0.5734883116077961
19110.0 0.5736430455802466
19120.0 0.5737756746994899
19130.0 0.5737756746994899
19140.0 0.5737535698462827
19150.0 0.5737977795526972
19160.0 0.5737535698462827
19170.0 0.5735767310206251
19180.0 0.5732672630757241
19190.0 0.5729577951308232
19200.0 0.5729356902776159
19210.0 0.5733777873417601
19220.0 0.5738640941123186
19230.0 0.5739083038187331
19240.0 0.5737535698462827
19250.0 0.5736651504334539
19260.0 0.5734883116077961
19270.0 0.5731125291032736
19280.0 0.5728693757179945
19290.0 0.5731125291032736
19300.0 0.5735325213142105
19310.0 0.5737314649930755
19320.0 0.5736209407270395
19330.0 0.5733335776353458
19340.0 0.5730904242500665
19350.0 0.5731125291032736
19360.0 0.5732230533693097
19370.0 0.5732230533693097
19380.0 0.5731788436628953
19390.0 0.5732230533693097
19400.0 0.5733777873417601
19410.0 0.5736430455802466
19420.0 0.5737756746994899
19430.0 0.5736430455802466
19440.0 0.5733777873417601
19450.0 0.5731346339564809
19460.0 0.5730683193968592
19470.0 0.5731788436628953
19480.0 0.5732672630757241
19490.0 0.5731788436628953
19500.0 0.5731125291032736
19510.0 0.5733335776353458
19520.0 0.5735988358738322
19530.0 0.5737093601398683
19540.0 0.5737093601398683
19550.0 0.5737977795526972
19560.0 0.5739304086719403
19570.0 0.5740851426443908
19580.0 0.5741293523508052
19590.0 0.5739304086719403
19600.0 0.5738640941123186
19610.0 0.5741514572040124
19620.0 0.5744609251489133
19630.0 0.5743946105892918
19640.0 0.5742177717636341
19650.0 0.5742619814700485
19660.0 0.5744830300021205
19670.0 0.5746598688277782
19680.0 0.5747924979470214
19690.0 0.5749251270662648
19700.0 0.574947231919472
19710.0 0.5748588125066431
19720.0 0.5748146028002287
19730.0 0.5749251270662648
19740.0 0.5749693367726791
19750.0 0.574748288240607
19760.0 0.5743946105892918
19770.0 0.5741514572040124
19780.0 0.5738198844059043
19790.0 0.5732009485161025
19800.0 0.5720957058557421
19810.0 0.5703273175991654
19820.0 0.5676968400675078
19830.0 0.5639390150222825
19840.0 0.5586338502525526
19850.0 0.5513171438409669
19860.0 0.5416573229894172
19870.0 0.5293670246062097
19880.0 0.5139599419207859
19890.0 0.4950381875754161
19900.0 0.4725354470104787
19910.0 0.4464738250791808
19920.0 0.41705226546038743
19930.0 0.38466865551182816
19940.0 0.34991982627009766
19950.0 0.31360155245065546
19960.0 0.2765096087689609
19970.0 0.23961660876613133
19980.0 0.20402779510252694
19990.0 0.17067157161285054
20000.0 0.14003424506766068
20010.0 0.11258001738430874
20019.999999999996 0.08864046136090283
20030.0 0.06834820611668616
20040.0 0.05157062253241553
20050.0 0.038086662076018844
20059.999999999996 0.02749843738976636
20070.0 0.019408061115928348
20080.0 0.013395541043567858
20090.0 0.009040884961747942
20099.999999999996 0.005946205512738867
20110.0 0.0038241396048469293
20120.0 0.0024094289995856377
20130.0 0.001481025164882915
20139.999999999996 0.0008841941282883074
20150.0 0.0005084116237657767
20160.0 0.0002873630916936999
20170.0 0.0001547339724504538
20179.999999999996 8.841941282883074e-05
20190.0 4.420970641441537e-05
20200.0 2.2104853207207685e-05
20210.0 2.2104853207207685e-05
20219.999999999996 0.0
