mejiro/data/filter_response/RomanSCA18-F158.ecsv
# %ECSV 1.0
# ---
# datatype:
# - {name: wavelength, unit: Angstrom, datatype: float64}
# - {name: response, datatype: float64}
# meta:
#   __serialized_columns__:
#     wavelength:
#       __class__: astropy.units.quantity.Quantity
#       unit: !astropy.units.Unit {unit: Angstrom}
#       value: !astropy.table.SerializedColumn {name: wavelength}
#   band_name: F158
#   group_name: RomanSCA18
# schema: astropy-2.0
wavelength response
13650.0 0.0
13660.000000000002 2.2104853207207685e-05
13670.0 8.841941282883074e-05
13680.000000000002 0.0002873630916936999
13690.0 0.0007957747154594767
13700.000000000002 0.0019894367886486917
13710.0 0.0046862288799280295
13720.000000000002 0.010146127622108328
13730.0 0.02033646495063107
13740.000000000002 0.037777194131117936
13750.0 0.06516510725484825
13759.999999999998 0.10457806052329957
13770.0 0.15659078011985925
13779.999999999998 0.2195232972007795
13790.0 0.2893746333355558
13799.999999999998 0.36046384124993575
13810.0 0.4268668202843876
13819.999999999998 0.4836983978801186
13830.0 0.5282838867990565
13839.999999999998 0.560269609389886
13850.0 0.5812692199367333
13859.999999999998 0.593913195971256
13870.0 0.6009867489975625
13879.999999999998 0.6045898400703374
13890.0 0.6061371797948419
13899.999999999998 0.6068003253910581
13910.0 0.6072203176019951
13919.999999999998 0.60741926128086
13930.0 0.6072866321616167
13939.999999999998 0.6069992690699231
13950.0 0.6068003253910581
13959.999999999998 0.6067340108314366
13970.0 0.6067561156846437
13980.0 0.6067119059782293
13990.0 0.6064466477397429
14000.0 0.6061150749416347
14010.0 0.6058719215563554
14020.0 0.6057392924371122
14030.0 0.6056729778774906
14040.0 0.6056066633178689
14050.0 0.6054298244922113
14060.0 0.6051645662537247
14070.0 0.6048772031620312
14080.0 0.6045898400703374
14090.0 0.6043466866850581
14100.0 0.6040372187401573
14110.0 0.603595121676013
14120.0 0.6032193391714905
14130.0 0.6030646051990401
14140.0 0.6029540809330041
14150.0 0.6026888226945176
14160.0 0.6023351450432022
14170.0 0.6020477819515084
14180.0 0.6018488382726437
14190.0 0.6017604188598149
14200.0 0.6016941043001932
14210.0 0.6015614751809499
14220.0 0.6015393703277427
14230.0 0.6017604188598149
14240.0 0.6020698868047157
14250.0 0.6022688304835806
14260.0 0.6022909353367878
14270.0 0.6021583062175445
14280.0 0.602003572245094
14290.0 0.601981467391887
14300.0 0.601981467391887
14310.0 0.6019151528322653
14320.0 0.6018267334194364
14330.0 0.6017604188598149
14340.0 0.6016941043001932
14350.0 0.601671999446986
14360.0 0.6016277897405715
14370.0 0.6015835800341571
14380.0 0.6014509509149139
14390.0 0.6012962169424635
14400.0 0.6011856926764274
14410.0 0.6011856926764274
14420.0 0.6012299023828418
14430.0 0.6012077975296347
14440.0 0.6010972732635986
14450.0 0.6009425392911482
14460.0 0.6007878053186977
14470.0 0.6007214907590761
14480.0 0.6006993859058688
14490.0 0.6006993859058688
14500.0 0.6007435956122832
14510.0 0.6007878053186977
14520.0 0.6007657004654905
14530.0 0.6006551761994544
14540.0 0.6005225470802111
14550.0 0.6005225470802111
14560.0 0.6005446519334184
14570.0 0.6005225470802111
14580.0 0.600500442227004
14590.0 0.6005446519334184
14600.0 0.60061096649304
14610.0 0.6005667567866256
14620.0 0.600500442227004
14630.0 0.6005225470802111
14640.0 0.6005225470802111
14650.0 0.6004562325205896
14660.0 0.600389917960968
14670.0 0.6004562325205896
14680.0 0.6005667567866256
14690.0 0.6006330713462472
14700.0 0.6006330713462472
14710.0 0.6005446519334184
14720.0 0.6004783373737967
14730.0 0.6005888616398328
14740.0 0.6007214907590761
14750.0 0.6007657004654905
14760.0 0.6007657004654905
14770.0 0.6007878053186977
14780.0 0.6008541198783193
14790.000000000002 0.6008983295847337
14800.0 0.6009867489975625
14810.000000000002 0.6010972732635986
14820.0 0.6011856926764274
14830.000000000002 0.6011856926764274
14840.0 0.6012077975296347
14850.000000000002 0.6012741120892563
14860.0 0.6013404266488779
14870.000000000002 0.6014067412084995
14880.0 0.6014067412084995
14890.000000000002 0.6014067412084995
14900.0 0.6014509509149139
14910.000000000002 0.6015393703277427
14920.0 0.6016498945937788
14930.000000000002 0.601671999446986
14940.0 0.6017162091534004
14950.000000000002 0.6018709431258509
14960.0 0.6020256770983013
14970.000000000002 0.602091991657923
14980.0 0.602091991657923
14990.000000000002 0.6020698868047157
15000.0 0.602091991657923
15009.999999999998 0.6021804110707518
15020.0 0.6023351450432022
15029.999999999998 0.6024677741624455
15040.0 0.6025782984284815
15049.999999999998 0.6026667178413103
15060.0 0.6027772421073464
15069.999999999998 0.6028877663733824
15080.0 0.6029319760797968
15089.999999999998 0.6028877663733824
15100.0 0.6028877663733824
15109.999999999998 0.6030203954926258
15120.0 0.6032193391714905
15129.999999999998 0.6033961779971482
15140.0 0.6034845974099771
15149.999999999998 0.6035067022631843
15160.0 0.6034845974099771
15169.999999999998 0.6034624925567698
15180.0 0.6034845974099771
15189.999999999998 0.6035288071163915
15200.0 0.603595121676013
15209.999999999998 0.6036835410888418
15220.0 0.6037498556484635
15230.0 0.6038161702080851
15240.0 0.6038824847677068
15250.0 0.6039930090337429
15260.0 0.6041035332997788
15270.0 0.6042140575658149
15280.0 0.6042803721254365
15290.0 0.6042803721254365
15300.0 0.604324581831851
15310.0 0.6044793158043014
15320.0 0.6046119449235445
15330.0 0.6046119449235445
15340.0 0.6045677352171301
15350.0 0.6045677352171301
15360.0 0.6045898400703374
15370.0 0.6046119449235445
15380.0 0.6046782594831662
15390.0 0.6048108886024095
15400.0 0.6049435177216527
15410.0 0.6049214128684456
15420.0 0.6048550983088239
15430.0 0.6047666788959951
15440.0 0.6047666788959951
15450.0 0.6049214128684456
15460.0 0.6050982516941033
15470.0 0.6051424614005176
15480.0 0.6051645662537247
15490.0 0.6052087759601392
15500.0 0.6052529856665537
15510.0 0.605186671106932
15520.0 0.6050982516941033
15530.0 0.6051424614005176
15540.0 0.6052087759601392
15550.0 0.6052087759601392
15560.0 0.6051645662537247
15570.0 0.6050540419876888
15580.0 0.6049877274280672
15590.0 0.605076146840896
15600.0 0.6051645662537247
15610.0 0.605076146840896
15620.0 0.6050098322812744
15630.0 0.6051424614005176
15640.0 0.6052971953729681
15650.0 0.6052750905197608
15660.0 0.6051645662537247
15670.0 0.6051203565473103
15680.0 0.6051645662537247
15690.0 0.6052971953729681
15700.0 0.6053635099325897
15710.0 0.6052087759601392
15720.0 0.6050540419876888
15730.0 0.6051424614005176
15740.0 0.6053193002261752
15750.0 0.6053856147857969
15760.0 0.6053414050793825
15770.0 0.6052308808133464
15780.0 0.6051424614005176
15790.0 0.6051424614005176
15800.0 0.6051424614005176
15810.0 0.6051203565473103
15820.0 0.6051203565473103
15830.0 0.6052087759601392
15840.0 0.6052750905197608
15850.0 0.6052308808133464
15860.0 0.605186671106932
15870.0 0.6053193002261752
15880.0 0.6054740341986258
15890.0 0.6055403487582472
15900.0 0.6055403487582472
15910.0 0.6055182439050402
15920.0 0.6055624536114546
15930.0 0.605717187583905
15940.0 0.6058498167031483
15950.0 0.6058940264095627
15960.0 0.6058719215563554
15970.0 0.6058719215563554
15980.0 0.6059603409691843
15990.0 0.6061592846480491
16000.0 0.6063361234737068
16010.0 0.6064245428865356
16020.0 0.6064466477397429
16030.0 0.6065350671525717
16040.000000000002 0.6066455914186077
16050.0 0.606778220537851
16060.000000000002 0.6069550593635087
16070.0 0.6071540030423735
16080.000000000002 0.6073087370148239
16090.0 0.60741926128086
16100.000000000002 0.6075297855468961
16110.0 0.6077508340789681
16120.000000000002 0.6079718826110402
16130.0 0.6080381971706619
16140.000000000002 0.6081266165834907
16150.0 0.6083255602623554
16160.000000000002 0.6086129233540492
16170.0 0.6088781815925357
16180.000000000002 0.6090992301246078
16190.0 0.6092760689502654
16200.000000000002 0.6094086980695087
16210.0 0.6095634320419592
16220.000000000002 0.6097402708676168
16230.0 0.6099392145464817
16240.000000000002 0.6101381582253466
16250.0 0.6102486824913825
16259.999999999998 0.610403416463833
16270.0 0.6106686747023196
16279.999999999998 0.610933932940806
16290.0 0.6110223523536349
16299.999999999998 0.6111107717664637
16310.0 0.6113097154453285
16319.999999999998 0.6115970785370223
16330.0 0.6118623367755087
16339.999999999998 0.6120833853075809
16350.0 0.6122602241332384
16359.999999999998 0.6124370629588961
16370.0 0.6126581114909682
16379.999999999998 0.6128791600230403
16390.0 0.6131002085551124
16400.0 0.6132549425275629
16410.0 0.6133433619403917
16420.0 0.6134759910596349
16430.0 0.6137633541513287
16440.0 0.6140065075366078
16450.0 0.6141170318026439
16460.0 0.6141612415090584
16470.0 0.6142717657750945
16480.0 0.6143822900411304
16490.0 0.6144928143071665
16500.0 0.614647548279617
16510.0 0.6149349113713105
16520.0 0.6151559599033827
16530.0 0.6150675404905539
16540.0 0.6150012259309322
16550.0 0.6152001696097972
16560.0 0.6154875327014908
16570.0 0.6156422666739412
16580.0 0.6157306860867701
16590.0 0.6157970006463918
16600.0 0.6159738394720493
16610.0 0.6162390977105359
16620.0 0.6163938316829863
16630.0 0.6162612025637431
16640.0 0.616150678297707
16650.0 0.6163054122701574
16660.0 0.616570670508644
16670.0 0.6167475093343016
16680.0 0.616791719040716
16690.0 0.61668119477468
16700.0 0.6166148802150584
16710.0 0.6167032996278872
16720.0 0.6168359287471306
16730.0 0.6168138238939233
16740.0 0.6168138238939233
16750.0 0.6169464530131665
16760.0 0.6171232918388241
16770.0 0.617211711251653
16780.0 0.6172559209580675
16790.0 0.6174106549305178
16800.0 0.6175874937561755
16810.0 0.6176759131690043
16820.0 0.6177643325818333
16830.0 0.617852751994662
16840.0 0.6179411714074908
16850.0 0.617963276260698
16860.0 0.6179853811139053
16870.0 0.6180738005267341
16880.0 0.6181843247927702
16890.0 0.618272744205599
16900.0 0.6183611636184279
16910.0 0.6184053733248422
16920.0 0.6185380024440854
16930.0 0.6187811558293648
16940.0 0.6189579946550224
16950.0 0.6189579946550224
16960.0 0.6190022043614368
16970.0 0.6192895674531306
16980.0 0.619554825691617
16990.0 0.6195106159852026
17000.0 0.6194443014255809
17010.0 0.6197095596640675
17020.0 0.6201074470217972
17030.0 0.6203727052602838
17040.0 0.6204832295263197
17050.0 0.6204832295263197
17060.0 0.6205274392327341
17070.0 0.6207484877648062
17080.0 0.6210137460032927
17090.0 0.6211684799757431
17100.0 0.6212790042417792
17110.0 0.6214116333610225
17120.0 0.6215884721866801
17130.0 0.621787415865545
17140.0 0.6219421498379955
17150.0 0.622008464397617
17160.0 0.6221631983700675
17170.0 0.6225831905810044
17180.0 0.6229810779387341
17190.0 0.6231137070579775
17200.0 0.6231579167643919
17210.0 0.6233347555900496
17220.0 0.6235558041221216
17230.0 0.6237105380945721
17240.0 0.6238873769202298
17250.0 0.6241526351587162
17260.0 0.6243957885439955
17270.0 0.6245063128100315
17280.0 0.6245947322228604
17290.0 0.6247494661953108
17300.0 0.624970514727383
17310.0 0.6252136681126621
17320.0 0.6254568214979415
17330.0 0.6256557651768063
17340.0 0.6258547088556712
17350.0 0.6260757573877432
17360.0 0.6262968059198153
17370.0 0.6264294350390586
17380.0 0.6264515398922659
17390.0 0.6264294350390586
17400.0 0.6265178544518873
17410.0 0.6268273223967884
17420.0 0.6271588951948965
17430.0 0.6273578388737613
17440.0 0.6274683631397974
17450.0 0.6276673068186622
17460.0 0.6278441456443199
17470.0 0.6278662504975271
17480.0 0.6278883553507343
17490.0 0.627954669910356
17500.0 0.6280430893231848
17510.0 0.6280872990295993
17520.0 0.6282420330020496
17530.0 0.6285072912405362
17540.0 0.6287946543322298
17550.0 0.6288830737450587
17560.0 0.6288830737450587
17570.0 0.6288830737450587
17580.0 0.6289272834514731
17590.0 0.629015702864302
17600.0 0.6291041222771308
17610.0 0.6291925416899595
17620.0 0.629126227130338
17630.0 0.6287283397726082
17640.0 0.6279767747635632
17650.0 0.6266725884243379
17660.0 0.6242631594247523
17670.0 0.6199085033429322
17680.0 0.6127023211973825
17690.0 0.6014509509149139
17700.0 0.5849165207159226
17710.0 0.5618611588208049
17720.0 0.5312901468352368
17730.0 0.49280559740148816
17740.0 0.44682750273049615
17750.0 0.39472636372110764
17760.0 0.3386021414280073
17770.0 0.28119583764888895
17780.0 0.22553581727314
17790.0 0.1743188723920398
17800.0 0.12955654464744423
17810.0 0.09242039125933534
17820.0 0.06319777531940678
17830.0 0.04135818035068558
17840.0 0.025906887958847408
17850.0 0.015495502098252586
17860.0 0.008841941282883074
17870.0 0.004818857999171275
17880.0 0.0024978484124144685
17890.0 0.0012378717796036303
17900.0 0.0005968310365946076
17910.0 0.0002652582384864922
17920.0 0.00011052426603603843
17930.0 4.420970641441537e-05
17940.0 2.2104853207207685e-05
17950.0 0.0
