mejiro/data/filter_response/RomanSCA06-Grism_1stOrder.ecsv
# %ECSV 1.0
# ---
# datatype:
# - {name: wavelength, unit: Angstrom, datatype: float64}
# - {name: response, datatype: float64}
# meta:
#   __serialized_columns__:
#     wavelength:
#       __class__: astropy.units.quantity.Quantity
#       unit: !astropy.units.Unit {unit: Angstrom}
#       value: !astropy.table.SerializedColumn {name: wavelength}
#   band_name: Grism_1stOrder
#   group_name: RomanSCA06
# schema: astropy-2.0
wavelength response
9900.0 0.0
9910.0 4.420970641441537e-05
9920.0 0.00035367765131532296
9930.0 0.002033646495063107
9940.0 0.008466158778360544
9950.0 0.02628267046336994
9960.0 0.06158412103528062
9970.0 0.11187266208167809
9980.0 0.16348749432050805
9990.0 0.20183941463501337
10000.0 0.22272850091582466
10009.999999999998 0.23150412763908607
10020.0 0.23493037988620327
10029.999999999998 0.2367429778491943
10040.0 0.23822400301407726
10049.999999999998 0.23966081847254575
10060.0 0.24111973878422144
10069.999999999998 0.24260076394910432
10080.0 0.24403757940757287
10089.999999999998 0.24547439486604136
10100.0 0.24691121032450986
10109.999999999998 0.24839223548939274
10120.0 0.2498732606542757
10129.999999999998 0.2513542858191586
10140.0 0.25276899642441986
10149.999999999998 0.2541837070296812
10160.0 0.2555984176349425
10169.999999999998 0.25705733794661817
10180.0 0.2585383631115011
10189.999999999998 0.2599972834231768
10200.0 0.2614340988816453
10209.999999999998 0.2628709143401138
10220.0 0.2643077297985823
10230.0 0.26574454525705077
10240.0 0.26718136071551934
10250.0 0.2686181761739878
10260.0 0.2700107819260419
10270.0 0.27140338767809596
10280.0 0.27281809828335724
10290.0 0.27427701859503295
10300.0 0.27571383405350147
10310.0 0.27710643980555555
10320.0 0.27845483585119524
10330.0 0.2798695464564565
10340.0 0.2812842570617178
10350.0 0.28267686281377186
10360.0 0.28406946856582593
10370.0 0.2854399694646728
10380.0 0.28678836551031256
10390.0 0.2881367615559522
10400.0 0.2894851576015919
10410.0 0.29078934394081707
10420.0 0.2921377399864568
10430.0 0.2935524505917181
10440.0 0.29492295149056497
10450.0 0.2961829281233758
10460.0 0.29742079990297937
10470.0 0.29872498624220467
10480.0 0.3000733822878443
10490.0 0.3014438831866912
10500.0 0.3027701743791236
10510.0 0.3039859413055201
10520.0 0.3052017082319165
10530.0 0.30646168486472736
10540.0 0.30778797605715985
10550.0 0.3090921623963851
10560.0 0.3103521390291959
10570.0 0.31161211566200675
10580.0 0.3127836728819888
10590.0 0.31391102039555635
10600.0 0.3150604727623311
10610.0 0.3162762396887276
10620.0 0.3175141114683312
10630.0 0.3187519832479348
10640.0 0.31990143561470963
10650.0 0.32100667827507
10660.0 0.3221119209354304
10670.0 0.32326137330220517
10680.0 0.32441082566898
10690.0 0.3255381731825476
10700.0 0.32666552069611515
10710.0 0.32781497306289
10720.0 0.32896442542966475
10730.0 0.3301138777964396
10740.0 0.33124122531000716
10750.0 0.3324127825299892
10760.0 0.33354013004355676
10770.0 0.33462326785070995
10780.0 0.3356621959514487
10790.0 0.3367011240521875
10800.0 0.33778426185934063
10810.0 0.33895581907932265
10820.0 0.34008316659289023
10830.0 0.3410999898404218
10840.0 0.3421168130879534
10850.0 0.3432441606015209
10860.0 0.34437150811508854
10870.0 0.3453883313626201
10880.0 0.34640515461015164
10890.0 0.34744408271089045
10900.0 0.3485051156648364
10910.0 0.3495661486187823
10920.0 0.3506050767195211
10930.0 0.3515997951138454
10940.0 0.352616618361377
10950.0 0.35367765131532297
10960.0 0.3546944745628545
10970.0 0.3557112978103861
10980.0 0.3568386453239537
10990.0 0.3582312510760078
11000.0 0.3595796471216474
11010.0 0.3606848897820078
11020.0 0.36165750332312496
11030.0 0.3627185362770709
11040.000000000002 0.3638237789374313
11050.0 0.36492902159779167
11060.000000000002 0.36601215940494486
11070.0 0.36713950691851244
11080.000000000002 0.36820053987245843
11090.0 0.36917315341357554
11100.000000000002 0.37018997666110715
11110.0 0.3712952193214675
11120.000000000002 0.3724446716882423
11130.0 0.37350570464218824
11140.000000000002 0.3745888424493415
11150.0 0.375716189962909
11160.000000000002 0.37682143262326945
11170.0 0.37779404616438655
11180.000000000002 0.37874455485229647
11190.0 0.37984979751265685
11200.000000000002 0.3809992498794317
11210.0 0.38201607312696323
11220.000000000002 0.3830328963744947
11230.0 0.38411603418164797
11240.000000000002 0.3851549622823867
11250.0 0.38608336611708943
11259.999999999998 0.3869675602453777
11270.0 0.38794017378649487
11279.999999999998 0.38897910188723367
11290.0 0.38999592513476516
11299.999999999998 0.3910127483822967
11310.0 0.3920737813362427
11319.999999999998 0.39309060458377426
11330.0 0.3940632181248914
11339.999999999998 0.39501372681280134
11350.0 0.3959863403539185
11359.999999999998 0.3969368490418284
11370.0 0.39786525287653113
11379.999999999998 0.39879365671123385
11390.0 0.3997883751055582
11399.999999999998 0.40082730320629695
11410.0 0.4018220216006213
11419.999999999998 0.40277253028853127
11430.0 0.40363461956361235
11439.999999999998 0.4045188136919007
11450.0 0.4054472175266034
11459.999999999998 0.4063977262145133
11470.0 0.40732613004921603
11480.0 0.4081882193242971
11490.0 0.40902820374617105
11500.0 0.40989029302125213
11510.0 0.41077448714954046
11520.0 0.41161447157141434
11530.0 0.4124102462868738
11540.0 0.4132281258555405
11550.0 0.414134424837036
11560.0 0.41501861896532427
11570.0 0.41574807912116213
11580.0 0.41647753927700004
11590.0 0.4172954188456667
11600.0 0.41815750812074776
11610.0 0.41897538768941445
11620.0 0.41972695269845955
11630.0 0.42043430800109016
11640.0 0.42111955845051363
11650.0 0.4218932283127659
11660.0 0.42264479332181093
11670.0 0.4233742534776488
11680.0 0.4241479233399011
11690.0 0.4249436980553606
11700.0 0.4257173679176128
11710.0 0.42633630380741466
11720.0 0.42691102999080205
11730.0 0.427552070733811
11740.0 0.4282373211832345
11750.0 0.4289225716326579
11760.0 0.42960782208208137
11770.0 0.4302709676782976
11780.0 0.43095621812772106
11790.0 0.4317298879899733
11800.0 0.43245934814581116
11810.0 0.4331003888888202
11820.0 0.43369721992541477
11830.0 0.43436036552163104
11840.0 0.43502351111784726
11850.0 0.43559823730123465
11860.0 0.43615085863141484
11870.0 0.43668137510838784
11880.0 0.4372782061449824
11890.0 0.4379413517411987
11900.0 0.43856028763100047
11910.0 0.43906869925476627
11920.0 0.439577110878532
11930.0 0.44019604676833385
11940.0 0.4408149826581357
11950.0 0.44130128942869423
11960.0 0.4417875961992528
11970.0 0.4423844272358474
11980.0 0.44300336312564925
11990.0 0.44351177474941506
12000.0 0.44399808151997355
12010.0 0.44455070285015374
12020.0 0.4451254290335412
12030.0 0.4456559455105141
12040.0 0.4462085668406944
12050.0 0.44680539787728896
12060.0 0.44735801920746915
12070.0 0.4478222211248205
12080.0 0.44822010848255023
12090.0 0.44864010069348714
12100.0 0.44912640746404575
12110.0 0.44967902879422594
12120.0 0.4501874404179917
12130.0 0.45060743262892866
12140.0 0.4509832151334512
12150.0 0.4514695219040098
12160.0 0.45202214323419
12170.0 0.4525968694175773
12180.0 0.4530831761881359
12190.0 0.4534589586926585
12200.0 0.45383474119718104
12210.0 0.454365257674154
12220.0 0.454895774151127
12230.0 0.45531576636206395
12240.0 0.45573575857300086
12250.0 0.4561999604903522
12260.0 0.45668626726091077
12270.0 0.45708415461864055
12280.0 0.4574599371231631
12290.000000000002 0.4579020341873072
12300.0 0.4583441312514514
12310.000000000002 0.4586978089027667
12320.0 0.45900727684766757
12330.000000000002 0.4593609544989829
12340.0 0.4597367370035055
12350.000000000002 0.460112519508028
12360.0 0.4604661971593433
12370.000000000002 0.4607977699574514
12380.0 0.4611514476087667
12390.000000000002 0.4615935446729109
12400.0 0.46201353688384783
12410.000000000002 0.46225669026912714
12420.0 0.46252194850761363
12430.000000000002 0.46294194071855055
12440.0 0.4633619329294875
12450.000000000002 0.46362719116797396
12460.0 0.463848239700046
12470.000000000002 0.46417981249815415
12480.0 0.4645555950026767
12490.000000000002 0.46490927265399207
12500.0 0.46521874059889295
12509.999999999998 0.4654839988373794
12520.0 0.46574925707586595
12529.999999999998 0.46601451531435245
12540.0 0.46632398325925334
12549.999999999998 0.4666555560573614
12560.0 0.46698712885546956
12569.999999999998 0.46725238709395606
12580.0 0.4674513307728209
12589.999999999998 0.46758395989206414
12600.0 0.4677607987177218
12609.999999999998 0.46809237151582994
12620.0 0.46844604916714533
12629.999999999998 0.46871130740563177
12640.0 0.4689323559377038
12649.999999999998 0.46919761417619027
12660.0 0.4694407675614696
12669.999999999998 0.46957339668071285
12680.0 0.4697060257999561
12689.999999999998 0.46992707433202824
12700.0 0.4701923325705147
12709.999999999998 0.470435485955794
12720.0 0.4706786393410733
12730.0 0.47096600243276693
12740.0 0.4711649461116318
12750.0 0.4712312606712535
12760.0 0.4713196800840823
12770.0 0.471607043175776
12780.0 0.47193861597388403
12790.0 0.4722259790655778
12800.0 0.472358608184821
12810.0 0.47242492274444264
12820.0 0.47249123730406434
12830.0 0.47269018098292914
12840.0 0.4729554392214157
12850.0 0.47322069745990214
12860.0 0.4734417459919742
12870.0 0.4735743751112174
12880.0 0.4736848993772535
12890.0 0.4738838430561184
12900.0 0.4740827867349832
12910.0 0.4742817304138481
12920.0 0.47443646438629855
12930.0 0.47456909350554183
12940.0 0.47470172262478505
12950.0 0.4749227711568571
12960.0 0.4750996099825148
12970.0 0.4752101342485508
12980.0 0.475342763367794
12990.0 0.4755638118998662
13000.0 0.4758069652851454
13010.0 0.47593959440438866
13020.0 0.47602801381721754
13030.0 0.4761385380832535
13040.0 0.47627116720249674
13050.0 0.4764480060281545
13060.0 0.47666905456022657
13070.0 0.4768901030922986
13080.0 0.4770890467711635
13090.0 0.4772437807436139
13100.0 0.47744272442247876
13110.0 0.47779640207379415
13120.0 0.4780837651654878
13130.0 0.4781500797251095
13140.0 0.4781279748719022
13150.0 0.4782606039911455
13160.0 0.4784595476700103
13170.0 0.4786584913488752
13180.0 0.47883533017453284
13190.0 0.47892374958736167
13200.0 0.47903427385339775
13210.0 0.4791890078258482
13220.0 0.4793658466515059
13230.0 0.47954268547716355
13240.0 0.479697419449614
13250.0 0.47980794371565
13260.0 0.47996267768810047
13270.0 0.4800953068073437
13280.0 0.4802279359265869
13290.0 0.4802942504862086
13300.0 0.4803605650458302
13310.0 0.4805374038714879
13320.0 0.48075845240355997
13330.0 0.48091318637601044
13340.0 0.4810237106420464
13350.0 0.48106792034846085
13360.0 0.4811342349080825
13370.0 0.48131107373374016
13380.0 0.4814437028529834
13390.0 0.48142159799977624
13400.0 0.4813331785869474
13410.0 0.4813773882933618
13420.0 0.48148791255939777
13430.0 0.48159843682543385
13440.0 0.4817089610914698
13450.0 0.48179738050429877
13460.0 0.48186369506392035
13470.0 0.481930009623542
13480.0 0.48199632418316357
13490.0 0.4820184290363708
13500.0 0.4820184290363708
13510.0 0.48199632418316357
13520.0 0.4819521144767491
13530.0 0.4818857999171276
13540.000000000002 0.48184159021071316
13550.0 0.48184159021071316
13560.000000000002 0.48184159021071316
13570.0 0.4817089610914698
13580.000000000002 0.48159843682543385
13590.0 0.48162054167864105
13600.000000000002 0.4816426465318483
13610.0 0.4815321222658122
13620.000000000002 0.48135528344015455
13630.0 0.4812005494677041
13640.000000000002 0.48106792034846085
13650.0 0.4809573960824249
13660.000000000002 0.4808910815228032
13670.0 0.48086897666959594
13680.000000000002 0.48086897666959594
13690.0 0.4807805572567671
13700.000000000002 0.4806479281375239
13710.0 0.4804931941650735
13720.000000000002 0.480338460192623
13730.0 0.4802058310733798
13740.000000000002 0.4800953068073437
13750.0 0.4800068873945149
13759.999999999998 0.4799184679816861
13770.0 0.47980794371565
13779.999999999998 0.4796532097431996
13790.0 0.4794542660643347
13799.999999999998 0.47923321753226267
13810.0 0.4790784835598122
13819.999999999998 0.47892374958736167
13830.0 0.47874691076170406
13839.999999999998 0.47848165252321756
13850.0 0.4781721845783166
13859.999999999998 0.4779069263398301
13870.0 0.4777742972205869
13879.999999999998 0.4776416681013437
13890.0 0.47744272442247876
13899.999999999998 0.47731009530323554
13910.0 0.47731009530323554
13919.999999999998 0.47731009530323554
13930.0 0.4770890467711635
13939.999999999998 0.47677957882626254
13950.0 0.47653642544098335
13959.999999999998 0.47640379632174
13970.0 0.47633748176211843
13980.0 0.4762048526428752
13990.0 0.47591748955118146
14000.0 0.4755859167530733
14010.0 0.47529855366137963
14020.0 0.47512171483572196
14030.0 0.47498908571647874
14040.0 0.4748564565972355
14050.0 0.47463540806516347
14060.0 0.4743480449734698
14070.0 0.4740385770285688
14080.0 0.4737291090836679
14090.0 0.47346385084518144
14100.0 0.4731322780470733
14110.0 0.4727122858361364
14120.0 0.4723365033316138
14130.0 0.47213755965274895
14140.0 0.4719607208270913
14150.0 0.4716512528821904
14160.0 0.471297575230875
14170.0 0.47096600243276693
14180.0 0.4707228490474877
14190.0 0.4705681150750372
14200.0 0.47041338110258674
14210.0 0.47021443742372193
14220.0 0.4700818083044786
14230.0 0.47017022771730743
14240.0 0.47030285683655076
14250.0 0.47034706654296515
14260.0 0.4702586471301363
14270.0 0.4700375985980642
14280.0 0.46979444521278496
14290.0 0.4696397112403345
14300.0 0.4695291869742984
14310.0 0.4693523481486408
14320.0 0.4691534044697759
14330.0 0.4689544607909111
14340.0 0.46877762196525335
14350.0 0.4686007831395957
14360.0 0.4684239443139381
14370.0 0.46822500063507316
14380.0 0.46798184724979397
14390.0 0.4676944841581002
14400.0 0.46742922591961367
14410.0 0.4672744919471633
14420.0 0.4671418628279201
14430.0 0.46694291914905517
14440.0 0.4666776609105687
14450.0 0.4663460881124606
14460.0 0.4660366201675596
14470.0 0.46577136192907315
14480.0 0.4655503133970011
14490.0 0.4653513697181362
14500.0 0.4651524260392713
14510.0 0.46497558721361365
14520.0 0.4647103289751272
14530.0 0.46437875617701907
14540.0 0.46404718337891093
14550.0 0.4637819251404245
14560.0 0.46356087660835243
14570.0 0.4632735135166587
14580.0 0.462986150424965
14590.0 0.46276510189289294
14600.0 0.46252194850761363
14610.0 0.46221248056271275
14620.0 0.4618809077646046
14630.0 0.4615935446729109
14640.0 0.46130618158121717
14650.0 0.4609525039299019
14660.0 0.4605988262785865
14670.0 0.46033356804010006
14680.0 0.460112519508028
14690.0 0.45984726126954145
14700.0 0.45953779332464056
14710.0 0.4591399059669109
14720.0 0.4587641234623883
14730.0 0.45849886522390176
14740.0 0.4582778166918297
14750.0 0.4579683487469288
14760.0 0.45763677594882074
14770.0 0.45732730800391985
14780.0 0.45701784005901885
14790.000000000002 0.456708372114118
14800.0 0.4564210090224243
14810.000000000002 0.45615575078393783
14820.0 0.4558683876922441
14830.000000000002 0.4555147100409288
14840.0 0.4551610323896134
14850.000000000002 0.4548515644447126
14860.0 0.4545420964998116
14870.000000000002 0.45421052370170356
14880.0 0.4538568460503882
14890.000000000002 0.4535031683990729
14900.0 0.4531494907477575
14910.000000000002 0.4528621276560639
14920.0 0.4525747645643702
14930.000000000002 0.4522210869130548
14940.0 0.45188951411494666
14950.000000000002 0.4516242558764602
14960.0 0.45135899763797377
14970.000000000002 0.4510495296930729
14980.0 0.45067374718855036
14990.000000000002 0.4502758598308205
15000.0 0.44992218217950525
15009.999999999998 0.4496127142346043
15020.0 0.4493474559961178
15029.999999999998 0.4490600929044241
15040.0 0.44877272981273036
15049.999999999998 0.4484853667210368
15060.0 0.4481758987761358
15069.999999999998 0.4478885356844421
15080.0 0.44755696288633406
15089.999999999998 0.44715907552860423
15100.0 0.44676118817087457
15109.999999999998 0.446495929932388
15120.0 0.44627488140031596
15129.999999999998 0.44600962316182946
15140.0 0.44572226007013577
15149.999999999998 0.44534647756561324
15160.0 0.4449485902078835
15169.999999999998 0.444572807703361
15180.0 0.4442191300520456
15189.999999999998 0.44386545240073033
15200.0 0.4435338796026222
15209.999999999998 0.4432244116577213
15220.0 0.44291494371282036
15230.0 0.44258337091471234
15240.0 0.4422517981166042
15250.0 0.44194233017170326
15260.0 0.44165496708000956
15270.0 0.4413454991351086
15280.0 0.44101392633700054
15290.0 0.440638143832478
15300.0 0.4402844661811627
15310.0 0.4400192079426762
15320.0 0.4397318448509825
15330.0 0.43935606234645996
