mejiro/data/filter_response/RomanSCA08-F146.ecsv
# %ECSV 1.0
# ---
# datatype:
# - {name: wavelength, unit: Angstrom, datatype: float64}
# - {name: response, datatype: float64}
# meta:
#   __serialized_columns__:
#     wavelength:
#       __class__: astropy.units.quantity.Quantity
#       unit: !astropy.units.Unit {unit: Angstrom}
#       value: !astropy.table.SerializedColumn {name: wavelength}
#   band_name: F146
#   group_name: RomanSCA08
# schema: astropy-2.0
wavelength response
9120.0 0.0
9130.0 2.2104853207207685e-05
9140.0 0.00011052426603603843
9150.0 0.00037578250452253065
9160.0 0.0013041863392252535
9170.0 0.0039125590176757605
9180.0 0.010278756741351574
9190.0 0.02393955602340592
9200.0 0.04953697603735242
9210.0 0.09127093889256054
9220.0 0.1507329940199492
9230.0 0.2246074134384373
9240.0 0.3047817160209796
9250.0 0.38062346737490915
9260.0 0.4432465165109285
9270.0 0.48840673161325376
9280.0 0.5168335728377229
9290.0 0.5324395992020116
9300.0 0.5399773541456694
9310.0 0.5432709772735432
9320.0 0.544619373319183
9330.0 0.545149889796156
9340.0 0.5454593577410568
9350.0 0.5458130353923721
9360.0 0.546210922750102
9370.0 0.5466309149610389
9380.0 0.547073012025183
9390.0 0.5475593187957416
9400.0 0.5480014158598857
9410.0 0.548355093511201
9420.0 0.5487308760157236
9430.0 0.5492392876394894
9440.0 0.5497476992632552
9450.0 0.5500792720613633
9460.0 0.5504329497126785
9470.0 0.5509413613364443
9480.0 0.5514718778134173
9490.0 0.551869765171147
9500.0 0.5522676525288769
9510.0 0.5527981690058498
9520.0 0.5533286854828228
9530.0 0.5537044679873453
9540.0 0.553991831079039
9550.0 0.55430129902394
9560.0 0.5546770815284625
9570.0 0.5550749688861921
9580.0 0.5554507513907148
9590.0 0.5557160096292012
9600.0 0.5559591630144805
9610.0 0.5562907358125886
9620.0 0.5566223086106967
9630.0 0.5568875668491832
9640.0 0.5571307202344625
9650.0 0.5573738736197418
9660.0 0.5575728172986067
9670.0 0.5577054464178499
9680.0 0.5578601803903003
9690.0 0.5581696483352013
9700.0 0.5584791162801022
9710.0 0.5586338502525526
9720.0 0.5587443745185886
9730.0 0.5590096327570752
9740.0 0.5592527861423544
9750.0 0.5593633104083905
9760.0 0.5594959395276337
9770.0 0.5597611977661203
9780.0 0.5599822462981923
9790.0 0.5600485608578138
9800.0 0.5600706657110212
9810.0 0.5602475045366788
9820.0 0.5604022385091293
9830.0 0.5604464482155437
9840.0 0.5604685530687509
9850.0 0.5606232870412013
9860.0 0.5608222307200662
9870.0 0.5609990695457239
9880.0 0.5610432792521383
9890.0 0.5609327549861022
9900.0 0.5608664404264806
9910.0 0.5609990695457239
9920.0 0.5611759083713815
9930.0 0.5611980132245887
9940.0 0.5611759083713815
9950.0 0.5612201180777959
9960.0 0.5613085374906247
9970.0 0.561330642343832
9980.0 0.5613969569034536
9990.0 0.5615516908759041
10000.0 0.5617285297015617
10009.999999999998 0.5618169491143905
10020.0 0.5618390539675978
10029.999999999998 0.5618169491143905
10040.0 0.5617948442611833
10049.999999999998 0.5618169491143905
10060.0 0.5618611588208049
10069.999999999998 0.5619274733804266
10080.0 0.561971683086841
10089.999999999998 0.5619495782336338
10100.0 0.5619495782336338
10109.999999999998 0.5620379976464627
10120.0 0.5621706267657058
10129.999999999998 0.5622369413253274
10140.0 0.5622148364721203
10149.999999999998 0.5621485219124986
10160.0 0.5621043122060843
10169.999999999998 0.5621485219124986
10180.0 0.5622369413253274
10189.999999999998 0.5623032558849491
10200.0 0.5623253607381563
10209.999999999998 0.5623253607381563
10220.0 0.5623253607381563
10230.0 0.5623474655913635
10240.0 0.5623916752977779
10250.0 0.5623695704445707
10260.0 0.5623032558849491
10270.0 0.5622369413253274
10280.0 0.5622369413253274
10290.0 0.5623032558849491
10300.0 0.5623695704445707
10310.0 0.5623032558849491
10320.0 0.5622148364721203
10330.0 0.562192731618913
10340.0 0.5622148364721203
10350.0 0.5622148364721203
10360.0 0.5621706267657058
10370.0 0.5621264170592914
10380.0 0.5620601024996698
10390.0 0.5619937879400483
10400.0 0.5618832636740122
10410.0 0.5617727394079761
10420.0 0.5617285297015617
10430.0 0.5617727394079761
10440.0 0.5617727394079761
10450.0 0.5615737957291113
10460.0 0.5613527471970391
10470.0 0.5612643277842103
10480.0 0.5612864326374176
10490.0 0.561330642343832
10500.0 0.5612864326374176
10510.0 0.5610874889585526
10520.0 0.5608885452796878
10530.0 0.560800125866859
10540.0 0.560800125866859
10550.0 0.5607780210136518
10560.0 0.5607338113072374
10570.0 0.5606453918944085
10580.0 0.5604464482155437
10590.0 0.5601590851238499
10600.0 0.5598938268853635
10610.0 0.5598054074725347
10620.0 0.5597611977661203
10630.0 0.5596948832064986
10640.0 0.559518044380841
10650.0 0.5592527861423544
10660.0 0.5590096327570752
10670.0 0.5588327939314175
10680.0 0.5587001648121742
10690.0 0.5585233259865166
10700.0 0.5583464871608589
10710.0 0.5582138580416157
10720.0 0.5581254386287868
10730.0 0.5579928095095437
10740.0 0.5579043900967148
10750.0 0.5578380755370932
10760.0 0.5577275512710571
10770.0 0.5575286075921922
10780.0 0.5572633493537057
10790.0 0.5570423008216336
10800.0 0.5569096717023905
10810.0 0.5568875668491832
10820.0 0.5568212522895616
10830.0 0.5566002037574895
10840.0 0.5563791552254175
10850.0 0.5563128406657959
10860.0 0.5562686309593814
10870.0 0.5560917921337237
10880.0 0.5558486387484445
10890.0 0.555693904775994
10900.0 0.5555833805099579
10910.0 0.555472856243922
10920.0 0.5553402271246787
10930.0 0.555163388299021
10940.0 0.5549865494733633
10950.0 0.5548760252073274
10960.0 0.5547655009412913
10970.0 0.5545886621156336
10980.0 0.554632871822048
10990.0 0.5550749688861921
11000.0 0.555472856243922
11010.0 0.555472856243922
11020.0 0.5552960174182643
11030.0 0.5552297028586427
11040.000000000002 0.5552518077118498
11050.0 0.5552739125650571
11060.000000000002 0.5552960174182643
11070.0 0.5553402271246787
11080.000000000002 0.5553181222714715
11090.0 0.5551854931522282
11100.000000000002 0.5550749688861921
11110.0 0.5551412834458138
11120.000000000002 0.5552518077118498
11130.0 0.5552739125650571
11140.000000000002 0.5552739125650571
11150.0 0.5554065416843003
11160.000000000002 0.555472856243922
11170.0 0.5553402271246787
11180.000000000002 0.5552297028586427
11190.0 0.5553181222714715
11200.000000000002 0.555472856243922
11210.0 0.5554507513907148
11220.000000000002 0.5554286465375076
11230.0 0.5554949610971291
11240.000000000002 0.5555391708035435
11250.0 0.5554065416843003
11259.999999999998 0.5552297028586427
11270.0 0.555163388299021
11279.999999999998 0.5552075980054354
11290.0 0.5552297028586427
11299.999999999998 0.5552739125650571
11310.0 0.5553402271246787
11319.999999999998 0.5554065416843003
11330.0 0.5553844368310932
11339.999999999998 0.5553623319778859
11350.0 0.5553402271246787
11359.999999999998 0.5553402271246787
11370.0 0.5552739125650571
11379.999999999998 0.5552518077118498
11390.0 0.5552960174182643
11399.999999999998 0.5554065416843003
11410.0 0.5554949610971291
11419.999999999998 0.5554949610971291
11430.0 0.5554286465375076
11439.999999999998 0.5553402271246787
11450.0 0.5553623319778859
11459.999999999998 0.5554286465375076
11470.0 0.5554286465375076
11480.0 0.5553844368310932
11490.0 0.5553181222714715
11500.0 0.5552739125650571
11510.0 0.5552518077118498
11520.0 0.5552075980054354
11530.0 0.5550970737393994
11540.0 0.555052864032985
11550.0 0.5550970737393994
11560.0 0.5551191785926066
11570.0 0.5549865494733633
11580.0 0.5548318155009129
11590.0 0.5547876057944985
11600.0 0.5548318155009129
11610.0 0.5548097106477057
11620.0 0.554743396088084
11630.0 0.5545886621156336
11640.0 0.5544339281431832
11650.0 0.5543676135835615
11660.0 0.5543234038771471
11670.0 0.5542570893175255
11680.0 0.5542128796111111
11690.0 0.5542570893175255
11700.0 0.5542349844643183
11710.0 0.5540360407854534
11720.0 0.5537928874001742
11730.0 0.5536381534277237
11740.0 0.5535718388681021
11750.0 0.5534834194552732
11760.0 0.5533950000424444
11770.0 0.5532844757764084
11780.0 0.553240266069994
11790.0 0.5532844757764084
11800.0 0.5533065806296156
11810.0 0.5531960563635796
11820.0 0.5530634272443362
11830.0 0.5529971126847146
11840.0 0.552930798125093
11850.0 0.5527760641526426
11860.0 0.5525992253269849
11870.0 0.55240028164812
11880.0 0.552289757382084
11890.0 0.5522455476756696
11900.0 0.5522013379692552
11910.0 0.5519802894371831
11920.0 0.5518034506115255
11930.0 0.5517371360519038
11940.0 0.5516708214922822
11950.0 0.5514718778134173
11960.0 0.5512729341345525
11970.0 0.5512287244281381
11980.0 0.5511845147217237
11990.0 0.5510297807492731
12000.0 0.5508308370704083
12010.0 0.5507203128043723
12020.0 0.5506539982447506
12030.0 0.5505655788319218
12040.0 0.550477159419093
12050.0 0.5504550545658858
12060.0 0.5503887400062641
12070.0 0.5502119011806065
12080.0 0.5499687477953272
12090.0 0.5497476992632552
12100.0 0.5496150701440119
12110.0 0.5495708604375975
12120.0 0.5494824410247686
12130.0 0.5492834973459038
12140.0 0.5490403439606245
12150.0 0.5489519245477956
12160.0 0.5489298196945884
12170.0 0.5489298196945884
12180.0 0.5488635051349668
12190.0 0.5486424566028948
12200.0 0.5484435129240299
12210.0 0.5483993032176155
12220.0 0.5483993032176155
12230.0 0.5482666740983723
12240.0 0.5481119401259218
12250.0 0.5480677304195074
12260.0 0.5480235207130929
12270.0 0.5478687867406424
12280.0 0.547714052768192
12290.000000000002 0.5476477382085704
12300.0 0.5475593187957416
12310.000000000002 0.5474045848232911
12320.0 0.5471835362912191
12330.000000000002 0.5470288023187686
12340.0 0.5468961731995253
12350.000000000002 0.5467856489334892
12360.0 0.5466530198142461
12370.000000000002 0.5464761809885884
12380.0 0.5463656567225523
12390.000000000002 0.5463656567225523
12400.0 0.5462993421629307
12410.000000000002 0.5460782936308587
12420.0 0.5458572450987865
12430.000000000002 0.5458572450987865
12440.0 0.5458572450987865
12450.000000000002 0.5456583014199218
12460.0 0.5454151480346424
12470.000000000002 0.5453267286218136
12480.0 0.5453267286218136
12490.000000000002 0.545260414062192
12500.0 0.5451719946493632
12509.999999999998 0.5450172606769127
12520.0 0.5448846315576694
12529.999999999998 0.5447520024384261
12540.0 0.5446635830255974
12549.999999999998 0.5446414781723902
12560.0 0.544619373319183
12569.999999999998 0.5445088490531469
12580.0 0.5443320102274892
12589.999999999998 0.54408885684221
12600.0 0.5438899131633451
12609.999999999998 0.5438899131633451
12620.0 0.5439341228697595
12629.999999999998 0.5438678083101379
12640.0 0.543757284044102
12649.999999999998 0.5437130743376875
12660.0 0.5436246549248586
12669.999999999998 0.5434257112459938
12680.0 0.5432267675671288
12689.999999999998 0.5431604530075073
12700.0 0.5431383481543001
12709.999999999998 0.5430941384478857
12720.0 0.5430499287414713
12730.0 0.5430499287414713
12740.0 0.5430057190350568
12750.0 0.5427625656497775
12760.0 0.5425636219709126
12770.0 0.5425857268241199
12780.0 0.5426962510901558
12790.0 0.5427183559433632
12800.0 0.5426299365305343
12810.0 0.5424088879984622
12820.0 0.5422320491728045
12830.0 0.54218783946639
12840.0 0.5422320491728045
12850.0 0.5422983637324261
12860.0 0.5422762588792189
12870.0 0.54218783946639
12880.0 0.5420994200535613
12890.0 0.5420773152003541
12900.0 0.5420773152003541
12910.0 0.5420773152003541
12920.0 0.5420331054939397
12930.0 0.541966790934318
12940.0 0.5419225812279036
12950.0 0.5419446860811109
12960.0 0.5419446860811109
12970.0 0.5418783715214892
12980.0 0.5418120569618675
12990.0 0.5418783715214892
13000.0 0.541966790934318
13010.0 0.5419446860811109
13020.0 0.5418562666682819
13030.0 0.5417899521086604
13040.0 0.5417678472554531
13050.0 0.5418120569618675
13060.0 0.5419004763746964
13070.0 0.5419888957875253
13080.0 0.5420552103471469
13090.0 0.5420552103471469
13100.0 0.5421436297599757
13110.0 0.542386783145255
13120.0 0.5425857268241199
13130.0 0.5425194122644982
13140.0 0.5423646782920477
13150.0 0.5423646782920477
13160.0 0.5424752025580838
13170.0 0.5425857268241199
13180.0 0.5426741462369487
13190.0 0.5426741462369487
13200.0 0.5426741462369487
13210.0 0.5427404607965702
13220.0 0.5428509850626063
13230.0 0.5429615093286424
13240.0 0.5430499287414713
13250.0 0.5431162433010928
13260.0 0.5431825578607145
13270.0 0.5432930821267505
13280.0 0.5433593966863721
13290.0 0.5433593966863721
13300.0 0.5434036063927865
13310.0 0.543558340365237
13320.0 0.5437351791908946
13330.0 0.5439120180165523
13340.0 0.543978332576174
13350.0 0.5440004374293811
13360.0 0.5440446471357955
13370.0 0.5442435908146604
13380.0 0.5443762199339036
13390.0 0.5443320102274892
13400.0 0.5442435908146604
13410.0 0.5442878005210748
13420.0 0.5444425344935253
13430.0 0.5445972684659757
13440.0 0.5447520024384261
13450.0 0.5448625267044622
13460.0 0.5449730509704982
13470.0 0.5451056800897416
13480.0 0.5452162043557776
13490.0 0.5453046237686063
13500.0 0.5453488334750207
13510.0 0.5454151480346424
13520.0 0.5454372528878496
13530.0 0.5454372528878496
13540.000000000002 0.5454593577410568
13550.0 0.5455919868603001
13560.000000000002 0.5456583014199218
13570.0 0.5456140917135074
13580.000000000002 0.5456140917135074
13590.0 0.5457467208327506
13600.000000000002 0.5459014548052009
13610.0 0.5459014548052009
13620.000000000002 0.5458351402455794
13630.0 0.5457909305391649
13640.000000000002 0.5457688256859577
13650.0 0.5457909305391649
13660.000000000002 0.5458572450987865
13670.0 0.546011979071237
13680.000000000002 0.5461446081904803
13690.0 0.546210922750102
13700.000000000002 0.546233027603309
13710.0 0.546210922750102
13720.000000000002 0.546210922750102
13730.0 0.546233027603309
13740.000000000002 0.5462993421629307
13750.0 0.5463656567225523
13759.999999999998 0.5464540761353812
13770.0 0.5465203906950028
13779.999999999998 0.5465203906950028
13790.0 0.5464761809885884
13799.999999999998 0.546431971282174
13810.0 0.5464540761353812
13819.999999999998 0.5464761809885884
13830.0 0.5464540761353812
13839.999999999998 0.5463656567225523
13850.0 0.546210922750102
13859.999999999998 0.5461225033372731
13870.0 0.5461667130436875
13879.999999999998 0.546233027603309
13890.0 0.546210922750102
13899.999999999998 0.5462551324565164
13910.0 0.5464761809885884
13919.999999999998 0.5466751246674533
13930.0 0.5466309149610389
13939.999999999998 0.5464982858417956
13950.0 0.546431971282174
13959.999999999998 0.5464761809885884
13970.0 0.5466088101078316
13980.0 0.5466751246674533
13990.0 0.5465424955482101
14000.0 0.5463656567225523
14010.0 0.5462551324565164
14020.0 0.5462551324565164
14030.0 0.5462993421629307
14040.0 0.5463435518693451
14050.0 0.5462993421629307
14060.0 0.5461667130436875
14070.0 0.5460340839244443
14080.0 0.5458793499519938
14090.0 0.5457688256859577
14100.0 0.5455919868603001
14110.0 0.5453046237686063
14120.0 0.5450835752365343
14130.0 0.5450614703833272
14140.0 0.5450614703833272
14150.0 0.5449288412640838
14160.0 0.5447298975852191
14170.0 0.5445530587595613
14180.0 0.5444867441999397
14190.0 0.5445309539063541
14200.0 0.5445530587595613
14210.0 0.5445530587595613
14220.0 0.5446414781723902
14230.0 0.5449509461172911
14240.0 0.5453267286218136
14250.0 0.5456140917135074
14260.0 0.5457467208327506
14270.0 0.5457246159795434
14280.0 0.5456804062731289
14290.0 0.5457467208327506
14300.0 0.5458572450987865
14310.0 0.5459014548052009
14320.0 0.5459235596584082
14330.0 0.5459456645116154
14340.0 0.5459898742180299
14350.0 0.5460561887776515
14360.0 0.5461225033372731
14370.0 0.5461667130436875
14380.0 0.5461446081904803
14390.0 0.5461003984840659
14400.0 0.5460782936308587
14410.0 0.5461888178968947
14420.0 0.5463214470161379
14430.0 0.5463656567225523
14440.0 0.5463656567225523
14450.0 0.5462993421629307
14460.0 0.5462551324565164
14470.0 0.5462772373097234
14480.0 0.5463214470161379
14490.0 0.546431971282174
14500.0 0.5465424955482101
14510.0 0.5466751246674533
14520.0 0.5467193343738677
14530.0 0.5466972295206605
14540.0 0.5466530198142461
14550.0 0.5467193343738677
14560.0 0.5468298586399037
14570.0 0.5468740683463181
14580.0 0.5469182780527326
14590.0 0.5470288023187686
14600.0 0.5471614314380118
14610.0 0.5471835362912191
14620.0 0.5472056411444262
14630.0 0.5472940605572552
14640.0 0.5473603751168767
14650.0 0.5473603751168767
14660.0 0.5473603751168767
14670.0 0.5474708993829128
14680.0 0.5476477382085704
14690.0 0.5477803673278137
14700.0 0.547824577034228
14710.0 0.5478024721810208
14720.0 0.5478024721810208
14730.0 0.5479572061534713
14740.0 0.548134044979129
14750.0 0.5482224643919579
14760.0 0.5482887789515795
14770.0 0.5483771983644082
