mejiro/data/filter_response/RomanSCA08-F146.ecsv
# %ECSV 1.0
# ---
# datatype:
# - {name: wavelength, unit: Angstrom, datatype: float64}
# - {name: response, datatype: float64}
# meta:
#   __serialized_columns__:
#     wavelength:
#       __class__: astropy.units.quantity.Quantity
#       unit: !astropy.units.Unit {unit: Angstrom}
#       value: !astropy.table.SerializedColumn {name: wavelength}
#   band_name: F146
#   group_name: RomanSCA08
# schema: astropy-2.0
wavelength response
[from data line 567]
14790.000000000002 0.5485761420432731
14800.0 0.5486866663093092
14810.000000000002 0.5488414002817597
14820.0 0.5489740294010028
14830.000000000002 0.5490403439606245
14840.0 0.5490845536670389
14850.000000000002 0.549195077933075
14860.0 0.549305602199111
14870.000000000002 0.5493940216119397
14880.0 0.5494603361715614
14890.000000000002 0.5495045458779758
14900.0 0.5495929652908047
14910.000000000002 0.5497255944100479
14920.0 0.549836118676084
14930.000000000002 0.5499245380889128
14940.0 0.5499908526485344
14950.000000000002 0.5501676914741921
14960.0 0.5503445302998498
14970.000000000002 0.5504550545658858
14980.0 0.5504992642723002
14990.000000000002 0.5505213691255074
15000.0 0.5505655788319218
15009.999999999998 0.5506982079511651
15020.0 0.5508529419236156
15029.999999999998 0.551007675896066
15040.0 0.5511403050153092
15049.999999999998 0.5512729341345525
15060.0 0.5514055632537957
15069.999999999998 0.5515381923730389
15080.0 0.5516266117858678
15089.999999999998 0.5516266117858678
15100.0 0.551648716639075
15109.999999999998 0.5518034506115255
15120.0 0.5520244991435975
15129.999999999998 0.5522013379692552
15140.0 0.5523339670884985
15149.999999999998 0.5523781767949129
15160.0 0.5523781767949129
15169.999999999998 0.5524223865013272
15180.0 0.5524665962077416
15189.999999999998 0.5525550156205705
15200.0 0.5526434350333994
15209.999999999998 0.5527539592994354
15220.0 0.5528644835654715
15230.0 0.5529529029783002
15240.0 0.5530413223911291
15250.0 0.5531739515103723
15260.0 0.5533065806296156
15270.0 0.553461314602066
15280.0 0.5535497340148948
15290.0 0.5535939437213092
15300.0 0.5536823631341381
15310.0 0.5538592019597958
15320.0 0.5540139359322462
15330.0 0.5540581456386606
15340.0 0.5540581456386606
15350.0 0.554102355345075
15360.0 0.5541686699046967
15370.0 0.5542349844643183
15380.0 0.5543455087303544
15390.0 0.554522347556012
15400.0 0.5546770815284625
15410.0 0.5547212912348769
15420.0 0.5546770815284625
15430.0 0.5546549766752552
15440.0 0.5547212912348769
15450.0 0.5549202349137418
15460.0 0.5551412834458138
15470.0 0.5552297028586427
15480.0 0.5553181222714715
15490.0 0.5554286465375076
15500.0 0.5555170659503363
15510.0 0.5555170659503363
15520.0 0.5554949610971291
15530.0 0.5556054853631652
15540.0 0.5557160096292012
15550.0 0.5558044290420301
15560.0 0.5558265338952373
15570.0 0.5557823241888228
15580.0 0.5558044290420301
15590.0 0.5559591630144805
15600.0 0.5561138969869309
15610.0 0.5561138969869309
15620.0 0.5561138969869309
15630.0 0.5563128406657959
15640.0 0.556533889197868
15650.0 0.5565780989042823
15660.0 0.556555994051075
15670.0 0.5566002037574895
15680.0 0.5567107280235255
15690.0 0.5569096717023905
15700.0 0.5570201959684264
15710.0 0.5569538814088049
15720.0 0.5568875668491832
15730.0 0.5570423008216336
15740.0 0.557285454206913
15750.0 0.557395978472949
15760.0 0.5574401881793634
15770.0 0.557395978472949
15780.0 0.557395978472949
15790.0 0.5574401881793634
15800.0 0.5575286075921922
15810.0 0.5575728172986067
15820.0 0.5576170270050211
15830.0 0.5577717609774715
15840.0 0.5578822852435076
15850.0 0.5578822852435076
15860.0 0.5579043900967148
15870.0 0.5580591240691652
15880.0 0.5582580677480301
15890.0 0.5583685920140661
15900.0 0.5584128017204805
15910.0 0.5584349065736878
15920.0 0.5585233259865166
15930.0 0.558678059958967
15940.0 0.5588548987846247
15950.0 0.5589212133442464
15960.0 0.5589212133442464
15970.0 0.5589433181974536
15980.0 0.5590317376102824
15990.0 0.5592306812891472
16000.0 0.5594296249680122
16010.0 0.559518044380841
16020.0 0.5595401492340482
16030.0 0.5596064637936697
16040.000000000002 0.5597169880597057
16050.0 0.5598496171789491
16060.000000000002 0.5600043511513995
16070.0 0.5601590851238499
16080.000000000002 0.5603138190963004
16090.0 0.560380133655922
16100.000000000002 0.5604906579219581
16110.0 0.5606674967476157
16120.000000000002 0.5608443355732734
16130.0 0.5608885452796878
16140.000000000002 0.5609327549861022
16150.0 0.56110959381176
16160.000000000002 0.561330642343832
16170.0 0.5615516908759041
16180.000000000002 0.5617285297015617
16190.0 0.5618611588208049
16200.000000000002 0.561971683086841
16210.0 0.5620822073528771
16220.000000000002 0.5622148364721203
16230.0 0.5623695704445707
16240.000000000002 0.5625243044170212
16250.0 0.5625906189766429
16259.999999999998 0.562723248095886
16270.0 0.5629442966279581
16279.999999999998 0.5631432403068231
16290.0 0.5632095548664445
16299.999999999998 0.563253764572859
16310.0 0.5634306033985167
16319.999999999998 0.5636737567837959
16330.0 0.5638948053158681
16339.999999999998 0.5640716441415258
16350.0 0.5642263781139762
16359.999999999998 0.5643811120864266
16370.0 0.5645579509120843
16379.999999999998 0.5647568945909491
16390.0 0.564955838269814
16400.0 0.5650884673890573
16410.0 0.565176886801886
16420.0 0.5653095159211293
16430.0 0.5655747741596159
16440.0 0.5658179275448951
16450.0 0.5659284518109312
16460.0 0.5659726615173456
16470.0 0.5661052906365888
16480.0 0.566237919755832
16490.0 0.5663484440218681
16500.0 0.566547387700733
16510.0 0.5668568556456339
16520.0 0.567077904177706
16530.0 0.5670557993244988
16540.0 0.5670557993244988
16550.0 0.5672768478565708
16560.0 0.567608420654679
16570.0 0.567829469186751
16580.0 0.5679620983059942
16590.0 0.5680947274252375
16600.0 0.5683157759573096
16610.0 0.5686473487554177
16620.0 0.5688683972874898
16630.0 0.5688241875810754
16640.0 0.5688020827278681
16650.0 0.5690231312599402
16660.0 0.5693768089112556
16670.0 0.5696199622965349
16680.0 0.5697304865625709
16690.0 0.5697304865625709
16700.0 0.5697746962689852
16710.0 0.5699515350946429
16720.0 0.5701725836267151
16730.0 0.5702388981863367
16740.0 0.5703273175991654
16750.0 0.5705704709844448
16760.0 0.570813624369724
16770.0 0.5709904631953817
16780.0 0.571123092314625
16790.0 0.5713662456999042
16800.0 0.5716315039383907
16810.0 0.5718083427640485
16820.0 0.5719630767364988
16830.0 0.5721399155621565
16840.0 0.5723167543878143
16850.0 0.5724272786538502
16860.0 0.5725378029198863
16870.0 0.5726925368923368
16880.0 0.5728914805712015
16890.0 0.5730683193968592
16900.0 0.5732009485161025
16910.0 0.5733335776353458
16920.0 0.5735325213142105
16930.0 0.5738198844059043
16940.0 0.5740409329379764
16950.0 0.574107247497598
16960.0 0.5742177717636341
16970.0 0.5745493445617422
16980.0 0.5748367076534359
16990.0 0.5748367076534359
17000.0 0.5748367076534359
17010.0 0.5751240707451295
17020.0 0.575499853249652
17030.0 0.5757872163413458
17040.0 0.575919845460589
17050.0 0.5759419503137962
17060.0 0.5760082648734178
17070.0 0.5762293134054899
17080.0 0.5764724667907692
17090.0 0.5766272007632197
17100.0 0.5767377250292558
17110.0 0.576870354148499
17120.0 0.5770250881209494
17130.0 0.5772019269466071
17140.0 0.5773345560658504
17150.0 0.577400870625472
17160.0 0.5775334997447151
17170.0 0.5779092822492377
17180.0 0.5782629599005531
17190.0 0.5783513793133819
17200.0 0.5783955890197963
17210.0 0.5785282181390395
17220.0 0.5787050569646972
17230.0 0.5788376860839404
17240.0 0.5789703152031838
17250.0 0.5791913637352558
17260.0 0.5793903074141207
17270.0 0.5794566219737423
17280.0 0.579522936533364
17290.0 0.5796334607993999
17300.0 0.5797881947718504
17310.0 0.5799871384507153
17320.0 0.5801639772763729
17330.0 0.5803408161020306
17340.0 0.5804955500744811
17350.0 0.5806723889001387
17360.0 0.5808271228725892
17370.0 0.580915542285418
17380.0 0.580915542285418
17390.0 0.5808713325790036
17400.0 0.580915542285418
17410.0 0.5811586956706973
17420.0 0.581446058762391
17430.0 0.5816007927348414
17440.0 0.5816892121476702
17450.0 0.5818439461201207
17460.0 0.581976575239364
17470.0 0.581998680092571
17480.0 0.581976575239364
17490.0 0.5820207849457784
17500.0 0.5820870995054
17510.0 0.5821313092118144
17520.0 0.5822418334778504
17530.0 0.582507091716337
17540.0 0.5827502451016162
17550.0 0.5828165596612378
17560.0 0.5828165596612378
17570.0 0.5828165596612378
17580.0 0.5828828742208594
17590.0 0.5829491887804811
17600.0 0.5830818178997244
17610.0 0.5832365518721748
17620.0 0.5833249712850036
17630.0 0.5833028664317964
17640.0 0.5833028664317964
17650.0 0.5834133906978325
17660.0 0.583568124670283
17670.0 0.5836344392299045
17680.0 0.5836565440831117
17690.0 0.5836344392299045
17700.0 0.5836123343766974
17710.0 0.5836344392299045
17720.0 0.5836565440831117
17730.0 0.5837007537895261
17740.0 0.5837670683491477
17750.0 0.5839218023215982
17760.0 0.5840544314408415
17770.0 0.5840986411472558
17780.0 0.5841428508536702
17790.0 0.5842754799729136
17800.0 0.5844081090921568
17810.0 0.5844523187985712
17820.0 0.5843860042389496
17830.0 0.5842975848261207
17840.0 0.5842091654132919
17850.0 0.5842312702664991
17860.0 0.5843638993857424
17870.0 0.5845186333581928
17880.0 0.5847175770370577
17890.0 0.5848723110095082
17900.0 0.5849828352755442
17910.0 0.5850270449819586
17920.0 0.5850049401287514
17930.0 0.584960730422337
17940.0 0.5850049401287514
17950.0 0.5852038838076163
17960.0 0.5853586177800667
17970.0 0.5853365129268595
17980.0 0.5852480935140307
17990.0 0.5853144080736523
18000.0 0.58549124689931
18010.0 0.5857344002845892
18020.0 0.5859112391102469
18030.0 0.5859554488166613
18040.0 0.5859112391102469
18050.0 0.5859333439634541
18060.0 0.5860438682294901
18070.0 0.5861986022019406
18080.0 0.5863754410275982
18090.0 0.586552279853256
18100.0 0.586662804119292
18110.0 0.5867070138257063
18120.0 0.5867512235321207
18130.0 0.5869501672109857
18140.0 0.587193320596265
18150.0 0.5873480545687154
18160.0 0.5874585788347514
18170.0 0.5875691031007875
18180.0 0.5875469982475803
18190.0 0.5873480545687154
18200.0 0.587193320596265
18210.0 0.5873038448623009
18220.0 0.5875691031007875
18230.0 0.5878564661924812
18240.0 0.5881659341373822
18250.0 0.5885196117886974
18260.0 0.5888732894400128
18270.0 0.589116442825292
18280.0 0.589226967091328
18290.0 0.5891827573849137
18300.0 0.5891606525317064
18310.0 0.5893374913573641
18320.0 0.5894922253298145
18330.0 0.5895143301830218
18340.0 0.5894922253298145
18350.0 0.589646959302265
18360.0 0.5899122175407515
18370.0 0.5901995806324452
18380.0 0.5904869437241389
18390.0 0.590707992256211
18400.0 0.5908627262286614
18410.0 0.590929040788283
18420.0 0.590929040788283
18430.0 0.5908848310818686
18440.0 0.5908848310818686
18450.0 0.5909511456414903
18460.0 0.5910837747607335
18470.0 0.5912164038799768
18480.0 0.5914153475588416
18490.0 0.5916363960909137
18500.0 0.5917469203569498
18510.0 0.5916363960909137
18520.0 0.5915258718248777
18530.0 0.5916806057973281
18540.0 0.591879549476193
18550.0 0.5919016543294002
18560.0 0.5919016543294002
18570.0 0.591990073742229
18580.0 0.5921669125678867
18590.0 0.59229954168713
18600.0 0.5924542756595804
18610.0 0.5925869047788237
18620.0 0.5927195338980669
18630.0 0.5927858484576886
18640.0 0.5926974290448597
18650.0 0.5923658562467516
18660.0 0.5921005980082651
18670.0 0.5921448077146795
18680.0 0.5922774368339226
18690.0 0.5923216465403371
18700.0 0.5922553319807156
18710.0 0.5921448077146795
18720.0 0.5922553319807156
18730.0 0.5927195338980669
18740.0 0.5930953164025894
18750.0 0.5930732115493822
18760.0 0.5929405824301389
18770.0 0.5930732115493822
18780.0 0.5932279455218327
18790.0 0.5931395261090038
18800.0 0.5930290018429678
18810.0 0.5931174212557966
18820.0 0.5932279455218327
18830.0 0.5931837358154183
18840.0 0.5931174212557966
18850.0 0.593161630962211
18860.0 0.5932279455218327
18870.0 0.5932279455218327
18880.0 0.5931837358154183
18890.0 0.593161630962211
18900.0 0.5932500503750399
18910.0 0.5934710989071119
18920.0 0.5935153086135264
18930.0 0.5931174212557966
18940.0 0.5926974290448597
18950.0 0.5926311144852381
18960.0 0.5926532193384452
18970.0 0.5924542756595804
18980.0 0.5923216465403371
18990.0 0.592520590219202
19000.0 0.5927637436044813
19010.0 0.5927858484576886
19020.0 0.5927195338980669
19030.0 0.5927637436044813
19040.0 0.5928742678705173
19050.0 0.5929626872833462
19060.0 0.5928742678705173
19070.0 0.5926090096320308
19080.0 0.59229954168713
19090.0 0.5921669125678867
19100.0 0.5921669125678867
19110.0 0.59229954168713
19120.0 0.5923879610999587
19130.0 0.5923658562467516
19140.0 0.5923216465403371
19150.0 0.59229954168713
19160.0 0.5922332271275083
19170.0 0.591990073742229
19180.0 0.5916363960909137
19190.0 0.5912606135863911
19200.0 0.5911942990267696
19210.0 0.5916142912377065
19220.0 0.5920563883018506
19230.0 0.5920563883018506
19240.0 0.5918574446229858
19250.0 0.5917027106505354
19260.0 0.591459557265256
19270.0 0.5910174602011119
19280.0 0.5907300971094183
19290.0 0.5909511456414903
19300.0 0.5913269281460128
19310.0 0.591459557265256
19320.0 0.5913048232928055
19330.0 0.5909511456414903
19340.0 0.5906637825497966
19350.0 0.5906416776965894
19360.0 0.590707992256211
19370.0 0.5906416776965894
19380.0 0.5905311534305533
19390.0 0.5905311534305533
19400.0 0.5906637825497966
19410.0 0.5908848310818686
19420.0 0.5909732504946975
19430.0 0.5907964116690397
19440.0 0.5904648388709316
19450.0 0.5901995806324452
19460.0 0.590066951513202
19470.0 0.5901332660728236
19480.0 0.5901995806324452
19490.0 0.590066951513202
19500.0 0.5899785321003731
19510.0 0.5901553709260308
19520.0 0.5903985243113101
19530.0 0.5904648388709316
19540.0 0.5904427340177245
19550.0 0.5904869437241389
19560.0 0.5906195728433822
19570.0 0.5907522019626253
19580.0 0.5907522019626253
19590.0 0.5905311534305533
19600.0 0.5904427340177245
19610.0 0.5907300971094183
19620.0 0.5910174602011119
19630.0 0.5909069359350758
19640.0 0.590707992256211
19650.0 0.5907522019626253
19660.0 0.5909511456414903
19670.0 0.5911058796139408
19680.0 0.591238508733184
19690.0 0.5913490329992199
19700.0 0.5913711378524272
19710.0 0.5912606135863911
19720.0 0.5912164038799768
19730.0 0.5913490329992199
19740.0 0.5914374524120489
19750.0 0.5913048232928055
19760.0 0.5911058796139408
19770.0 0.5911500893203552
19780.0 0.5913048232928055
19790.0 0.591459557265256
19800.0 0.5915479766780849
19810.0 0.5915479766780849
19820.0 0.5915037669716704
19830.0 0.5913490329992199
19840.0 0.590818516522247
19850.0 0.5894701204766074
19860.0 0.586773328385328
19870.0 0.5817113170008775
19880.0 0.5726041174795078
19890.0 0.5573296639133274
19900.0 0.5336995758348224
19910.0 0.4999896746938306
19920.0 0.4553378712152711
19930.0 0.4005841498210177
19940.0 0.33840319774914246
19950.0 0.2729728322558077
19960.0 0.20920033075301353
19970.0 0.15168350270785916
19980.0 0.10373807610142567
19990.0 0.0667566566857672
20000.0 0.04031925224994682
20010.0 0.022767998803423915
20019.999999999996 0.01202504014472098
20030.0 0.00592410065953166
20040.0 0.0027188969444865456
20050.0 0.0011715572199820074
20059.999999999996 0.00046420191735136135
20070.0 0.00017683882565766148
20080.0 6.631455962162305e-05
20090.0 2.2104853207207685e-05
20099.999999999996 0.0
