mejiro/data/filter_responses/F087.ecsv
# %ECSV 1.0
# ---
# datatype:
# - {name: wavelength, unit: Angstrom, datatype: float64}
# - {name: response, datatype: float64}
# schema: astropy-2.0
wavelength response
7490.0 0.0
7500.0 1.7192663605605976e-05
7510.0 8.473527062762222e-05
7520.0 0.0003757825045225
7530.0 0.001417166700062
7540.0 0.0044614962056547
7550.0 0.0119169719734857
7560.0 0.0273093180901046
7570.0 0.0544356571175496
7580.0 0.0958171703688428
7590.0 0.1512070203165037
7600.0 0.2168805391951178
7610.0 0.2861350442932994
7620.0 0.350611216956523
7630.0 0.4027246364399156
7640.0 0.4385209901141877
7650.0 0.4590969243078969
7660.0 0.468954460790911
7670.0 0.4732661352137169
7680.0 0.47563749474389
7690.0 0.4772339563644107
7700.0 0.4781574480095119
7710.0 0.4787800680415148
7720.0 0.4794444416851315
7730.0 0.4801898664571744
7740.0 0.4810040618836401
7750.0 0.481911588912536
7760.0 0.4828940268328562
7770.0 0.4837364673495309
7780.0 0.4842915447745119
7790.0 0.4848662709578993
7800.0 0.4857430968017853
7810.0 0.4866113263138684
7820.0 0.4871357025538393
7830.0 0.4874488546409414
7840.0 0.4877435860170375
7850.0 0.4880321771561317
7860.0 0.4883060317264209
7870.0 0.4886474289037323
7880.0 0.4891325076268905
7890.0 0.4897538996114929
7900.0 0.4904465183453188
7910.0 0.4910629981403199
7920.0 0.4915173756784681
7930.0 0.4921166628098635
7940.0 0.493078223924377
7950.0 0.4938494376918285
7960.0 0.4940373289440897
7970.0 0.4947913500479355
7980.0 0.4968999074344232
7990.0 0.4982851449020749
8000.0 0.4970485011698716
8010.0 0.4950136266274081
8020.000000000001 0.4943443407941899
8030.000000000001 0.4948895938399676
8040.000000000001 0.4959678194575192
8050.000000000001 0.4970374487432679
8060.000000000001 0.4977325235718945
8070.000000000001 0.4982593559066664
8080.000000000001 0.4988758357016674
8090.000000000001 0.4993117925288096
8100.000000000001 0.4993338973820167
8110.000000000001 0.4992835474386005
8120.000000000001 0.4994935435440688
8129.999999999999 0.4997059957443381
8139.999999999999 0.4996642421327245
8149.999999999999 0.4996789787015294
8159.999999999999 0.5000805502014601
8169.999999999999 0.5006565044322482
8179.999999999999 0.5011342148710037
8189.999999999999 0.5015136815177275
8200.0 0.5019017444962541
8210.0 0.5024973474854483
8220.0 0.5034515403155594
8230.0 0.5045027488903023
8240.0 0.5053194004115684
8250.0 0.5056129037402641
8260.0 0.5053611540231819
8270.0 0.5055011514268278
8280.0 0.5067365671116306
8290.0 0.5079732108438338
8300.0 0.508075138778067
8310.0 0.5077226891741522
8320.0 0.5077853195915726
8330.0 0.5081009277734755
8340.0 0.508369870154163
8350.0 0.5087554770378889
8360.0 0.5094198506815055
8370.0 0.5101689595957497
8380.0 0.5107449138265375
8390.0 0.511034733013032
8400.0 0.5110519256766377
8410.0 0.5112570095925046
8420.0 0.5119901538905435
8430.0 0.5126532994867599
8440.0 0.5127429469469891
8450.0 0.5131162733567108
8460.0 0.5145248437249701
8470.0 0.5160648151650722
8480.0 0.5167598899936989
8490.0 0.5170632177015979
8500.0 0.5176146109843774
8510.0 0.5183477552824167
8520.0 0.5190858117700573
8530.0 0.5198386048265028
8540.0 0.5206208710205578
8550.0 0.5212275264363555
8560.0 0.5215283980494537
8570.0 0.5219004964117752
8580.0 0.522734340596647
8590.0 0.5238960734374257
8600.0 0.5251106123164218
8610.0 0.5259653333071005
8620.0 0.5262514683513939
8630.0 0.5266456715669223
8640.0 0.5278221409765059
8650.0 0.5294001818860206
8660.0 0.530855418055495
8670.0 0.5320773252188934
8680.0 0.5330695875184168
8690.0 0.5338064159586573
8700.0 0.5343050032032197
8710.0 0.5349116586190176
8720.0 0.535912517250344
8730.0 0.5371258280819396
8740.0 0.5382507195007062
8750.0 0.5390907039225802
8760.0 0.5395647302191349
8770.0 0.5400977027909086
8780.0 0.5410666321898244
8790.0 0.5421571382813801
8800.0 0.5430241397460628
8810.0 0.5438297388407254
8820.0 0.5447384939170218
8830.0 0.5454151480346425
8840.0 0.545569882007093
8850.0 0.5456288282823122
8860.0 0.5460439083036474
8870.0 0.5466910892836585
8880.0 0.5473284458844663
8890.0 0.5479068562100549
8900.0 0.5484152678338208
8910.0 0.5487959625279448
8920.0 0.5490378878658239
8930.0 0.5493571801899279
8940.0 0.5498913808091018
8950.0 0.5503113730200389
8960.0 0.5502880401194312
8970.0 0.5500841842509648
8980.0 0.550026466023146
8990.0 0.5501099732463732
9000.0 0.5502426023656165
9010.0 0.5503371620154475
9020.0 0.5503224254466426
9030.0 0.5501664634267917
9040.0 0.5499454148947196
9050.0 0.5497575236424583
9060.0 0.5496322628076176
9070.0 0.549557351916193
9080.0 0.5494664764085635
9090.0 0.5493019180569099
9100.0 0.5490870097618399
9110.0 0.5488635051349668
9120.0 0.5486829821671079
9130.0 0.5485724579010719
9140.0 0.5484705299668389
9150.0 0.5483121118521871
9160.0 0.5480689584669078
9170.0 0.5477693149012102
9180.0 0.5475445822269368
9190.0 0.5474930042361199
9200.0 0.5474635310985103
9210.0 0.5473272178370657
9220.0 0.5471737119120159
9230.0 0.5471307302530019
9240.0 0.5471565192484101
9250.0 0.5471872204334203
9260.0 0.5472572191352431
9270.0 0.5473861641122851
9280.0 0.5475396700373352
9290.0 0.5476993161993872
9300.0 0.5479129964470568
9310.0 0.5482200082971571
9320.0 0.5485380725738609
9330.0 0.5488070149545483
9340.0 0.5491017463306445
9350.0 0.549508230020177
9360.0 0.5499724319375285
9370.0 0.5504354058074794
9380.0 0.5509168003884363
9390.0 0.5514387205336065
9400.0 0.5519078346405595
9410.0 0.552271336671078
9420.0 0.5526495752704014
9430.0 0.5531665832259699
9440.0 0.5536627143757317
9450.0 0.5539991993634412
9460.0 0.5543332282563502
9470.0 0.5548293594061121
9480.0 0.5553463673616806
9490.0 0.5557368864350081
9500.0 0.5561237213661342
9510.0 0.5566480976061051
9520.0 0.5571651055616738
9530.0 0.5575286075921922
9540.0 0.5578122865416849
9550.0 0.5581254386287868
9560.0 0.5584901687067059
9570.0 0.558895424348838
9580.0 0.5592662946637589
9590.0 0.5595327809496458
9600.0 0.559788214808929
9610.0 0.5601246997966387
9620.0 0.56046609697395
9630.0 0.56074240763904
9640.0 0.5609917012613215
9650.0 0.5612520473102064
9660.0 0.5614706397474776
9670.0 0.5615971286297188
9680.0 0.5617690552657748
9690.0 0.5620981719690822
9700.0 0.5624309728145908
9710.0 0.5625881628818419
9720.0 0.5626937749582764
9730.0 0.562747809043894
9740.0 0.5621423816754967
9750.0 0.5593903274511993
9760.0 0.5517260836253002
9770.0 0.5347692051205712
9780.0 0.503487153690171
9790.0 0.4547471804156786
9800.0 0.3891547126654908
9810.0 0.3108421299419557
9820.0 0.2270978935664492
9830.0 0.1479674312742474
9840.0 0.0837073949534942
9850.0 0.040081011054269
9860.0 0.0158786528871774
9870.0 0.0051086771856657
9880.0 0.0013152387658288
9890.0 0.0002677143332872
9900.0 4.17536116136017e-05
9910.0 4.912189601601708e-06
9920.0 0.0
