mejiro/data/filter_responses/F158.ecsv
# %ECSV 1.0
# ---
# datatype:
# - {name: wavelength, unit: Angstrom, datatype: float64}
# - {name: response, datatype: float64}
# schema: astropy-2.0
wavelength response
13650.0 0.0
13660.000000000002 6.140237002002135e-06
13670.0 2.4560948008004277e-05
13680.000000000002 6.999870182280255e-05
13690.0 0.0001940314892632
13700.000000000002 0.0004936750549609
13710.0 0.0011691011251811
13720.000000000002 0.0025678471142372
13730.0 0.0052511306841121
13740.000000000002 0.0100405155456738
13750.0 0.0179737017522606
13759.999999999998 0.0302247026186552
13770.0 0.0479208656584254
13779.999999999998 0.0719316484310545
13790.0 0.1027003760480872
13799.999999999998 0.1401116120538859
13810.0 0.1834837901412281
13819.999999999998 0.2315127239708888
13830.0 0.2823256412572574
13839.999999999998 0.333574515370768
13850.0 0.3826669382491754
13859.999999999998 0.4271554114234817
13870.0 0.4651069882854565
13879.999999999998 0.4952727446288925
13890.0 0.517456192869726
13899.999999999998 0.5326139819328684
13910.0 0.5423094161590297
13919.999999999998 0.547947381774268
13930.0 0.5507596103211853
13939.999999999998 0.5519655528683783
13950.0 0.552473964492144
13959.999999999998 0.552734310541029
13970.0 0.5529258859354914
13980.0 0.5529958846373143
13990.0 0.5528632555180711
14000.0 0.552654487460003
14010.0 0.5525304546725625
14020.0 0.5525058937245544
14030.0 0.5525537875731702
14040.0 0.5525820326633794
14050.0 0.5525206302933592
14060.0 0.5523830889845144
14070.0 0.5522246708698627
14080.0 0.5520760771344144
14090.0 0.5519545004417746
14100.0 0.5517764335687166
14110.0 0.5514866143822221
14120.0 0.5512569695183472
14130.0 0.55123486466514
14140.0 0.5512459170917438
14150.0 0.5511145160199008
14160.0 0.5509069760092331
14170.0 0.5507473298471812
14180.0 0.5506846994297607
14190.0 0.5507264530413742
14200.0 0.5507731188425895
14210.0 0.5507731188425896
14220.0 0.5508701345872211
14230.0 0.5511894269113253
14240.0 0.5515897703638558
14250.0 0.5518943261191551
14260.0 0.5520355515702011
14270.0 0.5520294113331992
14280.0 0.5520134467169939
14290.0 0.5520957258928206
14300.0 0.5522185306328607
14310.0 0.5522836171450821
14320.0 0.552320458567094
14330.0 0.552359756083907
14340.0 0.5524272986909289
14350.0 0.5525144900563572
14360.0 0.5525955411847838
14370.0 0.5526581716022041
14380.0 0.5526630837918057
14390.0 0.5526262423697937
14400.0 0.5526286984645945
14410.0 0.5527539592994354
14420.0 0.5529050091296847
14430.0 0.5529885163529118
14440.0 0.5529958846373143
14450.0 0.5529553590731011
14460.0 0.5529222017932901
14470.0 0.5529516749308998
14480.0 0.5530278138697247
14490.0 0.5531457064201633
14500.0 0.5532844757764084
14510.0 0.5534207890378529
14520.0 0.553492015787076
14530.0 0.5534699109338689
14540.0 0.5534539463176635
14550.0 0.5535386815882912
14560.0 0.5536492058543273
14570.0 0.5537044679873452
14580.0 0.553768326452166
14590.0 0.5539034116662103
14600.0 0.5540335846906528
14610.0 0.5540777943970671
14620.0 0.5541084955820771
14630.0 0.5541956869475055
14640.0 0.5542718258863304
14650.0 0.5542865624551352
14660.0 0.5543074392609418
14670.0 0.5544302440009818
14680.0 0.5546033986844383
14690.0 0.554745852182885
14700.0 0.554810938695106
14710.0 0.5547912899366998
14720.0 0.5548011143159028
14730.0 0.5549533921935526
14740.0 0.5551400553984135
14750.0 0.5552432113800472
14760.0 0.5553070698448679
14770.0 0.5554040855894995
14780.0 0.5555096976659339
14790.000000000002 0.55562022193197
14800.0 0.5557442547194105
14810.000000000002 0.5559051289288628
14820.0 0.556040214142907
14830.000000000002 0.5561114408921302
14840.0 0.5561703871673493
14850.000000000002 0.5562821394807859
14860.0 0.5564086283630271
14870.000000000002 0.5565068721550591
14880.0 0.5565719586672803
14890.000000000002 0.5566259927528979
14900.0 0.5567119560709259
14910.000000000002 0.5568494973797709
14920.0 0.5569833545464145
14930.000000000002 0.5570594934852392
14940.0 0.5571515970402694
14950.000000000002 0.5573296639133274
14960.0 0.5575200112603894
14970.000000000002 0.5576329916212264
14980.0 0.5576870257068439
14990.000000000002 0.5577115866548519
15000.0 0.5577705329300711
15009.999999999998 0.5579031620493144
15020.0 0.558080000874972
15029.999999999998 0.558245787274026
15040.0 0.5583882407724725
15049.999999999998 0.5585306942709191
15060.0 0.5586731477693656
15069.999999999998 0.5588082329834094
15080.0 0.5588954243488379
15089.999999999998 0.5589064767754415
15100.0 0.5589470023396547
15109.999999999998 0.559110332643908
15120.0 0.5593424336025836
15129.999999999998 0.559540149234048
15140.0 0.559671550305891
15149.999999999998 0.5597255843915085
15160.0 0.5597489172921162
15169.999999999998 0.5597857587141282
15180.0 0.5598496171789491
15189.999999999998 0.5599306683073757
15200.0 0.5600350523364095
15209.999999999998 0.560152944886848
15220.0 0.5602683813424857
15230.0 0.5603703092767189
15240.0 0.5604796054953545
15250.0 0.5606122346145977
15260.0 0.5607645124922472
15270.0 0.5609131062276957
15280.0 0.5610199463515307
15290.0 0.5610715243423475
15300.0 0.5611574876603754
15310.0 0.5613466069600372
15320.0 0.5615173055486927
15330.0 0.561563971349908
15340.0 0.5615664274447089
15350.0 0.561613093245924
15360.0 0.5616867760899482
15370.0 0.5617555467443704
15380.0 0.5618623868682053
15390.0 0.5620453659308651
15400.0 0.5622050120929171
15410.0 0.5622492217993315
15420.0 0.5622246608513234
15430.0 0.5622062401403176
15440.0 0.5622688705577379
15450.0 0.5624690422840032
15460.0 0.5626778103420712
15470.0 0.5627834224185057
15480.0 0.5628534211203284
15490.0 0.5629627173389641
15500.0 0.5630486806569921
15510.0 0.5630413123725897
15520.0 0.563032716040787
15530.0 0.5631235915484167
15540.0 0.5632463962884566
15550.0 0.5633225352272815
15560.0 0.5633348157012855
15570.0 0.5632918340422715
15580.0 0.5633065706110763
15590.0 0.5634551643465247
15600.0 0.5635877934657679
15610.0 0.5635742849443635
15620.0 0.5635804251813655
15630.0 0.5637683164336268
15640.0 0.5639734003494936
15650.0 0.5640188381033084
15660.0 0.5639918210604997
15670.0 0.564011469818906
15680.0 0.5641232221323426
15690.0 0.564314797526805
15700.0 0.5644265498402414
15710.0 0.5643479548066158
15720.0 0.5642755000099922
15730.0 0.5644191815558389
15740.0 0.5646439142301123
15750.0 0.564765490922752
15760.0 0.5647839116337579
15770.0 0.5647470702117459
15780.0 0.5647237373111383
15790.0 0.5647765433493556
15800.0 0.5648465420511786
15810.0 0.5648821554257899
15820.0 0.56494355779581
15830.0 0.565081099104655
15840.0 0.5651916233706911
15850.0 0.5651977636076929
15860.0 0.5652149562712986
15870.0 0.5653746024333507
15880.0 0.5655698619700141
15890.0 0.5656779301412495
15900.0 0.5657270520372655
15910.0 0.5657516129852737
15920.0 0.565836348255901
15930.0 0.5660156431763596
15940.0 0.5661887978598161
15950.0 0.5662551124194377
15960.0 0.5662673928934416
15970.0 0.5662980940784518
15980.0 0.5664110744392885
15990.0 0.566624754686958
16000.0 0.5668298386028251
16010.0 0.5669268543474568
16020.0 0.5669784323382736
16030.0 0.5670680797985027
16040.000000000002 0.5671933406333436
16050.0 0.5673407063213917
16060.000000000002 0.5675126329574476
16070.0 0.5677005242097091
16080.000000000002 0.5678650825613628
16090.0 0.5679694665903967
16100.000000000002 0.5680885871882354
16110.0 0.5683022674359051
16120.000000000002 0.568495070877768
16130.0 0.5685724378639934
16140.000000000002 0.5686498048502185
16150.0 0.568841380244681
16160.000000000002 0.5691029543409662
16170.0 0.5693522479632475
16180.000000000002 0.5695597879739153
16190.0 0.5697182060885669
16200.000000000002 0.5698496071604098
16210.0 0.5699834643270534
16220.000000000002 0.5701443385365059
16230.0 0.5703310017413666
16240.000000000002 0.570500472282622
16250.0 0.5706036282642556
16259.999999999998 0.5707436256679012
16270.0 0.5709929192901826
16279.999999999998 0.5712213361066569
16290.0 0.5713048433298842
16299.999999999998 0.5713760700791076
16310.0 0.5715676454735699
16319.999999999998 0.5718267634750546
16330.0 0.572071144907734
16339.999999999998 0.5722750007762006
16350.0 0.5724407871752547
16359.999999999998 0.572601661384707
16370.0 0.5727993770161716
16379.999999999998 0.5730106011690403
16390.0 0.5732132289901064
16400.0 0.5733630507729554
16410.0 0.5734514701857841
16420.0 0.5735902395420296
16430.0 0.5738518136383148
16440.0 0.5741011072605959
16450.0 0.5742091754318311
16460.0 0.574260753422648
16470.0 0.574365137451682
16480.0 0.5744940824287242
16490.0 0.5746033786473597
16500.0 0.5747777613782165
16510.0 0.5750761768965138
16520.0 0.5752861730019824
16530.0 0.5752407352481675
16540.0 0.5752002096839545
16550.0 0.5754138899316241
16560.0 0.5757172176395229
16570.0 0.5758952845125811
16580.0 0.5759947563520136
16590.0 0.5761003684284479
16600.0 0.5762919438229103
16610.0 0.5765805349620045
16620.0 0.5767622859772638
16630.0 0.5766836909436381
16640.0 0.5766087800522136
16650.0 0.5767954432570747
16660.0 0.577097542917573
16670.0 0.577308767070442
16680.0 0.5773763096774638
16690.0 0.5773222755918463
16700.0 0.5773013987860395
16710.0 0.5774450803318865
16720.0 0.5776047264939383
16730.0 0.5776378837737491
16740.0 0.5776710410535599
16750.0 0.5778527920688193
16760.0 0.5780578759846863
16770.0 0.5781745404877242
16780.0 0.5782740123271566
16790.0 0.5784631316268184
16800.0 0.5786694435900857
16810.0 0.5788008446619285
16820.0 0.5789113689279646
16830.0 0.5790452260946082
16840.0 0.5791643466924469
16850.0 0.5792294332046681
16860.0 0.5792945197168895
16870.0 0.5794099561725271
16880.0 0.5795548657657742
16890.0 0.5796838107428165
16900.0 0.5797857386770496
16910.0 0.5798753861372788
16920.0 0.5800239798727271
16930.0 0.5802794137320105
16940.0 0.5804783574108755
16950.0 0.5805127427380867
16960.0 0.5805864255821107
16970.0 0.5808836130530077
16980.0 0.5811402749596914
16990.0 0.5811193981538845
17000.0 0.5810874689214741
17010.0 0.5813502710651597
17020.0 0.5817248255222818
17030.0 0.5819876276659675
17040.0 0.5821018360742047
17050.0 0.5821128885008084
17060.0 0.5821644664916253
17070.0 0.5823769186918946
17080.0 0.5826188440297734
17090.0 0.5827698938600228
17100.0 0.5828693656994551
17110.0 0.5829933984868956
17120.0 0.5831579568385492
17130.0 0.5833409359012087
17140.0 0.5834760211152529
17150.0 0.5835312832482709
17160.0 0.5836811050311198
17170.0 0.5840544314408415
17180.0 0.5844142493291589
17190.0 0.5845272296899956
17200.0 0.5845603869698064
17210.0 0.5847138928948566
17220.0 0.5849066963367195
17230.0 0.5850479217877652
17240.0 0.5851952874758134
17250.0 0.5854224762448876
17260.0 0.5856337003977565
17270.0 0.5857270320001868
17280.0 0.5857933465598086
17290.0 0.5859186073946493
17300.0 0.5860966742677074
17310.0 0.5863115825627774
17320.0 0.5865166664786444
17330.0 0.5866898211621007
17340.0 0.5868629758455572
17350.0 0.5870606914770217
17360.0 0.5872338461604782
17370.0 0.5873357740947114
17380.0 0.5873554228531177
17390.0 0.5873148972889046
17400.0 0.587377527706325
17410.0 0.5876427859448116
17420.0 0.5879485697475112
17430.0 0.5881094439569635
17440.0 0.5882101438437966
17450.0 0.5883747021954502
17460.0 0.588518383741297
17470.0 0.5885454007841058
17480.0 0.5885392605471037
17490.0 0.5885908385379207
17500.0 0.5886645213819447
17510.0 0.5887099591357596
17520.0 0.5888315358283991
17530.0 0.5890894257824831
17540.0 0.5893362633099637
17550.0 0.5894160863909896
17560.0 0.5894087181065872
17570.0 0.5894234546753921
17580.0 0.589468892429207
17590.0 0.5895450313680318
17600.0 0.5896543275866675
17610.0 0.5897894128007114
17620.0 0.5898459029811298
17630.0 0.5897439750468966
17640.0 0.5895573118420357
17650.0 0.5893301230729616
17660.0 0.5888450443498034
17670.0 0.5877876955380588
17680.0 0.5858658013564322
17690.0 0.5827146317270047
17700.0 0.5778503359740186
17710.0 0.5706773111082796
17720.0 0.560502938395962
17730.0 0.5466333710558398
17740.0 0.5285135316629314
17750.0 0.505725884101101
17760.0 0.4779953457526589
17770.0 0.4453599860870176
17780.0 0.4083024277325343
17790.0 0.3676061649306646
17800.0 0.3242524075543284
17810.0 0.2795048163785375
17820.0 0.2348345921889719
17830.0 0.1918173198003454
17840.0 0.151913147571734
17850.0 0.1163390704769344
17860.0 0.0859154241794142
17870.0 0.0610179911836959
17880.0 0.041568176456154
17890.0 0.0270993219846361
17900.0 0.0168635469022986
17910.0 0.0100061302184626
17920.0 0.0056441058522403
17930.0 0.0030246807471862
17940.0 0.0015387433927016
17950.0 0.000739284535041
17960.0 0.0003352569403092
17970.0 0.0001449095932472
17980.0 6.140237002000427e-05
17990.0 2.4560948008004277e-05
18000.0 7.368284402402561e-06
18010.0 2.456094800800854e-06
18020.0 0.0
