mejiro/data/filter_responses/F184.ecsv
# %ECSV 1.0
# ---
# datatype:
# - {name: wavelength, unit: Angstrom, datatype: float64}
# - {name: response, datatype: float64}
# schema: astropy-2.0
wavelength response
16580.0 0.0
16590.0 4.912189601601708e-06
16600.0 1.4736568804805122e-05
16610.0 3.684142201200171e-05
16620.0 9.087550762961708e-05
16630.0 0.0002075400106676
16640.0 0.0004605177751501
16650.0 0.0009603330671131
16660.0 0.0019096137076226
16670.0 0.0035957227883724
16680.0 0.0064288281410961
16690.0 0.0109394462427669
16700.0 0.0177477410305869
16710.0 0.0275291385747763
16720.0 0.0409050308599377
16730.0 0.0583641807514306
16740.0 0.080213600099355
16750.0 0.1065294278425357
16760.0 0.1370955276385024
16770.0 0.1714096281004912
16780.0 0.2087643739258713
16790.0 0.2482264490903386
16800.0 0.2886230683265107
16810.0 0.3285665380719351
16820.0 0.3666667086693582
16830.0 0.4016132535425532
16840.0 0.4322677727513487
16850.0 0.4578909817607035
16860.0 0.4782692003229483
16870.0 0.4936725988661707
16880.0 0.5046844999055615
16890.0 0.5121055903461813
16900.0 0.5168139240793165
16910.0 0.5196298367684347
16920.0 0.5212864727115748
16930.0 0.5223045240065068
16940.0 0.5228755660476929
16950.0 0.5230818780109602
16960.0 0.5232218754146057
16970.0 0.5235202909329033
16980.0 0.523764672365583
16990.0 0.5237499357967781
17000.0 0.52372537484877
17010.0 0.5239599319022465
17020.0 0.5242964168899563
17030.0 0.5245346580856339
17040.0 0.524639042114668
17050.0 0.5246488664938712
17060.0 0.5246967603424868
17070.0 0.5248809674525469
17080.0 0.5251044720794198
17090.0 0.5252383292460634
17100.0 0.5253328888958942
17110.0 0.5254434131619302
17120.0 0.5255883227551775
17130.0 0.5257553372016319
17140.0 0.5258756858468712
17150.0 0.5259248077428872
17160.0 0.5260586649095308
17170.0 0.5263976059920413
17180.0 0.5267230385531475
17190.0 0.5268225103925799
17200.0 0.5268507554827891
17210.0 0.5269907528864347
17220.0 0.5271688197594929
17230.0 0.5272940805943338
17240.0 0.5274279377609774
17250.0 0.5276330216768443
17260.0 0.5278184568343047
17270.0 0.5279093323419345
17280.0 0.5279670505697532
17290.0 0.5280738906935879
17300.0 0.5282409051400423
17310.0 0.5284300244397042
17320.0 0.5286154595971646
17330.0 0.5287714216170154
17340.0 0.5289310677790675
17350.0 0.5291079066047251
17360.0 0.5292601844823749
17370.0 0.5293559721796061
17380.0 0.5293743928906118
17390.0 0.5293387795160005
17400.0 0.5293903575068173
17410.0 0.5296347389394969
17420.0 0.5299061374149855
17430.0 0.5300498189608323
17440.0 0.5301431505632627
17450.0 0.5302942003935119
17460.0 0.5304219173231535
17470.0 0.5304403380341597
17480.0 0.5304391099867591
17490.0 0.5304882318827752
17500.0 0.5305533183949964
17510.0 0.5305938439592097
17520.0 0.530699456035644
17530.0 0.5309364691839213
17540.0 0.5311599738107944
17550.0 0.531229972512617
17560.0 0.5312213761808142
17570.0 0.5312348847022188
17580.0 0.5312790944086331
17590.0 0.5313515492052567
17600.0 0.5314547051868904
17610.0 0.5315885623535341
17620.0 0.5316732976241616
17630.0 0.5316585610553569
17640.0 0.5316425964391516
17650.0 0.5317457524207853
17660.0 0.5318746973978273
17670.0 0.5319348717204471
17680.0 0.5319373278152477
17690.0 0.5319090827250386
17700.0 0.531889433966632
17710.0 0.5318943461562337
17720.0 0.5319152229620405
17730.0 0.5319324156256461
17740.0 0.5319950460430666
17750.0 0.5321178507831066
17760.0 0.5322332872387442
17770.0 0.5322725847555572
17780.0 0.5323081981301686
17790.0 0.532413810206603
17800.0 0.5325243344726391
17810.0 0.5325501234680474
17820.0 0.5324948613350295
17830.0 0.5323892492585952
17840.0 0.5323106542249695
17850.0 0.5323266188411746
17860.0 0.5324273187280074
17870.0 0.532575912463456
17880.0 0.5327404708151097
17890.0 0.5328841523609564
17900.0 0.5329787120107874
17910.0 0.5330069571009965
17920.0 0.532981168105588
17930.0 0.5329357303517733
17940.0 0.5329725717737852
17950.0 0.5331457264572417
17960.0 0.5332955482400906
17970.0 0.5332697592446822
17980.0 0.5331997605428593
17990.0 0.5332476543914749
18000.0 0.5334146688379293
18010.0 0.5336406295596032
18020.0 0.5338064159586572
18030.0 0.5338334330014659
18040.0 0.5338076440060576
18050.0 0.5338383451910677
18060.0 0.533931676793498
18070.0 0.5340839546711477
18080.0 0.5342534252124029
18090.0 0.5344216677062579
18100.0 0.5345346480670946
18110.0 0.5345678053469054
18120.0 0.5346328918591268
18130.0 0.5348170989691866
18140.0 0.5350356914064579
18150.0 0.5351990217107113
18160.0 0.5353144581663489
18170.0 0.5354151580531816
18180.0 0.5354053336739786
18190.0 0.5352297228957213
18200.0 0.5350958657290776
18210.0 0.535203933900313
18220.0 0.5354667360439986
18230.0 0.535738134519487
18240.0 0.5360254976111807
18250.0 0.5363521582196875
18260.0 0.5366702224963911
18270.0 0.5369060075972679
18280.0 0.5370128477211027
18290.0 0.5369821465360927
18300.0 0.5369747782516903
18310.0 0.5371270561293398
18320.0 0.5372879303387923
18330.0 0.5372989827653961
18340.0 0.5372952986231948
18350.0 0.5374316118846392
18360.0 0.5376784494121196
18370.0 0.5379437076506062
18380.0 0.5381893171306863
18390.0 0.5383919449517524
18400.0 0.5385294862605972
18410.0 0.5385896605832169
18420.0 0.5385896605832169
18430.0 0.5385466789242029
18440.0 0.5385245740709957
18450.0 0.5385908886306173
18460.0 0.5386989568018525
18470.0 0.5388131652100898
18480.0 0.5389642150403391
18490.0 0.5391570184822019
18500.0 0.5392466659424311
18510.0 0.5391226331549908
18520.0 0.5390219332681577
18530.0 0.5391385977711959
18540.0 0.5392933317436464
18550.0 0.5392970158858474
18560.0 0.5392564903216344
18570.0 0.5393240329286564
18580.0 0.5394492937634973
18590.0 0.5395585899821329
18600.0 0.5396568337741647
18610.0 0.5397587617083981
18620.0 0.5398508652634282
18630.0 0.5398827944958385
18640.0 0.5397599897557984
18650.0 0.5394345571946925
18660.0 0.5391594745770028
18670.0 0.5391594745770028
18680.0 0.5392650866534372
18690.0 0.5392650866534372
18700.0 0.5391680709088056
18710.0 0.5390452661687655
18720.0 0.5391128087757875
18730.0 0.53948859128031
18740.0 0.5398115677466154
18750.0 0.539752621471396
18760.0 0.5396027996885473
18770.0 0.5396838508169736
18780.0 0.5397919189882088
18790.0 0.539693675196177
18800.0 0.5395647302191348
18810.0 0.5396126240677506
18820.0 0.5396863069117744
18830.0 0.539623676494354
18840.0 0.5395303448919235
18850.0 0.5395389412237264
18860.0 0.5395819228827403
18870.0 0.5395549058399316
18880.0 0.5394935034699117
18890.0 0.5394480657160967
18900.0 0.5395094680861168
18910.0 0.5396899910539756
18920.0 0.5397096398123822
18930.0 0.5393473658292639
18940.0 0.5389507065189346
18950.0 0.5388696553905081
18960.0 0.5388721114853089
18970.0 0.5386977287544521
18980.0 0.5385724679196111
18990.0 0.5387333421290639
19000.0 0.5389507065189345
19010.0 0.5389703552773409
19020.0 0.5389236894761258
19030.0 0.538970355277341
19040.0 0.5390771954011758
19050.0 0.539154562387401
19060.0 0.5390993002543829
19070.0 0.5388635151535062
19080.0 0.5386031691046214
19090.0 0.5384840485067826
19100.0 0.538513521644392
19110.0 0.5386449227162349
19120.0 0.538755446982271
19130.0 0.538755446982271
19140.0 0.5387235177498605
19150.0 0.5387333421290638
19160.0 0.5386965007070517
19170.0 0.5385086094547904
19180.0 0.5382065097942919
19190.0 0.537897041849391
19200.0 0.5378565162851778
19210.0 0.5382728243539137
19220.0 0.5387112372758565
19230.0 0.5387480786978683
19240.0 0.5385884325358163
19250.0 0.5384840485067824
19260.0 0.5383047535863239
19270.0 0.5379326552240026
19280.0 0.5377042384075282
19290.0 0.5379265149870007
19300.0 0.5383059816337243
19310.0 0.5384717680327786
19320.0 0.5383698400985453
19330.0 0.5380751087224492
19340.0 0.537841779716373
19350.0 0.5378528321429766
19360.0 0.5379461637454069
19370.0 0.5379265149870006
19380.0 0.5378700248065822
19390.0 0.5379031820863929
19400.0 0.5380456355848395
19410.0 0.5382715963065131
19420.0 0.5383993132361549
19430.0 0.5382654560695112
19440.0 0.5379977417362238
19450.0 0.5377717810145501
19460.0 0.5376882737913229
19470.0 0.5377779212515521
19480.0 0.537854060190377
19490.0 0.5377582724931458
19500.0 0.5377005542653269
19510.0 0.5378933577071899
19520.0 0.5381352830450687
19530.0 0.5382200183156963
19540.0 0.5382273866000988
19550.0 0.5382875609227183
19560.0 0.5384066815205572
19570.0 0.5385552752560057
19580.0 0.5385761520618124
19590.0 0.5383870327621507
19600.0 0.5383022974915231
19610.0 0.5385798362040135
19620.0 0.5388586029639045
19630.0 0.5387738676932768
19640.0 0.5385970288676193
19650.0 0.5386486068584362
19660.0 0.5388315859210958
19670.0 0.5389924601305481
19680.0 0.5391189490127895
19690.0 0.539222104994423
19700.0 0.5392392976580287
19710.0 0.5391521062926001
19720.0 0.5391091246335863
19730.0 0.5392319293736263
19740.0 0.5393142085494531
19750.0 0.5391570184822019
19760.0 0.5389543906611357
19770.0 0.5389273736183271
19780.0 0.5389715833247413
19790.0 0.5389298297131278
19800.0 0.5387382543186653
19810.0 0.5383256303921307
19820.0 0.5376809055069205
19830.0 0.5367082919658033
19840.0 0.535213758279516
19850.0 0.5329725717737852
19860.0 0.5298864886565791
19870.0 0.5258265639508553
19880.0 0.5204477163371014
19890.0 0.5133827596425977
19900.0 0.5044081892404714
19910.0 0.4933287455940587
19920.0 0.4798902228914768
19930.0 0.4639022737856637
19940.0 0.4452433215839797
19950.0 0.423908454096823
19960.0 0.3998620579495822
19970.0 0.3733055329159229
19980.0 0.3448136051792326
19990.0 0.3149831057761059
20000.0 0.2841087660826387
20010.0 0.2526105783097682
20020.0 0.2212499318457425
20030.0 0.1907759356048059
20040.0 0.1617891047657542
20050.0 0.1348322362795644
20060.0 0.1102921650773627
20070.0 0.0884562542508427
20080.0 0.0695271316210705
20090.0 0.0535158496146497
20100.0 0.0403131120129447
20110.0 0.0296941861416822
20120.0 0.0213643406247661
20130.0 0.0150018270432915
20140.0 0.0102763006465507
20150.0 0.0068647849682383
20160.0 0.0044750047270591
20170.0 0.0028404736371261
20180.0 0.0017561077825725
20190.0 0.0010548927169439
20200.0 0.0006177078424013
20210.0 0.0003549056987156
20220.0 0.0001952595366636
20230.0 0.000104384029034
20240.0 5.403408561760597e-05
20250.0 2.8245090209205555e-05
20260.0 1.3508521404404697e-05
20270.0 4.912189601601708e-06
20280.0 2.456094800800854e-06
20290.0 0.0
