mejiro/data/filter_responses/Grism_1stOrder.ecsv
# %ECSV 1.0
# ---
# datatype:
# - {name: wavelength, unit: Angstrom, datatype: float64}
# - {name: response, datatype: float64}
# schema: astropy-2.0
wavelength response
[from data line 556]
15400.0 0.4216598993066898
15410.0 0.4212669241385616
15420.0 0.4208162307426147
15430.0 0.4203704495362693
15440.0 0.4199848426525436
15450.0 0.4197023917504515
15460.0 0.4194223969431602
15470.0 0.419066263197044
15480.0 0.4186843404555195
15490.0 0.4183306628042042
15500.0 0.4179548802996816
15510.0 0.4175115551881372
15520.0 0.4170682300765925
15530.0 0.4166924475720699
15540.0 0.4163412260155554
15550.0 0.4159605313214314
15560.0 0.4155294866838908
15570.0 0.4150542323399359
15580.0 0.4146195035601941
15590.0 0.4142830185724844
15600.0 0.4139391653003723
15610.0 0.4134811036200229
15620.0 0.4130402346032792
15630.0 0.4127319947057786
15640.0 0.4124348072348818
15650.0 0.412018499166146
15660.0 0.4115481570117926
15670.0 0.4111134282320509
15680.0 0.4107462420593312
15690.0 0.4104355460670297
15700.0 0.4100634477047086
15710.0 0.4095525799861419
15720.0 0.4090503085993781
15730.0 0.4086990870428637
15740.0 0.4084068117615683
15750.0 0.4080383975414482
15760.0 0.4075975285247045
15770.0 0.4071173619911479
15780.0 0.4066433356945934
15790.0 0.4062221154362559
15800.0 0.4058156317467236
15810.0 0.4053833590617825
15820.0 0.4049682790404471
15830.0 0.4046084611521298
15840.0 0.4042277664580058
15850.0 0.4037697047776564
15860.0 0.4033276077135121
15870.0 0.4029727020147965
15880.0 0.4026472694536904
15890.0 0.4022665747595662
15900.0 0.4018379862168265
15910.0 0.4013934330578814
15920.0 0.4009857213209487
15930.0 0.4006480082858385
15940.0 0.4003053830611267
15950.0 0.3998878469449906
15960.0 0.3994285572172408
15970.0 0.3989852321056962
15980.0 0.398600853269371
15990.0 0.3982815609452669
16000.0 0.3979585844789615
16010.0 0.3975545568842297
16020.0 0.3971222841992889
16030.0 0.3967158005097562
16040.000000000002 0.3963338777682317
16050.0 0.395966691595512
16060.000000000002 0.3956154700389975
16070.0 0.3952753009090866
16080.000000000002 0.3949191671629705
16090.0 0.3945175956630395
16100.000000000002 0.3941270765897122
16110.0 0.3938028720760065
16120.000000000002 0.3934651590408964
16130.0 0.393043938782559
16140.000000000002 0.3926214904768213
16150.0 0.3922788652521095
16160.000000000002 0.391982905828613
16170.0 0.3916758939785129
16180.000000000002 0.391348005322606
16190.0 0.3909771350076851
16200.000000000002 0.3905915281239593
16210.0 0.3902083773350344
16220.000000000002 0.3898399631149142
16230.0 0.3894924257006009
16240.000000000002 0.3891276956226821
16250.0 0.3887175277909483
16259.999999999998 0.3883356050494237
16270.0 0.3880236810097221
16279.999999999998 0.3877031606382176
16290.0 0.3872782562376791
16299.999999999998 0.386845983552738
16310.0 0.3864898498066219
16319.999999999998 0.3861852940513227
16330.0 0.3858684578220193
16339.999999999998 0.3855233765025068
16350.0 0.385150050092785
16359.999999999998 0.3847791797778641
16370.0 0.38442918626875
16379.999999999998 0.3840890171388391
16390.0 0.3837390236297249
16400.0 0.3833546447933996
16410.0 0.3829346525824627
16420.0 0.3825429054617349
16430.0 0.3822309814220333
16440.0 0.3819116890979292
16450.0 0.381500293218795
16460.0 0.3810483717754477
16470.0 0.3806308356593115
16480.0 0.3802341763489822
16490.0 0.3798178682802464
16500.0 0.3794469979653254
16510.0 0.379157178778831
16520.0 0.3788096413645176
16530.0 0.3782950895037499
16540.0 0.3777817656903825
16550.0 0.3774330002286687
16560.0 0.3771444090895747
16570.0 0.376777222916855
16580.0 0.3763523185163164
16590.0 0.375937238494981
16600.0 0.3755712803696617
16610.0 0.3752667246143625
16620.0 0.3748995384416427
16630.0 0.3743616536802673
16640.0 0.3738213128240912
16650.0 0.3734578107935726
16660.0 0.3731593952752752
16670.0 0.3728106298135616
16680.0 0.3723636205598158
16690.0 0.3718380162724444
16700.0 0.3713382009804815
16710.0 0.3709439977649529
16720.0 0.3705534786916255
16730.0 0.3700843645846727
16740.0 0.3696189346199208
16750.0 0.3692468362575995
16760.0 0.3688882464166827
16770.0 0.3684694822531461
16780.0 0.3680445778526076
16790.0 0.3676773916798878
16800.0 0.3673126616019689
16810.0 0.3669123181494385
16820.0 0.3664923259385014
16830.0 0.3660858422489689
16840.0 0.365669534180233
16850.0 0.3652225249264874
16860.0 0.3647742876253412
16870.0 0.3643592076040059
16880.0 0.3639564080566744
16890.0 0.3635486963197416
16900.0 0.3631213358244022
16910.0 0.3626878350920609
16920.0 0.3622936318765324
16930.0 0.3619608310310239
16940.0 0.3615936448583041
16950.0 0.3611245307513511
16960.0 0.3606812056398066
16970.0 0.3603766498845072
16980.0 0.3600463051337995
16990.0 0.3595403496048346
17000.0 0.3590331660284691
17010.0 0.3587028212777614
17020.0 0.3584461593710778
17030.0 0.3581170426677705
17040.0 0.3576982785042339
17050.0 0.3572156558758766
17060.0 0.3567575941955272
17070.0 0.3563965482598095
17080.0 0.3560539230350977
17090.0 0.3556572637247684
17100.0 0.3552274471346283
17110.0 0.3548148232080938
17120.0 0.3544218480399657
17130.0 0.3540423813932419
17140.0 0.3536358977037093
17150.0 0.3531802921181606
17160.0 0.3527811767130306
17170.0 0.3525146904271438
17180.0 0.3522432919516551
17190.0 0.3518208436459174
17200.0 0.3513541856337654
17210.0 0.3509550702286353
17220.0 0.3505829718663139
17230.0 0.3501789442715821
17240.0 0.3497786008190516
17250.0 0.3494236951203359
17260.0 0.3490552809002156
17270.0 0.3486291484522767
17280.0 0.3481772270089294
17290.0 0.347762146987594
17300.0 0.3473814522934699
17310.0 0.3470167222155511
17320.0 0.3466507640902317
17330.0 0.3462651572065061
17340.0 0.3458783222753798
17350.0 0.3455086800078593
17360.0 0.3451193889819324
17370.0 0.3446932565339934
17380.0 0.3442180021900384
17390.0 0.3437071344714718
17400.0 0.3432552130281244
17410.0 0.3429248682774168
17420.0 0.3426129442377152
17430.0 0.3422187410221866
17440.0 0.3417950646690483
17450.0 0.3414033175483207
17460.0 0.3409968338587881
17470.0 0.3405314038940363
17480.0 0.3400377288390754
17490.0 0.3395845793483276
17500.0 0.3391400261893826
17510.0 0.3386795084142324
17520.0 0.338266884487698
17530.0 0.3379303994999882
17540.0 0.3375865462278761
17550.0 0.337150589400734
17560.0 0.3366605984879742
17570.0 0.3361828880492185
17580.0 0.3357260544162695
17590.0 0.3352851853995257
17600.0 0.3348713334255908
17610.0 0.3344722180204607
17620.0 0.3340448575251213
17630.0 0.3335511824701603
17640.0 0.3330611915574005
17650.0 0.3326399712990632
17660.0 0.3322457680835347
17670.0 0.331798758829789
17680.0 0.331317364248832
17690.0 0.3308224611464705
17700.0 0.3303263299967088
17710.0 0.3298498476053534
17720.0 0.3293819615458008
17730.0 0.3289165315810491
17740.0 0.3284756625643054
17750.0 0.328072863016974
17760.0 0.3276639232326406
17770.0 0.3272120017892932
17780.0 0.3267588522985456
17790.0 0.3263425442298099
17800.0 0.325932376398076
17810.0 0.325471858622926
17820.0 0.3249609909043593
17830.0 0.324423106142984
17840.0 0.3238999579504134
17850.0 0.32342961579606
17860.0 0.3230194479643263
17870.0 0.3226326130332002
17880.0 0.3222580585760781
17890.0 0.3218724516923523
17900.0 0.3214536875288157
17910.0 0.3209980819432672
17920.0 0.3205117751727085
17930.0 0.3200095037859449
17940.0 0.3195600384373982
17950.0 0.3191903961698777
17960.0 0.318810929523154
17970.0 0.318323394705195
17980.0 0.3178088428444272
17990.0 0.317366745780283
18000.0 0.3169958754653622
18010.0 0.3166593904776525
18020.0 0.3162885201627315
18030.0 0.3158353706719838
18040.0 0.3153502919488256
18050.0 0.3149008266002791
18060.0 0.3144857465789437
18070.0 0.3141038238374191
18080.0 0.313741549854301
18090.0 0.3133682234445793
18100.0 0.3129678799920488
18110.0 0.3125245548805042
18120.0 0.3120935102429636
18130.0 0.3117336923546464
18140.0 0.3113959793195362
18150.0 0.3110226529098144
18160.0 0.3106247655520847
18170.0 0.3102219660047535
18180.0 0.3097528518978005
18190.0 0.309184265951415
18200.0 0.3086439250952388
18210.0 0.3082423535953079
18220.0 0.3079304295556063
18230.0 0.3076221896581057
18240.0 0.3073274582820097
18250.0 0.3070536037117203
18260.0 0.3067711528096282
18270.0 0.306445720248522
18280.0 0.3060441487485912
18290.0 0.3055676663572358
18300.0 0.305102236392484
18310.0 0.3047276819353619
18320.0 0.3043604957626422
18330.0 0.3039048901770937
18340.0 0.3034443724019435
18350.0 0.3030661338026201
18360.0 0.3027456134311156
18370.0 0.3024361454862146
18380.0 0.3021156251147102
18390.0 0.3017705437951977
18400.0 0.3013910771484739
18410.0 0.3009710849375369
18420.0 0.300508111067586
18430.0 0.3000279445340295
18440.0 0.2995649706640785
18450.0 0.2991412943109404
18460.0 0.2987495471902126
18470.0 0.2983590281168852
18480.0 0.2979893858493648
18490.0 0.2976418484350513
18500.0 0.2972378208403198
18510.0 0.2967195848373507
18520.0 0.2962074890713837
18530.0 0.295821882187658
18540.0 0.2954534679675379
18550.0 0.2950027745715909
18560.0 0.2945336604646379
18570.0 0.2941185804433026
18580.0 0.2937391137965789
18590.0 0.2933510508180524
18600.0 0.2929556195551235
18610.0 0.2925614163395948
18620.0 0.2921610728870643
18630.0 0.291733712391725
18640.0 0.2912154763887561
18650.0 0.2905977685463546
18660.0 0.290007077746762
18670.0 0.2895588404456158
18680.0 0.2891732335618901
18690.0 0.2887286804029451
18700.0 0.2882264090161814
18710.0 0.2877204534872165
18720.0 0.2873090576080822
18730.0 0.287065904222803
18740.0 0.2867920496525137
18750.0 0.2863081989767559
18760.0 0.2857776824997829
18770.0 0.2853687427154495
18780.0 0.2849659431681182
18790.0 0.2844415669281472
18800.0 0.2838963138823694
18810.0 0.2834259717280161
18820.0 0.2829458051944595
18830.0 0.2823661668214705
18840.0 0.2817410906946667
18850.0 0.2811196987100641
18860.0 0.2804504128768458
18870.0 0.2796742869197928
18880.0 0.2787814964597017
18890.0 0.2777843219705765
18900.0 0.2766913597842201
18910.0 0.2754927855214293
18920.0 0.2739970237877416
18930.0 0.2720616210847105
18940.0 0.2698228906737806
18950.0 0.2674134616741949
18960.0 0.2646687757343
18970.0 0.2614107659810376
18980.0 0.2577118872110316
18990.0 0.2536286296047002
19000.0 0.2490148555213957
19010.0 0.2437170590360682
19020.0 0.2377647132863273
19030.0 0.2312179925947927
19040.0 0.224048651871255
19050.0 0.2162247618833039
19060.0 0.2077254458251326
19070.0 0.1985789487869502
19080.0 0.1888908828451912
19090.0 0.1787889649294973
19100.0 0.1683395095994901
19110.0 0.1576137436043927
19120.0 0.1466669290772233
19130.0 0.1355862573834103
19140.0 0.1245055856895972
19150.0 0.1135538589728262
19160.0 0.1028219527407269
19170.0 0.0923909181217256
19180.0 0.0823749635240597
19190.0 0.0728698766449605
19200.0 0.0639763573712605
19210.0 0.0557619483099821
19220.0 0.0481910360865135
19230.0 0.0412660767956555
19240.0 0.0350189996698185
19250.0 0.0294498047090025
19260.0 0.0245449833918032
19270.0 0.0202615540592066
19280.0 0.016573727715804
19290.0 0.0134434348921834
19300.0 0.0108006768865217
19310.0 0.0085975598502033
19320.0 0.006768997271007
19330.0 0.0052744635847197
19340.0 0.0040734332271281
19350.0 0.0031118721126146
19360.0 0.0023553949139679
19370.0 0.0017634760669749
19380.0 0.0013054143866255
19390.0 0.000960333067113
19400.0 0.0006975309234274
19410.0 0.0005010433393633
19420.0 0.0003585898409168
19430.0 0.000251749717082
19440.0 0.0001756107782572
19450.0 0.0001191205978388
19460.0 7.859503362561278e-05
19470.0 5.280603821720469e-05
19480.0 3.438532721120256e-05
19490.0 2.3332900607608112e-05
19500.0 1.596461620520555e-05
19510.0 7.368284402402561e-06
19520.0 4.912189601601708e-06
19530.0 4.912189601601708e-06
19540.0 0.0
