mejiro/data/filter_responses/Grism_1stOrder.ecsv
# %ECSV 1.0
# ---
# datatype:
# - {name: wavelength, unit: Angstrom, datatype: float64}
# - {name: response, datatype: float64}
# schema: astropy-2.0
wavelength response
9840.0 0.0
9850.0 1.228047400400427e-06
9860.0 8.596331802800855e-06
9870.0 3.929751681280555e-05
9880.0 0.0001461376406476
9890.0 0.0004691141069529
9900.0 0.0013483960456396
9910.0 0.0034274802945175
9920.0 0.0076961730583094
9930.0 0.0153186632725948
9940.0 0.0273522997491186
9950.0 0.0446911009953722
9960.0 0.0683187329790765
9970.0 0.098712906138987
9980.0 0.1340806712705194
9990.0 0.1692384402965832
10000.0 0.1976763339476559
10009.999999999998 0.2158796805637914
10020.0 0.2251502103894142
10029.999999999998 0.2292727655125584
10040.0 0.2313776387568448
10049.999999999998 0.2329397150501542
10060.0 0.2344096877884335
10069.999999999998 0.2358772044319119
10080.0 0.237325072316984
10089.999999999998 0.2387459231592473
10100.0 0.2401753703333135
10109.999999999998 0.2416477991663936
10120.0 0.2431214560468741
10129.999999999998 0.2445766922163486
10140.0 0.2459987711060123
10149.999999999998 0.2473926049054667
10160.0 0.2487962630841244
10169.999999999998 0.2502404468269954
10180.0 0.2516981390912707
10189.999999999998 0.2531386386919403
10200.0 0.2545619456290044
10209.999999999998 0.2559778842816661
10220.0 0.2573962790291286
10230.0 0.258817129871392
10240.0 0.260240436808456
10250.0 0.261635498655311
10260.0 0.2630158239333611
10270.0 0.2643863248322079
10280.0 0.265778930584262
10290.0 0.2672145179953301
10300.0 0.2686304566479918
10310.0 0.2699899051202351
10320.0 0.2713346170236735
10330.0 0.272710030112122
10340.0 0.2741038639115765
10350.0 0.2754792770000249
10360.0 0.2768387254722682
10370.0 0.2781871215179079
10380.0 0.2795244651369439
10390.0 0.2808519843767768
10400.0 0.2821659950952052
10410.0 0.2834652692448289
10420.0 0.284796472626863
10430.0 0.286176797904913
10440.0 0.2875239659031524
10450.0 0.2887704340145587
10460.0 0.2899898850831564
10470.0 0.2912781068061764
10480.0 0.2926228187096149
10490.0 0.2939748988974557
10500.0 0.2952778571892807
10510.0 0.2964923960682767
10520.0 0.2976958825206691
10530.0 0.2989607713430814
10540.0 0.3002637296349063
10550.0 0.3015593196423289
10560.0 0.3028278926069425
10570.0 0.3040706765761476
10580.0 0.3052557423175341
10590.0 0.3063830898311017
10600.0 0.3075202617238725
10610.0 0.3087372566976694
10620.0 0.3099898650460778
10630.0 0.3112117722094762
10640.0 0.3123747330976554
10650.0 0.3134812038054161
10660.0 0.314587674513177
10670.0 0.3157444951643542
10680.0 0.3169086840999337
10690.0 0.3180397157557026
10700.0 0.3191707474114713
10710.0 0.3203275680626485
10720.0 0.3214917569982282
10730.0 0.3226375252228017
10740.0 0.323788205636977
10750.0 0.3249585348095585
10760.0 0.3260993908445304
10770.0 0.3271825286516837
10780.0 0.3282239128472233
10790.0 0.3292775775167668
10800.0 0.330379136034926
10810.0 0.331544553017906
10820.0 0.3326804968632764
10830.0 0.3337145127744136
10840.0 0.3347448445433495
10850.0 0.3358660518199151
10860.0 0.3369933993334826
10870.0 0.3380347835290223
10880.0 0.3390417823973506
10890.0 0.340085622687691
10900.0 0.3411552519734397
10910.0 0.3422150568799854
10920.0 0.343253984980724
10930.0 0.3442683521334548
10940.0 0.345283947333586
10950.0 0.3463277876239264
10960.0 0.3473581193928623
10970.0 0.3483552938819875
10980.0 0.3494850974903559
10990.0 0.3508470020573999
11000.0 0.3521978541978405
11010.0 0.3532895883367964
11020.0 0.354257289688312
11030.0 0.355291305599449
11040.000000000002 0.3563805836436042
11050.0 0.3574600373085563
11060.000000000002 0.3585407190209086
11070.0 0.3596361373020658
11080.000000000002 0.3606787495450059
11090.0 0.3616378545647185
11100.000000000002 0.3626166083428376
11110.0 0.3637120266239948
11120.000000000002 0.3648246375687576
11130.0 0.3658647937168967
11140.000000000002 0.3669061779124363
11150.0 0.3680163327623983
11160.000000000002 0.3690871900955475
11170.0 0.3700155939302501
11180.000000000002 0.3709489099545546
11190.0 0.3720234514299049
11200.000000000002 0.3731188697110622
11210.0 0.3741086759157849
11220.000000000002 0.3750862016465035
11230.0 0.376130041936844
11240.000000000002 0.3771493212791763
11250.0 0.378034743454865
11259.999999999998 0.3788857803033425
11270.0 0.3798276926594496
11279.999999999998 0.380816270816772
11290.0 0.3817999367844928
11299.999999999998 0.3827872868944146
11310.0 0.3837893735731414
11319.999999999998 0.3847754956356629
11330.0 0.3857137238495689
11339.999999999998 0.3866286191628671
11350.0 0.3875570229975699
11359.999999999998 0.3884768305004699
11370.0 0.3893647087709594
11379.999999999998 0.3902636394680525
11390.0 0.3912227444877652
11399.999999999998 0.3922088665502867
11410.0 0.3931777959492026
11419.999999999998 0.3940902351677002
11430.0 0.3949289915421736
11439.999999999998 0.3957665198692467
11450.0 0.3966679066611408
11459.999999999998 0.3975963104958434
11470.0 0.3984792765767314
11480.0 0.399321717093406
11490.0 0.4001457368990746
11500.0 0.4009771249891458
11510.0 0.4018257057428225
11520.0 0.4026448133588896
11530.0 0.4034233954107434
11540.0 0.4042228542684041
11550.0 0.4051082764440928
11560.0 0.4059629974347715
11570.0 0.4066900014958086
11580.0 0.4074010409406404
11590.0 0.4082041839405022
11600.0 0.4090453964097765
11610.0 0.4098497674570389
11620.0 0.4105951922290819
11630.0 0.4112828987733061
11640.0 0.411975517507132
11650.0 0.4127197142317747
11660.0 0.4134761914304212
11670.0 0.4142031954914584
11680.0 0.4149498483109017
11690.0 0.4157480791211621
11700.0 0.416502100225008
11710.0 0.4171173519726087
11720.0 0.4176871659663944
11730.0 0.4183318908516046
11740.0 0.4190220534906297
11750.0 0.4197060758926527
11760.0 0.4203729056310701
11770.0 0.421028682942884
11780.0 0.4217200736293094
11790.0 0.4224790069227569
11800.0 0.4232158353629971
11810.0 0.4238495078216037
11820.0 0.4244512510477999
11830.0 0.4251008881226117
11840.0 0.4257529812922244
11850.0 0.4263350757600142
11860.0 0.4268717324739892
11870.0 0.4274108452827649
11880.0 0.4279978519401564
11890.0 0.428649945109769
11900.0 0.4292701090469712
11910.0 0.4297760645759362
11920.0 0.4302807920575007
11930.0 0.4308899035680994
11940.0 0.4314916467942956
11950.0 0.431974269422653
11960.0 0.4324556640036099
11970.0 0.4330463548032026
11980.0 0.4336444138871976
11990.0 0.4341430011317601
12000.0 0.4346157993809142
12010.0 0.4351463158578872
12020.0 0.4356989371880675
12030.0 0.4362269975702396
12040.0 0.4367624262368143
12050.0 0.4373346963254009
12060.0 0.4378725810867762
12070.0 0.4383109940087191
12080.0 0.4386978289398453
12090.0 0.4390932602027741
12100.0 0.4395439535987212
12110.0 0.4400769261704949
12120.0 0.4405755134150574
12130.0 0.4409537520143808
12140.0 0.4413172540448993
12150.0 0.4417753157252487
12160.0 0.4423058322022218
12170.0 0.4428375767265951
12180.0 0.4432993225491457
12190.0 0.4436493160582599
12200.0 0.4440042217569757
12210.0 0.4444868443853329
12220.0 0.4449805194402939
12230.0 0.445379634845424
12240.0 0.4457627856343489
12250.0 0.4462110229354951
12260.0 0.4466543480470397
12270.0 0.447020306172359
12280.0 0.4473739838236742
12290.000000000002 0.4477804675132067
12300.0 0.4481832670605381
12310.000000000002 0.4485062435268435
12320.0 0.4487911505237364
12330.000000000002 0.4491104428478406
12340.0 0.4494530680725521
12350.000000000002 0.4497969213446643
12360.0 0.4501149856213681
12370.000000000002 0.4504035767604623
12380.0 0.4507351495585702
12390.000000000002 0.4511502295799057
12400.0 0.4515210998948265
12410.000000000002 0.4517372362372971
12420.0 0.4519668811011718
12430.000000000002 0.4523672245537025
12440.0 0.4527614277692308
12450.000000000002 0.4529861604435043
12460.0 0.4531691395061638
12470.000000000002 0.4534749233088637
12480.0 0.4538335131497805
12490.000000000002 0.4541614018056874
12500.0 0.4544328002811759
12509.999999999998 0.4546734975716544
12520.0 0.4549006863407285
12529.999999999998 0.4551450677734082
12540.0 0.4554213784384983
12549.999999999998 0.4557333024782001
12560.0 0.4560390862808997
12569.999999999998 0.4562859238083802
12580.0 0.4564541663022351
12589.999999999998 0.4565597783786694
12600.0 0.4567157403985205
12609.999999999998 0.45702152420122
12620.0 0.4573567811415294
12629.999999999998 0.457595022337207
12640.0 0.4577951940634724
12649.999999999998 0.4580371194013513
12660.0 0.45824834355422
12669.999999999998 0.458367464152059
12680.0 0.4584779884180949
12689.999999999998 0.4586793881917606
12700.0 0.4589262257192411
12709.999999999998 0.4591399059669108
12720.0 0.4593658666885844
12730.0 0.4596262127374694
12740.0 0.4598165600845314
12750.0 0.4598644539331469
12760.0 0.4599295404453682
12770.0 0.4601837462572512
12780.0 0.4605042666287556
12790.0 0.4607511041562361
12800.0 0.4608837332754795
12810.0 0.4609218027448918
12820.0 0.4609746087831091
12830.0 0.4611440793243643
12840.0 0.4613835485674424
12850.0 0.4616267019527218
12860.0 0.4618170492997837
12870.0 0.4619275735658198
12880.0 0.4620282734526526
12890.0 0.4621916037569059
12900.0 0.4623745828195655
12910.0 0.4625465094556216
12920.0 0.462676682480064
12930.0 0.4627798384616977
12940.0 0.4629014151543373
12950.0 0.463084394216997
12960.0 0.4632428123316486
12970.0 0.4633226354126746
12980.0 0.463415967015105
12990.0 0.4636161387413704
13000.0 0.4638261348468389
13010.0 0.4639427993498768
13020.0 0.4639992895302952
13030.0 0.4640705162795185
13040.0 0.4641724442137518
13050.0 0.4643185818543994
13060.0 0.4645064731066608
13070.0 0.4647029606907248
13080.0 0.4648638349001772
13090.0 0.4649755872136137
13100.0 0.4651462858022694
13110.0 0.4654532976523694
13120.0 0.4657075034642522
13130.0 0.4657369766018619
13140.0 0.4656927668954475
13150.0 0.4657738180238738
13160.0 0.4659371483281271
13170.0 0.4661103030115836
13180.0 0.466236791893825
13190.0 0.4663043345008469
13200.0 0.4663657368708669
13210.0 0.4664860855161062
13220.0 0.4666309951093534
13230.0 0.466764852275997
13240.0 0.4668766045894334
13250.0 0.4669711642392642
13260.0 0.4670718641260972
13270.0 0.4671860725343343
13280.0 0.4672695797575616
13290.0 0.4672965968003705
13300.0 0.4673395784593845
13310.0 0.4674758917208288
13320.0 0.467653958593887
13330.0 0.467789043807931
13340.0 0.4678565864149531
13350.0 0.4678627266519549
13360.0 0.4678995680739671
13370.0 0.4680371093828118
13380.0 0.4681390373170452
13390.0 0.4680800910418258
13400.0 0.4679769350601923
13410.0 0.4679818472497939
13420.0 0.4680592142360191
13430.0 0.4681574580280511
13440.0 0.4682360530616768
13450.0 0.4682839469102923
13460.0 0.4683232444271051
13470.0 0.46836868218092
13480.0 0.4684055236029321
13490.0 0.4684018394607308
13500.0 0.4683711382757207
13510.0 0.4683293846641072
13520.0 0.4682630701044856
13530.0 0.4681734226442564
13540.000000000002 0.4681095641794355
13550.0 0.4681046519898338
13560.000000000002 0.4680702666626227
13570.0 0.4679229009745745
13580.000000000002 0.467795184044933
13590.0 0.467801324281935
13600.000000000002 0.4678099206137378
13610.0 0.4676822036840961
13620.000000000002 0.4674894002422333
13630.0 0.4673211577483785
13640.000000000002 0.4671750201077308
13650.0 0.4670460751306888
13660.000000000002 0.4669588837652603
13670.0 0.4669380069594535
13680.000000000002 0.4669146740588459
13690.0 0.466813974172013
13700.000000000002 0.4666592401995627
13710.0 0.4664885416109069
13720.000000000002 0.4663178430222513
13730.0 0.4661717053816037
13740.000000000002 0.4660525847837647
13750.0 0.4659469727073303
13759.999999999998 0.4658425886782963
13770.0 0.4657173278434554
13779.999999999998 0.465544173159999
13790.0 0.4653206685331262
13799.999999999998 0.4650922517166516
13810.0 0.464915412890994
13819.999999999998 0.4647447143023382
13830.0 0.4645371742916706
13839.999999999998 0.4642633197213814
13850.0 0.4639415713024765
13859.999999999998 0.4636566643055835
13870.0 0.4634921059539298
13879.999999999998 0.4633435122184815
13890.0 0.4631163234494074
13899.999999999998 0.4629468529081522
13910.0 0.4629321163393474
13919.999999999998 0.4628940468699348
13930.0 0.4626496654372553
13939.999999999998 0.4623156365443462
13950.0 0.4620442380688577
13959.999999999998 0.4618673992432002
13970.0 0.4617630152141661
13980.0 0.4616033690521141
13990.0 0.4612828486806095
14000.0 0.4609095222708878
14010.0 0.4605963701837857
14020.0 0.460370409462112
14030.0 0.4602009389208567
14040.0 0.4600130476685955
14050.0 0.4597490174775095
14060.0 0.4594186727268018
14070.0 0.4590662231228867
14080.0 0.4587248259455754
14090.0 0.4584043055740708
14100.0 0.4580285230695484
14110.0 0.4575594089625954
14120.0 0.457138188704258
14130.0 0.4568888950819769
14140.0 0.4566629343603032
14150.0 0.4563153969459897
14160.0 0.4559076852090569
14170.0 0.4555343587993351
14180.0 0.4552396274232391
14190.0 0.4550271752229696
14200.0 0.4548245474019037
14210.0 0.4545740257322221
14220.0 0.4544020990961659
14230.0 0.4544131515227695
14240.0 0.4544868343667936
14250.0 0.4544770099875904
14260.0 0.4543357845365443
14270.0 0.4540680702032571
14280.0 0.4537868473485653
14290.0 0.4535891317171008
14300.0 0.453420889223246
14310.0 0.4532047528807755
14320.0 0.4529603714480958
14330.0 0.4527196741576173
14340.0 0.4524973975781449
14350.0 0.4522898575674772
14360.0 0.4520749492724071
14370.0 0.451841620266331
14380.0 0.4515616254590399
14390.0 0.4512472453245373
14400.0 0.4509574261380428
14410.0 0.4507683068383811
14420.0 0.4506025204393269
14430.0 0.4503777877650537
14440.0 0.4500855124837584
14450.0 0.44975271163825
14460.0 0.449430963219345
14470.0 0.449148512317253
14480.0 0.4489090430741749
14490.0 0.4486990469687064
14500.0 0.4485025593846423
14510.0 0.4483011596109767
14520.0 0.4480518659886953
14530.0 0.4477190651431868
14540.0 0.4473924045346802
14550.0 0.4471431109123991
14560.0 0.4469134660485241
14570.0 0.4466408395256352
14580.0 0.4463694410501468
14590.0 0.4461582168972779
14600.0 0.4459359403178055
14610.0 0.4456448930839105
14620.0 0.4453415653760115
14630.0 0.4450812193271266
14640.0 0.4448159610886402
14650.0 0.4444868443853329
14660.0 0.4441675520612288
14670.0 0.4439293108655511
14680.0 0.4437303671866862
14690.0 0.4435031784176121
14700.0 0.4432170433733189
14710.0 0.442858453532402
14720.0 0.4425219685446921
14730.0 0.4422935517282177
14740.0 0.4420970641441537
14750.0 0.4418293498108663
14760.0 0.4415333903873699
14770.0 0.4412533955800786
14780.0 0.4409856812467913
14790.000000000002 0.440717966913504
14800.0 0.4404588489120196
14810.000000000002 0.4402242918585431
14820.0 0.4399725421414609
14830.000000000002 0.4396667583387612
14840.0 0.4393486940620575
14850.000000000002 0.439077295586569
14860.0 0.4388108093006821
14870.000000000002 0.4385209901141876
14880.0 0.4382029258374839
14890.000000000002 0.4378762652289774
14900.0 0.4375692533788772
14910.000000000002 0.4373076792825919
14920.0 0.4370399649493047
14930.000000000002 0.4367231287200014
14940.0 0.4364173449173017
14950.000000000002 0.4361803317690244
14960.0 0.4359470027629483
14970.000000000002 0.4356559555290535
14980.0 0.4353157863991426
14990.000000000002 0.4349498282738231
15000.0 0.4346108871913126
15009.999999999998 0.4343308923840214
15020.0 0.4340803707143397
15029.999999999998 0.4338187966180544
15040.0 0.4335412579055638
15049.999999999998 0.4332637191930734
15060.0 0.4329775841487801
15069.999999999998 0.432688993009686
15080.0 0.4323647884959803
15089.999999999998 0.4319767255174537
15100.0 0.431609539344734
15109.999999999998 0.4313356847744448
15120.0 0.4311121801475718
15129.999999999998 0.4308628865252906
15140.0 0.4305656990543936
15149.999999999998 0.4302034250712755
15160.0 0.4298178181875498
15169.999999999998 0.4294432637304276
15180.0 0.4290809897473095
15189.999999999998 0.4287395925699983
15200.0 0.4284055636770893
15209.999999999998 0.428088727447786
15220.0 0.4277682070762815
15230.0 0.4274329501359722
15240.0 0.4271001492904636
15250.0 0.4267869972033615
15260.0 0.4264885816850643
15270.0 0.4261852539771654
15280.0 0.4258487689894557
15290.0 0.4254717584375327
15300.0 0.4251180807862173
15310.0 0.424838085978926
15320.0 0.4245482667924316
15330.0 0.424160203813905
15340.0 0.4237389835555677
15350.0 0.4233496925296408
15360.0 0.4229812783095206
15370.0 0.4226091799471993
15380.0 0.4222628705802864
