mejiro/data/filter_responses/RomanSCA18-F062.ecsv
# %ECSV 1.0
# ---
# datatype:
# - {name: wavelength, unit: Angstrom, datatype: float64}
# - {name: response, datatype: float64}
# meta:
#   __serialized_columns__:
#     wavelength:
#       __class__: astropy.units.quantity.Quantity
#       unit: !astropy.units.Unit {unit: Angstrom}
#       value: !astropy.table.SerializedColumn {name: wavelength}
#   band_name: F062
#   group_name: RomanSCA18
# schema: astropy-2.0
wavelength response
4710.0 0.0
4720.0 4.420970641441537e-05
4730.0 0.0003094679449009076
4740.0 0.0014589203116757072
4750.0 0.005415689035765883
4760.0 0.016247067107297647
4770.0 0.039700316360145003
4780.0 0.07982062493122695
4790.0 0.13406593470171463
4800.0 0.19220169863667083
4810.0 0.23943976994047364
4820.0 0.2700328867792491
4830.0 0.28510839666656473
4840.0 0.2901483031978081
4850.0 0.290457771142709
4860.0 0.28915358480348374
4870.0 0.287473615959736
4880.0 0.28581575196919534
4890.0 0.2842242025382764
4900.0 0.2827210725201863
4910.0 0.2812621522085106
4920.0 0.2798253367500421
4930.0 0.27843273099798804
4940.0 0.2771948592183844
4950.0 0.27615593111764564
4960.0 0.2752717369893573
4970.0 0.27458648653993384
4980.0 0.2740338652097537
4990.0 0.2735475584391951
5000.0 0.27306125166863654
5010.0 0.2727075740173212
5020.0 0.2725970497512852
5030.0 0.2727075740173212
5040.0 0.2729728322558077
5050.0 0.27341492931995187
5060.0 0.27398965550333926
5070.0 0.27467490595276267
5080.0 0.27547068066822217
5090.0 0.2764432942093393
5100.0 0.2775927465761141
5110.0 0.27883061835571776
5120.0 0.28009059498852856
5130.0 0.28143899103416825
5140.0 0.2829863307586728
5150.0 0.28466629960242057
5160.0 0.28641258300579
5170.0 0.288225180968781
5180.0 0.29012619834460085
5190.0 0.2920935302800423
5200.0 0.2941050719218983
5210.0 0.2961829281233758
5220.0 0.2983492037376821
5230.0 0.30060389876481736
5240.0 0.30294701320478135
5250.0 0.30531223249795253
5260.0 0.30767745179112377
5270.0 0.3100205662310878
5280.0 0.3123636806710518
5290.0 0.31483942423025907
5300.0 0.31744779690870956
5310.0 0.3201224841467817
5320.0 0.3226866471188178
5330.0 0.3252287052376467
5340.0 0.3277928682096828
5350.0 0.3304012408881333
5360.0 0.33303171841979096
5370.0 0.3356621959514487
5380.0 0.33827056862989924
5390.0 0.34083473160193534
5400.0 0.34328837030793535
5410.0 0.34571990416072823
5420.0 0.34812933316031386
5430.0 0.3506050767195211
5440.0 0.35314713483835
5450.0 0.3557112978103861
5460.0 0.35816493651638615
5470.0 0.36044173639672855
5480.0 0.3625859071578277
5490.0 0.364641658506098
5500.0 0.3666753050011611
5510.0 0.3686647417898098
5520.000000000001 0.37058786401883687
5530.000000000001 0.3724667765414495
5540.000000000001 0.3743456890640622
5550.000000000001 0.3761582870270532
5560.000000000001 0.377838255870801
5570.000000000001 0.3794298053017199
5580.000000000001 0.3809771450262245
5590.000000000001 0.3825023798975218
5600.000000000001 0.38391709050278305
5610.000000000001 0.3853096962548372
5620.000000000001 0.38668019715368407
5629.999999999999 0.38807280290573815
5639.999999999999 0.3894654086577922
5649.999999999999 0.3908801192630535
5659.999999999999 0.39227272501510757
5669.999999999999 0.3934221773818824
5679.999999999999 0.39417374239092745
5689.999999999999 0.3949474122531797
5699.999999999999 0.3961410743263689
5709.999999999999 0.3974452606655942
5719.999999999999 0.39848418876633296
5729.999999999999 0.3993904877478284
5740.0 0.40029678672932395
5750.0 0.4012915051236483
5760.0 0.4023746429308015
5770.0 0.40339146617833305
5780.0 0.4042535554534141
5790.0 0.40513774958170246
5800.0 0.4062208873888556
5810.0 0.40732613004921603
5820.0 0.40829874359033314
5830.0 0.40920504257182866
5840.0 0.41015555125973857
5850.0 0.4110397453880269
5860.0 0.41172499583745037
5870.0 0.412432351140081
5880.0 0.41336075497478375
5890.0 0.4143996830755225
5900.0 0.41541650632305405
5910.0 0.41641122471737835
5920.0 0.41738383825849557
5930.0 0.41829013723999103
5940.0 0.4190859119554505
5950.0 0.41990379152411716
5960.0 0.42094271962485597
5970.0 0.42211427684483793
5980.0 0.4233742534776488
5990.0 0.42465633496366684
6000.0 0.42596052130289214
6010.0 0.4272868124953246
6020.0 0.42863520854096426
6030.0 0.43016044341226156
6040.0 0.43195093652204536
6050.0 0.4339182684574869
6060.0 0.4359298100993428
6070.0 0.4378087226219554
6080.0 0.4395550060253248
6090.0 0.44127918457548704
6100.0 0.44313599224489253
6110.0 0.44510332418033394
6120.0 0.44704855126256826
6130.0 0.44899377834480253
6140.0 0.45089479572062235
6150.0 0.45279581309644223
6160.0 0.45469683047226206
6170.0 0.4566199527012892
6180.0 0.45849886522390176
6190.0 0.46028935833368567
6200.0 0.4619472223242262
6210.0 0.4635387717551452
6220.0 0.4651303211860641
6230.0 0.46669976576377586
6240.0 0.4682471054882804
6250.0 0.46966181609354163
6260.0 0.47089968787314535
6270.0 0.4721596645059562
6280.0 0.47366279452404625
6290.0 0.4751659245421364
6300.0 0.47647011088136165
6310.0 0.4776637729545508
6320.0 0.47883533017453284
6330.0 0.47996267768810047
6340.0 0.4809573960824249
6350.0 0.481930009623542
6360.0 0.48303525228390237
6370.0 0.48411839009105556
6380.0 0.48502468907255103
6390.0 0.48579835893480333
6400.0 0.48654992394384833
6410.0 0.48741201321892946
6420.0 0.488428836466461
6430.0 0.4894014500075782
6440.0 0.49010880531020884
6450.0 0.4906393217871817
6460.0 0.4911477334109476
6470.0 0.4917445644475422
6480.0 0.4925182343097944
6490.0 0.49340242843808274
6500.0 0.49428662256637107
6510.0 0.49506029242862326
6520.0 0.4957013331716324
6530.0 0.49620974479539814
6540.0 0.49665184185954225
6550.0 0.4970939389236865
6560.0 0.4975360359878306
6570.0 0.49804444761159633
6580.0 0.49868548835460536
6590.0 0.4992602145379928
6600.0 0.4996802067489297
6610.0 0.49996756984062346
6620.0 0.5002107232259028
6630.0 0.5004538766111819
6640.0 0.5006970299964613
6650.0 0.500984393088155
6660.0 0.5013159658862631
6670.0 0.5016033289779568
6680.0 0.5017801678036145
6690.0 0.5018464823632361
6700.0 0.5018243775100288
6710.0 0.5018022726568216
6720.0 0.5019127969228577
6730.0 0.5020233211888938
6740.0 0.5020896357485153
6750.0 0.5020454260421009
6760.0 0.5018906920696505
6770.000000000001 0.5016475386843713
6780.000000000001 0.5013822804458847
6790.000000000001 0.5010728125009838
6800.000000000001 0.5007412397028757
6810.000000000001 0.5004538766111819
6820.000000000001 0.5002549329323172
6830.000000000001 0.4999896746938306
6840.000000000001 0.49952547277647924
6850.000000000001 0.4989949562995063
6860.000000000001 0.49853075438215494
6870.000000000001 0.4981549718776324
6879.999999999999 0.4978455039327315
6889.999999999999 0.497469721428209
6899.999999999999 0.4969171000980288
6909.999999999999 0.496298164208227
6919.999999999999 0.49578975258446123
6929.999999999999 0.49530344581390257
6939.999999999999 0.49475082448372243
6949.999999999999 0.4942645177131639
6959.999999999999 0.4939108400618485
6969.999999999999 0.49364558182336205
6979.999999999999 0.4933361138784611
6990.0 0.4930708556399746
7000.0 0.49296033137393863
7010.0 0.4927613876950737
7020.0 0.49236350033734394
7030.0 0.4918550887135782
7040.0 0.49145720135584847
7050.0 0.4911035237045331
7060.0 0.4907498460532178
7070.0 0.49041827325510967
7080.0 0.49024143442945206
7090.0 0.490130910163416
7100.0 0.4900867004570016
7110.0 0.4899319664845512
7120.0 0.48962249853965023
7130.0 0.4892688208883349
7140.0 0.4890256675030556
7150.0 0.48895935294343407
7160.0 0.4891582966222988
7170.0 0.48931303059474934
7180.0 0.4891804014755061
7190.0 0.4889151432370196
7200.0 0.4887383044113619
7210.0 0.4885393607324971
7220.0 0.48820778793438896
7230.0 0.48785411028307357
7240.0 0.4875004326317583
7250.0 0.4870804404208214
7260.0 0.4865941336502627
7270.0 0.48612993173291136
7280.0 0.48579835893480333
7290.0 0.4855331006963168
7300.0 0.4852236327514159
7310.0 0.48475943083406453
7320.0 0.48411839009105556
7330.0 0.48349945420125373
7340.0 0.48307946199031676
7350.0 0.48288051831145185
7360.0 0.48288051831145185
7370.0 0.4828584134582447
7380.0 0.48259315521975815
7390.0 0.4822173727152357
7400.0 0.48184159021071316
7410.0 0.48155422711901946
7420.0 0.48142159799977624
7430.0 0.4812668640273257
7440.0 0.4809573960824249
7450.0 0.4806921378439383
7460.0 0.48067003299073113
7470.0 0.48067003299073113
7480.0 0.4805374038714879
7490.0 0.4805374038714879
7500.0 0.48075845240355997
7510.0 0.48007320195413655
7520.0 0.4764922157345689
7530.0 0.46729659680037045
7540.0 0.44861799584028
7550.0 0.4161238616256847
7560.0 0.3672942408909629
7570.0 0.30374278792024084
7580.0 0.231924119850023
7590.0 0.1613654284126161
7600.0 0.10121812283580399
7610.0 0.05678736788931655
7620.0 0.028316316958433042
7630.0 0.012489242062072343
7640.0 0.004840962852378483
7650.0 0.0016578639905405763
7660.0 0.0004863067705585691
7670.0 0.0001326291192432461
7680.0 2.2104853207207685e-05
7690.0 0.0
