mejiro/data/filter_responses/RomanSCA14-F146.ecsv
# %ECSV 1.0
# ---
# datatype:
# - {name: wavelength, unit: Angstrom, datatype: float64}
# - {name: response, datatype: float64}
# meta:
#   __serialized_columns__:
#     wavelength:
#       __class__: astropy.units.quantity.Quantity
#       unit: !astropy.units.Unit {unit: Angstrom}
#       value: !astropy.table.SerializedColumn {name: wavelength}
#   band_name: F146
#   group_name: RomanSCA14
# schema: astropy-2.0
wavelength response
9150.0 0.0
9160.0 4.420970641441537e-05
9170.0 0.00019894367886486917
9180.0 0.0007515650090450613
9190.0 0.0023873241463784303
9200.0 0.0066535608153695126
9210.0 0.016423905932955313
9220.0 0.03592038646171249
9230.0 0.06991765069439791
9240.0 0.12162090234605669
9250.0 0.19030068126085095
9260.0 0.26990025766000586
9270.0 0.35049455245348504
9280.0 0.421694284633901
9290.0 0.4766248448538121
9300.0 0.5136283691226777
9310.0 0.5354900689446062
9320.0 0.5468077537866965
9330.0 0.5519360797307687
9340.0 0.5540581456386606
9350.0 0.5550086543265706
9360.0 0.5555612756567507
9370.0 0.5559812678676878
9380.0 0.5564012600786247
9390.0 0.5568654619959761
9400.0 0.557285454206913
9410.0 0.5575949221518138
9420.0 0.557926494949922
9430.0 0.5584128017204805
9440.0 0.5588991084910391
9450.0 0.5592306812891472
9460.0 0.5595622540872554
9470.0 0.5600485608578138
9480.0 0.560579077334787
9490.0 0.5609990695457239
9500.0 0.5614190617566608
9510.0 0.561971683086841
9520.0 0.5625243044170212
9530.0 0.5629442966279581
9540.0 0.5632758694260662
9550.0 0.5636295470773816
9560.0 0.5640716441415258
9570.0 0.5645358460588771
9580.0 0.5649779431230212
9590.0 0.5653095159211293
9600.0 0.5656410887192375
9610.0 0.5660610809301744
9620.0 0.5664810731411114
9630.0 0.5668568556456339
9640.0 0.5671884284437421
9650.0 0.5675421060950573
9660.0 0.5678515740399582
9670.0 0.5680726225720303
9680.0 0.5683378808105168
9690.0 0.5687578730214538
9700.0 0.569199970085598
9710.0 0.5694652283240844
9720.0 0.5697083817093637
9730.0 0.5700841642138863
9740.0 0.5704378418652015
9750.0 0.570703100103688
9760.0 0.5709462534889673
9770.0 0.5713220359934899
9780.0 0.5716757136448051
9790.0 0.5718525524704628
9800.0 0.5720072864429132
9810.0 0.572294649534607
9820.0 0.5725820126263007
9830.0 0.5727367465987512
9840.0 0.5728693757179945
9850.0 0.5731346339564809
9860.0 0.5734441019013817
9870.0 0.5737314649930755
9880.0 0.5738640941123186
9890.0 0.5738640941123186
9900.0 0.573886198965526
9910.0 0.5741293523508052
9920.0 0.5743946105892918
9930.0 0.5745051348553278
9940.0 0.5745493445617422
9950.0 0.5746598688277782
9960.0 0.5748146028002287
9970.0 0.5748809173598503
9980.0 0.5750135464790935
9990.0 0.5752124901579584
10000.0 0.5754335386900306
10009.999999999998 0.5755661678092737
10020.0 0.5755882726624809
10029.999999999998 0.5755882726624809
10040.0 0.5755882726624809
10049.999999999998 0.5756103775156881
10060.0 0.5756545872221026
10069.999999999998 0.5757209017817241
10080.0 0.5757430066349314
10089.999999999998 0.575698796928517
10100.0 0.5756766920753097
10109.999999999998 0.5757430066349314
10120.0 0.5758314260477602
10129.999999999998 0.5758314260477602
10140.0 0.5757651114881386
10149.999999999998 0.5756545872221026
10160.0 0.5755440629560665
10169.999999999998 0.5755440629560665
10180.0 0.5755661678092737
10189.999999999998 0.5755440629560665
10200.0 0.575499853249652
10209.999999999998 0.5754114338368232
10220.0 0.5753451192772016
10230.0 0.57527880471758
10240.0 0.5752345950111656
10250.0 0.5751240707451295
10260.0 0.5749693367726791
10270.0 0.5747924979470214
10280.0 0.5746819736809854
10290.0 0.5746598688277782
10300.0 0.5746156591213638
10310.0 0.5744388202957061
10320.0 0.5742398766168413
10330.0 0.574107247497598
10340.0 0.5740188280847692
10350.0 0.573886198965526
10360.0 0.5737535698462827
10370.0 0.5735767310206251
10380.0 0.5733998921949673
10390.0 0.5732009485161025
10400.0 0.5729798999840304
10410.0 0.5727367465987512
10420.0 0.5725599077730934
10430.0 0.5724935932134718
10440.0 0.5723830689474358
10450.0 0.5720514961493277
10460.0 0.5716978184980124
10470.0 0.5714988748191475
10480.0 0.5714104554063186
10490.0 0.5713220359934899
10500.0 0.5711673020210394
10510.0 0.5708578340761384
10520.0 0.5705262612780303
10530.0 0.5703273175991654
10540.0 0.5702167933331295
10550.0 0.5700841642138863
10560.0 0.5699294302414357
10570.0 0.5697304865625709
10580.0 0.56942101861767
10590.0 0.5690231312599402
10600.0 0.5686473487554177
10610.0 0.5684484050765528
10620.0 0.5683157759573096
10630.0 0.5681168322784448
10640.0 0.5678515740399582
10650.0 0.5674757915354357
10660.0 0.5671000090309132
10670.0 0.5668347507924266
10680.0 0.5665915974071474
10690.0 0.5663042343154537
10700.0 0.5660389760769673
10710.0 0.5657958226916879
10720.0 0.5655968790128231
10730.0 0.565375830480751
10740.0 0.565176886801886
10750.0 0.5650000479762285
10760.0 0.5648011042973635
10770.0 0.5644916363524627
10780.0 0.5641158538479402
10790.0 0.563784281049832
10800.0 0.5635411276645527
10810.0 0.5634084985453095
10820.0 0.563253764572859
10830.0 0.5629000869215437
10840.0 0.5625685141234356
10850.0 0.5624137801509851
10860.0 0.5622590461785347
10870.0 0.5619495782336338
10880.0 0.5616180054355258
10890.0 0.5613527471970391
10900.0 0.561131698664967
10910.0 0.5608885452796878
10920.0 0.5606232870412013
10930.0 0.5603359239495076
10940.0 0.5600706657110212
10950.0 0.5598275123257418
10960.0 0.5595843589404625
10970.0 0.5592969958487688
10980.0 0.55920857643594
10990.0 0.559518044380841
11000.0 0.5598054074725347
11010.0 0.5596727783532913
11020.0 0.5593633104083905
11030.0 0.5591643667295256
11040.000000000002 0.5590538424634895
11050.0 0.5589433181974536
11060.000000000002 0.5588327939314175
11070.0 0.5587443745185886
11080.000000000002 0.5585896405461382
11090.0 0.5583022774544445
11100.000000000002 0.5580591240691652
11110.0 0.5579928095095437
11120.000000000002 0.5579707046563364
11130.0 0.5578380755370932
11140.000000000002 0.5577275512710571
11150.0 0.5577054464178499
11160.000000000002 0.5576612367114355
11170.0 0.557395978472949
11180.000000000002 0.5571307202344625
11190.0 0.5571086153812553
11200.000000000002 0.5571086153812553
11210.0 0.5569759862620121
11220.000000000002 0.5567991474363544
11230.0 0.5567770425831472
11240.000000000002 0.5566886231703184
11250.0 0.5564233649318319
11259.999999999998 0.5561138969869309
11270.0 0.5559591630144805
11279.999999999998 0.5558707436016517
11290.0 0.5558044290420301
11299.999999999998 0.5557381144824084
11310.0 0.555693904775994
11319.999999999998 0.5556496950695796
11330.0 0.5555391708035435
11339.999999999998 0.5554065416843003
11350.0 0.5553181222714715
11359.999999999998 0.5552075980054354
11370.0 0.5550749688861921
11379.999999999998 0.5549644446201561
11390.0 0.554942339766949
11399.999999999998 0.5549865494733633
11410.0 0.5550086543265706
11419.999999999998 0.5549644446201561
11430.0 0.5548318155009129
11439.999999999998 0.5546991863816696
11450.0 0.5546770815284625
11459.999999999998 0.5546991863816696
11470.0 0.5546770815284625
11480.0 0.5545886621156336
11490.0 0.554522347556012
11500.0 0.5544560329963905
11510.0 0.5544339281431832
11520.0 0.5543897184367688
11530.0 0.5542791941707327
11540.0 0.5542349844643183
11550.0 0.55430129902394
11560.0 0.5543676135835615
11570.0 0.5542570893175255
11580.0 0.5541244601982823
11590.0 0.5541244601982823
11600.0 0.5542128796111111
11610.0 0.5542570893175255
11620.0 0.5542128796111111
11630.0 0.5541244601982823
11640.0 0.5540360407854534
11650.0 0.5540360407854534
11660.0 0.5540581456386606
11670.0 0.5540581456386606
11680.0 0.554102355345075
11690.0 0.5542128796111111
11700.0 0.5542791941707327
11710.0 0.5541686699046967
11720.0 0.5540139359322462
11730.0 0.5539476213726245
11740.0 0.5539697262258318
11750.0 0.553991831079039
11760.0 0.553991831079039
11770.0 0.553991831079039
11780.0 0.5540360407854534
11790.0 0.5541907747579039
11800.0 0.5543234038771471
11810.0 0.5543234038771471
11820.0 0.5542791941707327
11830.0 0.5543234038771471
11840.0 0.5543676135835615
11850.0 0.5543455087303544
11860.0 0.5542570893175255
11870.0 0.5541686699046967
11880.0 0.5541686699046967
11890.0 0.5542570893175255
11900.0 0.55430129902394
11910.0 0.5542128796111111
11920.0 0.554102355345075
11930.0 0.5541686699046967
11940.0 0.5542128796111111
11950.0 0.5541244601982823
11960.0 0.5540139359322462
11970.0 0.5540581456386606
11980.0 0.5541244601982823
11990.0 0.5540802504918679
12000.0 0.553991831079039
12010.0 0.5539697262258318
12020.0 0.553991831079039
12030.0 0.553991831079039
12040.0 0.553991831079039
12050.0 0.5540581456386606
12060.0 0.5540802504918679
12070.0 0.553991831079039
12080.0 0.5538149922533813
12090.0 0.5536602582809309
12100.0 0.5535939437213092
12110.0 0.5536381534277237
12120.0 0.5536381534277237
12130.0 0.5534834194552732
12140.0 0.5533286854828228
12150.0 0.5532844757764084
12160.0 0.55335079033603
12170.0 0.5533950000424444
12180.0 0.5533728951892373
12190.0 0.5532181612167867
12200.0 0.5530855320975435
12210.0 0.5530855320975435
12220.0 0.5531297418039579
12230.0 0.5530634272443362
12240.0 0.5529529029783002
12250.0 0.5529529029783002
12260.0 0.5529529029783002
12270.0 0.5528423787122642
12280.0 0.5527318544462282
12290.000000000002 0.5526876447398138
12300.0 0.5526655398866065
12310.000000000002 0.552510805914156
12320.0 0.5523560719417057
12330.000000000002 0.5522234428224625
12340.0 0.5521129185564264
12350.000000000002 0.5520244991435975
12360.0 0.5519139748775614
12370.000000000002 0.5517592409051111
12380.0 0.5516708214922822
12390.000000000002 0.5516929263454894
12400.0 0.5516708214922822
12410.000000000002 0.5514497729602101
12420.0 0.5512508292813452
12430.000000000002 0.5512508292813452
12440.0 0.5512729341345525
12450.000000000002 0.5510960953088948
12460.0 0.5508529419236156
12470.000000000002 0.5507866273639939
12480.0 0.5507645225107867
12490.000000000002 0.5507203128043723
12500.0 0.5506318933915435
12509.999999999998 0.550477159419093
12520.0 0.5503445302998498
12529.999999999998 0.5502119011806065
12540.0 0.5501234817677777
12549.999999999998 0.5501013769145704
12560.0 0.550057167208156
12569.999999999998 0.5499687477953272
12580.0 0.5497698041164624
12589.999999999998 0.5495045458779758
12600.0 0.549305602199111
12609.999999999998 0.549305602199111
12620.0 0.5493277070523183
12629.999999999998 0.5492613924926966
12640.0 0.5491287633734533
12649.999999999998 0.5490624488138317
12660.0 0.5489740294010028
12669.999999999998 0.5487750857221381
12680.0 0.5485761420432731
12689.999999999998 0.5484877226304443
12700.0 0.5484435129240299
12709.999999999998 0.5483771983644082
12720.0 0.5483329886579938
12730.0 0.5483329886579938
12740.0 0.5482666740983723
12750.0 0.5480235207130929
12760.0 0.547824577034228
12770.0 0.547824577034228
12780.0 0.5479351013002641
12790.0 0.5479572061534713
12800.0 0.5478466818874353
12810.0 0.5476256333553632
12820.0 0.5474487945297055
12830.0 0.5474045848232911
12840.0 0.5474487945297055
12850.0 0.5474930042361199
12860.0 0.5474930042361199
12870.0 0.5474045848232911
12880.0 0.5472940605572552
12890.0 0.5472719557040479
12900.0 0.5472940605572552
12910.0 0.5472940605572552
12920.0 0.5472719557040479
12930.0 0.5472056411444262
12940.0 0.5471835362912191
12950.0 0.5472277459976335
12960.0 0.5472498508508407
12970.0 0.5471835362912191
12980.0 0.5471614314380118
12990.0 0.5472498508508407
13000.0 0.5473603751168767
13010.0 0.5473603751168767
13020.0 0.5473161654104622
13030.0 0.5472719557040479
13040.0 0.5472940605572552
13050.0 0.5473824799700839
13060.0 0.5474930042361199
13070.0 0.5476477382085704
13080.0 0.5477582624746065
13090.0 0.5478024721810208
13100.0 0.5479351013002641
13110.0 0.548244569245165
13120.0 0.5484877226304443
13130.0 0.548465617777237
13140.0 0.5483771983644082
13150.0 0.5484214080708226
13160.0 0.5485761420432731
13170.0 0.5487529808689308
13180.0 0.548885609988174
13190.0 0.5489519245477956
13200.0 0.5490182391074172
13210.0 0.5491508682266606
13220.0 0.549305602199111
13230.0 0.5494824410247686
13240.0 0.5496150701440119
13250.0 0.5497476992632552
13260.0 0.5498803283824983
13270.0 0.5500350623549489
13280.0 0.5501676914741921
13290.0 0.5502340060338137
13300.0 0.5503224254466424
13310.0 0.5505213691255074
13320.0 0.5507866273639939
13330.0 0.5509855710428587
13340.0 0.551118200162102
13350.0 0.5511845147217237
13360.0 0.5512950389877598
13370.0 0.5515160875198318
13380.0 0.5517150311986966
13390.0 0.5517150311986966
13400.0 0.5516708214922822
13410.0 0.5517592409051111
13420.0 0.5519360797307687
13430.0 0.5521350234096335
13440.0 0.5523118622352913
13450.0 0.5524665962077416
13460.0 0.5526213301801921
13470.0 0.5527760641526426
13480.0 0.5529086932718859
13490.0 0.5530192175379218
13500.0 0.5530855320975435
13510.0 0.5531518466571652
13520.0 0.5531960563635796
13530.0 0.5531960563635796
13540.000000000002 0.553240266069994
13550.0 0.5533728951892373
13560.000000000002 0.553461314602066
13570.0 0.5534171048956517
13580.000000000002 0.5533950000424444
13590.0 0.5535276291616877
13600.000000000002 0.5536823631341381
13610.0 0.5536602582809309
13620.000000000002 0.5535718388681021
13630.0 0.5535276291616877
13640.000000000002 0.5535055243084804
13650.0 0.5535055243084804
13660.000000000002 0.5535497340148948
13670.0 0.5536823631341381
13680.000000000002 0.5538149922533813
13690.0 0.5538592019597958
13700.000000000002 0.5538370971065886
13710.0 0.5537928874001742
13720.000000000002 0.5537707825469669
13730.0 0.5537707825469669
13740.000000000002 0.5537928874001742
13750.0 0.5538592019597958
13759.999999999998 0.5539034116662102
13770.0 0.5539476213726245
13779.999999999998 0.5539255165194173
13790.0 0.5538370971065886
13799.999999999998 0.5537707825469669
13810.0 0.5537486776937598
13819.999999999998 0.5537486776937598
13830.0 0.5536823631341381
13839.999999999998 0.5535718388681021
13850.0 0.5533950000424444
13859.999999999998 0.5532623709232012
13870.0 0.5532844757764084
13879.999999999998 0.5533065806296156
13890.0 0.5532623709232012
13899.999999999998 0.5532844757764084
13910.0 0.5534834194552732
13919.999999999998 0.5536602582809309
13930.0 0.5535939437213092
13939.999999999998 0.5534171048956517
13950.0 0.5533286854828228
13959.999999999998 0.55335079033603
13970.0 0.5534834194552732
13980.0 0.5535276291616877
13990.0 0.5533728951892373
14000.0 0.5531739515103723
14010.0 0.5530634272443362
14020.0 0.5530413223911291
14030.0 0.5530855320975435
14040.0 0.5531297418039579
14050.0 0.5530634272443362
14060.0 0.552930798125093
14070.0 0.5527760641526426
14080.0 0.5526434350333994
14090.0 0.552510805914156
14100.0 0.5523560719417057
14110.0 0.5520687088500119
14120.0 0.5518255554647327
14130.0 0.5518255554647327
14140.0 0.5518255554647327
14150.0 0.5517150311986966
14160.0 0.5515160875198318
14170.0 0.5513613535473812
14180.0 0.5512950389877598
14190.0 0.5513392486941742
14200.0 0.5514055632537957
14210.0 0.5514055632537957
14220.0 0.5515160875198318
14230.0 0.5518476603179399
14240.0 0.5522676525288769
14250.0 0.5525771204737777
14260.0 0.5527318544462282
14270.0 0.5527318544462282
14280.0 0.5527318544462282
14290.0 0.5528202738590571
14300.0 0.5529529029783002
14310.0 0.5530413223911291
14320.0 0.5530855320975435
14330.0 0.5531518466571652
14340.0 0.553240266069994
14350.0 0.55335079033603
14360.0 0.5534392097488587
14370.0 0.5535276291616877
14380.0 0.5535497340148948
14390.0 0.5535497340148948
14400.0 0.5535718388681021
14410.0 0.5537265728405525
14420.0 0.5539034116662102
14430.0 0.5540139359322462
14440.0 0.5540581456386606
14450.0 0.5540360407854534
14460.0 0.5540360407854534
14470.0 0.554102355345075
14480.0 0.5542128796111111
14490.0 0.5543676135835615
14500.0 0.5545444524092192
14510.0 0.5547212912348769
14520.0 0.5548539203541201
14530.0 0.5548760252073274
14540.0 0.5548981300605346
14550.0 0.5550307591797777
14560.0 0.5551854931522282
14570.0 0.5552960174182643
14580.0 0.5554065416843003
14590.0 0.5555833805099579
14600.0 0.5557823241888228
14610.0 0.5558707436016517
14620.0 0.5559591630144805
14630.0 0.5560917921337237
14640.0 0.556224421252967
14650.0 0.5562907358125886
14660.0 0.5563791552254175
14670.0 0.556555994051075
14680.0 0.5567991474363544
14690.0 0.5569980911152193
14700.0 0.5571307202344625
14710.0 0.5571528250876697
14720.0 0.5572412445004986
14730.0 0.5574401881793634
14740.0 0.5576833415646427
14750.0 0.5578601803903003
14760.0 0.5579707046563364
14770.0 0.5581254386287868
14780.0 0.5583022774544445
14790.000000000002 0.5584791162801022
14800.0 0.5586559551057598
