mejiro/data/filter_responses/RomanSCA03-Prism.ecsv
# %ECSV 1.0
# ---
# datatype:
# - {name: wavelength, unit: Angstrom, datatype: float64}
# - {name: response, datatype: float64}
# meta:
#   __serialized_columns__:
#     wavelength:
#       __class__: astropy.units.quantity.Quantity
#       unit: !astropy.units.Unit {unit: Angstrom}
#       value: !astropy.table.SerializedColumn {name: wavelength}
#   band_name: Prism
#   group_name: RomanSCA03
# schema: astropy-2.0
wavelength response
7490.0 0.0
7500.0 2.2104853207207685e-05
7510.0 0.00011052426603603843
7520.0 0.0007073553026306459
7530.0 0.0032715182746667374
7540.0 0.01193662073189215
7550.0 0.03452778070965841
7560.0 0.08019640743574949
7570.0 0.1515729784418231
7580.0 0.23802505933521234
7590.0 0.31908355604604294
7600.0 0.3779266752836298
7610.0 0.41119447936047737
7620.0 0.42613736012854975
7630.0 0.4316635734303517
7640.0 0.43349827624654996
7650.0 0.43411721213635174
7660.0 0.4344266800812527
7670.0 0.43493509170501843
7680.0 0.43595191495255
7690.0 0.43703505275970317
7700.0 0.4376981983559194
7710.0 0.43814029542006355
7720.0 0.4386266021906221
7730.0 0.43922343322721674
7740.0 0.4398644739702257
7750.0 0.4406160389792708
7760.0 0.4414560234011447
7770.0 0.44216337870377537
7780.0 0.44264968547433386
7790.0 0.44313599224489253
7800.0 0.44393176696035197
7810.0 0.44472754167581136
7820.0 0.44521384844637
7830.0 0.44552331639127085
7840.0 0.4458106794829646
7850.0 0.44612014742786554
7860.0 0.44642961537276643
7870.0 0.44680539787728896
7880.0 0.4473359143542619
7890.0 0.447976955097271
7900.0 0.44870641525310884
7910.0 0.44936956084932506
7920.0 0.44987797247309086
7930.0 0.4505632229225143
7940.0 0.45155794131683863
7950.0 0.4523979257387125
7960.0 0.4527073936836134
7970.0 0.4535473781054873
7980.0 0.4556252343069648
7990.0 0.4570620497654333
8000.0 0.45608943622431614
8010.0 0.4543873625273612
8020.000000000001 0.453945265463217
8030.000000000001 0.45463051591264053
8040.000000000001 0.45580207313262244
8050.000000000001 0.45697363035260447
8060.000000000001 0.4577915099212712
8070.000000000001 0.4584767603706946
8080.000000000001 0.4592062205265324
8090.000000000001 0.459803051563127
8100.000000000001 0.4600019952419919
8110.000000000001 0.4601567292144424
8120.000000000001 0.460532511718965
8129.999999999999 0.4609082942234875
8139.999999999999 0.4610409233427307
8149.999999999999 0.4612177621683884
8159.999999999999 0.4617703834985685
8169.999999999999 0.46245563394799194
8179.999999999999 0.46305246498458663
8189.999999999999 0.4635387717551452
8200.0 0.46404718337891093
8210.0 0.46473243382833435
8220.0 0.4657271522226587
8230.0 0.46681029002981195
8240.0 0.46767237930489297
8250.0 0.4680481618094155
8260.0 0.467893427836965
8270.0 0.46809237151582994
8280.0 0.4692860335890192
8290.0 0.4704796956622084
8300.0 0.47061232478145165
8310.0 0.4703249616897579
8320.0 0.4703912762493796
8330.0 0.4706786393410733
8340.0 0.47094389757955973
8350.0 0.47127547037766787
8360.0 0.47187230141426245
8370.0 0.4725354470104787
8380.0 0.4730217537810372
8390.0 0.4732428023131093
8400.0 0.4731985926066949
8410.0 0.4733312217259382
8420.0 0.4739280527625328
8430.0 0.47445856923950575
8440.0 0.47445856923950575
8450.0 0.4747238274779923
8460.0 0.47591748955118146
8470.0 0.4772437807436139
8480.0 0.47775219236737976
8490.0 0.4779290311930374
8500.0 0.47830481369755995
8510.0 0.47885743502774014
8520.0 0.47938795150471303
8530.0 0.4799405728348932
8540.0 0.48051529901828066
8550.0 0.48093529122921763
8560.0 0.48106792034846085
8570.0 0.48124475917411846
8580.0 0.48186369506392035
8590.0 0.48279209889862307
8600.0 0.4837647124397402
8610.0 0.4844057531827492
8620.0 0.4845162774487852
8630.0 0.48475943083406453
8640.0 0.48570993952197444
8650.0 0.48703623071440694
8660.0 0.4882519976408034
8670.0 0.48924671603512765
8680.0 0.4900645956037944
8690.0 0.4906393217871817
8700.0 0.4910151042917043
8710.0 0.49147930620905567
8720.0 0.4923413954841368
8730.0 0.49340242843808274
8740.0 0.49439714683240715
8750.0 0.49512660698824495
8760.0 0.49554659919918187
8770.0 0.49603290596974053
8780.0 0.496939204951236
8790.0 0.4979560281987675
8800.0 0.49879601262064144
8810.0 0.4995917873361009
8820.0 0.5004759814643892
8830.0 0.5011612319138126
8840.0 0.5014043852990919
8850.0 0.5015370144183352
8860.0 0.5020233211888938
8870.0 0.5027306764915245
8880.0 0.5034601366473622
8890.0 0.5041232822435785
8900.0 0.5047201132801731
8910.0 0.5052285249039389
8920.0 0.5056043074084614
8930.0 0.5060685093258128
8940.0 0.5067537597752362
8950.0 0.5073063811054164
8960.0 0.507483219931074
8970.0 0.5075053247842812
8980.0 0.5076600587567317
8990.0 0.5079474218484253
9000.0 0.5082789946465335
9010.0 0.5085884625914344
9020.0 0.5088095111235065
9030.0 0.5088979305363354
9040.0 0.5089200353895424
9050.0 0.5089863499491641
9060.0 0.5090968742152002
9070.0 0.5092737130408579
9080.0 0.5094284470133084
9090.0 0.5094947615729299
9100.0 0.5095389712793443
9110.0 0.5095610761325516
9120.0 0.509605285838966
9130.0 0.509715810105002
9140.0 0.5098263343710381
9150.0 0.5098705440774525
9160.0 0.5098484392242453
9170.0 0.5097379149582092
9180.0 0.509715810105002
9190.0 0.5098042295178308
9200.0 0.5099368586370742
9210.0 0.5099368586370742
9220.0 0.5098926489306598
9230.0 0.5099589634902812
9240.0 0.5100473829031101
9250.0 0.5101579071691462
9260.0 0.510246326581975
9270.0 0.5104010605544255
9280.0 0.5105557945268758
9290.0 0.5106884236461191
9300.0 0.5108431576185696
9310.0 0.5110863110038489
9320.0 0.5113515692423354
9330.0 0.511528408067993
9340.0 0.5117273517468579
9350.0 0.5120147148385517
9360.0 0.5123462876366598
9370.0 0.5126557555815606
9380.0 0.5129873283796688
9390.0 0.5133631108841913
9400.0 0.5136725788290921
9410.0 0.5138715225079571
9420.0 0.5140925710400291
9430.0 0.5144241438381373
9440.0 0.5147557166362454
9450.0 0.514932555461903
9460.0 0.5150872894343534
9470.0 0.5154188622324616
9480.0 0.5157725398837769
9490.0 0.515993588415849
9500.0 0.5162367418011282
9510.0 0.5165904194524437
9520.0 0.5169440971037589
9530.0 0.5171651456358309
9540.0 0.5173198796082815
9550.0 0.5175188232871464
9560.0 0.5177619766724256
9570.0 0.5180493397641193
9580.0 0.5182924931493986
9590.0 0.5184472271218491
9600.0 0.5186240659475068
9610.0 0.5188451144795788
9620.0 0.5190882678648581
9630.0 0.519287211543723
9640.0 0.5194419455161734
9650.0 0.5196187843418311
9660.0 0.5197735183142815
9670.0 0.5198398328739031
9680.0 0.5199503571399391
9690.0 0.5202156153784258
9700.0 0.5204587687637049
9710.0 0.520569293029741
9720.0 0.5206798172957771
9730.0 0.5208787609746419
9740.0 0.521099809506714
9750.0 0.52121033377275
9760.0 0.521320858038786
9770.0 0.5215640114240654
9780.0 0.5217629551029301
9790.0 0.5218292696625518
9800.0 0.521851374515759
9810.0 0.5220061084882095
9820.0 0.5221829473138672
9830.0 0.5222271570202816
9840.0 0.5222713667266959
9850.0 0.5224039958459392
9860.0 0.5226250443780113
9870.0 0.5228018832036689
9880.0 0.5228460929100833
9890.0 0.5227797783504619
9900.0 0.5227355686440474
9910.0 0.5228903026164978
9920.0 0.5230892462953627
9930.0 0.5231334560017771
9940.0 0.5231334560017771
9950.0 0.5231997705613987
9960.0 0.5232881899742275
9970.0 0.5233545045338491
9980.0 0.5234208190934708
9990.0 0.5235976579191285
10000.0 0.5237966015979933
10009.999999999998 0.5239071258640293
10020.0 0.5239292307172366
10029.999999999998 0.5239292307172366
10040.0 0.5239513355704437
10049.999999999998 0.523973440423651
10060.0 0.5240397549832726
10069.999999999998 0.5241281743961015
10080.0 0.5241944889557231
10089.999999999998 0.5241944889557231
10100.0 0.5241944889557231
10109.999999999998 0.5243050132217592
10120.0 0.5244376423410023
10129.999999999998 0.5245039569006239
10140.0 0.5245039569006239
10149.999999999998 0.5244597471942095
10160.0 0.5244376423410023
10169.999999999998 0.5245039569006239
10180.0 0.5245923763134528
10189.999999999998 0.5246586908730744
10200.0 0.5246807957262817
10209.999999999998 0.5246807957262817
10220.0 0.5247029005794888
10230.0 0.5247250054326961
10240.0 0.5247692151391105
10250.0 0.5247471102859033
10260.0 0.5247029005794888
10270.0 0.5246365860198673
10280.0 0.5246365860198673
10290.0 0.5247029005794888
10300.0 0.5247471102859033
10310.0 0.5246807957262817
10320.0 0.5245923763134528
10330.0 0.5245702714602456
10340.0 0.5245923763134528
10350.0 0.5245702714602456
10360.0 0.5245260617538312
10370.0 0.5244597471942095
10380.0 0.5243934326345879
10390.0 0.5243050132217592
10400.0 0.5241944889557231
10410.0 0.524083964689687
10420.0 0.5240176501300654
10430.0 0.5240397549832726
10440.0 0.5240176501300654
10450.0 0.5237966015979933
10460.0 0.5235755530659212
10470.0 0.5234650287998852
10480.0 0.523442923946678
10490.0 0.5234650287998852
10500.0 0.5233987142402635
10510.0 0.5231776657081915
10520.0 0.5229345123229122
10530.0 0.5228239880568762
10540.0 0.5227797783504619
10550.0 0.5227355686440474
10560.0 0.5226471492312185
10570.0 0.5225145201119753
10580.0 0.5222934715799032
10590.0 0.5219618987817951
10600.0 0.5216745356901014
10610.0 0.5215419065708581
10620.0 0.5214534871580293
10630.0 0.5213429628919932
10640.0 0.5211219143599212
10650.0 0.5208345512682274
10660.0 0.5205471881765338
10670.0 0.5203261396444617
10680.0 0.5201493008188041
10690.0 0.519928252286732
10700.0 0.51970720375466
10710.0 0.5195524697822095
10720.0 0.519397735809759
10730.0 0.5192430018373085
10740.0 0.5190882678648581
10750.0 0.5189556387456149
10760.0 0.5188009047731644
10770.0 0.5185577513878851
10780.0 0.5182703882961913
10790.0 0.5180051300577049
10800.0 0.5178282912320472
10810.0 0.5177398718192184
10820.0 0.5176293475531824
10830.0 0.5173640893146959
10840.0 0.5171209359294165
10850.0 0.5170104116633806
10860.0 0.5168998873973445
10870.0 0.5166788388652724
10880.0 0.5164135806267859
10890.0 0.5162367418011282
10900.0 0.5160820078286779
10910.0 0.5159272738562274
10920.0 0.5157504350305697
10930.0 0.5155293864984976
10940.0 0.51535254767284
10950.0 0.5151978137003895
10960.0 0.5150430797279391
10970.0 0.5148441360490742
10980.0 0.5148441360490742
10990.0 0.5152199185535967
11000.0 0.5155514913517049
11010.0 0.5155293864984976
11020.0 0.5153304428196328
11030.0 0.5152199185535967
11040.000000000002 0.5152199185535967
11050.0 0.5151978137003895
11060.000000000002 0.5151978137003895
11070.0 0.5152199185535967
11080.000000000002 0.5151757088471823
11090.0 0.5150209748747319
11100.000000000002 0.5149104506086959
11110.0 0.5149546603151103
11120.000000000002 0.5150430797279391
11130.0 0.5150430797279391
11140.000000000002 0.5150430797279391
11150.0 0.515153603993975
11160.000000000002 0.5151978137003895
11170.0 0.5150872894343534
11180.000000000002 0.5149546603151103
11190.0 0.5150430797279391
11200.000000000002 0.5151757088471823
11210.0 0.515153603993975
11220.000000000002 0.515131499140768
11230.0 0.5151978137003895
11240.000000000002 0.515242023406804
11250.0 0.5151093942875606
11259.999999999998 0.5149546603151103
11270.0 0.5149104506086959
11279.999999999998 0.514932555461903
11290.0 0.5149767651683175
11299.999999999998 0.5150209748747319
11310.0 0.5151093942875606
11319.999999999998 0.515153603993975
11330.0 0.515153603993975
11339.999999999998 0.515131499140768
11350.0 0.515153603993975
11359.999999999998 0.515153603993975
11370.0 0.5151093942875606
11379.999999999998 0.5150872894343534
11390.0 0.5151757088471823
11399.999999999998 0.5152862331132184
11410.0 0.5153746525260472
11419.999999999998 0.5154188622324616
11430.0 0.51535254767284
11439.999999999998 0.5153083379664255
11450.0 0.51535254767284
11459.999999999998 0.5154409670856688
11470.0 0.5154630719388761
11480.0 0.5154409670856688
11490.0 0.5154188622324616
11500.0 0.5153967573792544
11510.0 0.5153967573792544
11520.0 0.5153967573792544
11530.0 0.5153304428196328
11540.0 0.5153083379664255
11550.0 0.5153967573792544
11560.0 0.5154409670856688
11570.0 0.51535254767284
11580.0 0.515242023406804
11590.0 0.515242023406804
11600.0 0.5153083379664255
11610.0 0.5153304428196328
11620.0 0.5152862331132184
11630.0 0.5151757088471823
11640.0 0.5150872894343534
11650.0 0.5150651845811463
11660.0 0.5150430797279391
11670.0 0.5150209748747319
11680.0 0.5150209748747319
11690.0 0.5150872894343534
11700.0 0.5151093942875606
11710.0 0.5149546603151103
11720.0 0.5147557166362454
11730.0 0.5146672972234165
11740.0 0.5146230875170021
11750.0 0.5145788778105878
11760.0 0.5145346681041734
11770.0 0.5144683535445517
11780.0 0.5144683535445517
11790.0 0.5145346681041734
11800.0 0.5146009826637948
11810.0 0.5145346681041734
11820.0 0.5144241438381373
11830.0 0.5144020389849301
11840.0 0.5143578292785157
11850.0 0.5142694098656868
11860.0 0.5141146758932363
11870.0 0.5139599419207859
11880.0 0.5138715225079571
11890.0 0.5138715225079571
11900.0 0.5138494176547499
11910.0 0.5136946836822994
11920.0 0.513539949709849
11930.0 0.5134957400034346
11940.0 0.5134736351502274
11950.0 0.5132967963245696
11960.0 0.5131420623521192
11970.0 0.5130978526457048
11980.0 0.5130757477924975
11990.0 0.5129431186732544
12000.0 0.5127883847008039
12010.0 0.512699965287975
12020.0 0.5126557555815606
12030.0 0.5125673361687318
12040.0 0.5125231264623173
12050.0 0.5125010216091102
12060.0 0.5124568119026958
12070.0 0.5122799730770381
12080.0 0.512058924544966
12090.0 0.5118599808661012
12100.0 0.5117273517468579
12110.0 0.5117052468936507
12120.0 0.5116389323340291
12130.0 0.5114399886551642
12140.0 0.5112189401230921
12150.0 0.5111305207102633
12160.0 0.5111305207102633
12170.0 0.5111305207102633
12180.0 0.5110421012974345
12190.0 0.5108431576185696
12200.0 0.5106663187929119
12210.0 0.5106221090864975
12220.0 0.5106221090864975
12230.0 0.5105115848204614
12240.0 0.5103789557012183
12250.0 0.5103126411415967
12260.0 0.5102684314351822
12270.0 0.5101579071691462
12280.0 0.5100031731966957
12290.000000000002 0.5099368586370742
12300.0 0.5098705440774525
12310.000000000002 0.509715810105002
12320.0 0.5095389712793443
12330.000000000002 0.5093842373068939
12340.0 0.5092737130408579
12350.000000000002 0.5091852936280291
12360.0 0.5090526645087858
12370.000000000002 0.5089200353895424
12380.0 0.5088095111235065
12390.000000000002 0.5088316159767137
12400.0 0.5087874062702993
12410.000000000002 0.5085884625914344
12420.0 0.5084116237657768
12430.000000000002 0.508433728618984
12440.0 0.5084558334721911
12450.000000000002 0.5083010994997408
12460.0 0.5081021558208758
12470.000000000002 0.5080358412612542
12480.0 0.5080579461144614
12490.000000000002 0.5080358412612542
12500.0 0.5079695267016326
12509.999999999998 0.5078811072888038
12520.0 0.5077705830227677
12529.999999999998 0.5077042684631462
12540.0 0.5076600587567317
12549.999999999998 0.5076821636099389
12560.0 0.5077042684631462
12569.999999999998 0.5076600587567317
12580.0 0.5075274296374884
12589.999999999998 0.5073505908118308
12600.0 0.5072179616925876
12609.999999999998 0.5072842762522092
12620.0 0.5073726956650381
12629.999999999998 0.5073505908118308
12640.0 0.5073063811054164
12649.999999999998 0.5073284859586237
12660.0 0.5073063811054164
12669.999999999998 0.5071737519861731
12680.0 0.507063227720137
12689.999999999998 0.507063227720137
12700.0 0.5071074374265515
12709.999999999998 0.5071295422797587
12720.0 0.5071516471329659
12730.0 0.5072400665457948
12740.0 0.5072400665457948
12750.0 0.5070853325733443
12760.0 0.5069748083073082
12770.0 0.507063227720137
12780.0 0.5072400665457948
12790.0 0.5073284859586237
12800.0 0.5073063811054164
12810.0 0.5071958568393804
12820.0 0.5070853325733443
12830.0 0.5071074374265515
12840.0 0.5072400665457948
12850.0 0.5073505908118308
12860.0 0.5074169053714525
12870.0 0.5073948005182451
12880.0 0.5073726956650381
12890.0 0.5074390102246596
12900.0 0.5075053247842812
12910.0 0.5075716393439028
12920.0 0.5076158490503173
12930.0 0.5076158490503173
12940.0 0.5076379539035245
12950.0 0.5077263733163533
12960.0 0.5078147927291822
12970.0 0.507792687875975
12980.0 0.5078147927291822
12990.0 0.5079253169952183
13000.0 0.5080800509676687
13010.0 0.5081242606740831
13020.0 0.5081021558208758
13030.0 0.5081021558208758
13040.0 0.5081463655272903
13050.0 0.5082347849401191
13060.0 0.5083674140593624
13070.0 0.5085221480318128
13080.0 0.5086326722978489
13090.0 0.5086989868574704
13100.0 0.5088316159767137
13110.0 0.5091189790684074
13120.0 0.5093400276004795
13130.0 0.5093179227472723
13140.0 0.5092295033344435
13150.0 0.5092737130408579
13160.0 0.5094284470133084
13170.0 0.5095831809857587
13180.0 0.5096937052517948
13190.0 0.5097379149582092
13200.0 0.5097821246646237
