mejiro/data/filter_responses/RomanSCA08-Grism_1stOrder.ecsv
# %ECSV 1.0
# ---
# datatype:
# - {name: wavelength, unit: Angstrom, datatype: float64}
# - {name: response, datatype: float64}
# meta:
#   __serialized_columns__:
#     wavelength:
#       __class__: astropy.units.quantity.Quantity
#       unit: !astropy.units.Unit {unit: Angstrom}
#       value: !astropy.table.SerializedColumn {name: wavelength}
#   band_name: Grism_1stOrder
#   group_name: RomanSCA08
# schema: astropy-2.0
wavelength response
[from data line 544]
15310.0 0.41055343861746835
15320.0 0.41026607552577465
15330.0 0.40989029302125213
15340.0 0.4094924056635224
15350.0 0.40909451830579263
15360.0 0.4087408406544773
15370.0 0.40838716300316197
15380.0 0.4080555902050539
15390.0 0.4077682271133602
15400.0 0.40745875916845925
15410.0 0.4070829766639367
15420.0 0.40664087959979256
15430.0 0.4062208873888556
15440.0 0.4058451048843331
15450.0 0.4055577417926394
15460.0 0.40529248355415287
15470.0 0.4049609107560448
15480.0 0.40458512825152226
15490.0 0.4042535554534141
15500.0 0.4038777729488916
15510.0 0.4034577807379547
15520.0 0.4030377885270177
15530.0 0.40268411087570244
15540.0 0.4023525380775943
15550.0 0.4019767555730718
15560.0 0.4015567633621348
15570.0 0.40111466629799064
15580.0 0.4006946740870537
15590.0 0.4003852061421528
15600.0 0.4000536333440447
15610.0 0.39961153627990054
15620.0 0.3991915440689636
15630.0 0.3989041809772699
15640.0 0.3986168178855762
15650.0 0.39821893052784646
15660.0 0.39777683346370235
15670.0 0.3973568412527654
15680.0 0.39702526845465724
15690.0 0.3967158005097563
15700.0 0.39636212285844097
15710.0 0.3958758160878824
15720.0 0.39541161417053106
15730.0 0.395080041372423
15740.0 0.3947926782807293
15750.0 0.39443900062941395
15760.0 0.394019008418477
15770.0 0.3935548065011256
15780.0 0.39311270943698146
15790.0 0.39271482207925174
15800.0 0.392316934721522
15810.0 0.39189694251058504
15820.0 0.39149905515285527
15830.0 0.39116748235474724
15840.0 0.39079169985022466
15850.0 0.39034960278608055
15860.0 0.3899296105751436
15870.0 0.38959803777703544
15880.0 0.3892664649789273
15890.0 0.38891278732761203
15900.0 0.38849279511667506
15910.0 0.38805069805253095
15920.0 0.3876528106948012
15930.0 0.3873433427499003
15940.0 0.38698966509858496
15950.0 0.3865917777408552
15960.0 0.386149680676711
15970.0 0.3857075836125669
15980.0 0.3853318011080444
15990.0 0.38500022830993624
16000.0 0.38469076036503536
16010.0 0.3842928730073056
16020.0 0.38385077594316147
16030.0 0.3834528885854317
16040.000000000002 0.3830771060809092
16050.0 0.3827013235763867
16060.000000000002 0.38234764592507137
16070.0 0.38201607312696323
16080.000000000002 0.3816623954756479
16090.0 0.3812424032647109
16100.000000000002 0.38086662076018846
16110.0 0.3805350479620803
16120.000000000002 0.380181370310765
16130.0 0.379761378099828
16140.000000000002 0.3793413858888911
16150.0 0.37898770823757577
16160.000000000002 0.3786782402926749
16170.0 0.37836877234777394
16180.000000000002 0.3780371995496658
16190.0 0.3776614170451433
16200.000000000002 0.3772856345406208
16210.0 0.37688774718289103
16220.000000000002 0.3765119646783685
16230.0 0.3761582870270532
16240.000000000002 0.37580460937573784
16250.0 0.3753846171648009
16259.999999999998 0.37500883466027835
16270.0 0.37467726186217026
16279.999999999998 0.3743677939172694
16290.0 0.3739478017063324
16299.999999999998 0.37350570464218824
16310.0 0.3731520269908729
16319.999999999998 0.3728425590459721
16330.0 0.37253309110107113
16339.999999999998 0.3721794134497558
16350.0 0.37182573579844047
16359.999999999998 0.37144995329391794
16370.0 0.37111838049580986
16379.999999999998 0.3707868076977017
16390.0 0.3704331300463864
16400.0 0.37005734754186387
16410.0 0.3696594601841341
16420.0 0.3692615728264044
16430.0 0.3689742097347107
16440.0 0.3686647417898098
16450.0 0.36826685443208
16460.0 0.3678468622211431
16470.0 0.3674489748634134
16480.0 0.36705108750568366
16490.0 0.3666753050011611
16500.0 0.36632162734984575
16510.0 0.36605636911135925
16520.0 0.36572479631325117
16530.0 0.3652605943958998
16540.0 0.3647742876253412
16550.0 0.3644648196804403
16560.0 0.3641995614419538
16570.0 0.3638679886438457
16580.0 0.363470101286116
16590.0 0.36309431878159343
16600.0 0.36276274598348535
16610.0 0.3624974877449988
16620.0 0.3621659149468907
16630.0 0.36167960817633216
16640.0 0.36117119655256635
16650.0 0.36086172860766547
16660.0 0.36059647036917897
16670.0 0.360287002424278
16680.0 0.35988911506654836
16690.0 0.35940280829598975
16700.0 0.3589607112318456
16710.0 0.3586070335805303
16720.0 0.358253355929215
16730.0 0.357833363718278
16740.0 0.3574133715073411
16750.0 0.35710390356244015
16760.0 0.35677233076433207
16770.0 0.35641865311301674
16780.0 0.356020765755287
16790.0 0.3557112978103861
16800.0 0.35537972501227794
16810.0 0.35502604736096266
16820.0 0.35465026485644013
16830.0 0.3542965872051248
16840.0 0.3539208047006022
16850.0 0.3535229173428725
16860.0 0.35310292513193553
16870.0 0.352727142627413
16880.0 0.35237346497609773
16890.0 0.3519976824715752
16900.0 0.3516218999670527
16910.0 0.3512240126093229
16920.0 0.35087033495800757
16930.0 0.3505608670131067
16940.0 0.3502292942149986
16950.0 0.34980930200406163
16960.0 0.34938930979312466
16970.0 0.34912405155463816
16980.0 0.34881458360973727
16990.0 0.3483503816923859
17000.0 0.34786407492182736
17010.0 0.3475546069769265
17020.0 0.34733355844485436
17030.0 0.3470240904999535
17040.0 0.34662620314222375
17050.0 0.3461620012248724
17060.0 0.34571990416072823
17070.0 0.3453883313626201
17080.0 0.34505675856451196
17090.0 0.34468097605998943
17100.0 0.34426098384905246
17110.0 0.3438630964913228
17120.0 0.3434873139868002
17130.0 0.3431115314822777
17140.0 0.34273574897775516
17150.0 0.342293651913611
17160.0 0.3418957645558813
17170.0 0.3416305063173948
17180.0 0.3413652480789083
17190.0 0.34096736072117856
17200.0 0.3405031588038272
17210.0 0.3401052714460974
17220.0 0.3397515937947821
17230.0 0.33935370643705237
17240.0 0.33895581907932265
17250.0 0.3386021414280073
17260.0 0.338248463776692
17270.0 0.3378063667125478
17280.0 0.3373642696484037
17290.0 0.33696638229067394
17300.0 0.3365905997861514
17310.0 0.3362148172816289
17320.0 0.3358611396303136
17330.0 0.33548535712579103
17340.0 0.3350874697680613
17350.0 0.334733792116746
17360.0 0.33433590475901626
17370.0 0.3339159125480793
17380.0 0.3334517106307279
17390.0 0.3329432990069622
17400.0 0.332501201942818
17410.0 0.3321696291447099
17420.0 0.331860161199809
17430.0 0.33148437869528646
17440.0 0.3310643864843495
17450.0 0.3306664991266198
17460.0 0.33026861176889005
17470.0 0.3298265147047459
17480.0 0.32934020793418733
17490.0 0.32889811087004317
17500.0 0.328456013805899
17510.0 0.32801391674175484
17520.0 0.3276160293840251
17530.0 0.327284456585917
17540.0 0.3269528837878089
17550.0 0.32653289157687193
17560.0 0.3260465848063134
17570.0 0.325582382888962
17580.0 0.32514028582481785
17590.0 0.32472029361388094
17600.0 0.32432240625615116
17610.0 0.32394662375162864
17620.0 0.32352663154069167
17630.0 0.3230624296233403
17640.0 0.32257612285278175
17650.0 0.32217823549505203
17660.0 0.3218024529905295
17670.0 0.32136035592638534
17680.0 0.3209182588622412
17690.0 0.3204319520916826
17700.0 0.31996775017433127
17710.0 0.3195035482569799
17720.0 0.31906145119283574
17730.0 0.3185972492754844
17740.0 0.3181772570645474
17750.0 0.3178014745600249
17760.0 0.31740358720229517
17770.0 0.3169835949913582
17780.0 0.31654149792721403
17790.0 0.3161436105694843
17800.0 0.31574572321175454
17810.0 0.3153036261476104
17820.0 0.3148173193770518
17830.0 0.31430890775328607
17840.0 0.3138004961295203
17850.0 0.31335839906537616
17860.0 0.3129605117076464
17870.0 0.31258472920312386
17880.0 0.3122310515518086
17890.0 0.31185526904728605
17900.0 0.3114573816895563
17910.0 0.3110152846254121
17920.0 0.31055108270806075
17930.0 0.3100647759375022
17940.0 0.30962267887335804
17950.0 0.3092690012220427
17960.0 0.3089153235707274
17970.0 0.3084290168001688
17980.0 0.30794271002961027
17990.0 0.3075227178186733
18000.0 0.30714693531415077
18010.0 0.30681536251604263
18020.0 0.30646168486472736
18030.0 0.3060195878005832
18040.0 0.30555538588323183
18050.0 0.3051132888190877
18060.0 0.30471540146135795
18070.0 0.3043396189568354
18080.0 0.3039859413055201
18090.0 0.30361015880099756
18100.0 0.3032122714432678
18110.0 0.3027922792323309
18120.0 0.3023722870213939
18130.0 0.30201860937007863
18140.0 0.3016870365719705
18150.0 0.30131125406744796
18160.0 0.30093547156292544
18170.0 0.30051547935198847
18180.0 0.3000733822878443
18190.0 0.2995207609576641
18200.0 0.29899024448069117
18210.0 0.2985923571229614
18220.0 0.2982828891780605
18230.0 0.2979734212331596
18240.0 0.2976860581414659
18250.0 0.29742079990297937
18260.0 0.29713343681128573
18270.0 0.2968239688663848
18280.0 0.29642608150865507
18290.0 0.2959618795913037
18300.0 0.29551978252715955
18310.0 0.295144000022637
18320.0 0.2947903223713217
18330.0 0.2943482253071775
18340.0 0.29390612824303336
18350.0 0.2935303457385109
18360.0 0.29322087779360995
18370.0 0.292911409848709
18380.0 0.29260194190380817
18390.0 0.29227036910570003
18400.0 0.2919166914543847
18410.0 0.29149669924344773
18420.0 0.29105460217930357
18430.0 0.2905904002619522
18440.0 0.2901483031978081
18450.0 0.2897504158400783
18460.0 0.2893746333355558
18470.0 0.28899885083103327
18480.0 0.288645173179718
18490.0 0.28831360038160986
18500.0 0.28793781787708733
18510.0 0.28742940625332153
18520.0 0.28696520433597017
18530.0 0.28658942183144764
18540.0 0.2862578490333395
18550.0 0.28581575196919534
18560.0 0.2853736549050512
18570.0 0.28499787240052865
18580.0 0.2846441947492134
18590.0 0.28426841224469085
18600.0 0.2839147345933755
18610.0 0.283538952088853
18620.0 0.2831631695843304
18630.0 0.2827652822266007
18640.0 0.28227897545604214
18650.0 0.28170424927265475
18660.0 0.28115162794247456
18670.0 0.2807316357315376
18680.0 0.28037795808022226
18690.0 0.27995796586928534
18700.0 0.279493763951934
18710.0 0.27900745718137543
18720.0 0.27863167467685285
18730.0 0.2784106261447808
18740.0 0.2781674727595015
18750.0 0.2777253756953574
18760.0 0.2772169640715916
18770.0 0.27684118156706905
18780.0 0.2764653990625465
18790.0 0.2759790922919879
18800.0 0.27547068066822217
18810.0 0.275028583604078
18820.0 0.27456438168672664
18830.0 0.27401176035654645
18840.0 0.2733928244667446
18850.0 0.27275178372373565
18860.0 0.2720665332743122
18870.0 0.2712265488524383
18880.0 0.27025393531132114
18890.0 0.26910448294454636
18900.0 0.2678002966053211
18910.0 0.2663192714404382
18920.0 0.26441825406461833
18930.0 0.2619867202118255
18940.0 0.25911308929488847
18950.0 0.25588578072663615
18960.0 0.2521721653878253
18970.0 0.24772908989317655
18980.0 0.24264497365551874
18990.0 0.2369861312344736
19000.0 0.23057572380438335
19010.0 0.22330322709921205
19020.0 0.21521285082537403
19030.0 0.20639301439569815
19040.0 0.19686582266339164
19050.0 0.1866754853348689
19060.0 0.17584410726333713
19070.0 0.1645043175680396
19080.0 0.15278874536821954
19090.0 0.1408963343427418
19100.0 0.12898181846405685
19110.0 0.11715572199820073
19120.0 0.10552856921120948
19130.0 0.09421088436911916
19140.0 0.08335740144438018
19150.0 0.07310074955623581
19160.0 0.06350724326430768
19170.0 0.0546431971282174
19180.0 0.04655282085437939
19190.0 0.03925821929600085
19200.0 0.03280360215949621
19210.0 0.02714475973845104
19220.0 0.02223748232645093
19230.0 0.018015455363874264
19240.0 0.014434469144306617
19250.0 0.011428209108126374
19260.0 0.00897457040212632
19270.0 0.006940923907063213
19280.0 0.0053272696229370526
19290.0 0.004045188136919006
19300.0 0.003028364889387453
19310.0 0.002254695027135184
19320.0 0.0016578639905405763
19330.0 0.0011936620731892152
19340.0 0.0008620892750810997
19350.0 0.0006189358898018152
19360.0 0.000419992210936946
19370.0 0.0002873630916936999
19380.0 0.00019894367886486917
19390.0 0.0001326291192432461
19400.0 8.841941282883074e-05
19410.0 6.631455962162305e-05
19420.0 4.420970641441537e-05
19430.0 2.2104853207207685e-05
19440.0 2.2104853207207685e-05
19450.0 0.0
