mejiro/data/filter_responses/RomanSCA10-Prism.ecsv
# %ECSV 1.0
# ---
# datatype:
# - {name: wavelength, unit: Angstrom, datatype: float64}
# - {name: response, datatype: float64}
# meta:
#   __serialized_columns__:
#     wavelength:
#       __class__: astropy.units.quantity.Quantity
#       unit: !astropy.units.Unit {unit: Angstrom}
#       value: !astropy.table.SerializedColumn {name: wavelength}
#   band_name: Prism
#   group_name: RomanSCA10
# schema: astropy-2.0
wavelength response
[from data line 573]
13260.0 0.5339206243668945
13270.0 0.5340090437797232
13280.0 0.5340753583393449
13290.0 0.5340753583393449
13300.0 0.534097463192552
13310.0 0.5342300923117953
13320.0 0.5344290359906602
13330.0 0.5345616651099034
13340.0 0.5346279796695251
13350.0 0.5346279796695251
13360.0 0.5346721893759395
13370.0 0.53482692334839
13380.0 0.5349595524676333
13390.0 0.5348932379080116
13400.0 0.5347827136419755
13410.0 0.5348048184951827
13420.0 0.5349153427612188
13430.0 0.535047971880462
13440.0 0.5351806009997053
13450.0 0.5352690204125341
13460.0 0.5353353349721558
13470.0 0.5354458592381918
13480.0 0.5355121737978135
13490.0 0.5355563835042279
13500.0 0.5355784883574349
13510.0 0.5355784883574349
13520.0 0.5355563835042279
13530.0 0.5355342786510205
13540.000000000002 0.5355121737978135
13550.0 0.5355784883574349
13560.000000000002 0.5356226980638494
13570.0 0.5355342786510205
13580.000000000002 0.535467964091399
13590.0 0.5355342786510205
13600.000000000002 0.5356448029170566
13610.0 0.5356005932106422
13620.000000000002 0.535467964091399
13630.0 0.5353574398253629
13640.000000000002 0.5352911252657414
13650.0 0.5352469155593269
13660.000000000002 0.5352690204125341
13670.0 0.5353574398253629
13680.000000000002 0.5354458592381918
13690.0 0.5354458592381918
13700.000000000002 0.5353795446785702
13710.0 0.5353132301189485
13720.000000000002 0.5352469155593269
13730.0 0.5352027058529124
13740.000000000002 0.5352027058529124
13750.0 0.5352248107061197
13759.999999999998 0.5352469155593269
13770.0 0.5352469155593269
13779.999999999998 0.5352027058529124
13790.0 0.5350921815868764
13799.999999999998 0.5349816573208404
13810.0 0.534937447614426
13819.999999999998 0.5348932379080116
13830.0 0.53482692334839
13839.999999999998 0.5346721893759395
13850.0 0.5344732456970747
13859.999999999998 0.5343185117246241
13870.0 0.534296406871417
13879.999999999998 0.534296406871417
13890.0 0.5342300923117953
13899.999999999998 0.5342079874585881
13910.0 0.5343848262842458
13919.999999999998 0.534517455403489
13930.0 0.5344290359906602
13939.999999999998 0.5342300923117953
13950.0 0.5341195680457593
13959.999999999998 0.5341195680457593
13970.0 0.5341858826053809
13980.0 0.5342079874585881
13990.0 0.5340532534861376
14000.0 0.5338322049540656
14010.0 0.5336774709816151
14020.0 0.5336332612752007
14030.0 0.533655366128408
14040.0 0.533655366128408
14050.0 0.5335669467155791
14060.0 0.5334122127431287
14070.0 0.533235373917471
14080.0 0.5330585350918133
14090.0 0.5329259059725701
14100.0 0.5327269622937052
14110.0 0.5324174943488043
14120.0 0.5321743409635251
14130.0 0.5321301312571106
14140.0 0.5321301312571106
14150.0 0.5319753972846601
14160.0 0.5317543487525881
14170.0 0.5315775099269304
14180.0 0.5314890905141015
14190.0 0.5315111953673088
14200.0 0.5315333002205159
14210.0 0.5315111953673088
14220.0 0.5315775099269304
14230.0 0.5318869778718314
14240.0 0.5322406555231466
14250.0 0.5325280186148403
14260.0 0.5326385428808764
14270.0 0.5326164380276692
14280.0 0.532594333174462
14290.0 0.5326606477340836
14300.0 0.5327711720001197
14310.0 0.5328153817065341
14320.0 0.5328374865597413
14330.0 0.5328816962661557
14340.0 0.5329259059725701
14350.0 0.533014325385399
14360.0 0.5331027447982278
14370.0 0.5331469545046422
14380.0 0.5331469545046422
14390.0 0.5331248496514349
14400.0 0.5331248496514349
14410.0 0.5332574787706782
14420.0 0.5334122127431287
14430.0 0.5335006321559574
14440.0 0.5335006321559574
14450.0 0.5334785273027504
14460.0 0.533456422449543
14470.0 0.5335006321559574
14480.0 0.5336111564219935
14490.0 0.5337437855412368
14500.0 0.5338985195136872
14510.0 0.5340532534861376
14520.0 0.5341416728989665
14530.0 0.5341416728989665
14540.0 0.5341637777521737
14550.0 0.5342743020182097
14560.0 0.5344069311374531
14570.0 0.5344953505502819
14580.0 0.5346058748163178
14590.0 0.5347827136419755
14600.0 0.534937447614426
14610.0 0.5350258670272547
14620.0 0.5350921815868764
14630.0 0.5352248107061197
14640.0 0.5353574398253629
14650.0 0.5354016495317774
14660.0 0.535467964091399
14670.0 0.5356448029170566
14680.0 0.5358437465959215
14690.0 0.5360426902747863
14700.0 0.5361532145408224
14710.0 0.5361974242472368
14720.0 0.5362637388068585
14730.0 0.5364405776325162
14740.0 0.5366837310177954
14750.0 0.5368384649902458
14760.0 0.5369489892562819
14770.0 0.5371037232287323
14780.0 0.5372584572011828
14790.000000000002 0.5374131911736333
14800.0 0.537590029999291
14810.000000000002 0.5377889736781558
14820.0 0.5379658125038135
14830.000000000002 0.5380763367698496
14840.0 0.5381868610358855
14850.000000000002 0.5383636998615432
14860.0 0.5385184338339937
14870.000000000002 0.5386731678064441
14880.0 0.5387836920724801
14890.000000000002 0.538872111485309
14900.0 0.5390047406045523
14910.000000000002 0.5391815794302098
14920.0 0.5393584182558675
14930.000000000002 0.5394689425219036
14940.0 0.5396015716411469
14950.000000000002 0.5398005153200117
14960.0 0.5400215638520838
14970.000000000002 0.5401762978245342
14980.0 0.540264717237363
14990.000000000002 0.5403089269437775
15000.0 0.5403973463566063
15009.999999999998 0.540574185182264
15020.0 0.5407510240079216
15029.999999999998 0.5409499676867865
15040.0 0.541104701659237
15049.999999999998 0.5412594356316873
15060.0 0.5414141696041378
15069.999999999998 0.5415689035765884
15080.0 0.5416573229894172
15089.999999999998 0.5417015326958315
15100.0 0.5417457424022459
15109.999999999998 0.5419004763746964
15120.0 0.5421436297599757
15129.999999999998 0.5423425734388405
15140.0 0.5424752025580838
15149.999999999998 0.5425415171177055
15160.0 0.5425636219709126
15169.999999999998 0.5425857268241199
15180.0 0.5426520413837415
15189.999999999998 0.5427404607965702
15200.0 0.5428288802093992
15209.999999999998 0.5429394044754352
15220.0 0.5430499287414713
15230.0 0.5431383481543001
15240.0 0.543248872420336
15250.0 0.5433593966863721
15260.0 0.5435141306588226
15270.0 0.5436467597780659
15280.0 0.5437351791908946
15290.0 0.543779388897309
15300.0 0.5438457034569307
15310.0 0.5440225422825884
15320.0 0.5441772762550389
15330.0 0.544199381108246
15340.0 0.5441772762550389
15350.0 0.5442214859614533
15360.0 0.5442878005210748
15370.0 0.5443320102274892
15380.0 0.544420429640318
15390.0 0.5445751636127686
15400.0 0.5447077927320118
15410.0 0.5447298975852191
15420.0 0.5447077927320118
15430.0 0.5446635830255974
15440.0 0.5447077927320118
15450.0 0.5448846315576694
15460.0 0.5450614703833272
15470.0 0.545149889796156
15480.0 0.5451940995025704
15490.0 0.5452825189153993
15500.0 0.5453488334750207
15510.0 0.5453267286218136
15520.0 0.5453046237686063
15530.0 0.545370938328228
15540.0 0.5454593577410568
15550.0 0.5455256723006785
15560.0 0.5455256723006785
15570.0 0.5454593577410568
15580.0 0.5454593577410568
15590.0 0.5455919868603001
15600.0 0.5457025111263362
15610.0 0.5456804062731289
15620.0 0.5456583014199218
15630.0 0.5458351402455794
15640.0 0.546011979071237
15650.0 0.5460561887776515
15660.0 0.546011979071237
15670.0 0.546011979071237
15680.0 0.5461003984840659
15690.0 0.5462772373097234
15700.0 0.5463877615757595
15710.0 0.5462993421629307
15720.0 0.546210922750102
15730.0 0.5463435518693451
15740.0 0.5465646004014172
15750.0 0.5466751246674533
15760.0 0.5466751246674533
15770.0 0.5466309149610389
15780.0 0.5466088101078316
15790.0 0.5466530198142461
15800.0 0.5467193343738677
15810.0 0.5467635440802822
15820.0 0.5468298586399037
15830.0 0.546962487759147
15840.0 0.547073012025183
15850.0 0.547073012025183
15860.0 0.5470951168783902
15870.0 0.5472498508508407
15880.0 0.5474487945297055
15890.0 0.5475593187957416
15900.0 0.5476256333553632
15910.0 0.5476698430617776
15920.0 0.5477582624746065
15930.0 0.5479351013002641
15940.0 0.548134044979129
15950.0 0.5482003595387506
15960.0 0.548244569245165
15970.0 0.5482887789515795
15980.0 0.5484214080708226
15990.0 0.5486424566028948
16000.0 0.5488635051349668
16010.0 0.5489961342542101
16020.0 0.5490624488138317
16030.0 0.549195077933075
16040.000000000002 0.5493498119055253
16050.0 0.5495045458779758
16060.000000000002 0.5497034895568408
16070.0 0.5499245380889128
16080.000000000002 0.5501234817677777
16090.0 0.550256110887021
16100.000000000002 0.5504108448594714
16110.0 0.5506539982447506
16120.000000000002 0.55089715163003
16130.0 0.551007675896066
16140.000000000002 0.551118200162102
16150.0 0.5513392486941742
16160.000000000002 0.551648716639075
16170.0 0.5519139748775614
16180.000000000002 0.552179233116048
16190.0 0.5523560719417057
16200.000000000002 0.5525329107673633
16210.0 0.552709749593021
16220.000000000002 0.5529086932718859
16230.0 0.5531297418039579
16240.000000000002 0.5533286854828228
16250.0 0.5534834194552732
16259.999999999998 0.5536602582809309
16270.0 0.5539255165194173
16279.999999999998 0.5541907747579039
16290.0 0.5543234038771471
16299.999999999998 0.5544339281431832
16310.0 0.5546549766752552
16319.999999999998 0.5549202349137418
16330.0 0.5552075980054354
16339.999999999998 0.5554286465375076
16350.0 0.5556275902163723
16359.999999999998 0.5558265338952373
16370.0 0.5560475824273093
16379.999999999998 0.5562686309593814
16390.0 0.5564896794914534
16400.0 0.5566665183171111
16410.0 0.5567770425831472
16420.0 0.5569317765555976
16430.0 0.5572191396472913
16440.0 0.5574622930325707
16450.0 0.5575949221518138
16460.0 0.5576612367114355
16470.0 0.5577717609774715
16480.0 0.5579043900967148
16490.0 0.5580149143627509
16500.0 0.5581917531884084
16510.0 0.5584791162801022
16520.0 0.558678059958967
16530.0 0.5586338502525526
16540.0 0.5585896405461382
16550.0 0.558788584225003
16560.0 0.5590759473166967
16570.0 0.5592306812891472
16580.0 0.5593191007019761
16590.0 0.5594075201148049
16600.0 0.5595843589404625
16610.0 0.5598275123257418
16620.0 0.5599822462981923
16630.0 0.5598938268853635
16640.0 0.5598054074725347
16650.0 0.5599601414449851
16660.0 0.5602253996834716
16670.0 0.5604022385091293
16680.0 0.5604243433623364
16690.0 0.5603580288027149
16700.0 0.5602917142430932
16710.0 0.5604022385091293
16720.0 0.5605348676283725
16730.0 0.5605127627751653
16740.0 0.5605127627751653
16750.0 0.5606674967476157
16760.0 0.5608222307200662
16770.0 0.5608885452796878
16780.0 0.5609548598393095
16790.0 0.56110959381176
16800.0 0.5612643277842103
16810.0 0.5613527471970391
16820.0 0.5614190617566608
16830.0 0.5615074811694897
16840.0 0.5615959005823185
16850.0 0.5616180054355258
16860.0 0.5616401102887328
16870.0 0.5617064248483545
16880.0 0.5618169491143905
16890.0 0.5619053685272193
16900.0 0.561971683086841
16910.0 0.5620158927932554
16920.0 0.5621264170592914
16930.0 0.5623253607381563
16940.0 0.562502199563814
16950.0 0.5624800947106068
16960.0 0.5625243044170212
16970.0 0.5627895626555076
16980.0 0.5630106111875798
16990.0 0.5629442966279581
17000.0 0.5629000869215437
17010.0 0.5631211354536158
17020.0 0.5634527082517239
17030.0 0.5636958616370032
17040.0 0.563784281049832
17050.0 0.5637621761966247
17060.0 0.5638063859030392
17070.0 0.5639832247286969
17080.0 0.5642042732607689
17090.0 0.5643369023800122
17100.0 0.5644032169396339
17110.0 0.5645137412056699
17120.0 0.5646684751781204
17130.0 0.5648232091505708
17140.0 0.5649337334166068
17150.0 0.5649779431230212
17160.0 0.5651105722422646
17170.0 0.5654642498935798
17180.0 0.5658179275448951
17190.0 0.5659063469577239
17200.0 0.5659284518109312
17210.0 0.5660831857833817
17220.0 0.5662600246090393
17230.0 0.5663926537282825
17240.0 0.5665252828475258
17250.0 0.5667463313795978
17260.0 0.5669452750584627
17270.0 0.5670336944712915
17280.0 0.5671000090309132
17290.0 0.5672105332969491
17300.0 0.5673873721226069
17310.0 0.5675863158014717
17320.0 0.5677852594803366
17330.0 0.5679620983059942
17340.0 0.5681389371316519
17350.0 0.5683157759573096
17360.0 0.5684926147829673
17370.0 0.5686031390490033
17380.0 0.5686252439022105
17390.0 0.5685810341957961
17400.0 0.5686473487554177
17410.0 0.5689126069939042
17420.0 0.569199970085598
17430.0 0.5693547040580483
17440.0 0.5694652283240844
17450.0 0.5696199622965349
17460.0 0.5697746962689852
17470.0 0.5697968011221926
17480.0 0.5697968011221926
17490.0 0.5698631156818141
17500.0 0.5699294302414357
17510.0 0.5699736399478502
17520.0 0.5700841642138863
17530.0 0.5703494224523727
17540.0 0.570592575837652
17550.0 0.5706809952504809
17560.0 0.5706809952504809
17570.0 0.5706809952504809
17580.0 0.5707252049568953
17590.0 0.570813624369724
17600.0 0.5709241486357601
17610.0 0.5710788826082105
17620.0 0.5711673020210394
17630.0 0.5711451971678322
17640.0 0.5711451971678322
17650.0 0.5712557214338682
17660.0 0.5713883505531115
17670.0 0.571454665112733
17680.0 0.5714767699659403
17690.0 0.5714325602595259
17700.0 0.5714104554063186
17710.0 0.5714325602595259
17720.0 0.571454665112733
17730.0 0.5714767699659403
17740.0 0.5715430845255619
17750.0 0.5716757136448051
17760.0 0.5717862379108412
17770.0 0.5718304476172557
17780.0 0.57187465732367
17790.0 0.5719851815897061
17800.0 0.5720957058557421
17810.0 0.5720957058557421
17820.0 0.5720293912961205
17830.0 0.5718967621768772
17840.0 0.571764133057634
17850.0 0.5717199233512196
17860.0 0.571764133057634
17870.0 0.5717862379108412
17880.0 0.5718083427640485
17890.0 0.5717199233512196
17900.0 0.5714988748191475
17910.0 0.5711009874614178
17920.0 0.5704820515716159
17930.0 0.5696420671497421
17940.0 0.5686252439022105
17950.0 0.5674536866822285
17960.0 0.5658400323981023
17970.0 0.56356323251776
17980.0 0.5606453918944085
17990.0 0.5571528250876697
18000.0 0.5529750078315074
18010.0 0.5479129964470569
18020.0 0.5417015326958315
18030.0 0.5341416728989665
18040.0 0.5252113122032546
18050.0 0.5148883457554886
18060.0 0.5031064589960469
18070.0 0.4897772325121007
18080.0 0.47483435174402827
18090.0 0.45825571183862257
18100.0 0.4400413127958834
18110.0 0.4202353643222253
18120.0 0.3991031246561348
18130.0 0.37682143262326945
18140.0 0.3535671270492869
18150.0 0.32949494190663775
18160.0 0.3048922402870156
18170.0 0.28006849013532137
18180.0 0.2552668448368344
18190.0 0.23077466748324824
18200.0 0.20696774057908557
18210.0 0.18415553206924723
18220.0 0.16251488077939089
18230.0 0.14217841582875984
18240.0 0.12327876633659726
18250.0 0.10592645656893923
18260.0 0.09016569623220015
18270.0 0.07601859017958723
18280.0 0.06348513841110047
18290.0 0.05247692151391105
18300.0 0.04294972978160453
18310.0 0.0348151438013521
18320.0 0.027940534453910516
18330.0 0.02219327262003652
18340.0 0.017440729180486864
18350.0 0.01357237986922552
18360.0 0.010455595567009236
18370.0 0.007979852007801975
18380.0 0.00601252007236049
18390.0 0.00448728520106316
18400.0 0.0033157279810811526
18410.0 0.0024094289995856377
18420.0 0.0017462834033694073
18430.0 0.0012599766328108381
18440.0 0.0008841941282883074
18450.0 0.0006189358898018152
18460.0 0.000419992210936946
18470.0 0.0002873630916936999
18480.0 0.00019894367886486917
18490.0 0.0001326291192432461
18500.0 8.841941282883074e-05
18510.0 6.631455962162305e-05
18520.0 4.420970641441537e-05
18530.0 2.2104853207207685e-05
18540.0 2.2104853207207685e-05
18550.0 0.0
