mejiro/data/filter_responses/RomanSCA06-F158.ecsv
# %ECSV 1.0
# ---
# datatype:
# - {name: wavelength, unit: Angstrom, datatype: float64}
# - {name: response, datatype: float64}
# meta:
#   __serialized_columns__:
#     wavelength:
#       __class__: astropy.units.quantity.Quantity
#       unit: !astropy.units.Unit {unit: Angstrom}
#       value: !astropy.table.SerializedColumn {name: wavelength}
#   band_name: F158
#   group_name: RomanSCA06
# schema: astropy-2.0
wavelength response
13680.000000000002 0.0
13690.0 2.2104853207207685e-05
13700.000000000002 6.631455962162305e-05
13710.0 0.00017683882565766148
13720.000000000002 0.0005526213301801921
13730.0 0.0015031300180901226
13740.000000000002 0.0037357201920180986
13750.0 0.008554578191189374
13759.999999999998 0.017927035951045434
13770.0 0.03454988556286561
13779.999999999998 0.0612746530903797
13790.0 0.1004223481203445
13799.999999999998 0.1524792774233186
13810.0 0.2154338993574461
13819.999999999998 0.2846441947492134
13830.0 0.3537660707281518
13839.999999999998 0.41647753927700004
13850.0 0.46813658122224433
13859.999999999998 0.5069084937476867
13870.0 0.5334343175963359
13879.999999999998 0.5499024332357055
13890.0 0.5591422618763184
13899.999999999998 0.5639169101690753
13910.0 0.5663484440218681
13919.999999999998 0.5674978963886429
13930.0 0.567829469186751
13939.999999999998 0.567829469186751
13950.0 0.5678073643335438
13959.999999999998 0.5678957837463727
13970.0 0.5680505177188231
13980.0 0.5681389371316519
13990.0 0.5680505177188231
14000.0 0.5678957837463727
14010.0 0.5678073643335438
14020.0 0.5678515740399582
14030.0 0.5679620983059942
14040.0 0.5680505177188231
14050.0 0.5680505177188231
14060.0 0.5679620983059942
14070.0 0.5678736788931654
14080.0 0.5677852594803366
14090.0 0.567718944920715
14100.0 0.567608420654679
14110.0 0.5673873721226069
14120.0 0.5672105332969491
14130.0 0.5672547430033635
14140.0 0.5673431624161925
14150.0 0.5672768478565708
14160.0 0.5671442187373276
14170.0 0.5670557993244988
14180.0 0.5670557993244988
14190.0 0.5671663235905348
14200.0 0.567298952709778
14210.0 0.5673652672693996
14220.0 0.5675421060950573
14230.0 0.5679399934527871
14240.0 0.5684041953701384
14250.0 0.5688020827278681
14260.0 0.5690231312599402
14270.0 0.5690673409663546
14280.0 0.5691336555259763
14290.0 0.5692883894984268
14300.0 0.5694652283240844
14310.0 0.5695978574433276
14320.0 0.5697083817093637
14330.0 0.5697968011221926
14340.0 0.5699294302414357
14350.0 0.5700841642138863
14360.0 0.5702167933331295
14370.0 0.5703494224523727
14380.0 0.5703936321587871
14390.0 0.5704157370119943
14400.0 0.5704599467184088
14410.0 0.5706367855440664
14420.0 0.5708357292229312
14430.0 0.5709683583421745
14440.0 0.571012568048589
14450.0 0.5709904631953817
14460.0 0.5709904631953817
14470.0 0.5710567777550034
14480.0 0.5711673020210394
14490.0 0.5712999311402825
14500.0 0.5714767699659403
14510.0 0.5716315039383907
14520.0 0.5717199233512196
14530.0 0.5716978184980124
14540.0 0.5716978184980124
14550.0 0.5717862379108412
14560.0 0.5718967621768772
14570.0 0.5719409718832917
14580.0 0.5720072864429132
14590.0 0.5721399155621565
14600.0 0.5722725446813998
14610.0 0.572294649534607
14620.0 0.5723167543878143
14630.0 0.572405173800643
14640.0 0.5724493835070574
14650.0 0.5724493835070574
14660.0 0.5724493835070574
14670.0 0.5725599077730934
14680.0 0.5727146417455439
14690.0 0.57282516601158
14700.0 0.5728693757179945
14710.0 0.57282516601158
14720.0 0.5728030611583728
14730.0 0.5729356902776159
14740.0 0.5730904242500665
14750.0 0.5731567388096881
14760.0 0.5732009485161025
14770.0 0.5732672630757241
14780.0 0.5733335776353458
14790.000000000002 0.5734219970481745
14800.0 0.5735104164610034
14810.000000000002 0.5736430455802466
14820.0 0.5737535698462827
14830.000000000002 0.5737756746994899
14840.0 0.5738198844059043
14850.000000000002 0.573886198965526
14860.0 0.5739967232315619
14870.000000000002 0.5740630377911836
14880.0 0.574107247497598
14890.000000000002 0.5741293523508052
14900.0 0.5741735620572197
14910.000000000002 0.5742840863232557
14920.0 0.5743946105892918
14930.000000000002 0.5744609251489133
14940.0 0.5745272397085349
14950.000000000002 0.5746819736809854
14960.0 0.5748588125066431
14970.000000000002 0.574947231919472
14980.0 0.5749914416258863
14990.000000000002 0.5749914416258863
15000.0 0.5750356513323007
15009.999999999998 0.575168280451544
15020.0 0.5753451192772016
15029.999999999998 0.575499853249652
15040.0 0.5756324823688953
15049.999999999998 0.5757872163413458
15060.0 0.575919845460589
15069.999999999998 0.5760524745798322
15080.0 0.5761408939926611
15089.999999999998 0.5761629988458683
15100.0 0.5762072085522827
15109.999999999998 0.5763840473779404
15120.0 0.5766272007632197
15129.999999999998 0.5768482492952918
15140.0 0.5769808784145349
15149.999999999998 0.5770471929741566
15160.0 0.577091402680571
15169.999999999998 0.5771356123869854
15180.0 0.5772240317998143
15189.999999999998 0.5773124512126431
15200.0 0.5774450803318864
15209.999999999998 0.5775777094511295
15220.0 0.5777103385703729
15230.0 0.5778429676896161
15240.0 0.5779755968088593
15250.0 0.5781303307813098
15260.0 0.5783071696069675
15270.0 0.5784840084326252
15280.0 0.5786166375518683
15290.0 0.5787050569646972
15300.0 0.5788155812307333
15310.0 0.5790366297628053
15320.0 0.5792355734416702
15330.0 0.5793018880012918
15340.0 0.579323992854499
15350.0 0.5793903074141207
15360.0 0.5795008316801566
15370.0 0.5795892510929855
15380.0 0.579743985065436
15390.0 0.5799429287443009
15400.0 0.5801418724231656
15410.0 0.5802081869827873
15420.0 0.5802081869827873
15430.0 0.5802081869827873
15440.0 0.5802966063956162
15450.0 0.5805397597808954
15460.0 0.5807829131661748
15470.0 0.5808934374322108
15480.0 0.5810039616982469
15490.0 0.58113659081749
15500.0 0.5812471150835261
15510.0 0.5812471150835261
15520.0 0.5812692199367333
15530.0 0.5813797442027694
15540.0 0.5815344781752197
15550.0 0.5816228975880486
15560.0 0.5816450024412558
15570.0 0.5816228975880486
15580.0 0.5816450024412558
15590.0 0.5818218412669135
15600.0 0.581976575239364
15610.0 0.581976575239364
15620.0 0.581998680092571
15630.0 0.582197623771436
15640.0 0.5824186723035081
15650.0 0.5824849868631298
15660.0 0.5824628820099225
15670.0 0.582507091716337
15680.0 0.5826176159823729
15690.0 0.582838664514445
15700.0 0.5829712936336884
15710.0 0.5828828742208594
15720.0 0.5828165596612378
15730.0 0.5829712936336884
15740.0 0.5832144470189675
15750.0 0.5833470761382108
15760.0 0.583369180991418
15770.0 0.5833470761382108
15780.0 0.5833249712850036
15790.0 0.5833912858446253
15800.0 0.5834797052574541
15810.0 0.5835239149638685
15820.0 0.58359022952349
15830.0 0.5837228586427333
15840.0 0.5838554877619766
15850.0 0.5838554877619766
15860.0 0.5838775926151838
15870.0 0.5840544314408415
15880.0 0.5842533751197063
15890.0 0.5843860042389496
15900.0 0.584430213945364
15910.0 0.5844523187985712
15920.0 0.5845407382114001
15930.0 0.5847396818902649
15940.0 0.5849165207159226
15950.0 0.5850049401287514
15960.0 0.5850049401287514
15970.0 0.5850491498351659
15980.0 0.585159674101202
15990.0 0.5854028274864811
16000.0 0.585601771165346
16010.0 0.585712295431382
16020.0 0.5857565051377965
16030.0 0.5858670294038325
16040.000000000002 0.5859996585230757
16050.0 0.5861543924955261
16060.000000000002 0.5863312313211838
16070.0 0.5865301750000487
16080.000000000002 0.5867070138257063
16090.0 0.5868175380917424
16100.000000000002 0.5869501672109857
16110.0 0.5871712157430578
16120.000000000002 0.5873701594219226
16130.0 0.5874585788347514
16140.000000000002 0.5875469982475803
16150.0 0.5877459419264451
16160.000000000002 0.5880112001649316
16170.0 0.5882764584034181
16180.000000000002 0.5884975069354902
16190.0 0.5886743457611479
16200.000000000002 0.5888069748803911
16210.0 0.5889617088528416
16220.000000000002 0.5891385476784993
16230.0 0.5893374913573641
16240.000000000002 0.5895143301830218
16250.0 0.5896248544490579
16259.999999999998 0.5897795884215082
16270.0 0.5900227418067876
16279.999999999998 0.5902658951920668
16290.0 0.5903764194581028
16299.999999999998 0.5904427340177245
16310.0 0.5906637825497966
16319.999999999998 0.590929040788283
16330.0 0.5911942990267696
16339.999999999998 0.5913932427056343
16350.0 0.5915700815312921
16359.999999999998 0.5917469203569498
16370.0 0.5919679688890218
16379.999999999998 0.5921890174210939
16390.0 0.592410065953166
16400.0 0.5925647999256164
16410.0 0.5926753241916525
16420.0 0.592830058164103
16430.0 0.5931174212557966
16440.0 0.5933826794942831
16450.0 0.5934932037603191
16460.0 0.5935595183199408
16470.0 0.5936700425859769
16480.0 0.5938247765584272
16490.0 0.5939353008244633
16500.0 0.5941342445033282
16510.0 0.5944437124482291
16520.0 0.5946868658335084
16530.0 0.594642656127094
16540.0 0.5946205512738867
16550.0 0.5948415998059587
16560.0 0.5951731726040669
16570.0 0.5953721162829319
16580.0 0.5954826405489679
16590.0 0.5955931648150039
16600.0 0.595814213347076
16610.0 0.5961236812919769
16620.0 0.5963226249708418
16630.0 0.5962563104112201
16640.0 0.5961899958515985
16650.0 0.5963889395304633
16660.0 0.5967205123285715
16670.0 0.5969415608606435
16680.0 0.5970299802734723
16690.0 0.5969636657138507
16700.0 0.5969636657138507
16710.0 0.5971183996863012
16720.0 0.5972952385119589
16730.0 0.5973394482183734
16740.0 0.5973836579247878
16750.0 0.5975604967504454
16760.0 0.5977815452825174
16770.0 0.5979141744017606
16780.0 0.5980246986677967
16790.0 0.5982236423466616
16800.0 0.5984446908787336
16810.0 0.5985773199979769
16820.0 0.598687844264013
16830.0 0.5988425782364634
16840.0 0.5989531025024994
16850.0 0.5990194170621211
16860.0 0.5990857316217427
16870.0 0.5992183607409859
16880.0 0.5993509898602292
16890.0 0.5994836189794724
16900.0 0.5995941432455084
16910.0 0.5996825626583373
16920.0 0.5998151917775805
16930.0 0.600080450016067
16940.0 0.6002793936949319
16950.0 0.6003014985481391
16960.0 0.6003678131077608
16970.0 0.6006551761994544
16980.0 0.6008983295847337
16990.0 0.6008762247315266
17000.0 0.6008320150251122
17010.0 0.6010751684103913
17020.0 0.6014509509149139
17030.0 0.6016941043001932
17040.0 0.601782523713022
17050.0 0.601782523713022
17060.0 0.6018046285662293
17070.0 0.602003572245094
17080.0 0.6022246207771662
17090.0 0.6023572498964095
17100.0 0.6024235644560311
17110.0 0.602534088722067
17120.0 0.6026667178413103
17130.0 0.6028214518137608
17140.0 0.6029319760797968
17150.0 0.6029540809330041
17160.0 0.6030867100522472
17170.0 0.6034403877035627
17180.0 0.6037719605016707
17190.0 0.6038603799144995
17200.0 0.6038603799144995
17210.0 0.6039930090337429
17220.0 0.6041698478594004
17230.0 0.6042803721254365
17240.0 0.6043908963914725
17250.0 0.6045898400703374
17260.0 0.6047887837492023
17270.0 0.6048550983088239
17280.0 0.6048772031620312
17290.0 0.6049877274280672
17300.0 0.6051424614005176
17310.0 0.6053414050793825
17320.0 0.6055182439050402
17330.0 0.6056729778774906
17340.0 0.605827711849941
17350.0 0.6060045506755987
17360.0 0.6061592846480491
17370.0 0.6062255992076708
17380.0 0.6062255992076708
17390.0 0.6061592846480491
17400.0 0.6062034943544635
17410.0 0.60646875259295
17420.0 0.6067561156846437
17430.0 0.6069108496570942
17440.0 0.6069992690699231
17450.0 0.6071540030423735
17460.0 0.6072866321616167
17470.0 0.6073087370148239
17480.0 0.6072866321616167
17490.0 0.6073308418680312
17500.0 0.6073971564276527
17510.0 0.6074413661340673
17520.0 0.6075739952533105
17530.0 0.6078392534917969
17540.0 0.6080824068770763
17550.0 0.608170826289905
17560.0 0.608170826289905
17570.0 0.6081929311431122
17580.0 0.6082592457027339
17590.0 0.6083476651155627
17600.0 0.608480294234806
17610.0 0.6086350282072565
17620.0 0.6087455524732924
17630.0 0.6087234476200852
17640.0 0.6086792379136708
17650.0 0.6087234476200852
17660.0 0.608701342766878
17670.0 0.60836976996877
17680.0 0.6075076806936888
17690.0 0.6057835021435266
17700.0 0.6026446129881031
17710.0 0.5972510288055445
17720.0 0.5884090875226614
17730.0 0.5747261833873999
17740.0 0.5547876057944985
17750.0 0.5272891684047322
17760.0 0.49145720135584847
17770.0 0.44731380950105476
17780.0 0.3960305500603329
17790.0 0.3398621180608182
17800.0 0.28170424927265475
17810.0 0.22480635711730215
17820.0 0.17226312104376948
17830.0 0.1264618651984352
17840.0 0.08877309048014607
17850.0 0.059506264833803085
17860.0 0.03802034751639721
17870.0 0.02312167645473924
17880.0 0.013395541043567858
17890.0 0.00736091611800016
17900.0 0.003846244458054137
17910.0 0.001901017375819861
17920.0 0.0008841941282883074
17930.0 0.00039788735772973834
17940.0 0.00017683882565766148
17950.0 6.631455962162305e-05
17960.0 2.2104853207207685e-05
17970.0 0.0
