mejiro/data/filter_responses/RomanSCA18-F087.ecsv
# %ECSV 1.0
# ---
# datatype:
# - {name: wavelength, unit: Angstrom, datatype: float64}
# - {name: response, datatype: float64}
# meta:
#   __serialized_columns__:
#     wavelength:
#       __class__: astropy.units.quantity.Quantity
#       unit: !astropy.units.Unit {unit: Angstrom}
#       value: !astropy.table.SerializedColumn {name: wavelength}
#   band_name: F087
#   group_name: RomanSCA18
# schema: astropy-2.0
wavelength response
7490.0 0.0
7500.0 6.631455962162305e-05
7510.0 0.00033157279810811527
7520.0 0.0014147106052612918
7530.0 0.0051062210908649755
7540.0 0.015362872979009342
7550.0 0.03870559796582066
7560.0 0.0822521587840198
7570.0 0.14887618635054375
7580.0 0.23245463632699603
7590.0 0.31846462015624116
7600.0 0.3909022241162607
7610.0 0.44112445060303657
7620.0 0.4699491791852354
7630.0 0.4837647124397402
7640.0 0.4893351354479565
7650.0 0.49128036253019086
7660.0 0.4919656129796143
7670.0 0.49260665372262324
7680.0 0.493756106089398
7690.0 0.4949497681625873
7700.0 0.4956350186120107
7710.0 0.4960550108229477
7720.0 0.49651921274029903
7730.0 0.4970276243640648
7740.0 0.4976023505474522
7750.0 0.49824339129046125
7760.0 0.49892864173988466
7770.0 0.4994370533636504
7780.0 0.4996359970425153
7790.0 0.4998349407213802
7800.0 0.5003212474919387
7810.0 0.5008075542624973
7820.0 0.5009180785285333
7830.0 0.50078544940929
7840.0 0.5006528202900469
7850.0 0.5004980863175965
7860.0 0.5003433523451459
7870.0 0.5002549329323172
7880.0 0.5003212474919387
7890.0 0.5005422960240109
7900.0 0.5008296591157045
7910.0 0.5010728125009838
7920.0 0.5011612319138126
7930.0 0.5014264901522992
7940.0 0.5020896357485153
7950.0 0.502575942519074
7960.0 0.5024875231062451
7970.0 0.5030180395832181
7980.0 0.5049632666654524
7990.0 0.5062232432982632
8000.0 0.504830637546209
8010.0 0.5027085716383172
8020.000000000001 0.5020012163356865
8030.000000000001 0.5025538376658667
8040.000000000001 0.5037032900326416
8050.000000000001 0.5048527423994164
8060.000000000001 0.505670621968083
8070.000000000001 0.5063337675642993
8080.000000000001 0.5071074374265515
8090.000000000001 0.5077263733163533
8100.000000000001 0.5079253169952183
8110.000000000001 0.5080800509676687
8120.000000000001 0.5085000431786055
8129.999999999999 0.5089421402427498
8139.999999999999 0.5091189790684074
8149.999999999999 0.5093621324536867
8159.999999999999 0.5099810683434886
8169.999999999999 0.510776843058948
8179.999999999999 0.5114620935083715
8189.999999999999 0.512058924544966
8200.0 0.5126115458751462
8210.0 0.5133852157373985
8220.0 0.5145125632509661
8230.0 0.5156841204709481
8240.0 0.5166125243056509
8250.0 0.5169662019569661
8260.0 0.5167230485716869
8270.0 0.5168556776909301
8280.0 0.5180935494705337
8290.0 0.519287211543723
8300.0 0.519287211543723
8310.0 0.5188230096263716
8320.0 0.5187345902135427
8330.0 0.5189114290392004
8340.0 0.5189998484520293
8350.0 0.5191987921308941
8360.0 0.5196629940482456
8370.0 0.5202156153784258
8380.0 0.520569293029741
8390.0 0.5206356075893627
8400.0 0.5203924542040833
8410.0 0.5203703493508761
8420.0 0.5208566561214347
8430.0 0.5212766483323716
8440.0 0.5211219143599212
8450.0 0.5212324386259573
8460.0 0.5224261006991464
8470.0 0.523752391891579
8480.0 0.5242386986621375
8490.0 0.5243271180749662
8500.0 0.5246807957262817
8510.0 0.5252334170564619
8520.0 0.5258081432398491
8530.0 0.5264049742764438
8540.0 0.5270460150194529
8550.0 0.5275323217900114
8560.0 0.5277312654688763
8570.0 0.5279965237073627
8580.0 0.5287480887164078
8590.0 0.5298533313767682
8600.0 0.5310248885967502
8610.0 0.531842768165417
8620.0 0.5320859215506961
8630.0 0.5324617040552186
8640.0 0.5336332612752007
8650.0 0.5352248107061197
8660.0 0.5367058358710026
8670.0 0.5379658125038135
8680.0 0.5390047406045523
8690.0 0.5398005153200117
8700.0 0.5403531366501919
8710.0 0.5410383870996153
8720.0 0.5421436297599757
8730.0 0.5434478160992009
8740.0 0.5446856878788047
8750.0 0.5456361965667145
8760.0 0.5462551324565164
8770.0 0.5469182780527326
8780.0 0.5480456255663001
8790.0 0.5492834973459038
8800.0 0.5503224254466424
8810.0 0.5513171438409669
8820.0 0.55240028164812
8830.0 0.5532623709232012
8840.0 0.5536160485745165
8850.0 0.553881306813003
8860.0 0.5545002427028048
8870.0 0.5553623319778859
8880.0 0.5562465261061742
8890.0 0.5570644056748408
8900.0 0.5577938658306788
8910.0 0.5584349065736878
8920.0 0.5589212133442464
8930.0 0.5594959395276337
8940.0 0.5602917142430932
8950.0 0.5609769646925166
8960.0 0.5612201180777959
8970.0 0.5612864326374176
8980.0 0.5615074811694897
8990.0 0.5618832636740122
9000.0 0.5623032558849491
9010.0 0.5626790383894716
9020.0 0.5629664014811654
9030.0 0.5630990306004086
9040.0 0.5631653451600301
9050.0 0.5632758694260662
9060.0 0.5634527082517239
9070.0 0.5636737567837959
9080.0 0.5638948053158681
9090.0 0.5640274344351113
9100.0 0.5641158538479402
9110.0 0.5641821684075617
9120.0 0.5642926926735978
9130.0 0.5644916363524627
9140.0 0.5646905800313275
9150.0 0.5648232091505708
9160.0 0.5648895237101924
9170.0 0.5648674188569852
9180.0 0.5649337334166068
9190.0 0.565176886801886
9200.0 0.5654200401871654
9210.0 0.5655747741596159
9220.0 0.5656852984256519
9230.0 0.5659284518109312
9240.0 0.5662158149026248
9250.0 0.5665031779943186
9260.0 0.5668347507924266
9270.0 0.5672105332969491
9280.0 0.567608420654679
9290.0 0.5680063080124087
9300.0 0.5684484050765528
9310.0 0.569001026406733
9320.0 0.5695536477369132
9330.0 0.5700399545074718
9340.0 0.5705704709844448
9350.0 0.5711894068742466
9360.0 0.57187465732367
9370.0 0.5725599077730934
9380.0 0.5732672630757241
9390.0 0.5739967232315619
9400.0 0.5746819736809854
9410.0 0.5752345950111656
9420.0 0.5758314260477602
9430.0 0.576560886203598
9440.0 0.5772682415062287
9450.0 0.5777987579832017
9460.0 0.5783292744601747
9470.0 0.5790366297628053
9480.0 0.5797660899186431
9490.0 0.5803629209552378
9500.0 0.5809597519918324
9510.0 0.5816892121476702
9520.0 0.5824407771567153
9530.0 0.5830155033401028
9540.0 0.5835018101106613
9550.0 0.5840323265876343
9560.0 0.5846070527710217
9570.0 0.5852480935140307
9580.0 0.5858449245506253
9590.0 0.5863312313211838
9600.0 0.5867954332385352
9610.0 0.5873701594219226
9620.0 0.5879448856053101
9630.0 0.5884532972290758
9640.0 0.5889174991464272
9650.0 0.5894259107701929
9660.0 0.589868007834337
9670.0 0.5902216854856525
9680.0 0.5906195728433822
9690.0 0.5911942990267696
9700.0 0.591769025210157
9710.0 0.5921227028614723
9720.0 0.5922774368339226
9730.0 0.5917027106505354
9740.0 0.5882764584034181
9750.0 0.5770692978273638
9760.0 0.5497698041164624
9770.0 0.4968728903916143
9780.0 0.41393548115817114
9790.0 0.3088932187175202
9800.0 0.20148573698369804
9810.0 0.11266843679713759
9820.0 0.0532063816697489
9830.0 0.020977505693640094
9840.0 0.006852504494234382
9850.0 0.001834702816198238
9860.0 0.00039788735772973834
9870.0 6.631455962162305e-05
9880.0 0.0
