mejiro/data/filter_responses/RomanSCA13-F087.ecsv
# %ECSV 1.0
# ---
# datatype:
# - {name: wavelength, unit: Angstrom, datatype: float64}
# - {name: response, datatype: float64}
# meta:
#   __serialized_columns__:
#     wavelength:
#       __class__: astropy.units.quantity.Quantity
#       unit: !astropy.units.Unit {unit: Angstrom}
#       value: !astropy.table.SerializedColumn {name: wavelength}
#   band_name: F087
#   group_name: RomanSCA13
# schema: astropy-2.0
wavelength response
7520.0 0.0
7530.0 4.420970641441537e-05
7540.0 0.00019894367886486917
7550.0 0.0009947183943243459
7560.0 0.003934663870882968
7570.0 0.01279871000697325
7580.0 0.03430673217758633
7590.0 0.07628384841807373
7600.0 0.14213420612234542
7610.0 0.2252705590346535
7620.0 0.3098437274054301
7630.0 0.37918665191644063
7640.0 0.4249436980553606
7650.0 0.44939166570253225
7660.0 0.46013462436123514
7670.0 0.46453349014946954
7680.0 0.46700923370867675
7690.0 0.46882183167166774
7700.0 0.46999338889164977
7710.0 0.4708775830199381
7720.0 0.4717838820014337
7730.0 0.4727564955425508
7740.0 0.4737954236432896
7750.0 0.4749006663036499
7760.0 0.4760501186704247
7770.0 0.47706694191795623
7780.0 0.47775219236737976
7790.0 0.4784595476700103
7800.0 0.4794542660643347
7810.0 0.4804047747522446
7820.0 0.4810237106420464
7830.0 0.481399493146569
7840.0 0.48175317079788427
7850.0 0.4820847435959924
7860.0 0.4824163163941005
7870.0 0.4827699940454159
7880.0 0.4832784056691817
7890.0 0.48391944641219065
7900.0 0.48460469686161406
7910.0 0.4852236327514159
7920.0 0.48566572981556
7930.0 0.48624045599894744
7940.0 0.4871909646868574
7950.0 0.4879425296959024
7960.0 0.4881193685215601
7970.0 0.488848828677398
7980.0 0.4909266848788755
7990.0 0.4922750809245151
8000.0 0.4910593139981187
8010.0 0.48904777235626284
8020.000000000001 0.4883846267600466
8030.000000000001 0.4889372480902268
8040.000000000001 0.49002038589738
8050.000000000001 0.4911035237045331
8060.000000000001 0.491832983860371
8070.000000000001 0.4924077100437584
8080.000000000001 0.4930708556399746
8090.000000000001 0.4935792672637404
8100.000000000001 0.49371189638298363
8110.000000000001 0.49377821094260527
8120.000000000001 0.49413188859392054
8129.999999999999 0.4945076710984431
8139.999999999999 0.4946624050708936
8149.999999999999 0.49488345360296565
8159.999999999999 0.4955244943459746
8169.999999999999 0.49636447876784856
8179.999999999999 0.497160253483308
8189.999999999999 0.4978676087859387
8200.0 0.49861917379498377
8210.0 0.49961389218930813
8220.0 0.5010064979413622
8230.0 0.5025317328126595
8240.0 0.5038801288582992
8250.0 0.5047422181333803
8260.0 0.5050958957846956
8270.0 0.5058695656469478
8280.0 0.507792687875975
8290.0 0.5097600198114164
8300.0 0.5106000042332903
8310.0 0.51099789159102
8320.0 0.5118599808661012
8330.0 0.5129652235264616
8340.0 0.5140483613336148
8350.0 0.515242023406804
8360.0 0.5167230485716869
8370.0 0.5182924931493986
8380.0 0.5196850989014526
8390.0 0.5207682367086058
8400.0 0.5215419065708581
8410.0 0.5225145201119753
8420.0 0.5239955452768581
8430.0 0.525366046175705
8440.0 0.5261176111847502
8450.0 0.5271344344322817
8460.0 0.5291680809273448
8470.0 0.5312901468352368
8480.0 0.532483808908426
8490.0 0.533235373917471
8500.0 0.5341858826053809
8510.0 0.5352469155593269
8520.0 0.5362637388068585
8530.0 0.5372363523479756
8540.0 0.5381868610358855
8550.0 0.5388942163385162
8560.0 0.5392478939898314
8570.0 0.5396236764943539
8580.0 0.5404194512098135
8590.0 0.5415246938701739
8600.0 0.5426299365305343
8610.0 0.5433372918331649
8620.0 0.5434257112459938
8630.0 0.5435804452184442
8640.0 0.5445309539063541
8650.0 0.5458572450987865
8660.0 0.5470288023187686
8670.0 0.5479572061534713
8680.0 0.5486203517496876
8690.0 0.5489961342542101
8700.0 0.5491066585202462
8710.0 0.5493277070523183
8720.0 0.5499466429421199
8730.0 0.5507866273639939
8740.0 0.5515160875198318
8750.0 0.5519581845839758
8760.0 0.5520244991435975
8770.0 0.5521350234096335
8780.0 0.552709749593021
8790.0 0.5534171048956517
8800.0 0.553881306813003
8810.0 0.5542791941707327
8820.0 0.5547876057944985
8830.0 0.555052864032985
8840.0 0.5547876057944985
8850.0 0.5544339281431832
8860.0 0.5544339281431832
8870.0 0.5546549766752552
8880.0 0.5548760252073274
8890.0 0.5550307591797777
8900.0 0.5551191785926066
8910.0 0.5550749688861921
8920.0 0.5548760252073274
8930.0 0.5547655009412913
8940.0 0.5548539203541201
8950.0 0.5548318155009129
8960.0 0.5543455087303544
8970.0 0.5536823631341381
8980.0 0.5531518466571652
8990.0 0.5527760641526426
9000.0 0.5524444913545346
9010.0 0.5520466039968047
9020.0 0.5515602972262462
9030.0 0.55089715163003
9040.0 0.5501897963273993
9050.0 0.5495045458779758
9060.0 0.548885609988174
9070.0 0.5483108838047867
9080.0 0.5477361576213993
9090.0 0.547073012025183
9100.0 0.5463656567225523
9110.0 0.5456583014199218
9120.0 0.5449951558237055
9130.0 0.544420429640318
9140.0 0.5438457034569307
9150.0 0.5432267675671288
9160.0 0.5425415171177055
9170.0 0.5418120569618675
9180.0 0.5411489113656514
9190.0 0.5406847094483
9200.0 0.540264717237363
9210.0 0.53973420076039
9220.0 0.5392257891366243
9230.0 0.5388057969256873
9240.0 0.5384963289807865
9250.0 0.5382089658890927
9260.0 0.5379879173570207
9270.0 0.5378331833845702
9280.0 0.5377226591185341
9290.0 0.5376342397057053
9300.0 0.5376342397057053
9310.0 0.5377226591185341
9320.0 0.5378331833845702
9330.0 0.537921602797399
9340.0 0.5380321270634351
9350.0 0.5382752804487143
9360.0 0.5385847483936153
9370.0 0.5389163211917234
9380.0 0.5392478939898314
9390.0 0.5396457813475612
9400.0 0.5399994589988765
9410.0 0.5402426123841558
9420.0 0.5405299754758496
9430.0 0.5409278628335792
9440.0 0.541325750191309
9450.0 0.5415689035765884
9460.0 0.5418120569618675
9470.0 0.5422099443195973
9480.0 0.5426299365305343
9490.0 0.542917299622228
9500.0 0.5432046627139216
9510.0 0.5436246549248586
9520.0 0.5440446471357955
9530.0 0.5442878005210748
9540.0 0.5444646393467325
9550.0 0.5446856878788047
9560.0 0.5449288412640838
9570.0 0.5452162043557776
9580.0 0.5454593577410568
9590.0 0.5456140917135074
9600.0 0.5457467208327506
9610.0 0.5459456645116154
9620.0 0.5461667130436875
9630.0 0.5463214470161379
9640.0 0.546431971282174
9650.0 0.5465646004014172
9660.0 0.5466530198142461
9670.0 0.5466530198142461
9680.0 0.5466972295206605
9690.0 0.5468740683463181
9700.0 0.547073012025183
9710.0 0.5470951168783902
9720.0 0.5471172217315974
9730.0 0.5472498508508407
9740.0 0.5473603751168767
9750.0 0.5473161654104622
9760.0 0.5470066974655614
9770.0 0.5455698820070929
9780.0 0.5396899910539756
9790.0 0.5219397939285879
9800.0 0.48124475917411846
9810.0 0.4087187358012701
9820.0 0.30796481488281746
9830.0 0.19896578371807638
9840.0 0.10731906232099331
9850.0 0.04739280527625328
9860.0 0.01688810785030667
9870.0 0.004796753145964068
9880.0 0.0010831378071531766
9890.0 0.00019894367886486917
9900.0 2.2104853207207685e-05
9910.0 0.0
