mejiro/data/filter_responses/RomanSCA04-Prism.ecsv
# %ECSV 1.0
# ---
# datatype:
# - {name: wavelength, unit: Angstrom, datatype: float64}
# - {name: response, datatype: float64}
# meta:
#   __serialized_columns__:
#     wavelength:
#       __class__: astropy.units.quantity.Quantity
#       unit: !astropy.units.Unit {unit: Angstrom}
#       value: !astropy.table.SerializedColumn {name: wavelength}
#   band_name: Prism
#   group_name: RomanSCA04
# schema: astropy-2.0
wavelength response
7520.0 0.0
7530.0 2.2104853207207685e-05
7540.0 0.00019894367886486917
7550.0 0.0010831378071531766
7560.0 0.0046862288799280295
7570.0 0.01602601857522557
7580.0 0.04381181905668563
7590.0 0.09650978910266875
7600.0 0.17392098503431008
7610.0 0.2621635590374831
7620.0 0.34034842483137673
7630.0 0.3942842666569635
7640.0 0.4233521486244416
7650.0 0.43581928583330676
7660.0 0.4404170953004059
7670.0 0.44253916120829784
7680.0 0.4444180737309105
7690.0 0.4462306716939015
7700.0 0.4475790677395412
7710.0 0.4486843103999016
7720.0 0.4498337627666764
7730.0 0.45102742483986563
7740.0 0.4522652966194692
7750.0 0.45359158781190173
7760.0 0.45493998385754136
7770.0 0.45615575078393783
7780.0 0.45708415461864055
7790.0 0.45801255845334327
7800.0 0.4592062205265324
7810.0 0.46037777774651445
7820.0 0.4611956573151811
7830.0 0.46181459320498297
7840.0 0.46241142424157755
7850.0 0.462986150424965
7860.0 0.463516666901938
7870.0 0.46411349793853257
7880.0 0.46484295809437043
7890.0 0.4656829425162443
7900.0 0.4665892414977398
7910.0 0.46740712106640653
7920.0 0.46809237151582994
7930.0 0.46888814623128944
7940.0 0.4700375985980642
7950.0 0.4709881072859742
7960.0 0.4714080994969111
7970.0 0.4723365033316138
7980.0 0.47456909350554183
7990.0 0.4761164332300464
8000.0 0.4751659245421364
8010.0 0.47346385084518144
8020.000000000001 0.4730438586342445
8030.000000000001 0.4737954236432896
8040.000000000001 0.4750775051293076
8050.000000000001 0.47633748176211843
8060.000000000001 0.4772437807436139
8070.000000000001 0.4779732408994518
8080.000000000001 0.4788132253213257
8090.000000000001 0.47947637091754186
8100.000000000001 0.47971952430282117
8110.000000000001 0.4799184679816861
8120.000000000001 0.4803605650458302
8129.999999999999 0.4807805572567671
8139.999999999999 0.480979500935632
8149.999999999999 0.4812226543209113
8159.999999999999 0.4818194853575059
8169.999999999999 0.48259315521975815
8179.999999999999 0.4832784056691817
8189.999999999999 0.483853131852569
8200.0 0.48442785803595645
8210.0 0.48520152789820864
8220.0 0.4863288754117763
8230.0 0.48752253748496543
8240.0 0.4884951510260827
8250.0 0.48895935294343407
8260.0 0.4888930383838124
8270.0 0.4891804014755061
8280.0 0.49052879752114575
8290.0 0.49187719356678544
8300.0 0.49212034695206475
8310.0 0.49192140327319983
8320.0 0.49212034695206475
8330.0 0.49256244401620886
8340.0 0.49296033137393863
8350.0 0.49346874299770443
8360.0 0.4942424128599566
8370.0 0.4951045021350377
8380.0 0.49581185743766837
8390.0 0.4962318496486053
8400.0 0.4963865836210558
8410.0 0.49671815641916395
8420.0 0.49758024569424497
8430.0 0.49837602040970447
8440.0 0.49861917379498377
8450.0 0.49914969027195677
8460.0 0.5006970299964613
8470.0 0.502376998840209
8480.0 0.5032390881152902
8490.0 0.5037253948858488
8500.0 0.5044769598948938
8510.0 0.5054053637295965
8520.0 0.5063558724175065
8530.0 0.5073284859586237
8540.0 0.5083232043529479
8550.0 0.5091631887748218
8560.0 0.509715810105002
8570.0 0.5103347459948039
8580.0 0.5113957789487498
8590.0 0.5128104895540111
8600.0 0.5142473050124796
8610.0 0.51535254767284
8620.0 0.515883064149813
8630.0 0.5165462097460293
8640.0 0.5179388154980833
8650.0 0.5197514134610743
8660.0 0.5214092774516149
8670.0 0.5228681977632906
8680.0 0.5240618598364798
8690.0 0.5250123685243898
8700.0 0.5257197238270204
8710.0 0.5265154985424798
8720.0 0.5277091606156691
8730.0 0.5290796615145159
8740.0 0.5303617430005341
8750.0 0.5313343565416512
8760.0 0.5319311875782458
8770.0 0.532594333174462
8780.0 0.533655366128408
8790.0 0.53482692334839
8800.0 0.5357553271830927
8810.0 0.5366174164581737
8820.0 0.5375679251460838
8830.0 0.5382752804487143
8840.0 0.5384521192743721
8850.0 0.5385405386872009
8860.0 0.5389384260449306
8870.0 0.5395573619347324
8880.0 0.5401762978245342
8890.0 0.5407068143015071
8900.0 0.5411489113656514
8910.0 0.5414583793105523
8920.0 0.5416131132830028
8930.0 0.5418562666682819
8940.0 0.5422762588792189
8950.0 0.5425636219709126
8960.0 0.5424309928516694
8970.0 0.5420994200535613
8980.0 0.5418783715214892
8990.0 0.5418120569618675
9000.0 0.5417678472554531
9010.0 0.5416794278426244
9020.0 0.5414804841637595
9030.0 0.5411268065124442
9040.0 0.5407068143015071
9050.0 0.5403089269437775
9060.0 0.5399773541456694
9070.0 0.5396678862007684
9080.0 0.5393584182558675
9090.0 0.538982635751345
9100.0 0.5385405386872009
9110.0 0.5380984416230566
9120.0 0.5377005542653269
9130.0 0.5373689814672189
9140.0 0.537059513522318
9150.0 0.5367058358710026
9160.0 0.5362637388068585
9170.0 0.5357774320362999
9180.0 0.5353795446785702
9190.0 0.535158496146498
9200.0 0.5349595524676333
9210.0 0.5346942942291467
9220.0 0.5344069311374531
9230.0 0.5342521971650026
9240.0 0.5341637777521737
9250.0 0.5341195680457593
9260.0 0.5341416728989665
9270.0 0.5342079874585881
9280.0 0.5343406165778314
9290.0 0.5344953505502819
9300.0 0.5346942942291467
9310.0 0.5350258670272547
9320.0 0.5353795446785702
9330.0 0.535689012623471
9340.0 0.5360205854215792
9350.0 0.5364847873389306
9360.0 0.5370153038159035
9370.0 0.5375458202928765
9380.0 0.538120546476264
9390.0 0.5387173775128585
9400.0 0.5392699988430387
9410.0 0.53973420076039
9420.0 0.5401984026777414
9430.0 0.5408173385675432
9440.0 0.5414141696041378
9450.0 0.5418341618150748
9460.0 0.5422762588792189
9470.0 0.5428730899158136
9480.0 0.5434699209524082
9490.0 0.5439341228697595
9500.0 0.5443983247871109
9510.0 0.5449951558237055
9520.0 0.5455698820070929
9530.0 0.5459898742180299
9540.0 0.5463214470161379
9550.0 0.5466972295206605
9560.0 0.5470951168783902
9570.0 0.5475372139425343
9580.0 0.5479129964470569
9590.0 0.5482003595387506
9600.0 0.5484877226304443
9610.0 0.5488192954285525
9620.0 0.5491729730798677
9630.0 0.5494603361715614
9640.0 0.5497034895568408
9650.0 0.5499466429421199
9660.0 0.5501455866209849
9670.0 0.550256110887021
9680.0 0.5504108448594714
9690.0 0.5507203128043723
9700.0 0.5510297807492731
9710.0 0.5511624098685164
9720.0 0.5512729341345525
9730.0 0.5514939826666245
9740.0 0.5517150311986966
9750.0 0.5518255554647327
9760.0 0.5519360797307687
9770.0 0.552179233116048
9780.0 0.5523781767949129
9790.0 0.55240028164812
9800.0 0.55240028164812
9810.0 0.5525329107673633
9820.0 0.5526876447398138
9830.0 0.5526876447398138
9840.0 0.5526655398866065
9850.0 0.5527760641526426
9860.0 0.5529529029783002
9870.0 0.5530855320975435
9880.0 0.5531076369507507
9890.0 0.5529750078315074
9900.0 0.5528644835654715
9910.0 0.5529750078315074
9920.0 0.5531297418039579
9930.0 0.5531076369507507
9940.0 0.5530634272443362
9950.0 0.5530855320975435
9960.0 0.5531297418039579
9970.0 0.5531297418039579
9980.0 0.5531518466571652
9990.0 0.5533065806296156
10000.0 0.5534392097488587
10009.999999999998 0.5535276291616877
10020.0 0.5535055243084804
10029.999999999998 0.5534834194552732
10040.0 0.5534392097488587
10049.999999999998 0.5534392097488587
10060.0 0.5534834194552732
10069.999999999998 0.5535497340148948
10080.0 0.5535718388681021
10089.999999999998 0.5535276291616877
10100.0 0.5535276291616877
10109.999999999998 0.5536160485745165
10120.0 0.5537265728405525
10129.999999999998 0.5537928874001742
10140.0 0.5537707825469669
10149.999999999998 0.5537044679873453
10160.0 0.5536602582809309
10169.999999999998 0.5537044679873453
10180.0 0.5537928874001742
10189.999999999998 0.5538592019597958
10200.0 0.553881306813003
10209.999999999998 0.553881306813003
10220.0 0.5539034116662102
10230.0 0.5539476213726245
10240.0 0.5539697262258318
10250.0 0.5539697262258318
10260.0 0.5539255165194173
10270.0 0.5538592019597958
10280.0 0.5538592019597958
10290.0 0.5539697262258318
10300.0 0.5540360407854534
10310.0 0.553991831079039
10320.0 0.5539034116662102
10330.0 0.5539034116662102
10340.0 0.5539476213726245
10350.0 0.5539476213726245
10360.0 0.5539255165194173
10370.0 0.5539034116662102
10380.0 0.5538592019597958
10390.0 0.5537928874001742
10400.0 0.5537265728405525
10410.0 0.5536381534277237
10420.0 0.5535939437213092
10430.0 0.5536823631341381
10440.0 0.5536823631341381
10450.0 0.5535276291616877
10460.0 0.5533065806296156
10470.0 0.553240266069994
10480.0 0.5532844757764084
10490.0 0.5533728951892373
10500.0 0.55335079033603
10510.0 0.5531739515103723
10520.0 0.5529750078315074
10530.0 0.552930798125093
10540.0 0.552930798125093
10550.0 0.5529529029783002
10560.0 0.5529086932718859
10570.0 0.5528423787122642
10580.0 0.5526876447398138
10590.0 0.5524223865013272
10600.0 0.552179233116048
10610.0 0.5520908137032191
10620.0 0.5520908137032191
10630.0 0.5520244991435975
10640.0 0.551869765171147
10650.0 0.5516266117858678
10660.0 0.5514055632537957
10670.0 0.5512508292813452
10680.0 0.5511403050153092
10690.0 0.5509634661896516
10700.0 0.5508087322172011
10710.0 0.5506982079511651
10720.0 0.5506097885383362
10730.0 0.5504992642723002
10740.0 0.5504108448594714
10750.0 0.5503445302998498
10760.0 0.550256110887021
10770.0 0.550057167208156
10780.0 0.5498140138228768
10790.0 0.5495929652908047
10800.0 0.5494603361715614
10810.0 0.549416126465147
10820.0 0.5493719167587326
10830.0 0.5491287633734533
10840.0 0.5489077148413812
10850.0 0.5488414002817597
10860.0 0.5487750857221381
10870.0 0.5485982468964803
10880.0 0.548355093511201
10890.0 0.5481782546855435
10900.0 0.5480456255663001
10910.0 0.5479129964470569
10920.0 0.5477582624746065
10930.0 0.5475593187957416
10940.0 0.5473824799700839
10950.0 0.5472277459976335
10960.0 0.547073012025183
10970.0 0.5468740683463181
10980.0 0.5468961731995253
10990.0 0.5472719557040479
11000.0 0.5476256333553632
11010.0 0.5475814236489488
11020.0 0.5473603751168767
11030.0 0.5472498508508407
11040.000000000002 0.5472056411444262
11050.0 0.5471614314380118
11060.000000000002 0.5471393265848047
11070.0 0.5471393265848047
11080.000000000002 0.5470509071719758
11090.0 0.5468519634931109
11100.000000000002 0.5466751246674533
11110.0 0.5466972295206605
11120.000000000002 0.5467414392270749
11130.0 0.5466751246674533
11140.000000000002 0.5466088101078316
11150.0 0.5466751246674533
11160.000000000002 0.5466751246674533
11170.0 0.5464761809885884
11180.000000000002 0.5462993421629307
11190.0 0.5463214470161379
11200.000000000002 0.5463877615757595
11210.0 0.5462993421629307
11220.000000000002 0.5461888178968947
11230.0 0.546210922750102
11240.000000000002 0.5461888178968947
11250.0 0.5459677693648226
11259.999999999998 0.5457246159795434
11270.0 0.5456140917135074
11279.999999999998 0.5455698820070929
11290.0 0.5455477771538857
11299.999999999998 0.5455256723006785
11310.0 0.5455256723006785
11319.999999999998 0.5455035674474713
11330.0 0.5454372528878496
11339.999999999998 0.5453488334750207
11350.0 0.5452825189153993
11359.999999999998 0.5452162043557776
11370.0 0.5451056800897416
11379.999999999998 0.5450393655301199
11390.0 0.5450393655301199
11399.999999999998 0.5451056800897416
11410.0 0.545149889796156
11419.999999999998 0.5451056800897416
11430.0 0.5449951558237055
11439.999999999998 0.5448846315576694
11450.0 0.5448846315576694
11459.999999999998 0.5449067364108767
11470.0 0.5448846315576694
11480.0 0.544840421851255
11490.0 0.5447520024384261
11500.0 0.5447077927320118
11510.0 0.5446635830255974
11520.0 0.544619373319183
11530.0 0.5445309539063541
11540.0 0.5444646393467325
11550.0 0.5445309539063541
11560.0 0.5445751636127686
11570.0 0.5444646393467325
11580.0 0.544309905374282
11590.0 0.544309905374282
11600.0 0.5443762199339036
11610.0 0.5443983247871109
11620.0 0.5443541150806965
11630.0 0.5442435908146604
11640.0 0.5441330665486244
11650.0 0.5441109616954172
11660.0 0.5441109616954172
11670.0 0.54408885684221
11680.0 0.54408885684221
11690.0 0.5441772762550389
11700.0 0.5442214859614533
11710.0 0.54408885684221
11720.0 0.5439120180165523
11730.0 0.5438235986037234
11740.0 0.5438235986037234
11750.0 0.5438014937505163
11760.0 0.543779388897309
11770.0 0.543757284044102
11780.0 0.543779388897309
11790.0 0.5439120180165523
11800.0 0.5440004374293811
11810.0 0.543978332576174
11820.0 0.5439120180165523
11830.0 0.5439341228697595
11840.0 0.5439562277229667
11850.0 0.5438899131633451
11860.0 0.543779388897309
11870.0 0.5436909694844803
11880.0 0.5436467597780659
11890.0 0.5437130743376875
11900.0 0.5437351791908946
11910.0 0.5436467597780659
11920.0 0.5435362355120298
11930.0 0.543558340365237
11940.0 0.5436025500716514
11950.0 0.5434920258056153
11960.0 0.5433815015395793
11970.0 0.5434257112459938
11980.0 0.5434699209524082
11990.0 0.5434036063927865
12000.0 0.5433151869799577
12010.0 0.5433151869799577
12020.0 0.5433372918331649
12030.0 0.5433372918331649
12040.0 0.5433372918331649
12050.0 0.5434036063927865
12060.0 0.5434257112459938
12070.0 0.5433372918331649
12080.0 0.5431825578607145
12090.0 0.5430499287414713
12100.0 0.5430057190350568
12110.0 0.5430499287414713
12120.0 0.5430720335946784
12130.0 0.5429394044754352
12140.0 0.5427846705029846
12150.0 0.5427625656497775
12160.0 0.5428509850626063
12170.0 0.5429394044754352
12180.0 0.542917299622228
12190.0 0.5427846705029846
12200.0 0.5426741462369487
12210.0 0.5427183559433632
12220.0 0.5427846705029846
12230.0 0.5427183559433632
12240.0 0.5426520413837415
12250.0 0.5426741462369487
12260.0 0.5426962510901558
12270.0 0.5426078316773271
12280.0 0.5425194122644982
12290.000000000002 0.5425194122644982
12300.0 0.5424973074112911
12310.000000000002 0.542386783145255
12320.0 0.5422541540260117
12330.000000000002 0.5421436297599757
12340.0 0.5420773152003541
12350.000000000002 0.5420110006407325
12360.0 0.5419225812279036
12370.000000000002 0.5418120569618675
12380.0 0.5417236375490387
12390.000000000002 0.5417678472554531
12400.0 0.5417678472554531
12410.000000000002 0.5415689035765884
12420.0 0.5413920647509306
12430.000000000002 0.5414141696041378
12440.0 0.5414583793105523
12450.000000000002 0.5412815404848946
12460.0 0.5410825968060298
12470.000000000002 0.5410162822464081
12480.0 0.5410162822464081
12490.000000000002 0.5409720725399937
12500.0 0.5408836531271648
12509.999999999998 0.5407731288611288
12520.0 0.5406183948886784
12529.999999999998 0.5405078706226423
12540.0 0.5404194512098135
12549.999999999998 0.5403973463566063
12560.0 0.5403752415033991
12569.999999999998 0.540264717237363
12580.0 0.5400878784117054
12589.999999999998 0.5398226201732189
12600.0 0.5396236764943539
12609.999999999998 0.5396015716411469
12620.0 0.5396236764943539
12629.999999999998 0.5395352570815252
12640.0 0.5394247328154892
12649.999999999998 0.5393363134026603
12660.0 0.5392478939898314
12669.999999999998 0.5390268454577594
12680.0 0.5388057969256873
12689.999999999998 0.5387173775128585
12700.0 0.5386731678064441
12709.999999999998 0.5385847483936153
12720.0 0.5385184338339937
12730.0 0.5384963289807865
12740.0 0.5384079095679576
12750.0 0.5381647561826783
12760.0 0.537921602797399
12770.0 0.537921602797399
12780.0 0.5380100222102279
12790.0 0.5379879173570207
12800.0 0.5378552882377774
12810.0 0.5376342397057053
12820.0 0.5374131911736333
12830.0 0.5373468766140116
12840.0 0.5373689814672189
12850.0 0.537391086320426
12860.0 0.5373468766140116
12870.0 0.5372363523479756
12880.0 0.5371037232287323
12890.0 0.537059513522318
12900.0 0.537059513522318
12910.0 0.5370153038159035
12920.0 0.5369489892562819
12930.0 0.5368605698434531
12940.0 0.5367942552838314
12950.0 0.5368163601370387
12960.0 0.5368163601370387
12970.0 0.5367058358710026
12980.0 0.536639521311381
12990.0 0.5367058358710026
13000.0 0.5367721504306242
13010.0 0.536750045577417
13020.0 0.5366616261645882
13030.0 0.5365953116049667
13040.0 0.5365732067517593
13050.0 0.5366174164581737
13060.0 0.5367058358710026
13070.0 0.5368163601370387
13080.0 0.5368826746966602
13090.0 0.5369047795498675
13100.0 0.5369931989626963
13110.0 0.5372584572011828
13120.0 0.5374574008800477
13130.0 0.5374131911736333
13140.0 0.53728056205439
13150.0 0.5373026669075972
13160.0 0.5374131911736333
13170.0 0.5375679251460838
13180.0 0.5376563445589125
13190.0 0.5376784494121197
13200.0 0.5377005542653269
13210.0 0.5377889736781558
13220.0 0.537921602797399
13230.0 0.5380542319166423
13240.0 0.5381647561826783
