mejiro/data/filter_responses/RomanSCA04-F106.ecsv
# %ECSV 1.0
# ---
# datatype:
# - {name: wavelength, unit: Angstrom, datatype: float64}
# - {name: response, datatype: float64}
# meta:
#   __serialized_columns__:
#     wavelength:
#       __class__: astropy.units.quantity.Quantity
#       unit: !astropy.units.Unit {unit: Angstrom}
#       value: !astropy.table.SerializedColumn {name: wavelength}
#   band_name: F106
#   group_name: RomanSCA04
# schema: astropy-2.0
wavelength response
9230.0 0.0
9240.0 2.2104853207207685e-05
9250.0 6.631455962162305e-05
9260.0 0.00037578250452253065
9270.0 0.0016578639905405763
9280.0 0.00592410065953166
9290.0 0.01779440683180219
9300.0 0.0445854889189379
9310.0 0.09416667466270474
9320.0 0.16923475615438202
9330.0 0.26218566389069037
9340.0 0.35637444340660235
9350.0 0.4346035189069103
9360.0 0.4878762151362808
9370.0 0.5176514524063897
9380.0 0.5314890905141015
9390.0 0.5370153038159035
9400.0 0.5390710551641738
9410.0 0.5399110395860477
9420.0 0.5404636609162279
9430.0 0.5410825968060298
9440.0 0.5416794278426244
9450.0 0.5420994200535613
9460.0 0.5425415171177055
9470.0 0.5431383481543001
9480.0 0.5437351791908946
9490.0 0.544199381108246
9500.0 0.5446635830255974
9510.0 0.545260414062192
9520.0 0.5458351402455794
9530.0 0.5462551324565164
9540.0 0.5465867052546245
9550.0 0.546962487759147
9560.0 0.5473603751168767
9570.0 0.5478024721810208
9580.0 0.5481782546855435
9590.0 0.5484877226304443
9600.0 0.5487529808689308
9610.0 0.5491066585202462
9620.0 0.5494382313183542
9630.0 0.5497255944100479
9640.0 0.5499687477953272
9650.0 0.5502119011806065
9660.0 0.5504329497126785
9670.0 0.5505434739787146
9680.0 0.5506982079511651
9690.0 0.5509855710428587
9700.0 0.5512950389877598
9710.0 0.5514276681070029
9720.0 0.5515381923730389
9730.0 0.5517592409051111
9740.0 0.5520023942903903
9750.0 0.5520908137032191
9760.0 0.5522013379692552
9770.0 0.5524444913545346
9780.0 0.5526434350333994
9790.0 0.5526655398866065
9800.0 0.5526655398866065
9810.0 0.5527981690058498
9820.0 0.5529529029783002
9830.0 0.5529529029783002
9840.0 0.5529529029783002
9850.0 0.5530634272443362
9860.0 0.5532181612167867
9870.0 0.5533728951892373
9880.0 0.5533728951892373
9890.0 0.553240266069994
9900.0 0.5531297418039579
9910.0 0.553240266069994
9920.0 0.5533950000424444
9930.0 0.5533950000424444
9940.0 0.5533286854828228
9950.0 0.55335079033603
9960.0 0.5533950000424444
9970.0 0.5533950000424444
9980.0 0.5534392097488587
9990.0 0.5535718388681021
10000.0 0.5537265728405525
10009.999999999998 0.5537928874001742
10020.0 0.5537928874001742
10029.999999999998 0.5537486776937598
10040.0 0.5537044679873453
10049.999999999998 0.5537044679873453
10060.0 0.5537486776937598
10069.999999999998 0.5538149922533813
10080.0 0.5538370971065886
10089.999999999998 0.5538149922533813
10100.0 0.5537928874001742
10109.999999999998 0.553881306813003
10120.0 0.553991831079039
10129.999999999998 0.5540581456386606
10140.0 0.5540360407854534
10149.999999999998 0.5539697262258318
10160.0 0.5539255165194173
10169.999999999998 0.5539697262258318
10180.0 0.5540802504918679
10189.999999999998 0.5541244601982823
10200.0 0.5541465650514894
10209.999999999998 0.5541465650514894
10220.0 0.5541686699046967
10230.0 0.5542128796111111
10240.0 0.5542349844643183
10250.0 0.5542349844643183
10260.0 0.5541907747579039
10270.0 0.5541465650514894
10280.0 0.5541465650514894
10290.0 0.5542349844643183
10300.0 0.55430129902394
10310.0 0.5542570893175255
10320.0 0.5541686699046967
10330.0 0.5541686699046967
10340.0 0.5542128796111111
10350.0 0.5542128796111111
10360.0 0.5542128796111111
10370.0 0.5541686699046967
10380.0 0.5541244601982823
10390.0 0.5540802504918679
10400.0 0.553991831079039
10410.0 0.5539034116662102
10420.0 0.553881306813003
10430.0 0.5539476213726245
10440.0 0.5539697262258318
10450.0 0.5537928874001742
10460.0 0.5535939437213092
10470.0 0.5535276291616877
10480.0 0.5535718388681021
10490.0 0.5536381534277237
10500.0 0.5536160485745165
10510.0 0.5534392097488587
10520.0 0.553240266069994
10530.0 0.5531960563635796
10540.0 0.5532181612167867
10550.0 0.5532181612167867
10560.0 0.5531960563635796
10570.0 0.5531076369507507
10580.0 0.5529529029783002
10590.0 0.5526876447398138
10600.0 0.5524444913545346
10610.0 0.5523781767949129
10620.0 0.5523560719417057
10630.0 0.552289757382084
10640.0 0.5521350234096335
10650.0 0.5519139748775614
10660.0 0.5516708214922822
10670.0 0.5515160875198318
10680.0 0.5514055632537957
10690.0 0.5512508292813452
10700.0 0.5510739904556876
10710.0 0.5509634661896516
10720.0 0.5508750467768228
10730.0 0.5507645225107867
10740.0 0.5506761030979579
10750.0 0.5506097885383362
10760.0 0.5505213691255074
10770.0 0.5503224254466424
10780.0 0.5500792720613633
10790.0 0.5498582235292911
10800.0 0.5497255944100479
10810.0 0.5497034895568408
10820.0 0.5496371749972191
10830.0 0.5493940216119397
10840.0 0.5491729730798677
10850.0 0.5491066585202462
10860.0 0.5490403439606245
10870.0 0.5488635051349668
10880.0 0.5486203517496876
10890.0 0.5484435129240299
10900.0 0.5483108838047867
10910.0 0.5481782546855435
10920.0 0.5480235207130929
10930.0 0.547824577034228
10940.0 0.5476477382085704
10950.0 0.5474930042361199
10960.0 0.5473382702636695
10970.0 0.5471393265848047
10980.0 0.5471614314380118
10990.0 0.5475372139425343
11000.0 0.5478908915938497
11010.0 0.5478466818874353
11020.0 0.5476256333553632
11030.0 0.5475151090893272
11040.000000000002 0.5474708993829128
11050.0 0.5474266896764983
11060.000000000002 0.5474045848232911
11070.0 0.5474045848232911
11080.000000000002 0.5473161654104622
11090.0 0.5471172217315974
11100.000000000002 0.5469403829059397
11110.0 0.546962487759147
11120.000000000002 0.5470066974655614
11130.0 0.5469403829059397
11140.000000000002 0.5468961731995253
11150.0 0.5469403829059397
11160.000000000002 0.5469403829059397
11170.0 0.5467414392270749
11180.000000000002 0.5465646004014172
11190.0 0.5465867052546245
11200.000000000002 0.5466530198142461
11210.0 0.5465646004014172
11220.000000000002 0.5464540761353812
11230.0 0.5464761809885884
11240.000000000002 0.5464540761353812
11250.0 0.546233027603309
11259.999999999998 0.5459898742180299
11270.0 0.5458793499519938
11279.999999999998 0.5458351402455794
11290.0 0.5458130353923721
11299.999999999998 0.5457909305391649
11310.0 0.5457909305391649
11319.999999999998 0.5457688256859577
11330.0 0.5457025111263362
11339.999999999998 0.5456140917135074
11350.0 0.5455477771538857
11359.999999999998 0.545481462594264
11370.0 0.545370938328228
11379.999999999998 0.5453046237686063
11390.0 0.5453046237686063
11399.999999999998 0.545370938328228
11410.0 0.5454151480346424
11419.999999999998 0.545370938328228
11430.0 0.545260414062192
11439.999999999998 0.545149889796156
11450.0 0.545149889796156
11459.999999999998 0.5451719946493632
11470.0 0.545149889796156
11480.0 0.5451056800897416
11490.0 0.5450172606769127
11500.0 0.5449730509704982
11510.0 0.5449288412640838
11520.0 0.5448846315576694
11530.0 0.5447962121448406
11540.0 0.5447298975852191
11550.0 0.5447962121448406
11560.0 0.544840421851255
11570.0 0.5447298975852191
11580.0 0.5445751636127686
11590.0 0.5445751636127686
11600.0 0.5446414781723902
11610.0 0.5446635830255974
11620.0 0.544619373319183
11630.0 0.5445088490531469
11640.0 0.5443983247871109
11650.0 0.5443762199339036
11660.0 0.5443762199339036
11670.0 0.5443541150806965
11680.0 0.5443541150806965
11690.0 0.5444646393467325
11700.0 0.5444867441999397
11710.0 0.5443541150806965
11720.0 0.5441772762550389
11730.0 0.54408885684221
11740.0 0.54408885684221
11750.0 0.5440667519890028
11760.0 0.5440446471357955
11770.0 0.5440225422825884
11780.0 0.5440446471357955
11790.0 0.5441772762550389
11800.0 0.5442656956678676
11810.0 0.5442435908146604
11820.0 0.5441772762550389
11830.0 0.544199381108246
11840.0 0.5442214859614533
11850.0 0.5441551714018316
11860.0 0.5440446471357955
11870.0 0.5439341228697595
11880.0 0.5438235986037234
11890.0 0.5436467597780659
11900.0 0.5429615093286424
11910.0 0.5409057579803721
11920.0 0.5361753193940296
11930.0 0.526427079129651
11940.0 0.5080358412612542
11950.0 0.4771111516243707
11960.0 0.43119937151300036
11970.0 0.37063207372525125
11980.0 0.2994765512512497
11990.0 0.22507161535578865
12000.0 0.15599394908326464
12010.0 0.09902974236829043
12020.0 0.0572294649534607
12030.0 0.02997418094897362
12040.0 0.014169210905820127
12050.0 0.006034624925567699
12060.0 0.002321009586756807
12070.0 0.0007957747154594767
12080.0 0.00024315338527928454
12090.0 6.631455962162305e-05
12100.0 2.2104853207207685e-05
12110.0 0.0
