mejiro/data/filter_responses/RomanSCA18-F129.ecsv
# %ECSV 1.0
# ---
# datatype:
# - {name: wavelength, unit: Angstrom, datatype: float64}
# - {name: response, datatype: float64}
# meta:
#   __serialized_columns__:
#     wavelength:
#       __class__: astropy.units.quantity.Quantity
#       unit: !astropy.units.Unit {unit: Angstrom}
#       value: !astropy.table.SerializedColumn {name: wavelength}
#   band_name: F129
#   group_name: RomanSCA18
# schema: astropy-2.0
wavelength response
11120.000000000002 0.0
11130.0 2.2104853207207685e-05
11140.000000000002 8.841941282883074e-05
11150.0 0.000419992210936946
11160.000000000002 0.001679968843747784
11170.0 0.005658842421045167
11180.000000000002 0.016269171960504855
11190.0 0.04000978430504591
11200.000000000002 0.08463948293039823
11210.0 0.15497712583573306
11220.000000000002 0.24806066269128466
11230.0 0.35153348055422384
11240.000000000002 0.44804326965689256
11250.0 0.5234650287998852
11259.999999999998 0.5729356902776159
11270.0 0.6003236034013464
11279.999999999998 0.6131223134083196
11290.0 0.6181622199395629
11299.999999999998 0.6199085033429322
11310.0 0.6205274392327341
11319.999999999998 0.6207705926180135
11330.0 0.6208590120308423
11339.999999999998 0.620925326590464
11350.0 0.6209916411500855
11359.999999999998 0.6210579557097071
11370.0 0.6210800605629143
11379.999999999998 0.621146375122536
11390.0 0.6212790042417792
11399.999999999998 0.6214779479206441
11410.0 0.6216547867463017
11419.999999999998 0.6217432061591306
11430.0 0.6216989964527162
11439.999999999998 0.6216768915995089
11450.0 0.621787415865545
11459.999999999998 0.6218979401315811
11470.0 0.6219642546912026
11480.0 0.6219642546912026
11490.0 0.6219642546912026
11500.0 0.6219642546912026
11510.0 0.6219863595444098
11520.0 0.6219642546912026
11530.0 0.6218979401315811
11540.0 0.6218758352783738
11550.0 0.6219642546912026
11560.0 0.6220305692508242
11570.0 0.6218979401315811
11580.0 0.6217653110123378
11590.0 0.6217432061591306
11600.0 0.6218095207187523
11610.0 0.6218095207187523
11620.0 0.6217432061591306
11630.0 0.6215884721866801
11640.0 0.6214558430674368
11650.0 0.6213895285078153
11660.0 0.6213453188014009
11670.0 0.6212790042417792
11680.0 0.6212347945353648
11690.0 0.6212790042417792
11700.0 0.6212790042417792
11710.0 0.6210579557097071
11720.0 0.6207926974712206
11730.0 0.6206379634987702
11740.0 0.6205495440859414
11750.0 0.6204611246731125
11760.0 0.6203506004070765
11770.0 0.6202400761410404
11780.0 0.620195866434626
11790.0 0.6202400761410404
11800.0 0.6202842858474549
11810.0 0.6201516567282116
11820.0 0.6199969227557612
11830.0 0.6199306081961395
11840.0 0.6198642936365178
11850.0 0.6196874548108602
11860.0 0.6194885111319954
11870.0 0.6192674625999233
11880.0 0.6191348334806801
11890.0 0.6191127286274729
11900.0 0.6190464140678512
11910.0 0.6188253655357792
11920.0 0.6186264218569143
11930.0 0.6185601072972926
11940.0 0.6185158975908782
11950.0 0.6182948490588062
11960.0 0.6180959053799413
11970.0 0.6180295908203197
11980.0 0.6180074859671124
11990.0 0.617852751994662
12000.0 0.6176759131690043
12010.0 0.6175653889029683
12020.0 0.6175211791965539
12030.0 0.6174327597837251
12040.0 0.6173885500773106
12050.0 0.6173885500773106
12060.0 0.6173443403708962
12070.0 0.6171675015452386
12080.0 0.6169464530131665
12090.0 0.6167254044810945
12100.0 0.6165927753618512
12110.0 0.6165927753618512
12120.0 0.6165485656554368
12130.0 0.616349621976572
12140.0 0.616150678297707
12150.0 0.6160622588848782
12160.0 0.6161064685912926
12170.0 0.616150678297707
12180.0 0.6161064685912926
12190.0 0.6159075249124278
12200.0 0.6157527909399773
12210.0 0.6157527909399773
12220.0 0.6157970006463918
12230.0 0.6156864763803557
12240.0 0.6155759521143197
12250.0 0.6155759521143197
12260.0 0.6155759521143197
12270.0 0.6154654278482836
12280.0 0.6153549035822475
12290.000000000002 0.6153106938758331
12300.0 0.6152664841694186
12310.000000000002 0.6151338550501755
12320.0 0.6149570162245178
12330.000000000002 0.6148243871052745
12340.0 0.6147359676924458
12350.000000000002 0.614647548279617
12360.0 0.614559128866788
12370.000000000002 0.6144043948943376
12380.0 0.6143380803347159
12390.000000000002 0.6143822900411304
12400.0 0.6143601851879232
12410.000000000002 0.6141391366558512
12420.0 0.6139622978301934
12430.000000000002 0.6140065075366078
12440.0 0.6140507172430223
12450.000000000002 0.6138738784173646
12460.0 0.6136307250320853
12470.000000000002 0.6135865153256709
12480.0 0.6136086201788782
12490.000000000002 0.6135865153256709
12500.0 0.6134980959128421
12509.999999999998 0.6133875716468061
12520.0 0.6132328376743557
12529.999999999998 0.6131444182615268
12540.0 0.6130781037019051
12549.999999999998 0.6130781037019051
12560.0 0.613055998848698
12569.999999999998 0.6129896842890763
12580.0 0.6127907406102115
12589.999999999998 0.612525482371725
12600.0 0.6123486435460673
12609.999999999998 0.6123707483992745
12620.0 0.6124370629588961
12629.999999999998 0.6123707483992745
12640.0 0.6122602241332384
12649.999999999998 0.612216014426824
12660.0 0.6121275950139953
12669.999999999998 0.6119286513351303
12680.0 0.6117076028030582
12689.999999999998 0.6116412882434367
12700.0 0.6116191833902295
12709.999999999998 0.6115749736838151
12720.0 0.6115307639774007
12730.0 0.6115528688306078
12740.0 0.6114865542709863
12750.0 0.6112212960324996
12760.0 0.6110002475004276
12770.0 0.6110223523536349
12780.0 0.6111328766196709
12790.0 0.6111549814728782
12800.0 0.6110444572068421
12810.0 0.6108013038215627
12820.0 0.6105802552894907
12830.0 0.610513940729869
12840.0 0.6105581504362835
12850.0 0.610602360142698
12860.0 0.6105802552894907
12870.0 0.6104697310234546
12880.0 0.6103371019042114
12890.0 0.6102928921977969
12900.0 0.6102928921977969
12910.0 0.6102707873445898
12920.0 0.6102044727849681
12930.0 0.6100939485189321
12940.0 0.6100276339593105
12950.0 0.6100276339593105
12960.0 0.6100055291061033
12970.0 0.6098950048400673
12980.0 0.6098065854272384
12990.0 0.6098507951336528
13000.0 0.6099171096932744
13010.0 0.6098507951336528
13020.0 0.6097402708676168
13030.0 0.6096297466015808
13040.0 0.6095634320419592
13050.0 0.6095855368951663
13060.0 0.6096297466015808
13070.0 0.6096960611612023
13080.0 0.6097402708676168
13090.0 0.6097181660144096
13100.0 0.609762375720824
13110.0 0.6100055291061033
13120.0 0.610182367931761
13130.0 0.6100497388125177
13140.0 0.6098507951336528
13150.0 0.6098065854272384
13160.0 0.60987289998686
13170.0 0.6099613193996889
13180.0 0.6099834242528961
13190.0 0.6099392145464817
13200.0 0.6098950048400673
13210.0 0.6099171096932744
13220.0 0.6100055291061033
13230.0 0.6100497388125177
13240.0 0.6100939485189321
13250.0 0.6101160533721394
13260.0 0.6101381582253466
13270.0 0.610182367931761
13280.0 0.6102044727849681
13290.0 0.6101602630785538
13300.0 0.6101160533721394
13310.0 0.6102265776381754
13320.0 0.6103813116106258
13330.0 0.6104918358766619
13340.0 0.610513940729869
13350.0 0.6104476261702475
13360.0 0.6104476261702475
13370.0 0.6105802552894907
13380.0 0.6106686747023196
13390.0 0.6105360455830763
13400.0 0.6103592067574186
13410.0 0.6103371019042114
13420.0 0.610403416463833
13430.0 0.610513940729869
13440.0 0.610602360142698
13450.0 0.6106465698491124
13460.0 0.6106907795555268
13470.0 0.6107349892619411
13480.0 0.6108013038215627
13490.0 0.6107791989683555
13500.0 0.6107570941151483
13510.0 0.610712884408734
13520.0 0.6106465698491124
13530.0 0.6105581504362835
13540.000000000002 0.6104918358766619
13550.0 0.6105360455830763
13560.000000000002 0.610513940729869
13570.0 0.6103813116106258
13580.000000000002 0.6102486824913825
13590.0 0.6103149970510042
13600.000000000002 0.6103813116106258
13610.0 0.6102707873445898
13620.000000000002 0.6100718436657249
13630.0 0.6099171096932744
13640.000000000002 0.6098065854272384
13650.0 0.6096960611612023
13660.000000000002 0.6096739563079953
13670.0 0.6097181660144096
13680.000000000002 0.6097844805740312
13690.0 0.6097402708676168
13700.000000000002 0.6096297466015808
13710.0 0.6094971174823375
13720.000000000002 0.6093865932163015
13730.0 0.6092981738034727
13740.000000000002 0.609231859243851
13750.0 0.6092097543906437
13759.999999999998 0.6091876495374366
13770.0 0.6091434398310221
13779.999999999998 0.6090329155649862
13790.0 0.6088560767393285
13799.999999999998 0.6086792379136708
13810.0 0.6085687136476348
13819.999999999998 0.608480294234806
13830.0 0.6083255602623554
13839.999999999998 0.6081045117302835
13850.0 0.6078171486385897
13859.999999999998 0.6075961001065177
13870.0 0.6075076806936888
13879.999999999998 0.6074634709872744
13890.0 0.6073087370148239
13899.999999999998 0.6072424224552023
13910.0 0.6073529467212383
13919.999999999998 0.6074634709872744
13930.0 0.6072866321616167
13939.999999999998 0.6069992690699231
13950.0 0.6068003253910581
13959.999999999998 0.6067340108314366
13970.0 0.6067561156846437
13980.0 0.6067119059782293
13990.0 0.6064466477397429
14000.0 0.6061150749416347
14010.0 0.6058719215563554
14020.0 0.6057392924371122
14030.0 0.6056729778774906
14040.0 0.6056066633178689
14050.0 0.6054298244922113
14060.0 0.6051645662537247
14070.0 0.6048772031620312
14080.0 0.6045898400703374
14090.0 0.6043466866850581
14100.0 0.6040372187401573
14110.0 0.603595121676013
14120.0 0.6032193391714905
14130.0 0.6030646051990401
14140.0 0.6029540809330041
14150.0 0.6026888226945176
14160.0 0.6023351450432022
14170.0 0.6020477819515084
14180.0 0.6018488382726437
14190.0 0.6017604188598149
14200.0 0.6016941043001932
14210.0 0.6015614751809499
14220.0 0.6015393703277427
14230.0 0.6017604188598149
14240.0 0.6020698868047157
14250.0 0.6022688304835806
14260.0 0.6022909353367878
14270.0 0.6021583062175445
14280.0 0.602003572245094
14290.0 0.601981467391887
14300.0 0.601981467391887
14310.0 0.6019151528322653
14320.0 0.6018267334194364
14330.0 0.6017604188598149
14340.0 0.6016941043001932
14350.0 0.601671999446986
14360.0 0.6016277897405715
14370.0 0.6015172654745355
14380.0 0.6012299023828418
14390.0 0.6004783373737967
14400.0 0.5985552151447697
14410.0 0.59380267170522
14420.0 0.5828828742208594
14430.0 0.5609327549861022
14440.0 0.5226471492312185
14450.0 0.4646219095622984
14460.0 0.38813911746535973
14470.0 0.30036074537953805
14480.0 0.2126265830001307
14490.0 0.1362764200224354
14500.0 0.07840591432596566
14510.0 0.040252937690325195
14520.0 0.018324923308775172
14530.0 0.007383020971207367
14540.0 0.002630477531657715
14550.0 0.0008178795686666844
14560.0 0.00022104853207207686
14570.0 4.420970641441537e-05
14580.0 2.2104853207207685e-05
14590.0 0.0
