mejiro/data/filter_responses/RomanSCA18-F106.ecsv
# %ECSV 1.0
# ---
# datatype:
# - {name: wavelength, unit: Angstrom, datatype: float64}
# - {name: response, datatype: float64}
# meta:
#   __serialized_columns__:
#     wavelength:
#       __class__: astropy.units.quantity.Quantity
#       unit: !astropy.units.Unit {unit: Angstrom}
#       value: !astropy.table.SerializedColumn {name: wavelength}
#   band_name: F106
#   group_name: RomanSCA18
# schema: astropy-2.0
wavelength response
9200.0 0.0
9210.0 4.420970641441537e-05
9220.0 0.00019894367886486917
9230.0 0.0008620892750810997
9240.0 0.0032052037150451145
9250.0 0.010079813062486705
9260.0 0.02683529179355013
9270.0 0.060920975439064384
9280.0 0.11865885201629087
9290.0 0.20013734093805838
9300.0 0.2959397747380965
9310.0 0.38988540086872914
9320.0 0.4666776609105687
9330.0 0.5190219533052364
9340.0 0.548885609988174
9350.0 0.5633642888388951
9360.0 0.5694873331772916
9370.0 0.5719409718832917
9380.0 0.5731125291032736
9390.0 0.5739746183783547
9400.0 0.5746819736809854
9410.0 0.5752345950111656
9420.0 0.5758314260477602
9430.0 0.576560886203598
9440.0 0.5772682415062287
9450.0 0.5777987579832017
9460.0 0.5783292744601747
9470.0 0.5790366297628053
9480.0 0.5797660899186431
9490.0 0.5803629209552378
9500.0 0.5809597519918324
9510.0 0.5816892121476702
9520.0 0.5824407771567153
9530.0 0.5830155033401028
9540.0 0.5835018101106613
9550.0 0.5840323265876343
9560.0 0.5846070527710217
9570.0 0.5852480935140307
9580.0 0.5858449245506253
9590.0 0.5863312313211838
9600.0 0.5867954332385352
9610.0 0.5873701594219226
9620.0 0.5879448856053101
9630.0 0.5884532972290758
9640.0 0.5889174991464272
9650.0 0.5894259107701929
9660.0 0.589868007834337
9670.0 0.5902216854856525
9680.0 0.5906195728433822
9690.0 0.5911942990267696
9700.0 0.591769025210157
9710.0 0.5921890174210939
9720.0 0.5925647999256164
9730.0 0.5930732115493822
9740.0 0.5936037280263552
9750.0 0.5939795105308777
9760.0 0.5943995027418146
9770.0 0.5949300192187876
9780.0 0.5954384308425534
9790.0 0.5957700036406615
9800.0 0.5960573667323552
9810.0 0.5965215686497066
9820.0 0.5969857705670579
9830.0 0.5972952385119589
9840.0 0.5976047064568598
9850.0 0.5980468035210039
9860.0 0.5985552151447697
9870.0 0.5990194170621211
9880.0 0.5993509898602292
9890.0 0.5995278286858868
9900.0 0.5997488772179589
9910.0 0.6002130791353103
9920.0 0.6006993859058688
9930.0 0.6010309587039769
9940.0 0.6012962169424635
9950.0 0.6016498945937788
9960.0 0.6020477819515084
9970.0 0.6023793547496166
9980.0 0.6027551372541391
9990.0 0.6032414440246977
10000.0 0.6037498556484635
10009.999999999998 0.6041477430061932
10020.0 0.6044793158043014
10029.999999999998 0.6047666788959951
10040.0 0.605076146840896
10049.999999999998 0.6054077196390041
10060.0 0.6057835021435266
10069.999999999998 0.6061813895012564
10080.0 0.6065350671525717
10089.999999999998 0.6068445350974726
10100.0 0.6071540030423735
10109.999999999998 0.6075739952533105
10120.0 0.6080160923174546
10129.999999999998 0.6084139796751844
10140.0 0.608701342766878
10149.999999999998 0.6089444961521573
10160.0 0.609231859243851
10169.999999999998 0.6096076417483736
10180.0 0.6100055291061033
10189.999999999998 0.6103813116106258
10200.0 0.610712884408734
10209.999999999998 0.6110223523536349
10220.0 0.6113539251517429
10230.0 0.611685497949851
10240.0 0.6120170707479592
10250.0 0.6123044338396529
10260.0 0.6125696920781394
10270.0 0.6127907406102115
10280.0 0.6130781037019051
10290.0 0.6134538862064277
10300.0 0.613807563857743
10310.0 0.6140286123898151
10320.0 0.61422755606868
10330.0 0.6144928143071665
10340.0 0.6147801773988602
10350.0 0.6150675404905539
10360.0 0.615288589022626
10370.0 0.615509637554698
10380.0 0.6157085812335629
10390.0 0.6158854200592205
10400.0 0.616040154031671
10410.0 0.6161727831509143
10420.0 0.6163717268297791
10430.0 0.6166590899214728
10440.0 0.616902243306752
10450.0 0.6169243481599593
10460.0 0.616902243306752
10470.0 0.6170348724259953
10480.0 0.6173001306644819
10490.0 0.6175653889029683
10500.0 0.6177201228754188
10510.0 0.6177201228754188
10520.0 0.6176759131690043
10530.0 0.6177864374350404
10540.0 0.617963276260698
10550.0 0.6181401150863558
10560.0 0.618272744205599
10570.0 0.6183390587652206
10580.0 0.6182948490588062
10590.0 0.6181401150863558
10600.0 0.6180295908203197
10610.0 0.6180738005267341
10620.0 0.6181843247927702
10630.0 0.6182506393523918
10640.0 0.6182064296459774
10650.0 0.6180516956735268
10660.0 0.6179190665542836
10670.0 0.6178748568478692
10680.0 0.617852751994662
10690.0 0.6177864374350404
10700.0 0.6177201228754188
10710.0 0.6176980180222116
10720.0 0.6177201228754188
10730.0 0.6176980180222116
10740.0 0.6176980180222116
10750.0 0.617742227728626
10760.0 0.617742227728626
10770.0 0.6176095986093827
10780.0 0.6174548646369322
10790.0 0.6173001306644819
10800.0 0.6172559209580675
10810.0 0.617322235517689
10820.0 0.6173664452241034
10830.0 0.617211711251653
10840.0 0.6170569772792026
10850.0 0.6170790821324097
10860.0 0.6171232918388241
10870.0 0.6170348724259953
10880.0 0.6168580336003376
10890.0 0.616791719040716
10900.0 0.6167696141875089
10910.0 0.6167254044810945
10920.0 0.6166590899214728
10930.0 0.616570670508644
10940.0 0.6164822510958151
10950.0 0.6164601462426079
10960.0 0.6164159365361935
10970.0 0.6163275171233646
10980.0 0.6164601462426079
10990.0 0.6170348724259953
11000.0 0.6175874937561755
11010.0 0.6176980180222116
11020.0 0.6175874937561755
11030.0 0.6176317034625899
11040.000000000002 0.617742227728626
11050.0 0.6178748568478692
11060.000000000002 0.6180074859671124
11070.0 0.6181622199395629
11080.000000000002 0.6182285344991846
11090.0 0.6181843247927702
11100.000000000002 0.6181843247927702
11110.0 0.6183611636184279
11120.000000000002 0.6186043170037071
11130.0 0.6187148412697431
11140.000000000002 0.6188253655357792
11150.0 0.6190906237742656
11160.000000000002 0.6192674625999233
11170.0 0.6192232528935089
11180.000000000002 0.6192011480403017
11190.0 0.6194221965723737
11200.000000000002 0.6196653499576531
11210.0 0.6197758742236891
11220.000000000002 0.6198421887833108
11230.0 0.6200190276089683
11240.000000000002 0.6201737615814188
11250.0 0.6201295518750044
11259.999999999998 0.6200190276089683
11270.0 0.6200632373153828
11279.999999999998 0.620195866434626
11290.0 0.6203284955538693
11299.999999999998 0.6204611246731125
11310.0 0.6206379634987702
11319.999999999998 0.6207926974712206
11330.0 0.6208811168840496
11339.999999999998 0.620925326590464
11350.0 0.6209916411500855
11359.999999999998 0.6210579557097071
11370.0 0.6210800605629143
11379.999999999998 0.621146375122536
11390.0 0.6212790042417792
11399.999999999998 0.6214779479206441
11410.0 0.6216547867463017
11419.999999999998 0.6217432061591306
11430.0 0.6216989964527162
11439.999999999998 0.6216768915995089
11450.0 0.621787415865545
11459.999999999998 0.6218979401315811
11470.0 0.6219642546912026
11480.0 0.6219642546912026
11490.0 0.6219642546912026
11500.0 0.6219642546912026
11510.0 0.6219863595444098
11520.0 0.6219642546912026
11530.0 0.6218979401315811
11540.0 0.6218758352783738
11550.0 0.6219642546912026
11560.0 0.6220305692508242
11570.0 0.6218979401315811
11580.0 0.6217653110123378
11590.0 0.6217432061591306
11600.0 0.6218095207187523
11610.0 0.6218095207187523
11620.0 0.6217432061591306
11630.0 0.6215884721866801
11640.0 0.6214558430674368
11650.0 0.6213895285078153
11660.0 0.6213453188014009
11670.0 0.6212790042417792
11680.0 0.6212347945353648
11690.0 0.6212790042417792
11700.0 0.6212790042417792
11710.0 0.6210579557097071
11720.0 0.6207926974712206
11730.0 0.6206379634987702
11740.0 0.6205495440859414
11750.0 0.6204611246731125
11760.0 0.6203506004070765
11770.0 0.6202400761410404
11780.0 0.620195866434626
11790.0 0.6202400761410404
11800.0 0.6202842858474549
11810.0 0.6201516567282116
11820.0 0.6199969227557612
11830.0 0.6198642936365178
11840.0 0.6196653499576531
11850.0 0.6190906237742656
11860.0 0.6177643325818333
11870.0 0.6147801773988602
11880.0 0.608480294234806
11890.0 0.5961899958515985
11900.0 0.5741514572040124
11910.0 0.5386510629532368
11920.0 0.4874562229253439
11930.0 0.42123008271654966
11940.0 0.3440399353169804
11950.0 0.2631803822850147
11960.0 0.18713968725222027
11970.0 0.12294719353848915
11980.0 0.07425020192301061
11990.0 0.041004502699370254
12000.0 0.020668037748739185
12010.0 0.009482982025892097
12020.0 0.003934663870882968
12030.0 0.001481025164882915
12040.0 0.0005084116237657767
12050.0 0.0001547339724504538
12060.0 4.420970641441537e-05
12070.0 0.0
