mejiro/data/filter_responses/RomanSCA07-F062.ecsv
# %ECSV 1.0
# ---
# datatype:
# - {name: wavelength, unit: Angstrom, datatype: float64}
# - {name: response, datatype: float64}
# meta:
#   __serialized_columns__:
#     wavelength:
#       __class__: astropy.units.quantity.Quantity
#       unit: !astropy.units.Unit {unit: Angstrom}
#       value: !astropy.table.SerializedColumn {name: wavelength}
#   band_name: F062
#   group_name: RomanSCA07
# schema: astropy-2.0
wavelength response
4710.0 0.0
4720.0 4.420970641441537e-05
4730.0 0.0002652582384864922
4740.0 0.0012157669263964225
4750.0 0.004597809467099198
4760.0 0.01394816237374805
4770.0 0.034461466150036785
4780.0 0.07007238466684837
4790.0 0.11896831996119177
4800.0 0.17219680648414787
4810.0 0.21706965849477947
4820.0 0.24722067826941077
4830.0 0.26300354345935706
4840.0 0.269170797504168
4850.0 0.2706960323754653
4860.0 0.2705634032562221
4870.0 0.2699886770728347
4880.0 0.26936974118303286
4890.0 0.2687950149996455
4900.0 0.2682423936694653
4910.0 0.2676897723392851
4920.0 0.26709294130269046
4930.0 0.2664740054128886
4940.0 0.2659655937891229
4950.0 0.2655234967249787
4960.0 0.2652140287800778
4970.0 0.2649708753947985
4980.0 0.26477193171593366
4990.0 0.2645287783306544
5000.0 0.26421931038575347
5010.0 0.2639098424408525
5020.0 0.2637330036151949
5030.0 0.2636666890555733
5040.0 0.26368879390878047
5050.0 0.2637551084684021
5060.0 0.26388773758764533
5070.0 0.26402036670688855
5080.0 0.26421931038575347
5090.0 0.26450667347744716
5100.0 0.2648824559819697
5110.0 0.2652803433396994
5120.0 0.26563402099101474
5130.0 0.2660319083487445
5140.0 0.26658452967892465
5150.0 0.26718136071551934
5160.0 0.2678224014585283
5170.0 0.26848554705474453
5180.0 0.2691929023573752
5190.0 0.26994446736642025
5200.0 0.2707181372286725
5210.0 0.271513911944132
5220.0 0.2723981060724203
5230.0 0.27334861476033023
5240.0 0.2743654380078618
5250.0 0.27540436610860053
5260.0 0.2764211893561321
5270.0 0.2774601174568709
5280.0 0.2784990455576096
5290.0 0.27967060277759165
5300.0 0.2809747891168169
5310.0 0.2823452900156638
5320.0 0.28367158120809627
5330.0 0.28499787240052865
5340.0 0.2863683732993756
5350.0 0.2878272936110513
5360.0 0.2893525284823486
5370.0 0.29092197306006035
5380.0 0.2925135224909793
5390.0 0.2941050719218983
5400.0 0.29567451649960996
5410.0 0.29728817078373615
5420.0 0.2989460347742767
5430.0 0.3007144230308534
5440.0 0.3026375452598804
5450.0 0.3046269820485291
5460.0 0.3065943139839706
5470.0 0.30853954106620485
5480.0 0.31041845358881753
5490.0 0.3123194709646374
5500.0 0.3142868029000789
5510.0 0.316320449395142
5520.000000000001 0.31839830559661947
5530.000000000001 0.3205203715045114
5540.000000000001 0.322708751972025
5550.000000000001 0.324941342145953
5560.000000000001 0.3271297226134665
5570.000000000001 0.32934020793418733
5580.000000000001 0.3315727981081153
5590.000000000001 0.33382749313525045
5600.000000000001 0.33608218816238566
5610.000000000001 0.3383368831895208
5620.000000000001 0.3406578927762776
5629.999999999999 0.3430452169226561
5639.999999999999 0.3454767507754489
5649.999999999999 0.3479745991878634
5659.999999999999 0.35049455245348504
5669.999999999999 0.3528155620402419
5679.999999999999 0.35482710368209774
5689.999999999999 0.3568828550303681
5699.999999999999 0.3593364937363681
5709.999999999999 0.3619006567084042
5719.999999999999 0.36426587600157545
5729.999999999999 0.3664984661755034
5740.0 0.36875316120263857
5750.0 0.3710962756426026
5760.0 0.37348359978898105
5770.0 0.3758488190821523
5780.0 0.3780371995496658
5790.0 0.38024768487038657
5800.0 0.38263500901676506
5810.0 0.38500022830993624
5820.0 0.38723281848386426
5830.0 0.3893769892449634
5840.0 0.3915211600060626
5850.0 0.3935548065011256
5860.0 0.39536740446411667
5870.0 0.39713579272069327
5880.0 0.3991031246561348
5890.0 0.40109256144478345
5900.0 0.4030156836738105
5910.0 0.40485038649000876
5920.0 0.40659666989337817
5930.0 0.40821032417750436
5940.0 0.40962503478276563
5950.0 0.4110176405348197
5960.0 0.4124986656997026
5970.0 0.41406811027741436
5980.0 0.4155933451487117
5990.0 0.41705226546038743
6000.0 0.4184448712124415
6010.0 0.41974905755166675
6020.0 0.4209869293312704
6030.0 0.42226901081728846
6040.0 0.42377214083537856
6050.0 0.42534158541309025
6060.0 0.4268668202843876
6070.0 0.4281931114768201
6080.0 0.4293204589903877
6090.0 0.43038149194433367
6100.0 0.431486734604694
6110.0 0.43263618697146883
6120.0 0.4337635344850364
6130.0 0.4348024625857752
6140.0 0.4357750761268923
6150.0 0.43670347996159503
6160.0 0.43763188379629775
6170.0 0.4385160779245861
6180.0 0.43937816719966716
6190.0 0.440107627355505
6200.0 0.44072656324530685
6210.0 0.4412570797222798
6220.0 0.4417875961992528
6230.0 0.44234021752943303
6240.0 0.4428486291531988
6250.0 0.44326862136413575
6260.0 0.44351177474941506
6270.0 0.44382124269431594
6280.0 0.4443738640244961
6290.0 0.44497069506109066
6300.0 0.44539068727202763
6310.0 0.445744364923343
6320.0 0.4460980425746583
6330.0 0.44645172022597357
6340.0 0.4467169784644601
6350.0 0.4470043415561539
6360.0 0.447446438620298
6370.0 0.44791064053764934
6380.0 0.4482422133357575
6390.0 0.4485074715742439
6400.0 0.4487948346659376
6410.0 0.44923693173008183
6420.0 0.4498558676198836
6430.0 0.4504969083628926
6440.0 0.4509390054270368
6450.0 0.45127057822514494
6460.0 0.4516242558764602
6470.0 0.45213266750022596
6480.0 0.4528621276560639
6490.0 0.45376842663755934
6500.0 0.4547189353254693
6510.0 0.455647339160172
6520.0 0.45648732358204597
6530.0 0.4572830982975054
6540.0 0.45805676815975765
6550.0 0.4588746477284243
6560.0 0.45971463215029823
6570.0 0.4606651408382082
6580.0 0.46172617379215414
6590.0 0.4627872067461001
6600.0 0.46369350572759566
6610.0 0.4645113852962623
6620.0 0.46526295030530734
6630.0 0.4659924104611452
6640.0 0.46674397547019025
6650.0 0.4675176453324426
6660.0 0.4682913151946948
6670.0 0.4689986704973255
6680.0 0.4695955015339201
6690.0 0.470015493744857
6700.0 0.4703249616897579
6710.0 0.47059021992824435
6720.0 0.47089968787314535
6730.0 0.4711649461116318
6740.0 0.4713196800840823
6750.0 0.471297575230875
6760.0 0.471076526698803
6770.000000000001 0.4707228490474877
6780.000000000001 0.4702586471301363
6790.000000000001 0.4697060257999561
6800.000000000001 0.4690870899101543
6810.000000000001 0.46844604916714533
6820.000000000001 0.4678713229837579
6830.000000000001 0.4671860725343345
6840.000000000001 0.4662797735528389
6850.000000000001 0.4653071600117218
6860.000000000001 0.46437875617701907
6870.000000000001 0.463516666901938
6879.999999999999 0.4627429970396857
6889.999999999999 0.4618809077646046
6899.999999999999 0.46088618937028025
6909.999999999999 0.45984726126954145
6919.999999999999 0.45891885743483873
6929.999999999999 0.45807887301296485
6939.999999999999 0.4571946788846765
6949.999999999999 0.4564210090224243
6959.999999999999 0.45584628283903683
6969.999999999999 0.45535997606847833
6979.999999999999 0.45493998385754136
6990.0 0.45465262076584767
7000.0 0.4545420964998116
7010.0 0.45447578194019
7020.0 0.45425473340811795
7030.0 0.4540557897292531
7040.0 0.45403368487604584
7050.0 0.4540999994356675
7060.0 0.45421052370170356
7070.0 0.4544315722337756
7080.0 0.45482945959150534
7090.0 0.45535997606847833
7100.0 0.45597891195828016
7110.0 0.45653153328846036
7120.0 0.4569957352058117
7130.0 0.4574378322699558
7140.0 0.457990453600136
7150.0 0.45874201860918107
7160.0 0.4597588418567126
7170.0 0.46075356025103703
7180.0 0.4614609155536677
7190.0 0.4620798514434694
7200.0 0.4627429970396857
7210.0 0.4634061426359019
7220.0 0.46393665911287496
7230.0 0.4644008610302263
7240.0 0.4648650629475777
7250.0 0.4652408454521001
7260.0 0.46550610369058665
7270.0 0.46577136192907315
7280.0 0.4661471444335957
7290.0 0.4665229269381182
7300.0 0.4668323948830191
7310.0 0.4669650240022623
7320.0 0.4668766045894335
7330.0 0.4667881851766047
7340.0 0.46685449973622634
7350.0 0.46709765312150564
7360.0 0.4674734356260281
7370.0 0.46778290357092905
7380.0 0.46784921813055064
7390.0 0.46773869386451467
7400.0 0.46758395989206414
7410.0 0.46749554047923536
7420.0 0.46749554047923536
7430.0 0.46740712106640653
7440.0 0.4671418628279201
7450.0 0.46685449973622634
7460.0 0.4667660803233975
7470.0 0.4666555560573614
7480.0 0.4663460881124606
7490.0 0.4661250395803884
7500.0 0.4661029347271813
7510.0 0.46521874059889295
7520.0 0.4616377543793253
7530.0 0.4528400228028566
7540.0 0.43524455964991937
7550.0 0.4047177573707655
7560.0 0.3586512432869447
7570.0 0.29823867947164606
7580.0 0.22935995687798696
7590.0 0.16098964590809356
7600.0 0.10203600240447068
7610.0 0.05791471540288414
7620.0 0.029244720793135767
7630.0 0.01308607309866695
7640.0 0.005150430797279391
7650.0 0.0017904931097838224
7660.0 0.0005526213301801921
7670.0 0.0001547339724504538
7680.0 4.420970641441537e-05
7690.0 0.0
