mejiro/data/filter_responses/RomanSCA17-F158.ecsv
# %ECSV 1.0
# ---
# datatype:
# - {name: wavelength, unit: Angstrom, datatype: float64}
# - {name: response, datatype: float64}
# meta:
#   __serialized_columns__:
#     wavelength:
#       __class__: astropy.units.quantity.Quantity
#       unit: !astropy.units.Unit {unit: Angstrom}
#       value: !astropy.table.SerializedColumn {name: wavelength}
#   band_name: F158
#   group_name: RomanSCA17
# schema: astropy-2.0
wavelength response
13660.000000000002 0.0
13670.0 2.2104853207207685e-05
13680.000000000002 6.631455962162305e-05
13690.0 0.00022104853207207686
13700.000000000002 0.0006189358898018152
13710.0 0.0016136542841261611
13720.000000000002 0.0038683493112613454
13730.0 0.00848826363156775
13740.000000000002 0.017263890354829205
13750.0 0.03251623906780251
13759.999999999998 0.05678736788931655
13770.0 0.09219934272726327
13779.999999999998 0.13957004315030933
13790.0 0.1976615973788511
13799.999999999998 0.2629593337529426
13810.0 0.33031282147530444
13819.999999999998 0.3939526938588554
13830.0 0.4490379880512169
13839.999999999998 0.4927171779886593
13850.0 0.5244155374877951
13859.999999999998 0.5455477771538857
13870.0 0.5585896405461382
13879.999999999998 0.5659063469577239
13890.0 0.5696199622965349
13899.999999999998 0.5713883505531115
13910.0 0.5723609640942287
13919.999999999998 0.5728693757179945
13930.0 0.5729135854244088
13939.999999999998 0.5727809563051656
13950.0 0.5726925368923368
13959.999999999998 0.5727367465987512
13970.0 0.5728472708647872
13980.0 0.5729135854244088
13990.0 0.5727809563051656
14000.0 0.5725599077730934
14010.0 0.5724493835070574
14020.0 0.5724493835070574
14030.0 0.572515698066679
14040.0 0.5725599077730934
14050.0 0.572515698066679
14060.0 0.5723830689474358
14070.0 0.5722283349749853
14080.0 0.5720957058557421
14090.0 0.5719851815897061
14100.0 0.5718304476172557
14110.0 0.5715430845255619
14120.0 0.5713220359934899
14130.0 0.5713220359934899
14140.0 0.571344140846697
14150.0 0.5712336165806611
14160.0 0.5710346729017961
14170.0 0.5708799389293456
14180.0 0.5708357292229312
14190.0 0.5709020437825529
14200.0 0.5709683583421745
14210.0 0.5709904631953817
14220.0 0.5711009874614178
14230.0 0.571454665112733
14240.0 0.57187465732367
14250.0 0.5722062301217782
14260.0 0.5723609640942287
14270.0 0.5723830689474358
14280.0 0.5723830689474358
14290.0 0.5724714883602646
14300.0 0.5726262223327151
14310.0 0.5726925368923368
14320.0 0.5727588514519584
14330.0 0.5728030611583728
14340.0 0.5728914805712015
14350.0 0.5729798999840304
14360.0 0.5730904242500665
14370.0 0.5731567388096881
14380.0 0.5731788436628953
14390.0 0.5731346339564809
14400.0 0.5731567388096881
14410.0 0.5732893679289314
14420.0 0.5734441019013817
14430.0 0.5735325213142105
14440.0 0.5735546261674178
14450.0 0.5735104164610034
14460.0 0.573466206754589
14470.0 0.5735104164610034
14480.0 0.5735767310206251
14490.0 0.5737093601398683
14500.0 0.5738419892591116
14510.0 0.5739746183783547
14520.0 0.5740409329379764
14530.0 0.5740188280847692
14540.0 0.5739967232315619
14550.0 0.5740630377911836
14560.0 0.5741735620572197
14570.0 0.5742177717636341
14580.0 0.5742619814700485
14590.0 0.5743946105892918
14600.0 0.5745272397085349
14610.0 0.5745493445617422
14620.0 0.5745714494149493
14630.0 0.574637763974571
14640.0 0.5747040785341926
14650.0 0.5747040785341926
14660.0 0.5747040785341926
14670.0 0.5748146028002287
14680.0 0.5749693367726791
14690.0 0.5751019658919224
14700.0 0.5751461755983368
14710.0 0.5751019658919224
14720.0 0.5750798610387151
14730.0 0.5752345950111656
14740.0 0.575389328983616
14750.0 0.5754777483964449
14760.0 0.5755219581028593
14770.0 0.5756103775156881
14780.0 0.575698796928517
14790.000000000002 0.5757872163413458
14800.0 0.5758977406073819
14810.000000000002 0.5760303697266251
14820.0 0.5761408939926611
14830.000000000002 0.5762072085522827
14840.0 0.5762293134054899
14850.000000000002 0.576339837671526
14860.0 0.576450361937562
14870.000000000002 0.5765387813503908
14880.0 0.5765829910568053
14890.000000000002 0.5766050959100124
14900.0 0.5766714104696341
14910.000000000002 0.5768040395888774
14920.0 0.5769366687081205
14930.000000000002 0.5769808784145349
14940.0 0.5770692978273638
14950.000000000002 0.5772240317998143
14960.0 0.577400870625472
14970.000000000002 0.577511394891508
14980.0 0.5775556045979224
14990.000000000002 0.5775777094511295
15000.0 0.5776219191575441
15009.999999999998 0.5777545482767873
15020.0 0.5779092822492377
15029.999999999998 0.5780861210748954
15040.0 0.5782187501941387
15049.999999999998 0.5783513793133819
15060.0 0.5785061132858323
15069.999999999998 0.5786387424050756
15080.0 0.5787271618179044
15089.999999999998 0.5787271618179044
15100.0 0.5787713715243189
15109.999999999998 0.5789261054967694
15120.0 0.5791692588820485
15129.999999999998 0.5793682025609135
15140.0 0.5795008316801566
15149.999999999998 0.5795671462397783
15160.0 0.5795892510929855
15169.999999999998 0.5796334607993999
15180.0 0.5796997753590216
15189.999999999998 0.5797881947718504
15200.0 0.5798987190378865
15209.999999999998 0.5800092433039225
15220.0 0.5801418724231656
15230.0 0.5802523966892017
15240.0 0.5803629209552378
15250.0 0.5805176549276883
15260.0 0.5806723889001387
15270.0 0.5808271228725892
15280.0 0.5809376471386252
15290.0 0.5810039616982469
15300.0 0.5811144859642828
15310.0 0.5813134296431477
15320.0 0.5814902684688054
15330.0 0.581556583028427
15340.0 0.581556583028427
15350.0 0.5816007927348414
15360.0 0.5816892121476702
15370.0 0.5817776315604991
15380.0 0.5818881558265351
15390.0 0.5820870995054
15400.0 0.5822639383310577
15410.0 0.5823081480374721
15420.0 0.5823081480374721
15430.0 0.5822860431842648
15440.0 0.5823523577438865
15450.0 0.5825734062759585
15460.0 0.5827944548080306
15470.0 0.5829049790740667
15480.0 0.5829933984868955
15490.0 0.5831039227529315
15500.0 0.5832144470189675
15510.0 0.5832144470189675
15520.0 0.5832144470189675
15530.0 0.5833028664317964
15540.0 0.5834354955510397
15550.0 0.5835239149638685
15560.0 0.5835460198170757
15570.0 0.5835018101106613
15580.0 0.5835239149638685
15590.0 0.5836786489363189
15600.0 0.5838112780555621
15610.0 0.5838112780555621
15620.0 0.5838112780555621
15630.0 0.5840102217344271
15640.0 0.5842312702664991
15650.0 0.5842754799729136
15660.0 0.5842533751197063
15670.0 0.5842754799729136
15680.0 0.5844081090921568
15690.0 0.5846070527710217
15700.0 0.5847175770370577
15710.0 0.584651262477436
15720.0 0.5845628430646073
15730.0 0.5847175770370577
15740.0 0.584960730422337
15750.0 0.5850933595415803
15760.0 0.5851154643947873
15770.0 0.585071254688373
15780.0 0.5850491498351659
15790.0 0.5851154643947873
15800.0 0.585181778954409
15810.0 0.5852259886608234
15820.0 0.5852923032204451
15830.0 0.5854470371928955
15840.0 0.5855575614589316
15850.0 0.5855575614589316
15860.0 0.5855796663121388
15870.0 0.5857565051377965
15880.0 0.5859554488166613
15890.0 0.5860659730826974
15900.0 0.5861322876423191
15910.0 0.5861543924955261
15920.0 0.586242811908355
15930.0 0.5864417555872199
15940.0 0.5866185944128776
15950.0 0.5866849089724993
15960.0 0.5867070138257063
15970.0 0.5867512235321207
15980.0 0.5868617477981568
15990.0 0.5871049011834362
16000.0 0.5873038448623009
16010.0 0.587414369128337
16020.0 0.5874806836879587
16030.0 0.5875691031007875
16040.000000000002 0.5877017322200307
16050.0 0.5878785710456884
16060.000000000002 0.5880554098713461
16070.0 0.5882543535502109
16080.000000000002 0.5884311923758686
16090.0 0.5885417166419047
16100.000000000002 0.5886743457611479
16110.0 0.5888953942932199
16120.000000000002 0.5890943379720849
16130.0 0.5891827573849137
16140.000000000002 0.5892711767977424
16150.0 0.5894701204766074
16160.000000000002 0.589757483568301
16170.0 0.5900227418067876
16180.000000000002 0.5902437903388597
16190.0 0.5903985243113101
16200.000000000002 0.5905532582837606
16210.0 0.5906858874030038
16220.000000000002 0.5908627262286614
16230.0 0.5910616699075263
16240.000000000002 0.591238508733184
16250.0 0.5913490329992199
16259.999999999998 0.5914816621184633
16270.0 0.5917469203569498
16279.999999999998 0.591990073742229
16290.0 0.5920784931550579
16299.999999999998 0.5921448077146795
16310.0 0.5923437513935443
16319.999999999998 0.5926090096320308
16330.0 0.5928742678705173
16339.999999999998 0.5930732115493822
16350.0 0.5932500503750399
16359.999999999998 0.5934047843474903
16370.0 0.5936037280263552
16379.999999999998 0.5938247765584272
16390.0 0.5940237202372921
16400.0 0.5941784542097426
16410.0 0.5942668736225715
16420.0 0.5943995027418146
16430.0 0.5946647609803012
16440.0 0.5949079143655804
16450.0 0.5950184386316165
16460.0 0.5950626483380309
16470.0 0.5951510677508598
16480.0 0.595283696870103
16490.0 0.5953721162829319
16500.0 0.5955489551085894
16510.0 0.5958363182002832
16520.0 0.596035261879148
16530.0 0.5959689473195264
16540.0 0.5959026327599048
16550.0 0.5961015764387696
16560.0 0.5964110443836707
16570.0 0.596565778356121
16580.0 0.5966541977689498
16590.0 0.5967426171817787
16600.0 0.5969194560074363
16610.0 0.5971847142459228
16620.0 0.5973615530715805
16630.0 0.5972510288055445
16640.0 0.5971405045395084
16650.0 0.5973173433651661
16660.0 0.5976047064568598
16670.0 0.5978036501357247
16680.0 0.5978478598421391
16690.0 0.5977594404293103
16700.0 0.5977152307228959
16710.0 0.5978478598421391
16720.0 0.5979804889613823
16730.0 0.5980025938145894
16740.0 0.5980025938145894
16750.0 0.5981794326402472
16760.0 0.5983562714659049
16770.0 0.5984667957319408
16780.0 0.5985331102915625
16790.0 0.5987099491172202
16800.0 0.5989088927960851
16810.0 0.5990194170621211
16820.0 0.5991078364749499
16830.0 0.5992404655941932
16840.0 0.5993509898602292
16850.0 0.5993951995666436
16860.0 0.599439409273058
16870.0 0.599549933539094
16880.0 0.5996825626583373
16890.0 0.5998151917775805
16900.0 0.5999036111904095
16910.0 0.5999920306032382
16920.0 0.6001246597224815
16930.0 0.600389917960968
16940.0 0.6005888616398328
16950.0 0.60061096649304
16960.0 0.6006993859058688
16970.0 0.6009867489975625
16980.0 0.6012741120892563
16990.0 0.6012520072360491
17000.0 0.6012077975296347
17010.0 0.6014951606213284
17020.0 0.6018930479790581
17030.0 0.6021583062175445
17040.0 0.6022909353367878
17050.0 0.602313040189995
17060.0 0.6024014596028239
17070.0 0.6026225081348959
17080.0 0.6028877663733824
17090.0 0.6030646051990401
17100.0 0.6031972343182833
17110.0 0.6033298634375266
17120.0 0.6035288071163915
17130.0 0.6037498556484635
17140.0 0.603904589620914
17150.0 0.6039930090337429
17160.0 0.6041698478594004
17170.0 0.6045898400703374
17180.0 0.6049877274280672
17190.0 0.6051203565473103
17200.0 0.605186671106932
17210.0 0.6053856147857969
17220.0 0.6056066633178689
17230.0 0.6057835021435266
17240.0 0.6059603409691843
17250.0 0.6062255992076708
17260.0 0.6064908574461573
17270.0 0.6066234865654005
17280.0 0.6067119059782293
17290.0 0.6068666399506798
17300.0 0.6070876884827519
17310.0 0.6073529467212383
17320.0 0.6075961001065177
17330.0 0.6077950437853825
17340.0 0.6080160923174546
17350.0 0.6082592457027339
17360.0 0.6084581893815988
17370.0 0.6085908185008421
17380.0 0.6086571330604635
17390.0 0.6086350282072565
17400.0 0.6087234476200852
17410.0 0.6090329155649862
17420.0 0.6093865932163015
17430.0 0.6095855368951663
17440.0 0.6097181660144096
17450.0 0.6099171096932744
17460.0 0.6100718436657249
17470.0 0.6101381582253466
17480.0 0.6101602630785538
17490.0 0.6102265776381754
17500.0 0.6103149970510042
17510.0 0.610403416463833
17520.0 0.6105360455830763
17530.0 0.61082340867477
17540.0 0.6110886669132565
17550.0 0.6111991911792926
17560.0 0.6111991911792926
17570.0 0.6112212960324996
17580.0 0.6112876105921213
17590.0 0.6113760300049502
17600.0 0.6115086591241934
17610.0 0.6116412882434367
17620.0 0.611685497949851
17630.0 0.6115528688306078
17640.0 0.6112655057389141
17650.0 0.6108013038215627
17660.0 0.6098286902804456
17670.0 0.6078171486385897
17680.0 0.6041698478594004
17690.0 0.5980689083742111
17700.0 0.588475402082283
17710.0 0.5741514572040124
17720.0 0.5537928874001742
17730.0 0.5263607645700294
17740.0 0.49128036253019086
17750.0 0.448728520106316
17760.0 0.3996336411331078
17770.0 0.34587463813317865
17780.0 0.29008198863818646
17790.0 0.23512932356506816
17800.0 0.1837576447115175
17810.0 0.13815533254504803
17820.0 0.09971499281771387
17830.0 0.06903345656610961
17840.0 0.045757046138919906
17850.0 0.029023672261063692
17860.0 0.017595463152937318
17870.0 0.010190337328522743
17880.0 0.005614632714630752
17890.0 0.00296205032976583
17900.0 0.001481025164882915
17910.0 0.0007073553026306459
17920.0 0.00033157279810811527
17930.0 0.0001326291192432461
17940.0 6.631455962162305e-05
17950.0 2.2104853207207685e-05
17960.0 0.0
