mejiro/data/filter_responses/RomanSCA16-F146.ecsv
# %ECSV 1.0
# ---
# datatype:
# - {name: wavelength, unit: Angstrom, datatype: float64}
# - {name: response, datatype: float64}
# meta:
#   __serialized_columns__:
#     wavelength:
#       __class__: astropy.units.quantity.Quantity
#       unit: !astropy.units.Unit {unit: Angstrom}
#       value: !astropy.table.SerializedColumn {name: wavelength}
#   band_name: F146
#   group_name: RomanSCA16
# schema: astropy-2.0
wavelength response
9110.0 0.0
9120.0 4.420970641441537e-05
9130.0 0.0001326291192432461
9140.0 0.0004863067705585691
9150.0 0.001547339724504538
9160.0 0.0043325512286127065
9170.0 0.010765063511910143
9180.0 0.024027975436234757
9190.0 0.04805595087246951
9200.0 0.0865405003062181
9210.0 0.14096264890236343
9220.0 0.20891296766131984
9230.0 0.2838705248869611
9240.0 0.3569049598835753
9250.0 0.41970484784525236
9260.0 0.4673850162131993
9270.0 0.4993707388040288
9280.0 0.5182924931493986
9290.0 0.5281512576798132
9300.0 0.532704857440498
9310.0 0.5346279796695251
9320.0 0.5354016495317774
9330.0 0.5356669077702638
9340.0 0.5358437465959215
9350.0 0.5360868999812007
9360.0 0.5363963679261017
9370.0 0.5367279407242098
9380.0 0.5370816183755251
9390.0 0.5375016105864621
9400.0 0.5378773930909846
9410.0 0.5381647561826783
9420.0 0.5384742241275792
9430.0 0.5389384260449306
9440.0 0.5393805231090748
9450.0 0.5396678862007684
9460.0 0.5399552492924621
9470.0 0.5404194512098135
9480.0 0.5409057579803721
9490.0 0.5412594356316873
9500.0 0.5416131132830028
9510.0 0.5420994200535613
9520.0 0.5425636219709126
9530.0 0.5428951947690207
9540.0 0.5431383481543001
9550.0 0.5434257112459938
9560.0 0.5437351791908946
9570.0 0.54408885684221
9580.0 0.544420429640318
9590.0 0.5446414781723902
9600.0 0.544840421851255
9610.0 0.5451277849429488
9620.0 0.5454372528878496
9630.0 0.5456583014199218
9640.0 0.5458572450987865
9650.0 0.5460561887776515
9660.0 0.546233027603309
9670.0 0.5462993421629307
9680.0 0.5464098664289668
9690.0 0.5466972295206605
9700.0 0.546962487759147
9710.0 0.547073012025183
9720.0 0.5471614314380118
9730.0 0.5473603751168767
9740.0 0.5475814236489488
9750.0 0.5476698430617776
9760.0 0.5477582624746065
9770.0 0.5479793110066785
9780.0 0.5481782546855435
9790.0 0.5482003595387506
9800.0 0.5482003595387506
9810.0 0.5483329886579938
9820.0 0.548465617777237
9830.0 0.5484877226304443
9840.0 0.548465617777237
9850.0 0.5485761420432731
9860.0 0.5487529808689308
9870.0 0.5489077148413812
9880.0 0.5489298196945884
9890.0 0.5487971905753452
9900.0 0.5487087711625164
9910.0 0.5488192954285525
9920.0 0.5489740294010028
9930.0 0.5489740294010028
9940.0 0.5489298196945884
9950.0 0.5489519245477956
9960.0 0.5490182391074172
9970.0 0.5490182391074172
9980.0 0.5490624488138317
9990.0 0.5492171827862822
10000.0 0.5493719167587326
10009.999999999998 0.5494382313183542
10020.0 0.5494382313183542
10029.999999999998 0.549416126465147
10040.0 0.5493719167587326
10049.999999999998 0.5493719167587326
10060.0 0.549416126465147
10069.999999999998 0.5494824410247686
10080.0 0.5495266507311831
10089.999999999998 0.5494824410247686
10100.0 0.5494824410247686
10109.999999999998 0.5495487555843903
10120.0 0.5496813847036335
10129.999999999998 0.5497255944100479
10140.0 0.5497034895568408
10149.999999999998 0.5496150701440119
10160.0 0.5495708604375975
10169.999999999998 0.5496150701440119
10180.0 0.5496813847036335
10189.999999999998 0.5497255944100479
10200.0 0.5497476992632552
10209.999999999998 0.5497255944100479
10220.0 0.5497255944100479
10230.0 0.5497476992632552
10240.0 0.5497476992632552
10250.0 0.5497255944100479
10260.0 0.5496592798504263
10270.0 0.5495708604375975
10280.0 0.5495487555843903
10290.0 0.5496150701440119
10300.0 0.5496371749972191
10310.0 0.5495708604375975
10320.0 0.5494382313183542
10330.0 0.5493940216119397
10340.0 0.5493940216119397
10350.0 0.5493498119055253
10360.0 0.549305602199111
10370.0 0.5492171827862822
10380.0 0.5491287633734533
10390.0 0.5490182391074172
10400.0 0.5488635051349668
10410.0 0.5487087711625164
10420.0 0.5486203517496876
10430.0 0.5486424566028948
10440.0 0.5485761420432731
10450.0 0.5483329886579938
10460.0 0.5480677304195074
10470.0 0.5479129964470569
10480.0 0.5478908915938497
10490.0 0.5478687867406424
10500.0 0.5477582624746065
10510.0 0.5474930042361199
10520.0 0.5472277459976335
10530.0 0.547073012025183
10540.0 0.5469845926123542
10550.0 0.5468961731995253
10560.0 0.5467635440802822
10570.0 0.5465867052546245
10580.0 0.5463214470161379
10590.0 0.5459456645116154
10600.0 0.5456140917135074
10610.0 0.5454151480346424
10620.0 0.5452825189153993
10630.0 0.5451056800897416
10640.0 0.544840421851255
10650.0 0.5444867441999397
10660.0 0.5441551714018316
10670.0 0.5438899131633451
10680.0 0.543668864631273
10690.0 0.5433815015395793
10700.0 0.5431162433010928
10710.0 0.5428951947690207
10720.0 0.5426962510901558
10730.0 0.5424752025580838
10740.0 0.5422541540260117
10750.0 0.5420994200535613
10760.0 0.5419004763746964
10770.0 0.5415910084297955
10780.0 0.5412373307784802
10790.0 0.5409278628335792
10800.0 0.5406847094483
10810.0 0.540574185182264
10820.0 0.5404194512098135
10830.0 0.5400878784117054
10840.0 0.5397784104668044
10850.0 0.5396236764943539
10860.0 0.5394910473751108
10870.0 0.5392257891366243
10880.0 0.5389163211917234
10890.0 0.5386731678064441
10900.0 0.5384742241275792
10910.0 0.5382752804487143
10920.0 0.5380763367698496
10930.0 0.5378110785313629
10940.0 0.537590029999291
10950.0 0.5374131911736333
10960.0 0.5372142474947683
10970.0 0.5369931989626963
10980.0 0.5369710941094891
10990.0 0.5373247717608044
11000.0 0.5376563445589125
11010.0 0.5376121348524981
11020.0 0.537391086320426
11030.0 0.53728056205439
11040.000000000002 0.5372584572011828
11050.0 0.5372363523479756
11060.000000000002 0.5372142474947683
11070.0 0.5372363523479756
11080.000000000002 0.5371700377883539
11090.0 0.5370153038159035
11100.000000000002 0.5368826746966602
11110.0 0.5369268844030747
11120.000000000002 0.5370153038159035
11130.0 0.5370153038159035
11140.000000000002 0.5370153038159035
11150.0 0.5371258280819395
11160.000000000002 0.5371921426415612
11170.0 0.537059513522318
11180.000000000002 0.5369268844030747
11190.0 0.5370153038159035
11200.000000000002 0.5371479329351468
11210.0 0.5371479329351468
11220.000000000002 0.5371037232287323
11230.0 0.5371921426415612
11240.000000000002 0.5372363523479756
11250.0 0.5371037232287323
11259.999999999998 0.5369268844030747
11270.0 0.5369047795498675
11279.999999999998 0.5369268844030747
11290.0 0.5369710941094891
11299.999999999998 0.5370153038159035
11310.0 0.5371037232287323
11319.999999999998 0.5371700377883539
11330.0 0.5371700377883539
11339.999999999998 0.5371479329351468
11350.0 0.5371479329351468
11359.999999999998 0.5371479329351468
11370.0 0.5371037232287323
11379.999999999998 0.5370816183755251
11390.0 0.5371479329351468
11399.999999999998 0.5372584572011828
11410.0 0.5373689814672189
11419.999999999998 0.537391086320426
11430.0 0.5373247717608044
11439.999999999998 0.5372584572011828
11450.0 0.53728056205439
11459.999999999998 0.5373468766140116
11470.0 0.5373468766140116
11480.0 0.5373247717608044
11490.0 0.5372584572011828
11500.0 0.5372142474947683
11510.0 0.5372142474947683
11520.0 0.5371700377883539
11530.0 0.5370816183755251
11540.0 0.5370153038159035
11550.0 0.537059513522318
11560.0 0.5370816183755251
11570.0 0.5369489892562819
11580.0 0.5367942552838314
11590.0 0.536750045577417
11600.0 0.5367942552838314
11610.0 0.5367721504306242
11620.0 0.5366837310177954
11630.0 0.536528997045345
11640.0 0.5363742630728945
11650.0 0.5363079485132729
11660.0 0.5362637388068585
11670.0 0.5361753193940296
11680.0 0.5361311096876151
11690.0 0.5361532145408224
11700.0 0.5361311096876151
11710.0 0.5359321660087504
11720.0 0.535689012623471
11730.0 0.5355342786510205
11740.0 0.5354458592381918
11750.0 0.5353574398253629
11760.0 0.5352690204125341
11770.0 0.535158496146498
11780.0 0.5350921815868764
11790.0 0.5351363912932908
11800.0 0.535158496146498
11810.0 0.535047971880462
11820.0 0.5349153427612188
11830.0 0.53482692334839
11840.0 0.5347606087887683
11850.0 0.5346279796695251
11860.0 0.5344290359906602
11870.0 0.5342521971650026
11880.0 0.5341416728989665
11890.0 0.534097463192552
11900.0 0.5340532534861376
11910.0 0.5338543098072728
11920.0 0.5336774709816151
11930.0 0.5336111564219935
11940.0 0.5335669467155791
11950.0 0.5333901078899214
11960.0 0.5331911642110566
11970.0 0.5331469545046422
11980.0 0.5331248496514349
11990.0 0.5329922205321918
12000.0 0.5328374865597413
12010.0 0.5327490671469124
12020.0 0.532704857440498
12030.0 0.5326164380276692
12040.0 0.5325722283212547
12050.0 0.5325722283212547
12060.0 0.5325280186148403
12070.0 0.5323953894955972
12080.0 0.5321743409635251
12090.0 0.5319975021378673
12100.0 0.5318869778718314
12110.0 0.5318869778718314
12120.0 0.531842768165417
12130.0 0.5316659293397592
12140.0 0.5314890905141015
12150.0 0.53142277595448
12160.0 0.5314448808076871
12170.0 0.5314890905141015
12180.0 0.5314448808076871
12190.0 0.5312901468352368
12200.0 0.5311354128627863
12210.0 0.5311354128627863
12220.0 0.5311575177159934
12230.0 0.5310912031563718
12240.0 0.5309806788903358
12250.0 0.5309806788903358
12260.0 0.5309806788903358
12270.0 0.5308701546242998
12280.0 0.5307817352114709
12290.000000000002 0.5307375255050565
12300.0 0.5307154206518493
12310.000000000002 0.5305827915326061
12320.0 0.5304280575601557
12330.000000000002 0.5303175332941196
12340.0 0.5302291138812907
12350.000000000002 0.5301627993216691
12360.0 0.5300743799088403
12370.000000000002 0.529941750789597
12380.0 0.5298754362299755
12390.000000000002 0.5299196459363898
12400.0 0.5298975410831827
12410.000000000002 0.529720702257525
12420.0 0.5295438634318673
12430.000000000002 0.5295880731382817
12440.0 0.5296322828446961
12450.000000000002 0.5294554440190384
12460.0 0.5292565003401736
12470.000000000002 0.5292122906337592
12480.0 0.5292343954869664
12490.000000000002 0.5292122906337592
12500.0 0.5291459760741376
12509.999999999998 0.5290354518081015
12520.0 0.5289028226888584
12529.999999999998 0.5288144032760295
12540.0 0.5287701935696151
12549.999999999998 0.5287701935696151
12560.0 0.5287480887164078
12569.999999999998 0.5286817741567863
12580.0 0.5285270401843357
12589.999999999998 0.5282838867990565
12600.0 0.5281291528266061
12609.999999999998 0.5281512576798132
12620.0 0.5281954673862277
12629.999999999998 0.5281512576798132
12640.0 0.5280628382669844
12649.999999999998 0.52801862856057
12660.0 0.5279523140009483
12669.999999999998 0.5277754751752907
12680.0 0.527598636349633
12689.999999999998 0.5275544266432186
12700.0 0.5275323217900114
12709.999999999998 0.5274881120835969
12720.0 0.5274660072303898
12730.0 0.5274881120835969
12740.0 0.5274439023771825
12750.0 0.5272228538451105
12760.0 0.5270460150194529
12770.0 0.52706811987266
12780.0 0.5272007489919033
12790.0 0.5272449586983178
12800.0 0.5271565392854889
12810.0 0.526957595606624
12820.0 0.5267807567809664
12830.0 0.5267586519277592
12840.0 0.5268028616341736
12850.0 0.5268691761937953
12860.0 0.5268912810470023
12870.0 0.5268028616341736
12880.0 0.5267144422213448
12890.0 0.5267144422213448
12900.0 0.5267365470745519
12910.0 0.5267586519277592
12920.0 0.5267365470745519
12930.0 0.5266702325149303
12940.0 0.5266481276617231
12950.0 0.5266923373681375
12960.0 0.5267144422213448
12970.0 0.5266702325149303
12980.0 0.5266260228085159
12990.0 0.5267144422213448
13000.0 0.5268249664873809
13010.0 0.5268249664873809
13020.0 0.5267807567809664
13030.0 0.5267365470745519
13040.0 0.5267365470745519
13050.0 0.5268028616341736
13060.0 0.5269133859002096
13070.0 0.5270460150194529
13080.0 0.5271344344322817
13090.0 0.5271786441386961
13100.0 0.5272891684047322
13110.0 0.5275765314964258
13120.0 0.527797580028498
13130.0 0.5277533703220836
13140.0 0.5276649509092547
13150.0 0.5276870557624619
13160.0 0.5278417897349124
13170.0 0.5279744188541556
13180.0 0.5280849431201916
13190.0 0.5281291528266061
13200.0 0.5281733625330205
13210.0 0.5282838867990565
13220.0 0.5284386207715069
13230.0 0.5285712498907502
13240.0 0.5287038790099934
13250.0 0.5287922984228223
13260.0 0.5289028226888584
13270.0 0.5290575566613088
13280.0 0.5291459760741376
13290.0 0.529190185780552
13300.0 0.5292565003401736
13310.0 0.5294554440190384
13320.0 0.5296764925511105
13330.0 0.5298533313767682
13340.0 0.5299859604960115
13350.0 0.5300301702024259
13360.0 0.5301185896152547
13370.0 0.5303175332941196
13380.0 0.5304943721197772
13390.0 0.5304943721197772
13400.0 0.5304280575601557
13410.0 0.5305164769729844
13420.0 0.5306712109454349
13430.0 0.5308701546242998
13440.0 0.5310248885967502
13450.0 0.5311796225692007
13460.0 0.5313122516884439
13470.0 0.5314448808076871
13480.0 0.5315996147801376
13490.0 0.5316880341929665
13500.0 0.5317543487525881
13510.0 0.5318206633122097
13520.0 0.5318648730186241
13530.0 0.5318869778718314
13540.000000000002 0.5319311875782458
13550.0 0.532063816697489
13560.000000000002 0.5321522361103178
13570.0 0.5321080264039034
13580.000000000002 0.5321080264039034
13590.0 0.5322406555231466
13600.000000000002 0.5323953894955972
13610.0 0.5324174943488043
13620.000000000002 0.5323511797891827
13630.0 0.5323069700827683
13640.000000000002 0.5323069700827683
13650.0 0.5323290749359755
13660.000000000002 0.5323953894955972
13670.0 0.5325280186148403
13680.000000000002 0.5326827525872908
13690.0 0.5327490671469124
13700.000000000002 0.5327490671469124
13710.0 0.5327269622937052
13720.000000000002 0.5327269622937052
13730.0 0.5327490671469124
13740.000000000002 0.5328153817065341
13750.0 0.5328816962661557
13759.999999999998 0.5329701156789844
13770.0 0.5330364302386061
13779.999999999998 0.5330364302386061
13790.0 0.5329922205321918
13799.999999999998 0.5329480108257773
13810.0 0.5329701156789844
13819.999999999998 0.5329922205321918
13830.0 0.5329701156789844
13839.999999999998 0.5328816962661557
13850.0 0.5327269622937052
13859.999999999998 0.5326385428808764
13870.0 0.5326827525872908
13879.999999999998 0.5327490671469124
13890.0 0.5327269622937052
13899.999999999998 0.5327711720001197
13910.0 0.533014325385399
13919.999999999998 0.5332132690642638
13930.0 0.5331911642110566
13939.999999999998 0.5330364302386061
13950.0 0.5329922205321918
13959.999999999998 0.5330364302386061
13970.0 0.5331911642110566
13980.0 0.5332574787706782
13990.0 0.5331469545046422
14000.0 0.5329922205321918
14010.0 0.5329038011193629
14020.0 0.5329038011193629
14030.0 0.5329922205321918
14040.0 0.5330585350918133
14050.0 0.533014325385399
14060.0 0.5329259059725701
14070.0 0.5327932768533268
14080.0 0.5326827525872908
14090.0 0.532594333174462
14100.0 0.5324617040552186
14110.0 0.5321964458167322
14120.0 0.5320196069910745
14130.0 0.5320196069910745
14140.0 0.532063816697489
14150.0 0.531953292431453
14160.0 0.5317764536057953
14170.0 0.531643824486552
14180.0 0.5316217196333448
14190.0 0.5316880341929665
14200.0 0.5317543487525881
14210.0 0.5317764536057953
14220.0 0.5318869778718314
14230.0 0.5322185506699395
14240.0 0.5326385428808764
14250.0 0.5329480108257773
14260.0 0.5331027447982278
14270.0 0.5331248496514349
14280.0 0.5331248496514349
14290.0 0.533235373917471
14300.0 0.5333680030367143
14310.0 0.533456422449543
14320.0 0.5335006321559574
14330.0 0.5335669467155791
14340.0 0.5336332612752007
14350.0 0.5337437855412368
14360.0 0.5338322049540656
14370.0 0.5339206243668945
14380.0 0.5339427292201017
14390.0 0.5339206243668945
14400.0 0.5339427292201017
14410.0 0.5340753583393449
14420.0 0.5342300923117953
14430.0 0.5343185117246241
14440.0 0.5343406165778314
14450.0 0.5343185117246241
14460.0 0.5343185117246241
14470.0 0.5343406165778314
14480.0 0.5344290359906602
14490.0 0.5345616651099034
14500.0 0.5347163990823539
14510.0 0.5348490282015972
14520.0 0.534937447614426
14530.0 0.5349153427612188
14540.0 0.5349153427612188
14550.0 0.5350037621740477
14560.0 0.5351142864400836
14570.0 0.5351806009997053
14580.0 0.5352690204125341
14590.0 0.5354016495317774
14600.0 0.5355342786510205
14610.0 0.5355784883574349
14620.0 0.5356226980638494
14630.0 0.5357111174766783
14640.0 0.5357995368895071
14650.0 0.5358216417427143
14660.0 0.5358437465959215
14670.0 0.5359763757151648
14680.0 0.5361532145408224
14690.0 0.5363079485132729
14700.0 0.5363742630728945
14710.0 0.5363521582196873
14720.0 0.5363742630728945
14730.0 0.536528997045345
14740.0 0.5367279407242098
14750.0 0.5368384649902458
14760.0 0.5369047795498675
