mejiro/data/filter_responses/RomanSCA11-F184.ecsv
# %ECSV 1.0
# ---
# datatype:
# - {name: wavelength, unit: Angstrom, datatype: float64}
# - {name: response, datatype: float64}
# meta:
#   __serialized_columns__:
#     wavelength:
#       __class__: astropy.units.quantity.Quantity
#       unit: !astropy.units.Unit {unit: Angstrom}
#       value: !astropy.table.SerializedColumn {name: wavelength}
#   band_name: F184
#   group_name: RomanSCA11
# schema: astropy-2.0
wavelength response
16670.0 0.0
16680.0 2.2104853207207685e-05
16690.0 8.841941282883074e-05
16700.0 0.00022104853207207686
16710.0 0.0005305164769729844
16720.0 0.0012378717796036303
16730.0 0.00267468723807213
16740.0 0.005504108448594713
16750.0 0.010610329539459689
16760.0 0.0192754319966851
16770.0 0.0330688603979827
16780.0 0.05351584961464981
16790.0 0.08189848113270447
16800.0 0.1187693762823269
16810.0 0.16353170402692246
16820.0 0.21435076155029292
16830.0 0.2683308130822941
16840.0 0.32191297725656554
16850.0 0.3716488969727828
16860.0 0.4148196752864594
16870.0 0.4499442870327124
16880.0 0.47666905456022657
16890.0 0.49565712346521795
16900.0 0.5083010994997408
16910.0 0.5161483223882994
16920.0 0.5208124464150203
16930.0 0.5234871336530924
16940.0 0.5249239491115608
16950.0 0.5255428850013627
16960.0 0.5258523529462635
16970.0 0.5262281354507862
16980.0 0.5264933936892727
16990.0 0.5264933936892727
17000.0 0.5264712888360654
17010.0 0.5266923373681375
17020.0 0.5270239101662456
17030.0 0.527267063551525
17040.0 0.5273554829643538
17050.0 0.5273554829643538
17060.0 0.5273996926707681
17070.0 0.5275765314964258
17080.0 0.527797580028498
17090.0 0.5279302091477411
17100.0 0.52801862856057
17110.0 0.5281070479733988
17120.0 0.5282396770926421
17130.0 0.5284165159182996
17140.0 0.5285270401843357
17150.0 0.5285712498907502
17160.0 0.5286817741567863
17170.0 0.5290133469548943
17180.0 0.5293228148997953
17190.0 0.5294333391658312
17200.0 0.5294333391658312
17210.0 0.5295659682850745
17220.0 0.5297428071107322
17230.0 0.5298533313767682
17240.0 0.5299859604960115
17250.0 0.5301627993216691
17260.0 0.5303396381473268
17270.0 0.5304280575601557
17280.0 0.53047226726657
17290.0 0.5305606866793988
17300.0 0.5307154206518493
17310.0 0.530892259477507
17320.0 0.5310690983031646
17330.0 0.5312238322756151
17340.0 0.5313564613948584
17350.0 0.5315333002205159
17360.0 0.5316659293397592
17370.0 0.5317543487525881
17380.0 0.5317543487525881
17390.0 0.5317101390461737
17400.0 0.5317322438993809
17410.0 0.5319753972846601
17420.0 0.5322185506699395
17430.0 0.5323511797891827
17440.0 0.5324395992020116
17450.0 0.5325722283212547
17460.0 0.5326827525872908
17470.0 0.5326827525872908
17480.0 0.5326606477340836
17490.0 0.532704857440498
17500.0 0.5327490671469124
17510.0 0.5327711720001197
17520.0 0.5328595914129485
17530.0 0.5330806399450205
17540.0 0.5332795836238854
17550.0 0.533345898183507
17560.0 0.5333237933302999
17570.0 0.5333016884770926
17580.0 0.5333237933302999
17590.0 0.5333901078899214
17600.0 0.5334785273027504
17610.0 0.5335890515687863
17620.0 0.533655366128408
17630.0 0.5336332612752007
17640.0 0.5335890515687863
17650.0 0.5336774709816151
17660.0 0.5337879952476512
17670.0 0.5338322049540656
17680.0 0.5338101001008584
17690.0 0.533765890394444
17700.0 0.5337216806880295
17710.0 0.5337216806880295
17720.0 0.5337216806880295
17730.0 0.5337216806880295
17740.0 0.533765890394444
17750.0 0.53387641466048
17760.0 0.533986938926516
17770.0 0.5340090437797232
17780.0 0.5340311486329306
17790.0 0.5341195680457593
17800.0 0.5342079874585881
17810.0 0.5342300923117953
17820.0 0.5341416728989665
17830.0 0.5340311486329306
17840.0 0.5339427292201017
17850.0 0.5339427292201017
17860.0 0.5340311486329306
17870.0 0.5341637777521737
17880.0 0.5343185117246241
17890.0 0.5344511408438675
17900.0 0.5345395602566962
17910.0 0.5345616651099034
17920.0 0.5345395602566962
17930.0 0.5344732456970747
17940.0 0.534517455403489
17950.0 0.5346721893759395
17960.0 0.53482692334839
17970.0 0.5347827136419755
17980.0 0.5347163990823539
17990.0 0.5347606087887683
18000.0 0.5349153427612188
18010.0 0.535158496146498
18020.0 0.5353132301189485
18030.0 0.5353353349721558
18040.0 0.5353132301189485
18050.0 0.5353574398253629
18060.0 0.5354458592381918
18070.0 0.5356005932106422
18080.0 0.5357774320362999
18090.0 0.5359542708619575
18100.0 0.5360647951279935
18110.0 0.536109004834408
18120.0 0.5361753193940296
18130.0 0.5363742630728945
18140.0 0.5365953116049667
18150.0 0.536750045577417
18160.0 0.5368826746966602
18170.0 0.5369931989626963
18180.0 0.5369931989626963
18190.0 0.5368163601370387
18200.0 0.5366837310177954
18210.0 0.5368163601370387
18220.0 0.5370816183755251
18230.0 0.5373689814672189
18240.0 0.5376563445589125
18250.0 0.5379879173570207
18260.0 0.5383194901551287
18270.0 0.5385626435404081
18280.0 0.5386731678064441
18290.0 0.5386510629532368
18300.0 0.5386510629532368
18310.0 0.5388057969256873
18320.0 0.538982635751345
18330.0 0.5390047406045523
18340.0 0.5390047406045523
18350.0 0.5391373697237954
18360.0 0.5394026279622819
18370.0 0.5396678862007684
18380.0 0.5399110395860477
18390.0 0.5401320881181197
18400.0 0.540264717237363
18410.0 0.5403310317969846
18420.0 0.5403310317969846
18430.0 0.5402868220905702
18440.0 0.540264717237363
18450.0 0.5403310317969846
18460.0 0.5404415560630207
18470.0 0.5405520803290567
18480.0 0.5407068143015071
18490.0 0.5408836531271648
18500.0 0.5409720725399937
18510.0 0.5408394434207504
18520.0 0.5407289191547144
18530.0 0.5408394434207504
18540.0 0.5409941773932009
18550.0 0.5409941773932009
18560.0 0.5409278628335792
18570.0 0.5409941773932009
18580.0 0.541104701659237
18590.0 0.5411931210720657
18600.0 0.5412815404848946
18610.0 0.5413699598977234
18620.0 0.5414583793105523
18630.0 0.5414583793105523
18640.0 0.541325750191309
18650.0 0.5409720725399937
18660.0 0.5406847094483
18670.0 0.5406626045950927
18680.0 0.5407510240079216
18690.0 0.5407289191547144
18700.0 0.5406183948886784
18710.0 0.5404636609162279
18720.0 0.5405078706226423
18730.0 0.5408615482739577
18740.0 0.5411710162188585
18750.0 0.5410825968060298
18760.0 0.5409057579803721
18770.0 0.5409499676867865
18780.0 0.5410383870996153
18790.0 0.5409057579803721
18800.0 0.5407510240079216
18810.0 0.5407731288611288
18820.0 0.5408173385675432
18830.0 0.5407289191547144
18840.0 0.5405962900354712
18850.0 0.540574185182264
18860.0 0.5405962900354712
18870.0 0.5405299754758496
18880.0 0.5404415560630207
18890.0 0.5403531366501919
18900.0 0.5403973463566063
18910.0 0.5405299754758496
18920.0 0.5405299754758496
18930.0 0.5401320881181197
18940.0 0.5396899910539756
18950.0 0.5395794667879396
18960.0 0.5395352570815252
18970.0 0.5393363134026603
18980.0 0.5391815794302098
18990.0 0.5392921036962459
19000.0 0.5394689425219036
19010.0 0.5394689425219036
19020.0 0.5393805231090748
19030.0 0.5393805231090748
19040.0 0.5394468376686964
19050.0 0.5394910473751108
19060.0 0.5394026279622819
19070.0 0.5391152648705883
19080.0 0.5388279017788946
19090.0 0.5386731678064441
19100.0 0.5386510629532368
19110.0 0.5387615872192729
19120.0 0.5388279017788946
19130.0 0.5387836920724801
19140.0 0.5387173775128585
19150.0 0.5386952726596512
19160.0 0.5386068532468224
19170.0 0.5383858047147504
19180.0 0.5380542319166423
19190.0 0.5377005542653269
19200.0 0.5376342397057053
19210.0 0.5380100222102279
19220.0 0.5384079095679576
19230.0 0.5384079095679576
19240.0 0.5382089658890927
19250.0 0.5380763367698496
19260.0 0.5378773930909846
19270.0 0.5374574008800477
19280.0 0.5371921426415612
19290.0 0.537391086320426
19300.0 0.5377447639717414
19310.0 0.5378773930909846
19320.0 0.5377447639717414
19330.0 0.5374131911736333
19340.0 0.5371479329351468
19350.0 0.5371479329351468
19360.0 0.5372142474947683
19370.0 0.5371700377883539
19380.0 0.5370816183755251
19390.0 0.5370816183755251
19400.0 0.5372142474947683
19410.0 0.5374131911736333
19420.0 0.5375237154396694
19430.0 0.5373689814672189
19440.0 0.5370816183755251
19450.0 0.5368384649902458
19460.0 0.5367279407242098
19470.0 0.5368163601370387
19480.0 0.5368605698434531
19490.0 0.536750045577417
19500.0 0.5366837310177954
19510.0 0.5368826746966602
19520.0 0.5371037232287323
19530.0 0.5371921426415612
19540.0 0.5371921426415612
19550.0 0.5372363523479756
19560.0 0.5373468766140116
19570.0 0.5375016105864621
19580.0 0.5375016105864621
19590.0 0.5373247717608044
19600.0 0.5372363523479756
19610.0 0.5375237154396694
19620.0 0.5377889736781558
19630.0 0.5377005542653269
19640.0 0.5375237154396694
19650.0 0.537590029999291
19660.0 0.5377668688249485
19670.0 0.537921602797399
19680.0 0.5380542319166423
19690.0 0.5381647561826783
19700.0 0.5381868610358855
19710.0 0.5380984416230566
19720.0 0.5380542319166423
19730.0 0.5381868610358855
19740.0 0.5382752804487143
19750.0 0.538142651329471
19760.0 0.5379879173570207
19770.0 0.5380100222102279
19780.0 0.5381647561826783
19790.0 0.5382973853019216
19800.0 0.5383858047147504
19810.0 0.5384079095679576
19820.0 0.5384300144211648
19830.0 0.5384742241275792
19840.0 0.5384300144211648
19850.0 0.5382531755955071
19860.0 0.5379879173570207
19870.0 0.5377226591185341
19880.0 0.5372584572011828
19890.0 0.5364184727793089
19900.0 0.5350921815868764
19910.0 0.5331248496514349
19920.0 0.5301627993216691
19930.0 0.5258302480930565
19940.0 0.5196629940482456
19950.0 0.511108415857056
19960.0 0.49948126307006485
19970.0 0.4842731240635059
19980.0 0.4653513697181362
19990.0 0.4426938951807483
20000.0 0.41599123250644143
20010.0 0.3852212768420083
20019.999999999996 0.3510692786368725
20030.0 0.3145299562853582
20040.0 0.276620133034997
20050.0 0.23853347095897812
20059.999999999996 0.20139731757086923
20070.0 0.1662727058246162
20080.0 0.13415435411454343
20090.0 0.10568330318365995
20099.999999999996 0.08125744038969544
20110.0 0.060920975439064384
20120.0 0.04449706950610907
20130.0 0.0316320449395142
20139.999999999996 0.02188380467513561
20150.0 0.01472183223600032
20160.0 0.009659820851549759
20170.0 0.006145149191603736
20179.999999999996 0.003802034751639722
20190.0 0.002276799880342392
20200.0 0.001326291192432461
20210.0 0.0007515650090450613
20219.999999999996 0.000419992210936946
20230.0 0.00022104853207207686
20240.0 0.00011052426603603843
20250.0 6.631455962162305e-05
20259.999999999996 2.2104853207207685e-05
20270.0 2.2104853207207685e-05
20280.0 0.0
