mejiro/data/filter_responses/RomanSCA07-F129.ecsv
# %ECSV 1.0
# ---
# datatype:
# - {name: wavelength, unit: Angstrom, datatype: float64}
# - {name: response, datatype: float64}
# meta:
#   __serialized_columns__:
#     wavelength:
#       __class__: astropy.units.quantity.Quantity
#       unit: !astropy.units.Unit {unit: Angstrom}
#       value: !astropy.table.SerializedColumn {name: wavelength}
#   band_name: F129
#   group_name: RomanSCA07
# schema: astropy-2.0
wavelength response
11120.000000000002 0.0
11130.0 2.2104853207207685e-05
11140.000000000002 0.0001326291192432461
11150.0 0.0005968310365946076
11160.000000000002 0.0020999610546847303
11170.0 0.006498826842919059
11180.000000000002 0.017330204914450826
11190.0 0.040098203717874745
11200.000000000002 0.08085955303196572
11210.0 0.1429299808378049
11220.000000000002 0.22343585621845527
11230.0 0.31242999523067344
11240.000000000002 0.39616317917957616
11250.0 0.4630966746910011
11259.999999999998 0.5086989868574704
11270.0 0.5352248107061197
11279.999999999998 0.5484214080708226
11290.0 0.553991831079039
11299.999999999998 0.5560254775741021
11310.0 0.5567328328767328
11319.999999999998 0.5569538814088049
11330.0 0.5569980911152193
11339.999999999998 0.5569759862620121
11350.0 0.5569759862620121
11359.999999999998 0.5569759862620121
11370.0 0.5569317765555976
11379.999999999998 0.5569317765555976
11390.0 0.5569980911152193
11399.999999999998 0.5571086153812553
11410.0 0.5572191396472913
11419.999999999998 0.5572412445004986
11430.0 0.5571749299408769
11439.999999999998 0.5571086153812553
11450.0 0.5571307202344625
11459.999999999998 0.5571970347940841
11470.0 0.5572191396472913
11480.0 0.5571749299408769
11490.0 0.5571307202344625
11500.0 0.5570865105280481
11510.0 0.5570865105280481
11520.0 0.5570423008216336
11530.0 0.5569538814088049
11540.0 0.5568875668491832
11550.0 0.5569538814088049
11560.0 0.5569980911152193
11570.0 0.5568654619959761
11580.0 0.5567107280235255
11590.0 0.5566886231703184
11600.0 0.5567107280235255
11610.0 0.5567107280235255
11620.0 0.556644413463904
11630.0 0.5564896794914534
11640.0 0.5563570503722103
11650.0 0.5562907358125886
11660.0 0.5562686309593814
11670.0 0.5562023163997598
11680.0 0.5561581066933454
11690.0 0.5562023163997598
11700.0 0.5562023163997598
11710.0 0.5560033727208948
11720.0 0.5557602193356157
11730.0 0.5556275902163723
11740.0 0.5555612756567507
11750.0 0.5554949610971291
11760.0 0.5554286465375076
11770.0 0.5553402271246787
11780.0 0.5552960174182643
11790.0 0.5553623319778859
11800.0 0.5554065416843003
11810.0 0.5553181222714715
11820.0 0.5552075980054354
11830.0 0.555163388299021
11840.0 0.5551191785926066
11850.0 0.5549865494733633
11860.0 0.5548318155009129
11870.0 0.5546549766752552
11880.0 0.5545665572624264
11890.0 0.5545665572624264
11900.0 0.5545444524092192
11910.0 0.5543897184367688
11920.0 0.5542128796111111
11930.0 0.5541907747579039
11940.0 0.5541686699046967
11950.0 0.5540139359322462
11960.0 0.5538592019597958
11970.0 0.5538592019597958
11980.0 0.5538592019597958
11990.0 0.5537707825469669
12000.0 0.5536381534277237
12010.0 0.5535718388681021
12020.0 0.5535718388681021
12030.0 0.5535276291616877
12040.0 0.5535276291616877
12050.0 0.5535497340148948
12060.0 0.5535718388681021
12070.0 0.553461314602066
12080.0 0.5532844757764084
12090.0 0.5531297418039579
12100.0 0.5530413223911291
12110.0 0.5530855320975435
12120.0 0.5530855320975435
12130.0 0.5529529029783002
12140.0 0.5527760641526426
12150.0 0.5527539592994354
12160.0 0.5528202738590571
12170.0 0.5529086932718859
12180.0 0.5529086932718859
12190.0 0.5527539592994354
12200.0 0.5526434350333994
12210.0 0.5526655398866065
12220.0 0.5527318544462282
12230.0 0.5526876447398138
12240.0 0.5525992253269849
12250.0 0.5526213301801921
12260.0 0.5526434350333994
12270.0 0.5525771204737777
12280.0 0.5524887010609489
12290.000000000002 0.5524887010609489
12300.0 0.5524665962077416
12310.000000000002 0.5523560719417057
12320.0 0.5522013379692552
12330.000000000002 0.5521129185564264
12340.0 0.5520466039968047
12350.000000000002 0.5519802894371831
12360.0 0.551869765171147
12370.000000000002 0.5517592409051111
12380.0 0.5516929263454894
12390.000000000002 0.5517150311986966
12400.0 0.5517150311986966
12410.000000000002 0.5515160875198318
12420.0 0.5513171438409669
12430.000000000002 0.5513613535473812
12440.0 0.5513834584005886
12450.000000000002 0.5512066195749308
12460.0 0.5509855710428587
12470.000000000002 0.55089715163003
12480.0 0.55089715163003
12490.000000000002 0.5508308370704083
12500.0 0.5507424176575795
12509.999999999998 0.550587683685129
12520.0 0.5504108448594714
12529.999999999998 0.5502782157402281
12540.0 0.5501676914741921
12549.999999999998 0.5501234817677777
12560.0 0.550057167208156
12569.999999999998 0.5499245380889128
12580.0 0.5497034895568408
12589.999999999998 0.549416126465147
12600.0 0.549195077933075
12609.999999999998 0.5491508682266606
12620.0 0.5491287633734533
12629.999999999998 0.5490182391074172
12640.0 0.5488414002817597
12649.999999999998 0.5487308760157236
12660.0 0.5485982468964803
12669.999999999998 0.5483329886579938
12680.0 0.5480898352727145
12689.999999999998 0.5479572061534713
12700.0 0.5478687867406424
12709.999999999998 0.5477361576213993
12720.0 0.5476477382085704
12730.0 0.5475814236489488
12740.0 0.5474487945297055
12750.0 0.5471614314380118
12760.0 0.5468961731995253
12770.0 0.5468519634931109
12780.0 0.5468961731995253
12790.0 0.5468519634931109
12800.0 0.5466972295206605
12810.0 0.5464098664289668
12820.0 0.5461667130436875
12830.0 0.5460561887776515
12840.0 0.5460340839244443
12850.0 0.5460340839244443
12860.0 0.5459677693648226
12870.0 0.5458351402455794
12880.0 0.5456804062731289
12890.0 0.5456140917135074
12900.0 0.5455698820070929
12910.0 0.5455256723006785
12920.0 0.5454372528878496
12930.0 0.5453267286218136
12940.0 0.5452383092089848
12950.0 0.5452383092089848
12960.0 0.5452162043557776
12970.0 0.5451277849429488
12980.0 0.5450393655301199
12990.0 0.5451056800897416
13000.0 0.5451719946493632
13010.0 0.545149889796156
13020.0 0.5450614703833272
13030.0 0.5449951558237055
13040.0 0.5449951558237055
13050.0 0.5450393655301199
13060.0 0.545149889796156
13070.0 0.545260414062192
13080.0 0.5453488334750207
13090.0 0.5453930431814352
13100.0 0.5455035674474713
13110.0 0.5457909305391649
13120.0 0.546011979071237
13130.0 0.5459898742180299
13140.0 0.5458793499519938
13150.0 0.5459235596584082
13160.0 0.5460782936308587
13170.0 0.546233027603309
13180.0 0.5463656567225523
13190.0 0.5464098664289668
13200.0 0.5464761809885884
13210.0 0.5465867052546245
13220.0 0.5467414392270749
13230.0 0.5469182780527326
13240.0 0.5470509071719758
13250.0 0.5471614314380118
13260.0 0.5472940605572552
13270.0 0.5474487945297055
13280.0 0.5475593187957416
13290.0 0.5476256333553632
13300.0 0.5476919479149849
13310.0 0.5478908915938497
13320.0 0.548134044979129
13330.0 0.5483329886579938
13340.0 0.548465617777237
13350.0 0.5485098274836515
13360.0 0.5486203517496876
13370.0 0.5488414002817597
13380.0 0.5489961342542101
13390.0 0.5489961342542101
13400.0 0.5489298196945884
13410.0 0.5489961342542101
13420.0 0.5491508682266606
13430.0 0.5493498119055253
13440.0 0.5495045458779758
13450.0 0.5496371749972191
13460.0 0.5497476992632552
13470.0 0.5498803283824983
13480.0 0.5499908526485344
13490.0 0.550057167208156
13500.0 0.5501013769145704
13510.0 0.5501234817677777
13520.0 0.5501234817677777
13530.0 0.5500792720613633
13540.000000000002 0.5500792720613633
13550.0 0.5501455866209849
13560.000000000002 0.5501897963273993
13570.0 0.5501013769145704
13580.000000000002 0.5500350623549489
13590.0 0.5501013769145704
13600.000000000002 0.5502119011806065
13610.0 0.5501455866209849
13620.000000000002 0.5499908526485344
13630.0 0.5498803283824983
13640.000000000002 0.5497919089696696
13650.0 0.5497255944100479
13660.000000000002 0.5497255944100479
13670.0 0.5497919089696696
13680.000000000002 0.5498582235292911
13690.0 0.549836118676084
13700.000000000002 0.5497476992632552
13710.0 0.5496592798504263
13720.000000000002 0.5495487555843903
13730.0 0.5495045458779758
13740.000000000002 0.5494603361715614
13750.0 0.5494603361715614
13759.999999999998 0.5494382313183542
13770.0 0.549416126465147
13779.999999999998 0.5493277070523183
13790.0 0.549195077933075
13799.999999999998 0.5490624488138317
13810.0 0.5489740294010028
13819.999999999998 0.5489077148413812
13830.0 0.5488192954285525
13839.999999999998 0.5486424566028948
13850.0 0.5483993032176155
13859.999999999998 0.5482224643919579
13870.0 0.5481782546855435
13879.999999999998 0.5481561498323362
13890.0 0.5480677304195074
13899.999999999998 0.5480235207130929
13910.0 0.5481782546855435
13919.999999999998 0.5483108838047867
13930.0 0.5482003595387506
13939.999999999998 0.5480014158598857
13950.0 0.5478687867406424
13959.999999999998 0.5478687867406424
13970.0 0.5479351013002641
13980.0 0.5479572061534713
13990.0 0.5478024721810208
14000.0 0.5475593187957416
14010.0 0.5474266896764983
14020.0 0.5473824799700839
14030.0 0.5474266896764983
14040.0 0.5474487945297055
14050.0 0.5473824799700839
14060.0 0.5472277459976335
14070.0 0.547073012025183
14080.0 0.5469403829059397
14090.0 0.5468077537866965
14100.0 0.5466309149610389
14110.0 0.5463656567225523
14120.0 0.5461446081904803
14130.0 0.5461225033372731
14140.0 0.5461446081904803
14150.0 0.5460340839244443
14160.0 0.5458351402455794
14170.0 0.5456804062731289
14180.0 0.5456361965667145
14190.0 0.5457025111263362
14200.0 0.5457688256859577
14210.0 0.5457909305391649
14220.0 0.5459014548052009
14230.0 0.546233027603309
14240.0 0.5466530198142461
14250.0 0.546962487759147
14260.0 0.5471393265848047
14270.0 0.5471393265848047
14280.0 0.5471614314380118
14290.0 0.5472498508508407
14300.0 0.5474045848232911
14310.0 0.5474930042361199
14320.0 0.5475372139425343
14330.0 0.547603528502156
14340.0 0.5476919479149849
14350.0 0.5477803673278137
14360.0 0.5478687867406424
14370.0 0.5478908915938497
14380.0 0.5476698430617776
14390.0 0.5468740683463181
14400.0 0.5447741072916334
14410.0 0.5397120959071829
14420.0 0.5287259838632007
14430.0 0.5076379539035245
14440.0 0.47231439847840656
14450.0 0.4203679934414685
14460.0 0.35314713483835
14470.0 0.27655381847537536
14480.0 0.19967313902070702
14490.0 0.1317007154085434
14500.0 0.07878169683048819
14510.0 0.04248552786425317
14520.0 0.020557513482703148
14530.0 0.00888615098929749
14540.0 0.003426252247117191
14550.0 0.0011715572199820074
14560.0 0.00035367765131532296
14570.0 8.841941282883074e-05
14580.0 2.2104853207207685e-05
14590.0 0.0
