mejiro/data/filter_responses/RomanSCA18-Grism_1stOrder.ecsv
# %ECSV 1.0
# ---
# datatype:
# - {name: wavelength, unit: Angstrom, datatype: float64}
# - {name: response, datatype: float64}
# meta:
#   __serialized_columns__:
#     wavelength:
#       __class__: astropy.units.quantity.Quantity
#       unit: !astropy.units.Unit {unit: Angstrom}
#       value: !astropy.table.SerializedColumn {name: wavelength}
#   band_name: Grism_1stOrder
#   group_name: RomanSCA18
# schema: astropy-2.0
wavelength response
9850.0 0.0
9860.0 2.2104853207207685e-05
9870.0 0.00011052426603603843
9880.0 0.00046420191735136135
9890.0 0.0016357591373333687
9900.0 0.004907277412000107
9910.0 0.012467137208865135
9920.0 0.02723317915127987
9930.0 0.05139378370675787
9940.0 0.08457316837077661
9950.0 0.12288087897886751
9960.0 0.16010545177980529
9970.0 0.19061014920575187
9980.0 0.21187501799108566
9990.0 0.2247400425576805
10000.0 0.2317693858775726
10009.999999999998 0.23554931577600513
10020.0 0.23789243021596912
10029.999999999998 0.23968292332575294
10040.0 0.24134078731629352
10049.999999999998 0.24295444160041965
10060.0 0.24459020073775306
10069.999999999998 0.24624806472829364
10080.0 0.24786171901241977
10089.999999999998 0.24947537329654595
10100.0 0.2510890275806721
10109.999999999998 0.25274689157121266
10120.0 0.25440475556175324
10129.999999999998 0.2560405146990866
10140.0 0.25765416898321275
10149.999999999998 0.25924571841413174
10160.0 0.2608372678450507
10169.999999999998 0.26247302698238406
10180.0 0.26413089097292464
10189.999999999998 0.26576665011025796
10200.0 0.26738030439438415
10209.999999999998 0.26899395867851034
10220.0 0.27060761296263647
10230.0 0.27224337209996985
10240.0 0.273857026384096
10250.0 0.275448575815015
10260.0 0.27704012524593397
10270.0 0.27860956982364565
10280.0 0.28020111925456465
10290.0 0.28183687839189797
10300.0 0.28347263752923135
10310.0 0.2850199772537359
10320.0 0.28656731697824045
10330.0 0.2881588664091594
10340.0 0.2897504158400783
10350.0 0.2913198604177901
10360.0 0.2928893049955018
10370.0 0.2944366447200064
10380.0 0.2959839844445109
10390.0 0.29750921931580826
10400.0 0.29903445418710556
10410.0 0.30053758420519566
10420.0 0.302062819076493
10430.0 0.30365436850741195
10440.0 0.3052017082319165
10450.0 0.306638523690385
10460.0 0.3080532342956463
10470.0 0.30953425946052926
10480.0 0.31108159918503375
10490.0 0.31262893890953825
10500.0 0.3141320689276284
10510.0 0.31554677953288973
10520.0 0.3169393852849438
10530.0 0.31839830559661947
10540.0 0.31987933076150243
10550.0 0.32136035592638534
10560.0 0.32284138109126825
10570.0 0.3242560916965296
10580.0 0.3256265925953764
10590.0 0.3269307789346017
10600.0 0.32823496527382695
10610.0 0.3296496758790882
10620.0 0.33108649133755674
10630.0 0.3324790970896108
10640.0 0.33382749313525045
10650.0 0.3351095746212685
10660.0 0.33639165610728655
10670.0 0.33771794729971905
10680.0 0.3390442384921515
10690.0 0.34034842483137673
10700.0 0.341652611170602
10710.0 0.34297890236303447
10720.0 0.34432729840867415
10730.0 0.3456314847478994
10740.0 0.34695777594033184
10750.0 0.3483061719859715
10760.0 0.3496103583251967
10770.0 0.3508482301048004
10780.0 0.3520639970311968
10790.0 0.35327976395759325
10800.0 0.3545397405904041
10810.0 0.35588813663604374
10820.0 0.357192322975269
10830.0 0.3583859850484582
10840.0 0.3595796471216474
10850.0 0.36086172860766547
10860.0 0.3621438100936835
10870.0 0.3633595770200799
10880.0 0.36450902938685475
10890.0 0.36572479631325117
10900.0 0.36696266809285477
10910.0 0.3681784350192512
10920.0 0.36937209709244045
10930.0 0.3705436543124224
10940.0 0.37173731638561164
10950.0 0.37293097845880085
10960.0 0.37412464053199007
10970.0 0.3752740928987649
10980.0 0.37657827923799014
10990.0 0.37812561896249464
11000.0 0.3796729586869992
11010.0 0.38093293531981004
11020.0 0.3820602828333776
11030.0 0.38325394490656683
11040.000000000002 0.3845139215393777
11050.0 0.38577389817218855
11060.000000000002 0.38701176995179215
11070.0 0.3882938514378102
11080.000000000002 0.3894875135109994
11090.0 0.390614861024567
11100.000000000002 0.3917643133913418
11110.0 0.3930242900241527
11120.000000000002 0.39430637151017073
11130.0 0.3955221384365671
11140.000000000002 0.39673790536296355
11150.0 0.3980199868489816
11160.000000000002 0.3992578586285852
11170.0 0.4003409964357384
11180.000000000002 0.4014241342428916
11190.0 0.40268411087570244
11200.000000000002 0.40394408750851324
11210.0 0.40509353987528807
11220.000000000002 0.4062208873888556
11230.0 0.40743665431525206
11240.000000000002 0.4086303163884413
11250.0 0.4096471396359728
11259.999999999998 0.4106418580302972
11270.0 0.41174710069065756
11279.999999999998 0.41289655305743234
11290.0 0.41402390057099997
11299.999999999998 0.41517335293777474
11310.0 0.4163228053045495
11319.999999999998 0.41745015281811715
11330.0 0.41853329062527034
11339.999999999998 0.41959432357921633
11350.0 0.4206553565331623
11359.999999999998 0.4217163894871082
11370.0 0.422755317587847
11379.999999999998 0.42377214083537856
11390.0 0.4248773834957389
11399.999999999998 0.4260047310093065
11410.0 0.42710997366966685
11419.999999999998 0.42814890177040565
11430.0 0.4290994104583156
11439.999999999998 0.43004991914622553
11450.0 0.4310667423937571
11459.999999999998 0.4321277753477031
11470.0 0.4331224937420274
11480.0 0.4340508975767301
11490.0 0.4349793014114328
11500.0 0.4359298100993428
11510.0 0.4368582139340455
11520.0 0.4377866177687482
11530.0 0.4386487070438293
11540.0 0.43953290117211763
11550.0 0.44050551471323474
11560.0 0.4414560234011447
11570.0 0.4422517981166042
11580.0 0.4430475728320637
11590.0 0.4439096621071447
11600.0 0.44483806594184744
11610.0 0.44572226007013577
11620.0 0.44651803478559526
11630.0 0.4472695997946403
11640.0 0.4480211648036854
11650.0 0.4488169395191449
11660.0 0.44963481908781155
11670.0 0.45040848895006375
11680.0 0.4512263685187305
11690.0 0.45208845779381157
11700.0 0.45288423250927107
11710.0 0.4535473781054873
11720.0 0.4541442091420819
11730.0 0.45482945959150534
11740.0 0.45555891974734325
11750.0 0.45628837990318105
11760.0 0.4569957352058117
11770.0 0.45768098565523513
11780.0 0.45841044581107293
11790.0 0.4592062205265324
11800.0 0.4599798903887848
11810.0 0.4606651408382082
11820.0 0.46128407672801003
11830.0 0.46196932717743344
11840.0 0.46265457762685686
11850.0 0.46325140866345144
11860.0 0.4638261348468389
11870.0 0.46437875617701907
11880.0 0.4649976920668209
11890.0 0.4656829425162443
11900.0 0.46632398325925334
11910.0 0.46685449973622634
11920.0 0.4673850162131993
11930.0 0.46802605695620836
11940.0 0.46864499284601013
11950.0 0.4691534044697759
11960.0 0.46966181609354163
11970.0 0.4702807519833435
11980.0 0.4709217927263525
11990.0 0.47145230920332554
12000.0 0.47193861597388403
12010.0 0.47249123730406434
12020.0 0.4730880683406589
12030.0 0.4736406896708391
12040.0 0.4742154158542265
12050.0 0.47483435174402827
12060.0 0.4754090779274157
12070.0 0.47587327984476707
12080.0 0.476293272055704
12090.0 0.47671326426664096
12100.0 0.47719957103719945
12110.0 0.4777742972205869
12120.0 0.47830481369755995
12130.0 0.47872480590849686
12140.0 0.4791226932662266
12150.0 0.4796090000367852
12160.0 0.4802058310733798
12170.0 0.4807805572567671
12180.0 0.4812889688805329
12190.0 0.48166475138505543
12200.0 0.48204053388957796
12210.0 0.482571050366551
12220.0 0.48312367169673115
12230.0 0.48356576876087537
12240.0 0.48398576097181223
12250.0 0.48447206774237084
12260.0 0.48495837451292945
12270.0 0.48535626187065917
12280.0 0.48575414922838883
12290.000000000002 0.48619624629253305
12300.0 0.48663834335667716
12310.000000000002 0.48699202100799255
12320.0 0.4873235938061007
12330.000000000002 0.48767727145741596
12340.0 0.4880530539619385
12350.000000000002 0.488428836466461
12360.0 0.4887825141177763
12370.000000000002 0.4891140869158844
12380.0 0.4894677645671998
12390.000000000002 0.4899319664845512
12400.0 0.49035195869548814
12410.000000000002 0.4905730072275602
12420.0 0.49083826546604664
12430.000000000002 0.49128036253019086
12440.0 0.4917003547411278
12450.000000000002 0.4919656129796143
12460.0 0.49216455665847914
12470.000000000002 0.4924961294565873
12480.0 0.492894016814317
12490.000000000002 0.49324769446563227
12500.0 0.49353505755732596
12509.999999999998 0.4938003157958125
12520.0 0.49404346918109177
12529.999999999998 0.4943087274195783
12540.0 0.49461819536447915
12549.999999999998 0.4949497681625873
12560.0 0.4952813409606954
12569.999999999998 0.49554659919918187
12580.0 0.49572343802483954
12589.999999999998 0.4958339622908756
12600.0 0.495988696263326
12609.999999999998 0.4963202690614341
12620.0 0.4966739467127495
12629.999999999998 0.4969171000980288
12640.0 0.49713814863010086
12649.999999999998 0.49738130201538017
12660.0 0.4976023505474522
12669.999999999998 0.4977128748134882
12680.0 0.4978233990795243
12689.999999999998 0.4980223427583892
12700.0 0.49828760099687563
12709.999999999998 0.49848654467574055
12720.0 0.49872969806101985
12730.0 0.4989949562995063
12740.0 0.49917179512516396
12750.0 0.49921600483157835
12760.0 0.4992602145379928
12770.0 0.4995033679232721
12780.0 0.4998349407213802
12790.0 0.5000780941066595
12800.0 0.5002107232259028
12810.0 0.5002107232259028
12820.0 0.5002549329323172
12830.0 0.5004096669047675
12840.0 0.5006307154368397
12850.0 0.5008738688221189
12860.0 0.5010507076477766
12870.0 0.5011391270606055
12880.0 0.5012054416202271
12890.0 0.5013601755926775
12900.0 0.501514909565128
12910.0 0.5016696435375784
12920.0 0.5017801678036145
12930.0 0.5018464823632361
12940.0 0.5019349017760649
12950.0 0.5020896357485153
12960.0 0.5022443697209659
12970.0 0.5022885794273803
12980.0 0.5023327891337946
12990.0 0.5025096279594523
13000.0 0.50268646678511
13010.0 0.5027748861979389
13020.0 0.5027969910511461
13030.0 0.5028190959043533
13040.0 0.5028854104639748
13050.0 0.5029959347300109
13060.0 0.5031506687024613
13070.0 0.5033054026749118
13080.0 0.503438031794155
13090.0 0.5035043463537767
13100.0 0.5036369754730199
13110.0 0.5039022337115063
13120.0 0.5041232822435785
13130.0 0.5041011773903713
13140.0 0.5039906531243352
13150.0 0.5040348628307496
13160.0 0.5041453870967857
13170.0 0.5042780162160289
13180.0 0.5043443307756506
13190.0 0.5043664356288577
13200.0 0.5043664356288577
13210.0 0.5044327501884794
13220.0 0.5045432744545154
13230.0 0.5046316938673443
13240.0 0.5046759035737587
13250.0 0.5047201132801731
13260.0 0.5047643229865875
13270.0 0.504830637546209
13280.0 0.5048527423994164
13290.0 0.504830637546209
13300.0 0.504808532693002
13310.0 0.5048969521058307
13320.0 0.505029581225074
13330.0 0.5051180006379028
13340.0 0.5051180006379028
13350.0 0.5050737909314884
13360.0 0.5050516860782812
13370.0 0.5051401054911101
13380.0 0.5051843151975245
13390.0 0.5050516860782812
13400.0 0.5048748472526235
13410.0 0.504830637546209
13420.0 0.5048527423994164
13430.0 0.5048969521058307
13440.0 0.5049190569590379
13450.0 0.5048969521058307
13460.0 0.5048969521058307
13470.0 0.5048748472526235
13480.0 0.5048527423994164
13490.0 0.504808532693002
13500.0 0.5046980084269659
13510.0 0.504609589014137
13520.0 0.5044769598948938
13530.0 0.5043222259224434
13540.000000000002 0.5041895968032001
13550.0 0.5041453870967857
13560.000000000002 0.5040569676839568
13570.0 0.5038359191518847
13580.000000000002 0.5036369754730199
13590.0 0.5035927657666055
13600.000000000002 0.5035485560601911
13610.0 0.5033496123813261
13620.000000000002 0.5031064589960469
13630.0 0.5028633056107676
13640.000000000002 0.5026422570786955
13650.0 0.5024654182530379
13660.000000000002 0.5023106842805874
13670.0 0.5022222648677586
13680.000000000002 0.502155950308137
13690.0 0.5019791114824793
13700.000000000002 0.5017580629504073
13710.0 0.501514909565128
13720.000000000002 0.5012938610330558
13730.0 0.5010728125009838
13740.000000000002 0.5008959736753261
13750.0 0.5007191348496686
13759.999999999998 0.5005422960240109
13770.0 0.5003654571983531
13779.999999999998 0.5001223038130739
13790.0 0.49981283586817293
13799.999999999998 0.4995033679232721
13810.0 0.4992602145379928
13819.999999999998 0.4990170611527135
13830.0 0.49872969806101985
13839.999999999998 0.49837602040970447
13850.0 0.4979560281987675
13859.999999999998 0.49758024569424497
13870.0 0.49733709230896567
13879.999999999998 0.4971160437768936
13890.0 0.4968065758319927
13899.999999999998 0.4965634224467134
13910.0 0.49647500303388464
13919.999999999998 0.49636447876784856
13930.0 0.4960108011165333
13939.999999999998 0.4955908089055963
13950.0 0.4952150264010738
13959.999999999998 0.4949497681625873
13970.0 0.49475082448372243
13980.0 0.4945076710984431
13990.0 0.49408767888750615
14000.0 0.49360137211694766
14010.0 0.4931813799060107
14020.0 0.49284980710790255
14030.0 0.4925845488694161
14040.0 0.49229718577772236
14050.0 0.49192140327319983
14060.0 0.49147930620905567
14070.0 0.4909929994384971
14080.0 0.49055090237435295
14090.0 0.49010880531020884
14100.0 0.48960039368644304
14110.0 0.48900356264984846
14120.0 0.48845094131966826
14130.0 0.4880972636683529
14140.0 0.4877435860170376
14150.0 0.48727938409968624
14160.0 0.48674886762271324
14170.0 0.48624045599894744
14180.0 0.4858204637880105
14190.0 0.4854888909899024
14200.0 0.4851794230450015
14210.0 0.484803640540479
14220.0 0.4845162774487852
14230.0 0.48442785803595645
14240.0 0.4844057531827492
14250.0 0.48429522891671317
14260.0 0.48402997067822673
14270.0 0.4836541881737042
14280.0 0.48323419596276723
14290.0 0.4829247280178663
14300.0 0.48263736492617254
14310.0 0.4823057921280645
14320.0 0.4819521144767491
14330.0 0.48159843682543385
14340.0 0.48124475917411846
14350.0 0.48093529122921763
14360.0 0.4806037184311095
14370.0 0.4802500407797942
14380.0 0.47987425827527164
14390.0 0.47943216121112747
14400.0 0.47903427385339775
14410.0 0.47872480590849686
14420.0 0.4784595476700103
14430.0 0.4781279748719022
14440.0 0.4777300875141725
14450.0 0.4772879904500283
14460.0 0.4768458933858842
14470.0 0.4764480060281545
14480.0 0.4761164332300464
14490.0 0.4758069652851454
14500.0 0.4755196021934517
14510.0 0.4752101342485508
14520.0 0.47487856145044266
14530.0 0.47443646438629855
14540.0 0.47401647217536164
14550.0 0.4736848993772535
14560.0 0.47335332657914536
14570.0 0.4729996489278301
14580.0 0.47262386642330756
14590.0 0.4723365033316138
14600.0 0.472027035386713
14610.0 0.4716512528821904
14620.0 0.47127547037766787
14630.0 0.4709217927263525
14640.0 0.4705681150750372
14650.0 0.47017022771730743
14660.0 0.4697723403595777
14670.0 0.4694628724146769
14680.0 0.46917550932298313
14690.0 0.46888814623128944
14700.0 0.46853446857997416
14710.0 0.46809237151582994
14720.0 0.46767237930489297
14730.0 0.4673850162131993
14740.0 0.4671197579747128
14750.0 0.4667881851766047
14760.0 0.4664124026720821
14770.0 0.46608082987397403
14780.0 0.46574925707586595
14790.000000000002 0.46541768427775787
14800.0 0.46508611147964973
14810.000000000002 0.464798748387956
14820.0 0.46448928044305515
14830.000000000002 0.46411349793853257
14840.0 0.46373771543401004
14850.000000000002 0.4634061426359019
14860.0 0.4630745698377938
14870.000000000002 0.4627208921864785
14880.0 0.46234510968195597
14890.000000000002 0.46196932717743344
14900.0 0.4615935446729109
14910.000000000002 0.46128407672801003
14920.0 0.4609525039299019
14930.000000000002 0.46057672142537937
14940.0 0.460223043774064
14950.000000000002 0.45993568068237034
14960.0 0.45964831759067665
14970.000000000002 0.45929463993936126
14980.0 0.45889675258163154
14990.000000000002 0.4584767603706946
15000.0 0.45807887301296485
15009.999999999998 0.4577473002148568
15020.0 0.4574599371231631
15029.999999999998 0.45715046917826213
15040.0 0.45681889638015405
15049.999999999998 0.45648732358204597
15060.0 0.45615575078393783
15069.999999999998 0.45580207313262244
15080.0 0.4554262906280999
15089.999999999998 0.4549841935639558
15100.0 0.45456420135301884
15109.999999999998 0.45425473340811795
15120.0 0.45396737031642426
15129.999999999998 0.45368000722473056
15140.0 0.45332632957341523
15149.999999999998 0.4529063373624783
15160.0 0.4524642402983341
15169.999999999998 0.4520442480873971
15180.0 0.4516242558764602
15189.999999999998 0.4512263685187305
15200.0 0.45085058601420797
15209.999999999998 0.45047480350968544
15220.0 0.4500990210051629
15230.0 0.44972323850064033
15240.0 0.44932535114291067
15250.0 0.4489716734915953
15260.0 0.44861799584028
15270.0 0.4482643181889646
15280.0 0.4478664308312349
15290.0 0.447446438620298
