mejiro/data/filter_responses/RomanSCA04-F213.ecsv
# %ECSV 1.0
# ---
# datatype:
# - {name: wavelength, unit: Angstrom, datatype: float64}
# - {name: response, datatype: float64}
# meta:
#   __serialized_columns__:
#     wavelength:
#       __class__: astropy.units.quantity.Quantity
#       unit: !astropy.units.Unit {unit: Angstrom}
#       value: !astropy.table.SerializedColumn {name: wavelength}
#   band_name: F213
#   group_name: RomanSCA04
# schema: astropy-2.0
wavelength response
19430.0 0.0
19440.0 2.2104853207207685e-05
19450.0 6.631455962162305e-05
19460.0 0.0001326291192432461
19470.0 0.00033157279810811527
19480.0 0.000773669862252269
19490.0 0.001679968843747784
19500.0 0.003426252247117191
19510.0 0.006609351108955098
19520.0 0.012135564410757018
19530.0 0.02108802995967613
19540.0 0.03483724865455931
19550.0 0.05466530198142461
19560.0 0.0816774326006324
19570.0 0.11633784242953404
19580.0 0.1582265392571926
19590.0 0.20584039306551796
19600.0 0.2570131282402038
19610.0 0.308981638130349
19620.0 0.3585849287273231
19630.0 0.4029714739673961
19640.0 0.44048340986002754
19650.0 0.4705681150750372
19660.0 0.4933361138784611
19670.0 0.5095168664261371
19680.0 0.5203703493508761
19690.0 0.5272007489919033
19700.0 0.5312459371288224
19710.0 0.5333901078899214
19720.0 0.534517455403489
19730.0 0.5352469155593269
19740.0 0.5356005932106422
19750.0 0.5355784883574349
19760.0 0.535467964091399
19770.0 0.5355121737978135
19780.0 0.5356669077702638
19790.0 0.5357995368895071
19800.0 0.5358658514491287
19810.0 0.5359100611555431
19820.0 0.5359321660087504
19830.0 0.535998480568372
19840.0 0.535998480568372
19850.0 0.535887956302336
19860.0 0.5357995368895071
19870.0 0.5357995368895071
19880.0 0.5358216417427143
19890.0 0.5357774320362999
19900.0 0.5357111174766783
19910.0 0.5357332223298854
19920.0 0.5357995368895071
19930.0 0.535887956302336
19940.0 0.5360205854215792
19950.0 0.5361311096876151
19960.0 0.5361311096876151
19970.0 0.535887956302336
19980.0 0.5357553271830927
19990.0 0.535998480568372
20000.0 0.5363079485132729
20010.0 0.5363079485132729
20019.999999999996 0.536109004834408
20030.0 0.5359321660087504
20040.0 0.5357995368895071
20050.0 0.5357332223298854
20059.999999999996 0.5356005932106422
20070.0 0.5353353349721558
20080.0 0.5350921815868764
20090.0 0.5349816573208404
20099.999999999996 0.5349816573208404
20110.0 0.5350921815868764
20120.0 0.5351142864400836
20130.0 0.5349153427612188
20139.999999999996 0.5346500845227322
20150.0 0.5344953505502819
20160.0 0.5344732456970747
20170.0 0.5344732456970747
20179.999999999996 0.5343406165778314
20190.0 0.5339648340733089
20200.0 0.5335448418623719
20210.0 0.5332795836238854
20219.999999999996 0.533235373917471
20230.0 0.5334343175963359
20240.0 0.5336111564219935
20250.0 0.5335669467155791
20259.999999999996 0.5333901078899214
20270.0 0.5332795836238854
20280.0 0.5332574787706782
20290.0 0.5333016884770926
20299.999999999996 0.5332795836238854
20310.0 0.5331248496514349
20320.0 0.5329259059725701
20330.0 0.5327711720001197
20339.999999999996 0.5326385428808764
20350.0 0.5325501234680475
20360.0 0.5325501234680475
20370.0 0.532704857440498
20379.999999999996 0.5328374865597413
20390.0 0.5328153817065341
20400.0 0.5327490671469124
20410.0 0.532704857440498
20419.999999999996 0.5327711720001197
20430.0 0.5329701156789844
20440.0 0.5332132690642638
20450.0 0.533345898183507
20460.0 0.5333680030367143
20470.0 0.5332574787706782
20480.0 0.5331027447982278
20490.0 0.533014325385399
20500.0 0.5331027447982278
20510.0 0.533456422449543
20520.0 0.5337437855412368
20530.0 0.533765890394444
20540.0 0.5338101001008584
20550.0 0.5342521971650026
20560.0 0.5346500845227322
20570.0 0.5346058748163178
20580.0 0.5344732456970747
20590.0 0.5346500845227322
20600.0 0.5349816573208404
20610.0 0.5352469155593269
20620.0 0.5354237543849846
20630.0 0.5356005932106422
20640.0 0.5357995368895071
20650.0 0.5359763757151648
20660.0 0.5362858436600656
20670.0 0.5367721504306242
20680.0 0.5371037232287323
20690.0 0.5370374086691108
20700.0 0.5371700377883539
20710.0 0.537921602797399
20720.0 0.5386289581000296
20730.0 0.5386952726596512
20740.0 0.5386952726596512
20750.0 0.5392699988430387
20760.0 0.5398226201732189
20770.0 0.5397563056135973
20780.0 0.5395794667879396
20790.0 0.5399110395860477
20800.0 0.5404194512098135
20810.0 0.5406847094483
20820.0 0.5409499676867865
20830.000000000004 0.541436274457345
20840.0 0.5418562666682819
20850.0 0.5419225812279036
20860.0 0.5419888957875253
20870.000000000004 0.5424530977048766
20880.0 0.5430057190350568
20890.0 0.5432930821267505
20900.0 0.5434036063927865
20910.000000000004 0.5434920258056153
20920.0 0.5436467597780659
20930.0 0.5439120180165523
20940.0 0.5441772762550389
20950.000000000004 0.544309905374282
20960.0 0.5444867441999397
20970.0 0.5447962121448406
20980.0 0.5451940995025704
20990.000000000004 0.5455035674474713
21000.0 0.5456361965667145
21010.0 0.5455698820070929
21020.0 0.5455477771538857
21030.000000000004 0.5458572450987865
21040.0 0.5461667130436875
21050.0 0.546210922750102
21060.0 0.546210922750102
21070.000000000004 0.5463656567225523
21080.0 0.5463877615757595
21090.0 0.5460340839244443
21100.0 0.5457025111263362
21110.000000000004 0.5457688256859577
21120.0 0.5460340839244443
21130.0 0.546210922750102
21140.0 0.5463435518693451
21150.000000000004 0.5465203906950028
21160.0 0.5467635440802822
21170.0 0.5469845926123542
21180.0 0.5470066974655614
21190.000000000004 0.5467414392270749
21200.0 0.5465203906950028
21210.0 0.5465646004014172
21220.0 0.5465424955482101
21230.000000000004 0.5461446081904803
21240.0 0.5456361965667145
21250.0 0.5454593577410568
21260.0 0.5455919868603001
21269.999999999996 0.5459014548052009
21280.0 0.5460782936308587
21290.0 0.5459014548052009
21300.0 0.5457246159795434
21309.999999999996 0.5459014548052009
21320.0 0.5461888178968947
21330.0 0.5462551324565164
21340.0 0.5461888178968947
21349.999999999996 0.5460782936308587
21360.0 0.5457909305391649
21370.0 0.545260414062192
21380.0 0.5448846315576694
21389.999999999996 0.5450172606769127
21400.0 0.5451940995025704
21410.0 0.5449288412640838
21420.0 0.544619373319183
21429.999999999996 0.5447077927320118
21440.0 0.5449509461172911
21450.0 0.5450614703833272
21460.0 0.5450614703833272
21469.999999999996 0.5450614703833272
21480.0 0.5450393655301199
21490.0 0.5450172606769127
21500.0 0.5450835752365343
21509.999999999996 0.5453488334750207
21520.0 0.5454593577410568
21530.0 0.5451940995025704
21540.0 0.5447962121448406
21549.999999999996 0.5445751636127686
21560.0 0.5444867441999397
21570.0 0.5443320102274892
21580.0 0.5442214859614533
21589.999999999996 0.5442214859614533
21600.0 0.5443983247871109
21610.0 0.5447077927320118
21620.0 0.5449730509704982
21629.999999999996 0.5450172606769127
21640.0 0.5449730509704982
21650.0 0.5449951558237055
21660.0 0.5450835752365343
21669.999999999996 0.5451940995025704
21680.0 0.5452383092089848
21690.0 0.5451277849429488
21700.0 0.5449730509704982
21710.0 0.5449509461172911
21720.0 0.5449288412640838
21730.0 0.5448625267044622
21740.0 0.5448625267044622
21750.0 0.5450393655301199
21760.0 0.545260414062192
21770.0 0.5453488334750207
21780.0 0.5454593577410568
21790.0 0.5458130353923721
21800.0 0.5461888178968947
21810.0 0.5463656567225523
21820.0 0.5463214470161379
21830.0 0.546011979071237
21840.0 0.5457909305391649
21850.0 0.5458130353923721
21860.0 0.5458793499519938
21870.0 0.5457246159795434
21880.0 0.5457025111263362
21890.0 0.5461003984840659
21900.0 0.5463877615757595
21910.0 0.5461225033372731
21920.0 0.5457467208327506
21930.0 0.5458130353923721
21940.0 0.546011979071237
21950.0 0.5459456645116154
21960.0 0.5458130353923721
21970.0 0.5458130353923721
21980.0 0.5460340839244443
21990.0 0.5464761809885884
22000.0 0.5466309149610389
22010.0 0.5461446081904803
22020.0 0.5455919868603001
22030.0 0.5456583014199218
22040.0 0.5461667130436875
22050.0 0.5467414392270749
22060.0 0.5468298586399037
22070.0 0.5461446081904803
22080.000000000004 0.5456140917135074
22090.0 0.5459898742180299
22100.0 0.5465646004014172
22110.0 0.5464540761353812
22120.000000000004 0.5461446081904803
22130.0 0.5462551324565164
22140.0 0.546431971282174
22150.0 0.5463435518693451
22160.000000000004 0.546233027603309
22170.0 0.546431971282174
22180.0 0.5467635440802822
22190.0 0.5470066974655614
22200.000000000004 0.5468519634931109
22210.0 0.5461888178968947
22220.0 0.5456361965667145
22230.0 0.5457909305391649
22240.000000000004 0.5464098664289668
22250.0 0.5470066974655614
22260.0 0.5471393265848047
22270.0 0.5464982858417956
22280.000000000004 0.5459014548052009
22290.0 0.5460340839244443
22300.0 0.5464982858417956
22310.0 0.5466972295206605
22320.000000000004 0.5465867052546245
22330.0 0.546233027603309
22340.0 0.5459677693648226
22350.0 0.5460561887776515
22360.000000000004 0.546233027603309
22370.0 0.546233027603309
22380.0 0.5460561887776515
22390.0 0.5458130353923721
22400.000000000004 0.5457909305391649
22410.0 0.5461667130436875
22420.0 0.5463877615757595
22430.0 0.5460340839244443
22440.000000000004 0.5455698820070929
22450.0 0.5455035674474713
22460.0 0.5455919868603001
22470.0 0.5455919868603001
22480.000000000004 0.5454593577410568
22490.0 0.5453930431814352
22500.0 0.5455477771538857
22510.0 0.5459898742180299
22519.999999999996 0.5463877615757595
22530.0 0.5464098664289668
22540.0 0.5463656567225523
22550.0 0.5465424955482101
22559.999999999996 0.5465646004014172
22570.0 0.5460782936308587
22580.0 0.5457025111263362
22590.0 0.5459898742180299
22599.999999999996 0.5464982858417956
22610.0 0.5466309149610389
22620.0 0.5465646004014172
22630.0 0.5464982858417956
22639.999999999996 0.5462993421629307
22650.0 0.5459235596584082
22660.0 0.5459456645116154
22670.0 0.5467856489334892
22679.999999999996 0.5476256333553632
22690.0 0.5476919479149849
22700.0 0.5472498508508407
22710.0 0.5468740683463181
22719.999999999996 0.5466530198142461
22730.0 0.5466309149610389
22740.0 0.5465646004014172
22750.0 0.5462551324565164
22759.999999999996 0.5459456645116154
22770.0 0.5458793499519938
22780.0 0.5460340839244443
22790.0 0.5463435518693451
22799.999999999996 0.5465203906950028
22810.0 0.5464098664289668
22820.0 0.5461888178968947
22830.0 0.5461446081904803
22839.999999999996 0.546233027603309
22850.0 0.5463214470161379
22860.0 0.5463877615757595
22870.0 0.5464540761353812
22879.999999999996 0.5465424955482101
22890.0 0.5466530198142461
22900.0 0.5467193343738677
22910.0 0.5466530198142461
22919.999999999996 0.5463656567225523
22930.0 0.5457246159795434
22940.0 0.5446414781723902
22950.0 0.5430057190350568
22960.0 0.5408394434207504
22970.0 0.5380763367698496
22980.0 0.5342079874585881
22990.0 0.5286375644503718
23000.0 0.5206798172957771
23010.0 0.5096494955453804
23020.0 0.4952813409606954
23030.0 0.47726588559682115
23040.0 0.4547410401786765
23050.0 0.42717628822928855
23060.0 0.39510214622563017
23070.0 0.35951333256202583
23080.0 0.32147088019242137
23090.0 0.28210213663038447
23100.0 0.24213656203175296
23110.0 0.20270150391009448
23120.0 0.16560956022839998
23130.0 0.13214281247268755
23140.0 0.10274335770710132
23150.0 0.07769855902333501
23160.0 0.057118940687424666
23170.0 0.04087187358012701
23180.0 0.028404736371261875
23190.0 0.019164907730649064
23200.0 0.012533451768486758
23210.0 0.007957747154594767
23220.0 0.004907277412000107
23230.0 0.0029399454765586222
23240.0 0.001702073696954992
23250.0 0.0009505086879099305
23260.0 0.0005084116237657767
23270.0 0.0002652582384864922
23280.0 0.0001326291192432461
23290.0 6.631455962162305e-05
23300.0 2.2104853207207685e-05
23310.0 2.2104853207207685e-05
23320.0 0.0
