mejiro/data/filter_responses/RomanSCA05-F062.ecsv
# %ECSV 1.0
# ---
# datatype:
# - {name: wavelength, unit: Angstrom, datatype: float64}
# - {name: response, datatype: float64}
# meta:
#   __serialized_columns__:
#     wavelength:
#       __class__: astropy.units.quantity.Quantity
#       unit: !astropy.units.Unit {unit: Angstrom}
#       value: !astropy.table.SerializedColumn {name: wavelength}
#   band_name: F062
#   group_name: RomanSCA05
# schema: astropy-2.0
wavelength response
4730.0 0.0
4740.0 6.631455962162305e-05
4750.0 0.00039788735772973834
4760.0 0.0017462834033694073
4770.0 0.0062335686044325675
4780.0 0.017927035951045434
4790.0 0.04215395506614506
4800.0 0.08185427142629007
4810.0 0.13273964350928216
4820.0 0.18457552428018417
4830.0 0.22619896286935626
4840.0 0.25245952847951897
4850.0 0.26534665789932105
4860.0 0.2701213061920779
4870.0 0.27129286341205994
4880.0 0.2712265488524383
4890.0 0.2708949760543302
4900.0 0.2705412984030149
4910.0 0.2701434110452851
4920.0 0.2697234188343482
4930.0 0.2693034266234112
4940.0 0.26897185382530314
4950.0 0.26872870044002384
4960.0 0.2686181761739878
4970.0 0.2685960713207806
4980.0 0.2686181761739878
4990.0 0.268640281027195
5000.0 0.26855186161436617
5010.0 0.2685076519079517
5020.0 0.2685960713207806
5030.0 0.2687950149996455
5040.0 0.26910448294454636
5050.0 0.2694802654490689
5060.0 0.26990025766000586
5070.0 0.2703644595773572
5080.0 0.27087287120112297
5090.0 0.2714697022377176
5100.0 0.27217705754034827
5110.0 0.27290651769618607
5120.0 0.27361387299881673
5130.0 0.2743433331546546
5140.0 0.2752275272829429
5150.0 0.27620014082406
5160.0 0.2771727543651772
5170.0 0.27818957761270874
5180.0 0.27925061056665473
5190.0 0.28035585322701506
5200.0 0.2814610958873755
5210.0 0.28263265310735747
5220.0 0.2838484200337539
5230.0 0.2851526063729792
5240.0 0.2865010024186188
5250.0 0.2878936081706729
5260.0 0.2892420042163126
5270.0 0.29061250511515946
5280.0 0.2919830060140063
5290.0 0.2934640311788892
5300.0 0.2950776854630154
5310.0 0.2967797591599704
5320.0 0.2983934134440966
5330.0 0.3000070677282227
5340.0 0.3016649317187633
5350.0 0.3033891102689255
5360.0 0.3051796033787093
5370.0 0.30699220134170035
5380.0 0.3088269041578986
5390.0 0.3106616069740968
5400.0 0.31245210008388064
5410.0 0.31424259319366443
5420.0 0.3160772960098627
5430.0 0.3180446279453042
5440.0 0.3201224841467817
5450.0 0.32226665490788087
5460.0 0.3243887208157728
5470.0 0.32642236731083585
5480.0 0.32838969924627737
5490.0 0.330379136034926
5500.0 0.3324127825299892
5510.0 0.3344906387314667
5520.000000000001 0.3365684949329442
5530.000000000001 0.33869056084083615
5540.000000000001 0.3408789413083497
5550.000000000001 0.3430894266290705
5560.000000000001 0.3452335973901696
5570.000000000001 0.34735566329806156
5580.000000000001 0.34952193891236794
5590.000000000001 0.35166610967346706
5600.000000000001 0.3538102804345662
5610.000000000001 0.3559544511956654
5620.000000000001 0.35812072680997176
5629.999999999999 0.3603533169838997
5639.999999999999 0.36263011686424207
5649.999999999999 0.3649511264509989
5659.999999999999 0.3672721360377557
5669.999999999999 0.36939420194564765
5679.999999999999 0.37116259020222425
5689.999999999999 0.3729751881652153
5699.999999999999 0.37518567348593607
5709.999999999999 0.37750668307269286
5719.999999999999 0.3796066441273776
5729.999999999999 0.38155187120961187
5740.0 0.3835192031450534
5750.0 0.38555284964011644
5760.0 0.38767491554800837
5770.0 0.38970856204307147
5780.0 0.39158747456568416
5790.0 0.3934663870882968
5800.0 0.3955000335833599
5810.0 0.39755578493163024
5820.0 0.39943469745424287
5830.0 0.40122519056402667
5840.0 0.4029935788206033
5850.0 0.4046735476643511
5860.0 0.40608825826961237
5870.0 0.40750296887487364
5880.0 0.40907241345258544
5890.0 0.4106860677367116
5900.0 0.4122113026080089
5910.0 0.4136481180664774
5920.0 0.41501861896532427
5930.0 0.41623438589172074
5940.0 0.41725120913925223
5950.0 0.4182238226803694
5960.0 0.4193290653407298
5970.0 0.4205006225607118
5980.0 0.4216279700742794
5990.0 0.4226890030282253
6000.0 0.42368372142254973
6010.0 0.42459002040404525
6020.0 0.42543000482591914
6030.0 0.42633630380741466
6040.0 0.427441546467775
6050.0 0.42863520854096426
6060.0 0.4297625560545318
6070.0 0.430735169595649
6080.0 0.431486734604694
6090.0 0.43217198505411747
6100.0 0.4329235500631625
6110.0 0.43371932477862196
6120.0 0.43447088978766707
6130.0 0.4351782450902977
6140.0 0.43581928583330676
6150.0 0.43641611686990134
6160.0 0.437012947906496
6170.0 0.43760977894309055
6180.0 0.43814029542006355
6190.0 0.43858239248420766
6200.0 0.4389139652823158
6210.0 0.4391792235208023
6220.0 0.4394444817592888
6230.0 0.4397318448509825
6240.0 0.4400192079426762
6250.0 0.44019604676833385
6260.0 0.4402402564747483
6270.0 0.4403507807407843
6280.0 0.4406823535388924
6290.0 0.44110234574982937
6300.0 0.4413454991351086
6310.0 0.4415002331075591
6320.0 0.44167707193321676
6330.0 0.4418318059056672
6340.0 0.44189812046528887
6350.0 0.4419865398781177
6360.0 0.4422075884101898
6370.0 0.442450741795469
6380.0 0.44253916120829784
6390.0 0.44253916120829784
6400.0 0.4425612660615051
6410.0 0.44267179032754117
6420.0 0.442981258272442
6430.0 0.4432465165109285
6440.0 0.44331283107055014
6450.0 0.4432465165109285
6460.0 0.44315809709809967
6470.0 0.4431802019513069
6480.0 0.4433791456301717
6490.0 0.44371071842827986
6500.0 0.44404229122638794
6510.0 0.44430754946487444
6520.0 0.4444622834373249
6530.0 0.4445285979969466
6540.0 0.444572807703361
6550.0 0.44459491255656813
6560.0 0.44466122711618983
6570.0 0.44479385623543305
6580.0 0.4450591144739195
6590.0 0.4453022678591988
6600.0 0.4454127921252349
6610.0 0.4454348969784421
6620.0 0.4454127921252349
6630.0 0.4454348969784421
6640.0 0.44547910668485646
6650.0 0.4455675260976853
6660.0 0.44572226007013577
6670.0 0.445854889189379
6680.0 0.44589909889579343
6690.0 0.44587699404258624
6700.0 0.4457885746297574
6710.0 0.445744364923343
6720.0 0.4458106794829646
6730.0 0.4459433086022078
6740.0 0.44600962316182946
6750.0 0.44600962316182946
6760.0 0.4459433086022078
6770.000000000001 0.4458106794829646
6780.000000000001 0.4456780503637214
6790.000000000001 0.44552331639127085
6800.000000000001 0.4453685824188205
6810.000000000001 0.4452580581527844
6820.000000000001 0.4452580581527844
6830.000000000001 0.4451917435931627
6840.000000000001 0.44497069506109066
6850.000000000001 0.44468333196939697
6860.000000000001 0.4444622834373249
6870.000000000001 0.44435175917128894
6879.999999999999 0.4442854446116673
6889.999999999999 0.4441749203456312
6899.999999999999 0.4438875572539376
6909.999999999999 0.4435338796026222
6919.999999999999 0.4432907262173429
6929.999999999999 0.44306967768527084
6939.999999999999 0.4428044194467844
6949.999999999999 0.4425612660615051
6959.999999999999 0.44242863694226187
6969.999999999999 0.44236232238264017
6979.999999999999 0.4422517981166042
6990.0 0.4421854835569825
7000.0 0.44222969326339695
7010.0 0.4421854835569825
7020.0 0.44192022531849606
7030.0 0.4415886525203879
7040.0 0.4413454991351086
7050.0 0.44112445060303657
7060.0 0.44090340207096446
7070.0 0.44072656324530685
7080.0 0.4406602486856852
7090.0 0.44070445839209965
7100.0 0.44079287780492843
7110.0 0.4408370875113429
7120.0 0.44074866809851404
7130.0 0.4406160389792708
7140.0 0.4406160389792708
7150.0 0.4408370875113429
7160.0 0.44130128942869423
7170.0 0.4417875961992528
7180.0 0.4420528544377393
7190.0 0.44222969326339695
7200.0 0.44253916120829784
7210.0 0.4428928388596132
7220.0 0.4431802019513069
7230.0 0.4434896698962078
7240.0 0.4438433475475231
7250.0 0.44424123490525286
7260.0 0.4446391222629826
7270.0 0.44510332418033394
7280.0 0.445744364923343
7290.0 0.446495929932388
7300.0 0.44724749494143307
7310.0 0.4479327453908566
7320.0 0.44846326186782953
7330.0 0.4490600929044241
7340.0 0.4498558676198836
7350.0 0.45089479572062235
7360.0 0.45213266750022596
7370.0 0.45332632957341523
7380.0 0.4543431528209468
7390.0 0.45524945180244225
7400.0 0.4561336459307306
7410.0 0.4571062594718477
7420.0 0.4582115021322082
7430.0 0.45925043023294687
7440.0 0.46013462436123514
7450.0 0.4610188184895235
7460.0 0.46210195629667666
7470.0 0.46318509410382985
7480.0 0.4640913930853253
7490.0 0.4651966357456857
7500.0 0.4667881851766047
7510.0 0.46844604916714533
7520.0 0.4695291869742984
7530.0 0.4697060257999561
7540.0 0.4680481618094155
7550.0 0.46227879512233433
7560.0 0.4484853667210368
7570.0 0.4217163894871082
7580.0 0.3779266752836298
7590.0 0.3168288610189078
7600.0 0.24408178911398729
7610.0 0.17022947454870638
7620.0 0.10616960995421851
7630.0 0.05862207070551478
7640.0 0.028426841224469084
7650.0 0.012047144997928189
7660.0 0.004443075494648745
7670.0 0.0014147106052612918
7680.0 0.00039788735772973834
7690.0 8.841941282883074e-05
7700.0 2.2104853207207685e-05
7710.0 0.0
