mejiro/data/filter_responses/RomanSCA10-F087.ecsv
# %ECSV 1.0
# ---
# datatype:
# - {name: wavelength, unit: Angstrom, datatype: float64}
# - {name: response, datatype: float64}
# meta:
#   __serialized_columns__:
#     wavelength:
#       __class__: astropy.units.quantity.Quantity
#       unit: !astropy.units.Unit {unit: Angstrom}
#       value: !astropy.table.SerializedColumn {name: wavelength}
#   band_name: F087
#   group_name: RomanSCA10
# schema: astropy-2.0
wavelength response
7540.0 0.0
7550.0 4.420970641441537e-05
7560.0 0.0002873630916936999
7570.0 0.0014368154584684994
7580.0 0.0058135763934956215
7590.0 0.0187007058132977
7600.0 0.04867488676227132
7610.0 0.103561237275768
7620.0 0.18267450690436432
7630.0 0.2724423157788347
7640.0 0.35250609409534095
7650.0 0.4087408406544773
7660.0 0.43995289338305454
7670.0 0.4540999994356675
7680.0 0.4600683098016136
7690.0 0.4628314164525145
7700.0 0.46424612705777585
7710.0 0.4652408454521001
7720.0 0.46632398325925334
7730.0 0.46753975018564975
7740.0 0.46888814623128944
7750.0 0.4703912762493796
7760.0 0.4720491402399201
7770.0 0.4736406896708391
7780.0 0.47501119056968594
7790.0 0.4764480060281545
7800.0 0.47823849913793826
7810.0 0.4800510971009293
7820.0 0.4815763319722266
7830.0 0.4829026231646591
7840.0 0.4842510192102988
7850.0 0.48559941525593847
7860.0 0.48692570644837085
7870.0 0.4883404170536322
7880.0 0.4898877567781368
7890.0 0.4915456207686773
7900.0 0.49329190417204666
7910.0 0.4949055584561729
7920.0 0.49634237391464137
7930.0 0.49788971363914597
7940.0 0.4997465213085514
7950.0 0.5013822804458847
7960.0 0.502354893987002
7970.0 0.5038359191518847
7980.0 0.5066432355092001
7990.0 0.5086326722978489
8000.0 0.5078590024355966
8010.0 0.5061790335918488
8020.000000000001 0.5058032510873263
8030.000000000001 0.5065769209495785
8040.000000000001 0.5078368975823894
8050.000000000001 0.5090084548023714
8060.000000000001 0.509715810105002
8070.000000000001 0.5101800120223533
8080.000000000001 0.5106884236461191
8090.000000000001 0.5109315770313985
8100.000000000001 0.5107105284993264
8110.000000000001 0.5103347459948039
8120.000000000001 0.5102021168755606
8129.999999999999 0.5100031731966957
8139.999999999999 0.5095168664261371
8149.999999999999 0.5090305596555785
8159.999999999999 0.5089200353895424
8169.999999999999 0.5089421402427498
8179.999999999999 0.5088316159767137
8189.999999999999 0.5086105674446416
8200.0 0.5083453092061552
8210.0 0.5083010994997408
8220.0 0.5085884625914344
8230.0 0.5089642450959571
8240.0 0.509074769361993
8250.0 0.5086768820042633
8260.0 0.5077042684631462
8270.0 0.5071295422797587
8280.0 0.5076821636099389
8290.0 0.5081905752337047
8300.0 0.5075937441971101
8310.0 0.5065548160963713
8320.0 0.5059137753533622
8330.0 0.505560097702047
8340.0 0.5051401054911101
8350.0 0.5048748472526235
8360.0 0.5048748472526235
8370.0 0.5049853715186595
8380.0 0.5049411618122451
8390.0 0.5046316938673443
8400.0 0.5040790725371641
8410.0 0.5037253948858488
8420.0 0.5039243385647136
8430.0 0.5040569676839568
8440.0 0.5036590803262272
8450.0 0.5035706609133982
8460.0 0.5045432744545154
8470.0 0.5056485171148758
8480.0 0.5059800899129839
8490.0 0.5059579850597767
8500.0 0.506201138445056
8510.0 0.5066653403624074
8520.0 0.5071737519861731
8530.0 0.5077263733163533
8540.0 0.5083453092061552
8550.0 0.5088095111235065
8560.0 0.5090305596555785
8570.0 0.5093179227472723
8580.0 0.5101136974627318
8590.0 0.5112189401230921
8600.0 0.5124347070494886
8610.0 0.5132967963245696
8620.0 0.5136283691226777
8630.0 0.514070466186822
8640.0 0.5153083379664255
8650.0 0.5169440971037589
8660.0 0.5184693319750563
8670.0 0.5197956231674887
8680.0 0.5209008658278491
8690.0 0.521740850249723
8700.0 0.522381890992732
8710.0 0.5231113511485699
8720.0 0.5242386986621375
8730.0 0.52556498985457
8740.0 0.5268028616341736
8750.0 0.5277754751752907
8760.0 0.5283723062118852
8770.0 0.5290354518081015
8780.0 0.5301185896152547
8790.0 0.5313122516884439
8800.0 0.5322848652295611
8810.0 0.5331911642110566
8820.0 0.5342079874585881
8830.0 0.5349816573208404
8840.0 0.5352690204125341
8850.0 0.5354458592381918
8860.0 0.5359763757151648
8870.0 0.5367279407242098
8880.0 0.5374795057332549
8890.0 0.5381868610358855
8900.0 0.5388279017788946
8910.0 0.5393363134026603
8920.0 0.5397120959071829
8930.0 0.5401762978245342
8940.0 0.5408615482739577
8950.0 0.541436274457345
8960.0 0.5415910084297955
8970.0 0.5415689035765884
8980.0 0.5416794278426244
8990.0 0.541966790934318
9000.0 0.5422983637324261
9010.0 0.5426078316773271
9020.0 0.5428067753561919
9030.0 0.5428951947690207
9040.0 0.542917299622228
9050.0 0.5429615093286424
9060.0 0.5430941384478857
9070.0 0.5432709772735432
9080.0 0.5434257112459938
9090.0 0.5435362355120298
9100.0 0.543558340365237
9110.0 0.5436025500716514
9120.0 0.543668864631273
9130.0 0.5438014937505163
9140.0 0.5439341228697595
9150.0 0.5440225422825884
9160.0 0.5440004374293811
9170.0 0.5439120180165523
9180.0 0.5438899131633451
9190.0 0.5440446471357955
9200.0 0.544199381108246
9210.0 0.5442214859614533
9220.0 0.5442214859614533
9230.0 0.544309905374282
9240.0 0.5444425344935253
9250.0 0.5445751636127686
9260.0 0.5447298975852191
9270.0 0.5449067364108767
9280.0 0.5451056800897416
9290.0 0.5452825189153993
9300.0 0.5455035674474713
9310.0 0.5457909305391649
9320.0 0.5461003984840659
9330.0 0.5463214470161379
9340.0 0.5465646004014172
9350.0 0.5469182780527326
9360.0 0.5473161654104622
9370.0 0.5476919479149849
9380.0 0.5480898352727145
9390.0 0.5485098274836515
9400.0 0.5488635051349668
9410.0 0.5491287633734533
9420.0 0.5493940216119397
9430.0 0.5497919089696696
9440.0 0.5501676914741921
9450.0 0.5503887400062641
9460.0 0.5506097885383362
9470.0 0.5509855710428587
9480.0 0.5513834584005886
9490.0 0.551648716639075
9500.0 0.5519360797307687
9510.0 0.5523560719417057
9520.0 0.5527760641526426
9530.0 0.5530413223911291
9540.0 0.553240266069994
9550.0 0.553461314602066
9560.0 0.5537486776937598
9570.0 0.5540802504918679
9580.0 0.5543676135835615
9590.0 0.5545665572624264
9600.0 0.5547655009412913
9610.0 0.5550307591797777
9620.0 0.5553181222714715
9630.0 0.5555391708035435
9640.0 0.5557381144824084
9650.0 0.5559370581612734
9660.0 0.5561138969869309
9670.0 0.5562023163997598
9680.0 0.556334945519003
9690.0 0.5566223086106967
9700.0 0.5569096717023905
9710.0 0.5570423008216336
9720.0 0.5571528250876697
9730.0 0.557395978472949
9740.0 0.5576391318582282
9750.0 0.5577717609774715
9760.0 0.5578822852435076
9770.0 0.558037019215958
9780.0 0.5575949221518138
9790.0 0.5544560329963905
9800.0 0.5430499287414713
9810.0 0.5120810293981732
9820.0 0.44819800362934303
9830.0 0.3485272205180436
9840.0 0.2310399257217347
9850.0 0.1262408166663631
9860.0 0.05543897184367688
9870.0 0.01920911743706348
9880.0 0.005194640503693806
9890.0 0.0010831378071531766
9900.0 0.00017683882565766148
9910.0 2.2104853207207685e-05
9920.0 0.0
