mejiro/data/filter_responses/RomanSCA17-F106.ecsv
# %ECSV 1.0
# ---
# datatype:
# - {name: wavelength, unit: Angstrom, datatype: float64}
# - {name: response, datatype: float64}
# meta:
#   __serialized_columns__:
#     wavelength:
#       __class__: astropy.units.quantity.Quantity
#       unit: !astropy.units.Unit {unit: Angstrom}
#       value: !astropy.table.SerializedColumn {name: wavelength}
#   band_name: F106
#   group_name: RomanSCA17
# schema: astropy-2.0
wavelength response
9210.0 0.0
9220.0 6.631455962162305e-05
9230.0 0.0003094679449009076
9240.0 0.0012599766328108381
9250.0 0.004531494907477575
9260.0 0.013616589575639935
9270.0 0.03470461953531607
9280.0 0.07555438826223587
9290.0 0.14131632655367873
9300.0 0.2295589005568518
9310.0 0.32812444100779087
9320.0 0.4198374769644956
9330.0 0.4908603703192539
9340.0 0.5367279407242098
9350.0 0.5615737957291113
9360.0 0.5729135854244088
9370.0 0.5773787657722648
9380.0 0.5790587346160125
9390.0 0.5798324044782648
9400.0 0.5803187112488234
9410.0 0.5806281791937243
9420.0 0.5809376471386252
9430.0 0.5813797442027694
9440.0 0.5818218412669135
9450.0 0.5820649946521927
9460.0 0.5823302528906792
9470.0 0.5827723499548234
9480.0 0.5832144470189675
9490.0 0.5835460198170757
9500.0 0.5838554877619766
9510.0 0.584319689679328
9520.0 0.5847838915966793
9530.0 0.585071254688373
9540.0 0.5852923032204451
9550.0 0.5855354566057244
9560.0 0.5858449245506253
9570.0 0.5861986022019406
9580.0 0.5865080701468416
9590.0 0.5867070138257063
9600.0 0.5869059575045713
9610.0 0.5871712157430578
9620.0 0.5874585788347514
9630.0 0.5876796273668234
9640.0 0.5878785710456884
9650.0 0.5880775147245533
9660.0 0.5882543535502109
9670.0 0.5883206681098326
9680.0 0.5884311923758686
9690.0 0.5887185554675622
9700.0 0.589005918559256
9710.0 0.589116442825292
9720.0 0.5892048622381209
9730.0 0.5894259107701929
9740.0 0.589646959302265
9750.0 0.589757483568301
9760.0 0.589868007834337
9770.0 0.5901111612196164
9780.0 0.5903322097516884
9790.0 0.5903543146048956
9800.0 0.5903764194581028
9810.0 0.5905311534305533
9820.0 0.590707992256211
9830.0 0.5907300971094183
9840.0 0.5907300971094183
9850.0 0.5908848310818686
9860.0 0.5910837747607335
9870.0 0.5912606135863911
9880.0 0.5913048232928055
9890.0 0.5911942990267696
9900.0 0.5911279844671479
9910.0 0.5912827184395983
9920.0 0.5914816621184633
9930.0 0.5915037669716704
9940.0 0.5914816621184633
9950.0 0.5915479766780849
9960.0 0.5916363960909137
9970.0 0.5916806057973281
9980.0 0.591769025210157
9990.0 0.5919458640358146
10000.0 0.5921448077146795
10009.999999999998 0.5922774368339226
10020.0 0.59229954168713
10029.999999999998 0.59229954168713
10040.0 0.59229954168713
10049.999999999998 0.5923437513935443
10060.0 0.5924321708063731
10069.999999999998 0.5925426950724092
10080.0 0.5926090096320308
10089.999999999998 0.5926090096320308
10100.0 0.5926311144852381
10109.999999999998 0.5927637436044813
10120.0 0.5929405824301389
10129.999999999998 0.5930290018429678
10140.0 0.5930290018429678
10149.999999999998 0.5930068969897606
10160.0 0.5929847921365533
10169.999999999998 0.5930732115493822
10180.0 0.5932058406686255
10189.999999999998 0.5932942600814544
10200.0 0.5933384697878687
10209.999999999998 0.5933826794942831
10220.0 0.5934047843474903
10230.0 0.5934710989071119
10240.0 0.5935374134667335
10250.0 0.5935374134667335
10260.0 0.5935153086135264
10270.0 0.5934710989071119
10280.0 0.5934932037603191
10290.0 0.5936037280263552
10300.0 0.593692147439184
10310.0 0.5936479377327696
10320.0 0.5935816231731479
10330.0 0.5935816231731479
10340.0 0.5936037280263552
10350.0 0.5936258328795625
10360.0 0.5936037280263552
10370.0 0.5935816231731479
10380.0 0.5935153086135264
10390.0 0.5934489940539047
10400.0 0.5933605746410758
10410.0 0.5932500503750399
10420.0 0.5931837358154183
10430.0 0.5932500503750399
10440.0 0.5932500503750399
10450.0 0.593051106696175
10460.0 0.5928079533108958
10470.0 0.5926974290448597
10480.0 0.5927195338980669
10490.0 0.5927416387512742
10500.0 0.5926974290448597
10510.0 0.5924542756595804
10520.0 0.5922111222743011
10530.0 0.5921005980082651
10540.0 0.5920784931550579
10550.0 0.5920342834486435
10560.0 0.5919458640358146
10570.0 0.5918132349165713
10580.0 0.5915921863844993
10590.0 0.591238508733184
10600.0 0.590929040788283
10610.0 0.5907743068158327
10620.0 0.590707992256211
10630.0 0.5905753631369677
10640.0 0.5903322097516884
10650.0 0.5900006369535803
10660.0 0.5896911690086795
10670.0 0.5894701204766074
10680.0 0.5892711767977424
10690.0 0.5890280234124632
10700.0 0.5887848700271839
10710.0 0.5886080312015262
10720.0 0.5884311923758686
10730.0 0.5882543535502109
10740.0 0.5880775147245533
10750.0 0.5879448856053101
10760.0 0.5877901516328595
10770.0 0.5875027885411659
10780.0 0.5871712157430578
10790.0 0.586883852651364
10800.0 0.586662804119292
10810.0 0.5865743847064632
10820.0 0.5864638604404271
10830.0 0.5861543924955261
10840.0 0.5858670294038325
10850.0 0.5857344002845892
10860.0 0.5856238760185533
10870.0 0.5853807226332739
10880.0 0.585071254688373
10890.0 0.5848502061563009
10900.0 0.5846954721838504
10910.0 0.5845186333581928
10920.0 0.5842975848261207
10930.0 0.5840765362940487
10940.0 0.5838554877619766
10950.0 0.5836786489363189
10960.0 0.5835018101106613
10970.0 0.5832807615785892
10980.0 0.5832807615785892
10990.0 0.5836786489363189
11000.0 0.5840544314408415
11010.0 0.5840323265876343
11020.0 0.583789173202355
11030.0 0.5836786489363189
11040.000000000002 0.5836786489363189
11050.0 0.5836565440831117
11060.000000000002 0.5836565440831117
11070.0 0.5836786489363189
11080.000000000002 0.5836123343766974
11090.0 0.5834354955510397
11100.000000000002 0.5833028664317964
11110.0 0.583369180991418
11120.000000000002 0.5834576004042469
11130.0 0.5834354955510397
11140.000000000002 0.5834354955510397
11150.0 0.5835460198170757
11160.000000000002 0.5836123343766974
11170.0 0.5834576004042469
11180.000000000002 0.5833028664317964
11190.0 0.5833912858446253
11200.000000000002 0.5835239149638685
11210.0 0.5835018101106613
11220.000000000002 0.5834576004042469
11230.0 0.5835239149638685
11240.000000000002 0.5835460198170757
11250.0 0.5833912858446253
11259.999999999998 0.5831923421657604
11270.0 0.5831260276061387
11279.999999999998 0.5831481324593459
11290.0 0.5831702373125531
11299.999999999998 0.5831923421657604
11310.0 0.5832586567253819
11319.999999999998 0.5833028664317964
11330.0 0.5832807615785892
11339.999999999998 0.5832365518721748
11350.0 0.5832144470189675
11359.999999999998 0.5831923421657604
11370.0 0.5831039227529315
11379.999999999998 0.5830597130465172
11390.0 0.5831039227529315
11399.999999999998 0.5832144470189675
11410.0 0.5832807615785892
11419.999999999998 0.5832807615785892
11430.0 0.5831702373125531
11439.999999999998 0.5830818178997244
11450.0 0.5830818178997244
11459.999999999998 0.5831260276061387
11470.0 0.5831039227529315
11480.0 0.5830376081933099
11490.0 0.5829491887804811
11500.0 0.5828828742208594
11510.0 0.582838664514445
11520.0 0.5827502451016162
11530.0 0.5826176159823729
11540.0 0.5825291965695442
11550.0 0.5825734062759585
11560.0 0.5825513014227514
11570.0 0.5823965674503009
11580.0 0.5821755189182288
11590.0 0.5821313092118144
11600.0 0.5821313092118144
11610.0 0.5820870995054
11620.0 0.5819544703861567
11630.0 0.5817555267072919
11640.0 0.5815786878816341
11650.0 0.5814681636155982
11660.0 0.5814018490559765
11670.0 0.5812913247899405
11680.0 0.5812029053771117
11690.0 0.5812029053771117
11700.0 0.5811586956706973
11710.0 0.580915542285418
11720.0 0.5806281791937243
11730.0 0.5804292355148594
11740.0 0.5803187112488234
11750.0 0.5802081869827873
11760.0 0.5800755578635441
11770.0 0.5799429287443009
11780.0 0.5798545093314721
11790.0 0.5798766141846792
11800.0 0.5798766141846792
11810.0 0.5797218802122287
11820.0 0.5795671462397783
11830.0 0.5794566219737423
11840.0 0.579323992854499
11850.0 0.5790145249095981
11860.0 0.5783734841665891
11870.0 0.5770250881209494
11880.0 0.5740851426443908
11890.0 0.5679178885995798
11900.0 0.555693904775994
11910.0 0.5339427292201017
11920.0 0.499392843657236
11930.0 0.45016533556478455
11940.0 0.3869233505389633
11950.0 0.3138668106891419
11960.0 0.23822400301407726
11970.0 0.167952674668364
11980.0 0.1092863942564348
11990.0 0.06525352666767709
12000.0 0.03563302337001879
12010.0 0.017728092272180564
12020.0 0.00802406171421639
12030.0 0.0032936231278739452
12040.0 0.0012157669263964225
12050.0 0.000419992210936946
12060.0 0.0001326291192432461
12070.0 4.420970641441537e-05
12080.0 0.0
