mejiro/data/filter_responses/RomanSCA04-F184.ecsv
# %ECSV 1.0
# ---
# datatype:
# - {name: wavelength, unit: Angstrom, datatype: float64}
# - {name: response, datatype: float64}
# meta:
#   __serialized_columns__:
#     wavelength:
#       __class__: astropy.units.quantity.Quantity
#       unit: !astropy.units.Unit {unit: Angstrom}
#       value: !astropy.table.SerializedColumn {name: wavelength}
#   band_name: F184
#   group_name: RomanSCA04
# schema: astropy-2.0
wavelength response
16650.0 0.0
16660.0 2.2104853207207685e-05
16670.0 6.631455962162305e-05
16680.0 0.00017683882565766148
16690.0 0.0004420970641441537
16700.0 0.0010168232475315534
16710.0 0.002254695027135184
16720.0 0.0046862288799280295
16730.0 0.009151409227783982
16740.0 0.01684389814389226
16750.0 0.02920051108672135
16760.0 0.04781279748719022
16770.0 0.07400704853773132
16780.0 0.10851272439418252
16790.0 0.1510424619648501
16800.0 0.20007102637843677
16810.0 0.2529237303968704
16820.0 0.30619642662624086
16830.0 0.3564849676726384
16840.0 0.40084940805950414
16850.0 0.43747714982384733
16860.0 0.46574925707586595
16870.0 0.4862183511457403
16880.0 0.5001223038130739
16890.0 0.5089421402427498
16900.0 0.5141809904528579
16910.0 0.5171209359294165
16920.0 0.5187345902135427
16930.0 0.5196850989014526
16940.0 0.5202156153784258
16950.0 0.5203924542040833
16960.0 0.5205250833233266
16970.0 0.5208124464150203
16980.0 0.5210555998002996
16990.0 0.5210555998002996
17000.0 0.5210334949470924
17010.0 0.5212766483323716
17020.0 0.521630325983687
17030.0 0.5218734793689662
17040.0 0.5219840036350023
17050.0 0.5219840036350023
17060.0 0.5220282133414167
17070.0 0.5222271570202816
17080.0 0.5224482055523537
17090.0 0.5225808346715969
17100.0 0.5226913589376329
17110.0 0.5228018832036689
17120.0 0.5229345123229122
17130.0 0.5231113511485699
17140.0 0.523221875414606
17150.0 0.5232660851210204
17160.0 0.5233987142402635
17170.0 0.5237302870383717
17180.0 0.5240618598364798
17190.0 0.5241502792493087
17200.0 0.5241723841025159
17210.0 0.5243050132217592
17220.0 0.5244818520474167
17230.0 0.52461448116666
17240.0 0.5247250054326961
17250.0 0.5249239491115608
17260.0 0.5251007879372186
17270.0 0.5251892073500475
17280.0 0.5252334170564619
17290.0 0.5253439413224978
17300.0 0.5254986752949483
17310.0 0.525675514120606
17320.0 0.5258302480930565
17330.0 0.5259849820655069
17340.0 0.5261397160379573
17350.0 0.5262944500104078
17360.0 0.526427079129651
17370.0 0.5265154985424798
17380.0 0.5265154985424798
17390.0 0.5264712888360654
17400.0 0.5265154985424798
17410.0 0.5267365470745519
17420.0 0.5270018053130384
17430.0 0.5271123295790744
17440.0 0.5272007489919033
17450.0 0.5273333781111466
17460.0 0.5274439023771825
17470.0 0.5274439023771825
17480.0 0.5274217975239754
17490.0 0.5274439023771825
17500.0 0.5274881120835969
17510.0 0.5275102169368042
17520.0 0.527598636349633
17530.0 0.527819684881705
17540.0 0.52801862856057
17550.0 0.5280849431201916
17560.0 0.5280407334137771
17570.0 0.5280407334137771
17580.0 0.5280628382669844
17590.0 0.5281070479733988
17600.0 0.5281954673862277
17610.0 0.5283059916522637
17620.0 0.5283723062118852
17630.0 0.5283280965054709
17640.0 0.5282838867990565
17650.0 0.5283723062118852
17660.0 0.5284828304779213
17670.0 0.5285049353311285
17680.0 0.5284828304779213
17690.0 0.5284386207715069
17700.0 0.5283944110650926
17710.0 0.5283723062118852
17720.0 0.5283723062118852
17730.0 0.5283723062118852
17740.0 0.5284165159182996
17750.0 0.5285049353311285
17760.0 0.5285933547439574
17770.0 0.5286154595971646
17780.0 0.5286154595971646
17790.0 0.5287038790099934
17800.0 0.5287922984228223
17810.0 0.5287922984228223
17820.0 0.5287259838632007
17830.0 0.5285933547439574
17840.0 0.5284828304779213
17850.0 0.5284828304779213
17860.0 0.5285491450375429
17870.0 0.5286817741567863
17880.0 0.5288144032760295
17890.0 0.5289470323952727
17900.0 0.5290133469548943
17910.0 0.5290133469548943
17920.0 0.5289691372484798
17930.0 0.5289028226888584
17940.0 0.5289249275420654
17950.0 0.5290796615145159
17960.0 0.529190185780552
17970.0 0.5291459760741376
17980.0 0.5290575566613088
17990.0 0.5290796615145159
18000.0 0.5292343954869664
18010.0 0.5294333391658312
18020.0 0.5295880731382817
18030.0 0.5295880731382817
18040.0 0.5295438634318673
18050.0 0.5295659682850745
18060.0 0.5296322828446961
18070.0 0.5297649119639394
18080.0 0.5299196459363898
18090.0 0.5300743799088403
18100.0 0.5301627993216691
18110.0 0.5301849041748763
18120.0 0.5302291138812907
18130.0 0.5304059527069485
18140.0 0.5306048963858132
18150.0 0.5307596303582638
18160.0 0.5308480497710926
18170.0 0.5309364691839213
18180.0 0.5309143643307143
18190.0 0.5307375255050565
18200.0 0.5305827915326061
18210.0 0.5306933157986421
18220.0 0.5309364691839213
18230.0 0.5312017274224079
18240.0 0.5314669856608945
18250.0 0.5317764536057953
18260.0 0.5320859215506961
18270.0 0.5323290749359755
18280.0 0.5324174943488043
18290.0 0.5323732846423899
18300.0 0.5323732846423899
18310.0 0.5325059137616331
18320.0 0.5326606477340836
18330.0 0.5326606477340836
18340.0 0.5326606477340836
18350.0 0.5327932768533268
18360.0 0.5330364302386061
18370.0 0.5332795836238854
18380.0 0.5335227370091647
18390.0 0.5337216806880295
18400.0 0.5338543098072728
18410.0 0.5339206243668945
18420.0 0.5339206243668945
18430.0 0.53387641466048
18440.0 0.5338543098072728
18450.0 0.5339206243668945
18460.0 0.5340311486329306
18470.0 0.5341416728989665
18480.0 0.534296406871417
18490.0 0.5344953505502819
18500.0 0.5345837699631107
18510.0 0.5344732456970747
18520.0 0.5343627214310387
18530.0 0.5344953505502819
18540.0 0.5346500845227322
18550.0 0.5346721893759395
18560.0 0.5346279796695251
18570.0 0.5347163990823539
18580.0 0.5348490282015972
18590.0 0.5349595524676333
18600.0 0.5350700767336692
18610.0 0.5351806009997053
18620.0 0.5352690204125341
18630.0 0.5353132301189485
18640.0 0.5352027058529124
18650.0 0.5348932379080116
18660.0 0.5346279796695251
18670.0 0.5346500845227322
18680.0 0.5347606087887683
18690.0 0.5347827136419755
18700.0 0.5346942942291467
18710.0 0.5345837699631107
18720.0 0.5346721893759395
18730.0 0.535047971880462
18740.0 0.5353795446785702
18750.0 0.5353353349721558
18760.0 0.5352027058529124
18770.0 0.5353132301189485
18780.0 0.5354237543849846
18790.0 0.5353353349721558
18800.0 0.5352248107061197
18810.0 0.5352911252657414
18820.0 0.5353795446785702
18830.0 0.5353353349721558
18840.0 0.5352690204125341
18850.0 0.5352911252657414
18860.0 0.5353574398253629
18870.0 0.5353353349721558
18880.0 0.5352911252657414
18890.0 0.5352690204125341
18900.0 0.5353353349721558
18910.0 0.5355342786510205
18920.0 0.5355784883574349
18930.0 0.5352248107061197
18940.0 0.5348490282015972
18950.0 0.5347827136419755
18960.0 0.5348048184951827
18970.0 0.5346500845227322
18980.0 0.5345395602566962
18990.0 0.5347163990823539
19000.0 0.5349595524676333
19010.0 0.5349816573208404
19020.0 0.5349595524676333
19030.0 0.5350258670272547
19040.0 0.5351363912932908
19050.0 0.5352469155593269
19060.0 0.5352027058529124
19070.0 0.5349816573208404
19080.0 0.5347385039355611
19090.0 0.5346279796695251
19100.0 0.5346721893759395
19110.0 0.53482692334839
19120.0 0.534937447614426
19130.0 0.5349595524676333
19140.0 0.534937447614426
19150.0 0.5349595524676333
19160.0 0.534937447614426
19170.0 0.5347827136419755
19180.0 0.5344953505502819
19190.0 0.5341858826053809
19200.0 0.5341637777521737
19210.0 0.5345837699631107
19220.0 0.535047971880462
19230.0 0.5350921815868764
19240.0 0.534937447614426
19250.0 0.5348490282015972
19260.0 0.5346721893759395
19270.0 0.5343185117246241
19280.0 0.534097463192552
19290.0 0.5343406165778314
19300.0 0.5347163990823539
19310.0 0.5348932379080116
19320.0 0.5348048184951827
19330.0 0.534517455403489
19340.0 0.534296406871417
19350.0 0.5343185117246241
19360.0 0.5344290359906602
19370.0 0.5344069311374531
19380.0 0.5343627214310387
19390.0 0.5344069311374531
19400.0 0.5345395602566962
19410.0 0.5347827136419755
19420.0 0.5349153427612188
19430.0 0.5347827136419755
19440.0 0.534517455403489
19450.0 0.534296406871417
19460.0 0.5342300923117953
19470.0 0.5343185117246241
19480.0 0.5343848262842458
19490.0 0.534296406871417
19500.0 0.5342521971650026
19510.0 0.5344290359906602
19520.0 0.5346721893759395
19530.0 0.5347606087887683
19540.0 0.5347606087887683
19550.0 0.53482692334839
19560.0 0.534937447614426
19570.0 0.5350921815868764
19580.0 0.5351142864400836
19590.0 0.5349153427612188
19600.0 0.53482692334839
19610.0 0.5351142864400836
19620.0 0.5353795446785702
19630.0 0.5352911252657414
19640.0 0.5351142864400836
19650.0 0.535158496146498
19660.0 0.5353353349721558
19670.0 0.5354900689446062
19680.0 0.5356226980638494
19690.0 0.5357111174766783
19700.0 0.5357332223298854
19710.0 0.5356448029170566
19720.0 0.5356005932106422
19730.0 0.5357111174766783
19740.0 0.5357995368895071
19750.0 0.5356669077702638
19760.0 0.5354900689446062
19770.0 0.5355121737978135
19780.0 0.5356448029170566
19790.0 0.5357774320362999
19800.0 0.5358437465959215
19810.0 0.5358437465959215
19820.0 0.5357995368895071
19830.0 0.5357332223298854
19840.0 0.5355342786510205
19850.0 0.5350700767336692
19860.0 0.5343848262842458
19870.0 0.533456422449543
19880.0 0.5320196069910745
19890.0 0.5297649119639394
19900.0 0.5264491839828582
19910.0 0.5217850599561374
19920.0 0.5153746525260472
19930.0 0.5067095500688218
19940.0 0.49532555066710987
19950.0 0.48080266210997435
19960.0 0.4626324727736497
19970.0 0.4406160389792708
19980.0 0.4149744092589099
19990.0 0.38617178552991827
20000.0 0.3543407969115392
20010.0 0.319945645321124
20019.999999999996 0.28402525885941154
20030.0 0.24766277533355494
20040.0 0.21191922769750007
20050.0 0.17778933434557143
20059.999999999996 0.1460688699932284
20070.0 0.11742098023668723
20080.0 0.0923098669932993
20090.0 0.07095657879513667
20099.999999999996 0.05327269622937052
20110.0 0.039081380470343194
20120.0 0.02796263930711772
20130.0 0.01949648052875718
20139.999999999996 0.01326291192432461
20150.0 0.008797731576468659
20160.0 0.005680947274252376
20170.0 0.003580986219567645
20179.999999999996 0.002188380467513561
20190.0 0.0013041863392252535
20200.0 0.000773669862252269
20210.0 0.0004420970641441537
20219.999999999996 0.00024315338527928454
20230.0 0.0001326291192432461
20240.0 6.631455962162305e-05
20250.0 4.420970641441537e-05
20259.999999999996 2.2104853207207685e-05
20270.0 0.0
