mejiro/data/filter_responses/RomanSCA02-F184.ecsv
# %ECSV 1.0
# ---
# datatype:
# - {name: wavelength, unit: Angstrom, datatype: float64}
# - {name: response, datatype: float64}
# meta:
#   __serialized_columns__:
#     wavelength:
#       __class__: astropy.units.quantity.Quantity
#       unit: !astropy.units.Unit {unit: Angstrom}
#       value: !astropy.table.SerializedColumn {name: wavelength}
#   band_name: F184
#   group_name: RomanSCA02
# schema: astropy-2.0
wavelength response
16670.0 0.0
16680.0 2.2104853207207685e-05
16690.0 8.841941282883074e-05
16700.0 0.00022104853207207686
16710.0 0.0005305164769729844
16720.0 0.0012157669263964225
16730.0 0.00267468723807213
16740.0 0.005482003595387506
16750.0 0.010566119833045274
16760.0 0.01920911743706348
16770.0 0.03293623127873945
16780.0 0.05331690593578494
16790.0 0.08158901318780357
16800.0 0.11832727921818274
16810.0 0.16289066328391344
16820.0 0.21351077712841904
16830.0 0.26724767527514093
16840.0 0.32060879091734024
16850.0 0.3701457669546927
16860.0 0.41313970644271164
16870.0 0.44808747936330695
16880.0 0.47467961777157786
16890.0 0.4935792672637404
16900.0 0.5061569287386416
16910.0 0.5139820467739932
16920.0 0.5186019610942995
16930.0 0.5212545434791644
16940.0 0.5226692540844258
16950.0 0.5232660851210204
16960.0 0.5235976579191285
16970.0 0.5239513355704437
16980.0 0.5242165938089303
16990.0 0.5242165938089303
17000.0 0.5241723841025159
17010.0 0.5244155374877951
17020.0 0.5247471102859033
17030.0 0.5249681588179753
17040.0 0.5250786830840114
17050.0 0.5250786830840114
17060.0 0.5251228927904258
17070.0 0.5252997316160835
17080.0 0.5255207801481555
17090.0 0.525675514120606
17100.0 0.5257639335334348
17110.0 0.5258744577994708
17120.0 0.5260291917719213
17130.0 0.5261839257443717
17140.0 0.526316554863615
17150.0 0.5263828694232366
17160.0 0.5265154985424798
17170.0 0.526847071340588
17180.0 0.5271786441386961
17190.0 0.5272891684047322
17200.0 0.5273333781111466
17210.0 0.5274881120835969
17220.0 0.5276649509092547
17230.0 0.527797580028498
17240.0 0.5279523140009483
17250.0 0.5281512576798132
17260.0 0.5283502013586782
17270.0 0.5284607256247141
17280.0 0.5285270401843357
17290.0 0.5286375644503718
17300.0 0.5288144032760295
17310.0 0.5290133469548943
17320.0 0.5292122906337592
17330.0 0.5293891294594169
17340.0 0.5295659682850745
17350.0 0.5297428071107322
17360.0 0.5299196459363898
17370.0 0.5300080653492186
17380.0 0.5300522750556331
17390.0 0.5300301702024259
17400.0 0.5300964847620475
17410.0 0.5303396381473268
17420.0 0.5306270012390205
17430.0 0.5307817352114709
17440.0 0.530892259477507
17450.0 0.5310469934499574
17460.0 0.5311796225692007
17470.0 0.5312017274224079
17480.0 0.5312238322756151
17490.0 0.5312680419820295
17500.0 0.5313343565416512
17510.0 0.5314006711012728
17520.0 0.5315111953673088
17530.0 0.5317543487525881
17540.0 0.5319753972846601
17550.0 0.532063816697489
17560.0 0.532063816697489
17570.0 0.532063816697489
17580.0 0.5321301312571106
17590.0 0.5321964458167322
17600.0 0.5323069700827683
17610.0 0.5324395992020116
17620.0 0.5325280186148403
17630.0 0.5325280186148403
17640.0 0.5325059137616331
17650.0 0.5326164380276692
17660.0 0.5327490671469124
17670.0 0.5328153817065341
17680.0 0.5328153817065341
17690.0 0.5327932768533268
17700.0 0.5327711720001197
17710.0 0.5327711720001197
17720.0 0.5327932768533268
17730.0 0.5328153817065341
17740.0 0.5328816962661557
17750.0 0.533014325385399
17760.0 0.5331248496514349
17770.0 0.5331690593578493
17780.0 0.5332132690642638
17790.0 0.5333237933302999
17800.0 0.5334343175963359
17810.0 0.533456422449543
17820.0 0.5334122127431287
17830.0 0.5333016884770926
17840.0 0.533235373917471
17850.0 0.533235373917471
17860.0 0.533345898183507
17870.0 0.5335006321559574
17880.0 0.5336774709816151
17890.0 0.5338101001008584
17900.0 0.5339206243668945
17910.0 0.5339427292201017
17920.0 0.5339206243668945
17930.0 0.5338985195136872
17940.0 0.5339206243668945
17950.0 0.5341195680457593
17960.0 0.5342743020182097
17970.0 0.5342521971650026
17980.0 0.5341858826053809
17990.0 0.5342521971650026
18000.0 0.5344290359906602
18010.0 0.5346500845227322
18020.0 0.53482692334839
18030.0 0.5348711330548044
18040.0 0.5348490282015972
18050.0 0.5348932379080116
18060.0 0.5350037621740477
18070.0 0.535158496146498
18080.0 0.5353574398253629
18090.0 0.5355342786510205
18100.0 0.5356448029170566
18110.0 0.5357111174766783
18120.0 0.5357774320362999
18130.0 0.5359763757151648
18140.0 0.5362195291004441
18150.0 0.5363963679261017
18160.0 0.536528997045345
18170.0 0.536639521311381
18180.0 0.536639521311381
18190.0 0.5364847873389306
18200.0 0.5363742630728945
18210.0 0.5364847873389306
18220.0 0.5367721504306242
18230.0 0.537059513522318
18240.0 0.5373689814672189
18250.0 0.5377005542653269
18260.0 0.5380321270634351
18270.0 0.5382973853019216
18280.0 0.5384300144211648
18290.0 0.5384079095679576
18300.0 0.5384079095679576
18310.0 0.5385847483936153
18320.0 0.5387615872192729
18330.0 0.5387836920724801
18340.0 0.5388057969256873
18350.0 0.5389605308981378
18360.0 0.5392257891366243
18370.0 0.5394910473751108
18380.0 0.5397563056135973
18390.0 0.5399773541456694
18400.0 0.5401320881181197
18410.0 0.5402205075309486
18420.0 0.5402205075309486
18430.0 0.5401984026777414
18440.0 0.5401984026777414
18450.0 0.540264717237363
18460.0 0.5403973463566063
18470.0 0.5405299754758496
18480.0 0.5406847094483
18490.0 0.5409057579803721
18500.0 0.5409941773932009
18510.0 0.5408836531271648
18520.0 0.540795233714336
18530.0 0.5409278628335792
18540.0 0.541104701659237
18550.0 0.541104701659237
18560.0 0.5410825968060298
18570.0 0.5411489113656514
18580.0 0.5413036453381018
18590.0 0.5414141696041378
18600.0 0.5415246938701739
18610.0 0.5416352181362099
18620.0 0.5417236375490387
18630.0 0.5417678472554531
18640.0 0.5416573229894172
18650.0 0.541325750191309
18660.0 0.5410604919528226
18670.0 0.5410604919528226
18680.0 0.5411710162188585
18690.0 0.5411710162188585
18700.0 0.5410825968060298
18710.0 0.5409720725399937
18720.0 0.5410383870996153
18730.0 0.5414141696041378
18740.0 0.5417236375490387
18750.0 0.5416794278426244
18760.0 0.5415246938701739
18770.0 0.5415910084297955
18780.0 0.5417015326958315
18790.0 0.5415910084297955
18800.0 0.5414583793105523
18810.0 0.5415025890169667
18820.0 0.5415689035765884
18830.0 0.5415025890169667
18840.0 0.5413920647509306
18850.0 0.5413920647509306
18860.0 0.541436274457345
18870.0 0.5413920647509306
18880.0 0.541325750191309
18890.0 0.5412594356316873
18900.0 0.5413036453381018
18910.0 0.5414583793105523
18920.0 0.5414804841637595
18930.0 0.5410825968060298
18940.0 0.5406626045950927
18950.0 0.540574185182264
18960.0 0.5405520803290567
18970.0 0.5403531366501919
18980.0 0.5401984026777414
18990.0 0.5403310317969846
19000.0 0.5405299754758496
19010.0 0.5405299754758496
19020.0 0.5404415560630207
19030.0 0.5404636609162279
19040.0 0.5405299754758496
19050.0 0.540574185182264
19060.0 0.5404857657694351
19070.0 0.5402205075309486
19080.0 0.539933144439255
19090.0 0.5397784104668044
19100.0 0.5397563056135973
19110.0 0.5398668298796333
19120.0 0.539933144439255
19130.0 0.5398889347328405
19140.0 0.5398226201732189
19150.0 0.5397784104668044
19160.0 0.5397120959071829
19170.0 0.5394689425219036
19180.0 0.5391373697237954
19190.0 0.5387836920724801
19200.0 0.5386952726596512
19210.0 0.5390710551641738
19220.0 0.5394689425219036
19230.0 0.5394468376686964
19240.0 0.5392478939898314
19250.0 0.5390931600173811
19260.0 0.538872111485309
19270.0 0.5384521192743721
19280.0 0.5381647561826783
19290.0 0.538341595008336
19300.0 0.5386731678064441
19310.0 0.5388057969256873
19320.0 0.5386510629532368
19330.0 0.5382973853019216
19340.0 0.5380321270634351
19350.0 0.5379879173570207
19360.0 0.5380321270634351
19370.0 0.5379658125038135
19380.0 0.5378552882377774
19390.0 0.5378552882377774
19400.0 0.5379437076506063
19410.0 0.538120546476264
19420.0 0.5382089658890927
19430.0 0.5380321270634351
19440.0 0.5377005542653269
19450.0 0.5374352960268404
19460.0 0.5373026669075972
19470.0 0.5373468766140116
19480.0 0.537391086320426
19490.0 0.5372584572011828
19500.0 0.5371479329351468
19510.0 0.5373026669075972
19520.0 0.5375016105864621
19530.0 0.5375458202928765
19540.0 0.5375016105864621
19550.0 0.5375237154396694
19560.0 0.5376121348524981
19570.0 0.5377226591185341
19580.0 0.5377005542653269
19590.0 0.5374795057332549
19600.0 0.5373468766140116
19610.0 0.537590029999291
19620.0 0.5378331833845702
19630.0 0.5377226591185341
19640.0 0.5375016105864621
19650.0 0.5375237154396694
19660.0 0.5376784494121197
19670.0 0.5377889736781558
19680.0 0.5378994979441918
19690.0 0.5379658125038135
19700.0 0.5379437076506063
19710.0 0.5378331833845702
19720.0 0.5377668688249485
19730.0 0.5378552882377774
19740.0 0.537921602797399
19750.0 0.5377447639717414
19760.0 0.5375679251460838
19770.0 0.5375679251460838
19780.0 0.5376784494121197
19790.0 0.5377889736781558
19800.0 0.5378552882377774
19810.0 0.5378552882377774
19820.0 0.5378552882377774
19830.0 0.5378552882377774
19840.0 0.5378110785313629
19850.0 0.537590029999291
19860.0 0.5373247717608044
19870.0 0.5370374086691108
19880.0 0.5365732067517593
19890.0 0.5357111174766783
19900.0 0.5343848262842458
19910.0 0.5323953894955972
19920.0 0.5294333391658312
19930.0 0.5251007879372186
19940.0 0.5189114290392004
19950.0 0.5103789557012183
19960.0 0.49877390776743424
19970.0 0.4835878736140825
19980.0 0.46468822412191996
19990.0 0.4420749592909465
20000.0 0.41541650632305405
20010.0 0.38469076036503536
20019.999999999996 0.3506050767195211
20030.0 0.3141099640744212
20040.0 0.27626645538368166
20050.0 0.23824610786728445
20059.999999999996 0.20115416418558996
20070.0 0.16607376214575134
20080.0 0.133999620142093
20090.0 0.10557277891762391
20099.999999999996 0.08116902097686662
20110.0 0.06085466087944275
20120.0 0.044452859799694655
20130.0 0.031587835233099784
20139.999999999996 0.021861699821928402
20150.0 0.01472183223600032
20160.0 0.00963771599834255
20170.0 0.006145149191603736
20179.999999999996 0.003802034751639722
20190.0 0.002276799880342392
20200.0 0.001326291192432461
20210.0 0.0007515650090450613
20219.999999999996 0.000419992210936946
20230.0 0.00022104853207207686
20240.0 0.00011052426603603843
20250.0 6.631455962162305e-05
20259.999999999996 2.2104853207207685e-05
20270.0 2.2104853207207685e-05
20280.0 0.0
