mejiro/data/filter_responses/RomanSCA11-F146.ecsv
# %ECSV 1.0
# ---
# datatype:
# - {name: wavelength, unit: Angstrom, datatype: float64}
# - {name: response, datatype: float64}
# meta:
#   __serialized_columns__:
#     wavelength:
#       __class__: astropy.units.quantity.Quantity
#       unit: !astropy.units.Unit {unit: Angstrom}
#       value: !astropy.table.SerializedColumn {name: wavelength}
#   band_name: F146
#   group_name: RomanSCA11
# schema: astropy-2.0
wavelength response
[from data line 566]
14820.0 0.5537707825469669
14830.000000000002 0.5538370971065886
14840.0 0.553881306813003
14850.000000000002 0.553991831079039
14860.0 0.5541244601982823
14870.000000000002 0.5542128796111111
14880.0 0.5542570893175255
14890.000000000002 0.5543234038771471
14900.0 0.5543897184367688
14910.000000000002 0.554522347556012
14920.0 0.5546549766752552
14930.000000000002 0.5547212912348769
14940.0 0.5548097106477057
14950.000000000002 0.5549865494733633
14960.0 0.5551854931522282
14970.000000000002 0.5552960174182643
14980.0 0.5553402271246787
14990.000000000002 0.5553623319778859
15000.0 0.5554286465375076
15009.999999999998 0.5555612756567507
15020.0 0.5557381144824084
15029.999999999998 0.5559149533080661
15040.0 0.5560696872805165
15049.999999999998 0.5562023163997598
15060.0 0.5563570503722103
15069.999999999998 0.5565117843446606
15080.0 0.5566002037574895
15089.999999999998 0.5566223086106967
15100.0 0.5566665183171111
15109.999999999998 0.5568433571427688
15120.0 0.5570865105280481
15129.999999999998 0.557285454206913
15140.0 0.5574401881793634
15149.999999999998 0.557506502738985
15160.0 0.5575286075921922
15169.999999999998 0.5575728172986067
15180.0 0.5576612367114355
15189.999999999998 0.5577496561242643
15200.0 0.5578601803903003
15209.999999999998 0.5579928095095437
15220.0 0.5581254386287868
15230.0 0.5582359628948229
15240.0 0.5583685920140661
15250.0 0.5585012211333095
15260.0 0.558678059958967
15270.0 0.5588327939314175
15280.0 0.5589654230506608
15290.0 0.5590317376102824
15300.0 0.5591201570231111
15310.0 0.5593191007019761
15320.0 0.559518044380841
15330.0 0.5595622540872554
15340.0 0.5595843589404625
15350.0 0.5596285686468769
15360.0 0.5597169880597057
15370.0 0.5598054074725347
15380.0 0.5599159317385707
15390.0 0.5601148754174355
15400.0 0.560269609389886
15410.0 0.5603359239495076
15420.0 0.5603138190963004
15430.0 0.5603138190963004
15440.0 0.560380133655922
15450.0 0.560579077334787
15460.0 0.560800125866859
15470.0 0.5609106501328951
15480.0 0.5609769646925166
15490.0 0.5610874889585526
15500.0 0.5611759083713815
15510.0 0.5611759083713815
15520.0 0.5611538035181743
15530.0 0.5612422229310031
15540.0 0.5613748520502464
15550.0 0.561441166609868
15560.0 0.5614632714630752
15570.0 0.5613969569034536
15580.0 0.5614190617566608
15590.0 0.5615516908759041
15600.0 0.5616843199951472
15610.0 0.5616622151419401
15620.0 0.5616622151419401
15630.0 0.5618390539675978
15640.0 0.5620379976464627
15650.0 0.5620822073528771
15660.0 0.5620379976464627
15670.0 0.5620601024996698
15680.0 0.5621485219124986
15690.0 0.5623253607381563
15700.0 0.5624358850041924
15710.0 0.5623474655913635
15720.0 0.5622590461785347
15730.0 0.5623916752977779
15740.0 0.56261272382985
15750.0 0.562723248095886
15760.0 0.562723248095886
15770.0 0.5626790383894716
15780.0 0.5626348286830573
15790.0 0.5626790383894716
15800.0 0.5627453529490932
15810.0 0.5627674578023005
15820.0 0.5628116675087149
15830.0 0.562922191774751
15840.0 0.563032716040787
15850.0 0.563032716040787
15860.0 0.563032716040787
15870.0 0.5631874500132374
15880.0 0.5633642888388951
15890.0 0.5634748131049312
15900.0 0.5634969179581383
15910.0 0.5635190228113456
15920.0 0.5636074422241744
15930.0 0.5637621761966247
15940.0 0.5639390150222825
15950.0 0.5639832247286969
15960.0 0.5640053295819041
15970.0 0.5640274344351113
15980.0 0.5641379587011472
15990.0 0.5643369023800122
16000.0 0.5645358460588771
16010.0 0.564624265471706
16020.0 0.5646905800313275
16030.0 0.5647789994441564
16040.000000000002 0.5648895237101924
16050.0 0.5650442576826429
16060.000000000002 0.5652210965083005
16070.0 0.5653979353339581
16080.000000000002 0.5655747741596159
16090.0 0.5656852984256519
16100.000000000002 0.5657958226916879
16110.0 0.56601687122376
16120.000000000002 0.5662158149026248
16130.0 0.5663042343154537
16140.000000000002 0.5663705488750753
16150.0 0.5665694925539402
16160.000000000002 0.5668347507924266
16170.0 0.5671000090309132
16180.000000000002 0.5673210575629852
16190.0 0.5674757915354357
16200.000000000002 0.567608420654679
16210.0 0.5677631546271293
16220.000000000002 0.5679178885995798
16230.0 0.5681168322784448
16240.000000000002 0.5682936711041023
16250.0 0.5684041953701384
16259.999999999998 0.5685589293425889
16270.0 0.5688241875810754
16279.999999999998 0.5690673409663546
16290.0 0.5691557603791836
16299.999999999998 0.5692441797920124
16310.0 0.5694431234708771
16319.999999999998 0.5697083817093637
16330.0 0.5699515350946429
16339.999999999998 0.5701725836267151
16350.0 0.5703494224523727
16359.999999999998 0.5705262612780303
16370.0 0.5707252049568953
16379.999999999998 0.5709462534889673
16390.0 0.5711673020210394
16400.0 0.5713220359934899
16410.0 0.5714104554063186
16420.0 0.5715651893787691
16430.0 0.5718304476172557
16440.0 0.5720957058557421
16450.0 0.5722062301217782
16460.0 0.5722725446813998
16470.0 0.5723830689474358
16480.0 0.572515698066679
16490.0 0.5726483271859223
16500.0 0.57282516601158
16510.0 0.5731346339564809
16520.0 0.5733335776353458
16530.0 0.5733114727821386
16540.0 0.5732672630757241
16550.0 0.5734883116077961
16560.0 0.5737977795526972
16570.0 0.5739746183783547
16580.0 0.5740851426443908
16590.0 0.5741956669104268
16600.0 0.5743946105892918
16610.0 0.5746819736809854
16620.0 0.5748588125066431
16630.0 0.5747924979470214
16640.0 0.5747261833873999
16650.0 0.5749030222130574
16660.0 0.5752124901579584
16670.0 0.5754335386900306
16680.0 0.575499853249652
16690.0 0.5754556435432376
16700.0 0.5754335386900306
16710.0 0.5755661678092737
16720.0 0.5757209017817241
16730.0 0.5757651114881386
16740.0 0.5758093211945531
16750.0 0.5759861600202106
16760.0 0.5761851036990755
16770.0 0.5762956279651116
16780.0 0.5764061522311477
16790.0 0.5765829910568053
16800.0 0.5767819347356702
16810.0 0.5769145638549134
16820.0 0.5770250881209494
16830.0 0.5771577172401927
16840.0 0.5772682415062287
16850.0 0.5773345560658504
16860.0 0.577400870625472
16870.0 0.577511394891508
16880.0 0.5776440240107512
16890.0 0.5777766531299945
16900.0 0.5778650725428233
16910.0 0.5779534919556522
16920.0 0.5781082259281026
16930.0 0.5783513793133819
16940.0 0.5785503229922468
16950.0 0.5785724278454539
16960.0 0.5786387424050756
16970.0 0.5789261054967694
16980.0 0.5791692588820485
16990.0 0.5791471540288414
17000.0 0.5791029443224269
17010.0 0.5793682025609135
17020.0 0.5797218802122287
17030.0 0.5799871384507153
17040.0 0.5800976627167512
17050.0 0.5800976627167512
17060.0 0.5801418724231656
17070.0 0.5803408161020306
17080.0 0.5805839694873098
17090.0 0.5807165986065531
17100.0 0.5808050180193819
17110.0 0.580915542285418
17120.0 0.5810702762578683
17130.0 0.5812471150835261
17140.0 0.5813797442027694
17150.0 0.5814239539091838
17160.0 0.581556583028427
17170.0 0.5819102606797423
17180.0 0.5822639383310577
17190.0 0.5823744625970937
17200.0 0.5823965674503009
17210.0 0.5825291965695442
17220.0 0.5827060353952018
17230.0 0.582838664514445
17240.0 0.5829712936336884
17250.0 0.5831923421657604
17260.0 0.5833912858446253
17270.0 0.5834576004042469
17280.0 0.5835239149638685
17290.0 0.5836344392299045
17300.0 0.583789173202355
17310.0 0.5839881168812199
17320.0 0.5841870605600846
17330.0 0.5843417945325352
17340.0 0.5844965285049857
17350.0 0.5846733673306432
17360.0 0.5848281013030938
17370.0 0.5849165207159226
17380.0 0.5849165207159226
17390.0 0.5848723110095082
17400.0 0.5849165207159226
17410.0 0.585159674101202
17420.0 0.5854470371928955
17430.0 0.585601771165346
17440.0 0.5856680857249676
17450.0 0.585822819697418
17460.0 0.5859554488166613
17470.0 0.5859554488166613
17480.0 0.5859333439634541
17490.0 0.5859775536698686
17500.0 0.586021763376283
17510.0 0.5860438682294901
17520.0 0.5861543924955261
17530.0 0.5863975458808055
17540.0 0.5866185944128776
17550.0 0.5866849089724993
17560.0 0.5866406992660848
17570.0 0.5866406992660848
17580.0 0.586662804119292
17590.0 0.5867291186789136
17600.0 0.5868175380917424
17610.0 0.5869501672109857
17620.0 0.5870164817706074
17630.0 0.5869943769174001
17640.0 0.5869501672109857
17650.0 0.5870385866238145
17660.0 0.5871712157430578
17670.0 0.5872154254494721
17680.0 0.587193320596265
17690.0 0.5871491108898506
17700.0 0.5871049011834362
17710.0 0.5870827963302289
17720.0 0.5871049011834362
17730.0 0.5871049011834362
17740.0 0.5871491108898506
17750.0 0.5872596351558865
17760.0 0.5873701594219226
17770.0 0.5873922642751299
17780.0 0.587414369128337
17790.0 0.5875248933943731
17800.0 0.587635417660409
17810.0 0.587635417660409
17820.0 0.5875691031007875
17830.0 0.5874364739815443
17840.0 0.5873259497155082
17850.0 0.5873480545687154
17860.0 0.5874364739815443
17870.0 0.5875912079539947
17880.0 0.5877680467796523
17890.0 0.5879006758988956
17900.0 0.5879890953117245
17910.0 0.5880333050181389
17920.0 0.5879890953117245
17930.0 0.5879227807521028
17940.0 0.5879669904585172
17950.0 0.5881438292841749
17960.0 0.5882985632566253
17970.0 0.5882764584034181
17980.0 0.5881880389905892
17990.0 0.5882322486970036
18000.0 0.5884090875226614
18010.0 0.5886743457611479
18020.0 0.5888511845868055
18030.0 0.5888732894400128
18040.0 0.5888511845868055
18050.0 0.5888953942932199
18060.0 0.5889838137060488
18070.0 0.5891606525317064
18080.0 0.5893595962105713
18090.0 0.5895364350362289
18100.0 0.5896690641554723
18110.0 0.5897132738618867
18120.0 0.5898016932747155
18130.0 0.5900006369535803
18140.0 0.5902437903388597
18150.0 0.5904427340177245
18160.0 0.5905753631369677
18170.0 0.5906858874030038
18180.0 0.5906858874030038
18190.0 0.5905090485773462
18200.0 0.5903543146048956
18210.0 0.5904869437241389
18220.0 0.5907964116690397
18230.0 0.5911058796139408
18240.0 0.5914153475588416
18250.0 0.5917911300633641
18260.0 0.5921448077146795
18270.0 0.5924321708063731
18280.0 0.5925426950724092
18290.0 0.592520590219202
18300.0 0.592520590219202
18310.0 0.5926974290448597
18320.0 0.5928742678705173
18330.0 0.5928963727237245
18340.0 0.5928963727237245
18350.0 0.5930732115493822
18360.0 0.5933384697878687
18370.0 0.5936258328795625
18380.0 0.593913195971256
18390.0 0.5941342445033282
18400.0 0.5942889784757786
18410.0 0.5943552930354002
18420.0 0.5943552930354002
18430.0 0.5943110833289859
18440.0 0.5942889784757786
18450.0 0.5943552930354002
18460.0 0.5944879221546435
18470.0 0.5945984464206796
18480.0 0.5947752852463372
18490.0 0.5949742289252021
18500.0 0.5950626483380309
18510.0 0.5949300192187876
18520.0 0.5947973900995444
18530.0 0.5949300192187876
18540.0 0.5950847531912381
18550.0 0.5950847531912381
18560.0 0.5950184386316165
18570.0 0.5950847531912381
18580.0 0.5952173823104813
18590.0 0.5953279065765174
18600.0 0.5954163259893462
18610.0 0.595504745402175
18620.0 0.5955931648150039
18630.0 0.5956152696682111
18640.0 0.5954605356957606
18650.0 0.5950847531912381
18660.0 0.59475318039313
18670.0 0.5947310755399228
18680.0 0.5948194949527517
18690.0 0.5947973900995444
18700.0 0.5946647609803012
18710.0 0.5945100270078506
18720.0 0.5945542367142652
18730.0 0.5949521240719948
18740.0 0.595283696870103
18750.0 0.5951952774572742
18760.0 0.5949963337784092
18770.0 0.5950626483380309
18780.0 0.5951510677508598
18790.0 0.5949963337784092
18800.0 0.5948415998059587
18810.0 0.594863704659166
18820.0 0.5949079143655804
18830.0 0.5947973900995444
18840.0 0.5946647609803012
18850.0 0.594642656127094
18860.0 0.594642656127094
18870.0 0.5945984464206796
18880.0 0.5944879221546435
18890.0 0.5943995027418146
18900.0 0.5944216075950218
18910.0 0.5945984464206796
18920.0 0.5945763415674723
18930.0 0.5941342445033282
18940.0 0.5936700425859769
18950.0 0.5935374134667335
18960.0 0.5934932037603191
18970.0 0.5932721552282471
18980.0 0.5930953164025894
18990.0 0.5932279455218327
19000.0 0.5934268892006975
19010.0 0.5934047843474903
19020.0 0.5933163649346614
19030.0 0.5933163649346614
19040.0 0.5934047843474903
19050.0 0.5934489940539047
19060.0 0.5933384697878687
19070.0 0.5930290018429678
19080.0 0.5926974290448597
19090.0 0.5925426950724092
19100.0 0.592520590219202
19110.0 0.5926311144852381
19120.0 0.5926974290448597
19130.0 0.5926753241916525
19140.0 0.5925869047788237
19150.0 0.5925647999256164
19160.0 0.5924763805127876
19170.0 0.5922332271275083
19180.0 0.5918574446229858
19190.0 0.5914816621184633
19200.0 0.5913932427056343
19210.0 0.5918132349165713
19220.0 0.5922553319807156
19230.0 0.5922553319807156
19240.0 0.5920342834486435
19250.0 0.591879549476193
19260.0 0.591658500944121
19270.0 0.5912164038799768
19280.0 0.590929040788283
19290.0 0.5911279844671479
19300.0 0.5915037669716704
19310.0 0.591658500944121
19320.0 0.5915037669716704
19330.0 0.5911721941735624
19340.0 0.5908627262286614
19350.0 0.5908627262286614
19360.0 0.590929040788283
19370.0 0.5908848310818686
19380.0 0.5907964116690397
19390.0 0.5907964116690397
19400.0 0.590929040788283
19410.0 0.5911500893203552
19420.0 0.5912606135863911
19430.0 0.5911058796139408
19440.0 0.5907743068158327
19450.0 0.5905090485773462
19460.0 0.5903985243113101
19470.0 0.5904869437241389
19480.0 0.5905532582837606
19490.0 0.5904427340177245
19500.0 0.5903543146048956
19510.0 0.5905532582837606
19520.0 0.590818516522247
19530.0 0.5909069359350758
19540.0 0.5909069359350758
19550.0 0.5909511456414903
19560.0 0.5910837747607335
19570.0 0.591238508733184
19580.0 0.5912606135863911
19590.0 0.5910616699075263
19600.0 0.5909511456414903
19610.0 0.5912606135863911
19620.0 0.5915700815312921
19630.0 0.5914816621184633
19640.0 0.5912827184395983
19650.0 0.5913490329992199
19660.0 0.5915479766780849
19670.0 0.5917248155037425
19680.0 0.5918574446229858
19690.0 0.5919679688890218
19700.0 0.591990073742229
19710.0 0.5919016543294002
19720.0 0.5918574446229858
19730.0 0.5920121785954362
19740.0 0.5921005980082651
19750.0 0.5919679688890218
19760.0 0.5917911300633641
19770.0 0.5918132349165713
19780.0 0.591990073742229
19790.0 0.5921227028614723
19800.0 0.5922332271275083
19810.0 0.5922774368339226
19820.0 0.59229954168713
19830.0 0.5923658562467516
19840.0 0.5923658562467516
19850.0 0.5922553319807156
19860.0 0.5921448077146795
19870.0 0.5921448077146795
19880.0 0.5921669125678867
19890.0 0.5921005980082651
19900.0 0.591990073742229
19910.0 0.5918574446229858
19920.0 0.5915258718248777
19930.0 0.590597467990175
19940.0 0.5882101438437966
19950.0 0.5828607693676523
19960.0 0.5720072864429132
19970.0 0.5524887010609489
19980.0 0.5213650677452005
19990.0 0.47653642544098335
20000.0 0.41758278193736037
20010.0 0.3473114535916471
20019.999999999996 0.27193390415506896
20030.0 0.1990542031309052
20040.0 0.13534801618773265
20050.0 0.08508157999454238
20059.999999999996 0.049227508092451515
20070.0 0.026127936490919483
20080.0 0.012688185740937212
20090.0 0.005614632714630752
20099.999999999996 0.002276799880342392
20110.0 0.000839984421873892
20120.0 0.0002873630916936999
20130.0 8.841941282883074e-05
20139.999999999996 2.2104853207207685e-05
20150.0 0.0
