mejiro/data/filter_responses/RomanSCA03-F129.ecsv
# %ECSV 1.0
# ---
# datatype:
# - {name: wavelength, unit: Angstrom, datatype: float64}
# - {name: response, datatype: float64}
# meta:
#   __serialized_columns__:
#     wavelength:
#       __class__: astropy.units.quantity.Quantity
#       unit: !astropy.units.Unit {unit: Angstrom}
#       value: !astropy.table.SerializedColumn {name: wavelength}
#   band_name: F129
#   group_name: RomanSCA03
# schema: astropy-2.0
wavelength response
11160.000000000002 0.0
11170.0 2.2104853207207685e-05
11180.000000000002 0.0001547339724504538
11190.0 0.0007073553026306459
11200.000000000002 0.002741001797693753
11210.0 0.008952465548919113
11220.000000000002 0.024602701619622153
11230.0 0.057207360100253485
11240.000000000002 0.11337579209976822
11250.0 0.19330694129703122
11259.999999999998 0.28738519654690714
11270.0 0.37900981309078297
11279.999999999998 0.4528400228028566
11290.0 0.5020012163356865
11299.999999999998 0.5291017663677232
11310.0 0.5414804841637595
11319.999999999998 0.5461888178968947
11330.0 0.5476256333553632
11339.999999999998 0.5479793110066785
11350.0 0.5480677304195074
11359.999999999998 0.5480677304195074
11370.0 0.5480456255663001
11379.999999999998 0.5480235207130929
11390.0 0.5481119401259218
11399.999999999998 0.5482224643919579
11410.0 0.5483329886579938
11419.999999999998 0.548355093511201
11430.0 0.5483108838047867
11439.999999999998 0.548244569245165
11450.0 0.5483108838047867
11459.999999999998 0.5483771983644082
11470.0 0.5484214080708226
11480.0 0.5483993032176155
11490.0 0.548355093511201
11500.0 0.548355093511201
11510.0 0.548355093511201
11520.0 0.5483329886579938
11530.0 0.5482666740983723
11540.0 0.548244569245165
11550.0 0.5483329886579938
11560.0 0.5483993032176155
11570.0 0.5482887789515795
11580.0 0.5481782546855435
11590.0 0.5481782546855435
11600.0 0.548244569245165
11610.0 0.5482666740983723
11620.0 0.5482224643919579
11630.0 0.5481119401259218
11640.0 0.5480014158598857
11650.0 0.5479793110066785
11660.0 0.5479793110066785
11670.0 0.5479351013002641
11680.0 0.5479351013002641
11690.0 0.5480014158598857
11700.0 0.5480235207130929
11710.0 0.5478687867406424
11720.0 0.5476698430617776
11730.0 0.5475593187957416
11740.0 0.5475151090893272
11750.0 0.5474708993829128
11760.0 0.5474266896764983
11770.0 0.5473603751168767
11780.0 0.5473382702636695
11790.0 0.5474266896764983
11800.0 0.5474930042361199
11810.0 0.5474266896764983
11820.0 0.5473161654104622
11830.0 0.5472719557040479
11840.0 0.5472498508508407
11850.0 0.5471393265848047
11860.0 0.5469845926123542
11870.0 0.5468298586399037
11880.0 0.5467193343738677
11890.0 0.5467414392270749
11900.0 0.5466972295206605
11910.0 0.5465203906950028
11920.0 0.5463656567225523
11930.0 0.5463214470161379
11940.0 0.5462772373097234
11950.0 0.5461225033372731
11960.0 0.5459456645116154
11970.0 0.5459014548052009
11980.0 0.5458793499519938
11990.0 0.5457467208327506
12000.0 0.5455698820070929
12010.0 0.545481462594264
12020.0 0.5454372528878496
12030.0 0.5453488334750207
12040.0 0.5452825189153993
12050.0 0.545260414062192
12060.0 0.5452162043557776
12070.0 0.5450393655301199
12080.0 0.5447962121448406
12090.0 0.5445751636127686
12100.0 0.5444425344935253
12110.0 0.544420429640318
12120.0 0.5443320102274892
12130.0 0.5441330665486244
12140.0 0.5439120180165523
12150.0 0.5438014937505163
12160.0 0.5438014937505163
12170.0 0.5438014937505163
12180.0 0.5437130743376875
12190.0 0.5435141306588226
12200.0 0.5433151869799577
12210.0 0.5432709772735432
12220.0 0.5432709772735432
12230.0 0.5431383481543001
12240.0 0.5430057190350568
12250.0 0.5429394044754352
12260.0 0.5428951947690207
12270.0 0.5427625656497775
12280.0 0.5426078316773271
12290.000000000002 0.5425415171177055
12300.0 0.5424752025580838
12310.000000000002 0.5422983637324261
12320.0 0.5420994200535613
12330.000000000002 0.5419446860811109
12340.0 0.5418341618150748
12350.000000000002 0.5417236375490387
12360.0 0.5416131132830028
12370.000000000002 0.541436274457345
12380.0 0.5413478550445162
12390.000000000002 0.5413478550445162
12400.0 0.541325750191309
12410.000000000002 0.541104701659237
12420.0 0.5409057579803721
12430.000000000002 0.5409278628335792
12440.0 0.5409499676867865
12450.000000000002 0.540795233714336
12460.0 0.540574185182264
12470.000000000002 0.5405078706226423
12480.0 0.5405299754758496
12490.000000000002 0.5405078706226423
12500.0 0.5404415560630207
12509.999999999998 0.5403531366501919
12520.0 0.5402426123841558
12529.999999999998 0.540154192971327
12540.0 0.5401099832649126
12549.999999999998 0.5401320881181197
12560.0 0.540154192971327
12569.999999999998 0.5401099832649126
12580.0 0.5399773541456694
12589.999999999998 0.5397784104668044
12600.0 0.5396457813475612
12609.999999999998 0.5397120959071829
12620.0 0.5398005153200117
12629.999999999998 0.5398005153200117
12640.0 0.5397563056135973
12649.999999999998 0.5397563056135973
12660.0 0.53973420076039
12669.999999999998 0.5396015716411469
12680.0 0.5394910473751108
12689.999999999998 0.5394689425219036
12700.0 0.539513152228318
12709.999999999998 0.5395352570815252
12720.0 0.5395794667879396
12730.0 0.5396457813475612
12740.0 0.5396678862007684
12750.0 0.539513152228318
12760.0 0.5393805231090748
12770.0 0.5394910473751108
12780.0 0.5396678862007684
12790.0 0.5397784104668044
12800.0 0.53973420076039
12810.0 0.5396015716411469
12820.0 0.5394910473751108
12830.0 0.5395352570815252
12840.0 0.5396678862007684
12850.0 0.5397784104668044
12860.0 0.5398447250264261
12870.0 0.5398447250264261
12880.0 0.5398226201732189
12890.0 0.5398668298796333
12900.0 0.5399552492924621
12910.0 0.5400215638520838
12920.0 0.5400657735584982
12930.0 0.5400657735584982
12940.0 0.5400878784117054
12950.0 0.5401762978245342
12960.0 0.540264717237363
12970.0 0.540264717237363
12980.0 0.540264717237363
12990.0 0.5403973463566063
13000.0 0.5405520803290567
13010.0 0.5405962900354712
13020.0 0.5405962900354712
13030.0 0.5405962900354712
13040.0 0.5406183948886784
13050.0 0.5407289191547144
13060.0 0.5408615482739577
13070.0 0.5410383870996153
13080.0 0.5411489113656514
13090.0 0.5412152259252729
13100.0 0.5413699598977234
13110.0 0.5416573229894172
13120.0 0.5419004763746964
13130.0 0.5418783715214892
13140.0 0.5417899521086604
13150.0 0.5418341618150748
13160.0 0.5419888957875253
13170.0 0.5421436297599757
13180.0 0.5422762588792189
13190.0 0.5423204685856333
13200.0 0.5423646782920477
13210.0 0.5424752025580838
13220.0 0.5426299365305343
13230.0 0.5427625656497775
13240.0 0.5428730899158136
13250.0 0.5429836141818496
13260.0 0.5430720335946784
13270.0 0.5432046627139216
13280.0 0.5432930821267505
13290.0 0.5433372918331649
13300.0 0.5433815015395793
13310.0 0.543558340365237
13320.0 0.543757284044102
13330.0 0.5439341228697595
13340.0 0.5440225422825884
13350.0 0.5440446471357955
13360.0 0.5441109616954172
13370.0 0.544309905374282
13380.0 0.5444425344935253
13390.0 0.5443983247871109
13400.0 0.544309905374282
13410.0 0.5443541150806965
13420.0 0.5444867441999397
13430.0 0.5446414781723902
13440.0 0.5447741072916334
13450.0 0.5448846315576694
13460.0 0.5449730509704982
13470.0 0.5450835752365343
13480.0 0.5451719946493632
13490.0 0.5452383092089848
13500.0 0.545260414062192
13510.0 0.5452825189153993
13520.0 0.545260414062192
13530.0 0.5452162043557776
13540.000000000002 0.5452162043557776
13550.0 0.5453046237686063
13560.000000000002 0.5453267286218136
13570.0 0.5452383092089848
13580.000000000002 0.5451719946493632
13590.0 0.545260414062192
13600.000000000002 0.545370938328228
13610.0 0.5453046237686063
13620.000000000002 0.5451719946493632
13630.0 0.5450835752365343
13640.000000000002 0.5450172606769127
13650.0 0.5449730509704982
13660.000000000002 0.5449730509704982
13670.0 0.5450614703833272
13680.000000000002 0.545149889796156
13690.0 0.545149889796156
13700.000000000002 0.5450835752365343
13710.0 0.5449951558237055
13720.000000000002 0.5449288412640838
13730.0 0.5448846315576694
13740.000000000002 0.5448846315576694
13750.0 0.5448846315576694
13759.999999999998 0.5449067364108767
13770.0 0.5449067364108767
13779.999999999998 0.544840421851255
13790.0 0.5447298975852191
13799.999999999998 0.544619373319183
13810.0 0.5445530587595613
13819.999999999998 0.5445088490531469
13830.0 0.544420429640318
13839.999999999998 0.5442878005210748
13850.0 0.5440667519890028
13859.999999999998 0.5438899131633451
13870.0 0.5438678083101379
13879.999999999998 0.5438899131633451
13890.0 0.5438014937505163
13899.999999999998 0.543779388897309
13910.0 0.5439562277229667
13919.999999999998 0.54408885684221
13930.0 0.5440004374293811
13939.999999999998 0.5438014937505163
13950.0 0.5436909694844803
13959.999999999998 0.5436909694844803
13970.0 0.543757284044102
13980.0 0.543779388897309
13990.0 0.5436246549248586
14000.0 0.5434036063927865
14010.0 0.543248872420336
14020.0 0.5432046627139216
14030.0 0.543248872420336
14040.0 0.543248872420336
14050.0 0.5431825578607145
14060.0 0.543027823888264
14070.0 0.5428509850626063
14080.0 0.5426962510901558
14090.0 0.5425636219709126
14100.0 0.5423646782920477
14110.0 0.5420773152003541
14120.0 0.5418341618150748
14130.0 0.5417899521086604
14140.0 0.5417899521086604
14150.0 0.5416573229894172
14160.0 0.541436274457345
14170.0 0.5412815404848946
14180.0 0.5412152259252729
14190.0 0.5412373307784802
14200.0 0.5412815404848946
14210.0 0.5412594356316873
14220.0 0.5413478550445162
14230.0 0.5416573229894172
14240.0 0.5420552103471469
14250.0 0.5423425734388405
14260.0 0.5424752025580838
14270.0 0.5424752025580838
14280.0 0.5424530977048766
14290.0 0.5425194122644982
14300.0 0.5426299365305343
14310.0 0.5426962510901558
14320.0 0.5427404607965702
14330.0 0.5427846705029846
14340.0 0.5428288802093992
14350.0 0.542917299622228
14360.0 0.5430057190350568
14370.0 0.5430720335946784
14380.0 0.5430720335946784
14390.0 0.543027823888264
14400.0 0.543027823888264
14410.0 0.5431162433010928
14420.0 0.5431383481543001
14430.0 0.5427183559433632
14440.0 0.5411268065124442
14450.0 0.5366616261645882
14460.0 0.5260512966251285
14470.0 0.5044106453352721
14480.0 0.4663681929656677
14490.0 0.4087629455076845
14500.0 0.33378328342883606
14510.0 0.2498953655074829
14520.0 0.1691684415947604
14530.0 0.1024117849089932
14540.0 0.054974769926325516
14550.0 0.025995307371676237
14560.0 0.010765063511910143
14570.0 0.0038904541644685527
14580.0 0.0012157669263964225
14590.0 0.00033157279810811527
14600.0 8.841941282883074e-05
14610.0 2.2104853207207685e-05
14620.0 0.0
