mejiro/data/filter_responses/RomanSCA09-F158.ecsv
# %ECSV 1.0
# ---
# datatype:
# - {name: wavelength, unit: Angstrom, datatype: float64}
# - {name: response, datatype: float64}
# meta:
#   __serialized_columns__:
#     wavelength:
#       __class__: astropy.units.quantity.Quantity
#       unit: !astropy.units.Unit {unit: Angstrom}
#       value: !astropy.table.SerializedColumn {name: wavelength}
#   band_name: F158
#   group_name: RomanSCA09
# schema: astropy-2.0
wavelength response
13650.0 0.0
13660.000000000002 2.2104853207207685e-05
13670.0 8.841941282883074e-05
13680.000000000002 0.0002652582384864922
13690.0 0.0007294601558378536
13700.000000000002 0.0018568076694054454
13710.0 0.0043325512286127065
13720.000000000002 0.009394562613063267
13730.0 0.018855439785748156
13740.000000000002 0.035036192333424185
13750.0 0.06043466866850581
13759.999999999998 0.09699609587322733
13770.0 0.1452730952777689
13779.999999999998 0.2036962223044188
13790.0 0.26855186161436617
13799.999999999998 0.33457905814429556
13810.0 0.39625159859240494
13819.999999999998 0.4491043026108385
13830.0 0.4905730072275602
13839.999999999998 0.5203703493508761
13850.0 0.539933144439255
13859.999999999998 0.5517813457583183
13870.0 0.558457011426895
13879.999999999998 0.5618832636740122
13890.0 0.5634084985453095
13899.999999999998 0.5641158538479402
13910.0 0.5646021606184987
13919.999999999998 0.5648895237101924
13930.0 0.5648674188569852
13939.999999999998 0.5647126848845347
13950.0 0.564624265471706
13959.999999999998 0.564646370324913
13970.0 0.5647789994441564
13980.0 0.5648232091505708
13990.0 0.5646905800313275
14000.0 0.5644916363524627
14010.0 0.5643811120864266
14020.0 0.5643590072332194
14030.0 0.564425321792841
14040.0 0.5644474266460483
14050.0 0.5644032169396339
14060.0 0.5642705878203906
14070.0 0.5641158538479402
14080.0 0.5639611198754897
14090.0 0.5638505956094537
14100.0 0.5636737567837959
14110.0 0.5633642888388951
14120.0 0.5631432403068231
14130.0 0.5631211354536158
14140.0 0.5631432403068231
14150.0 0.5630106111875798
14160.0 0.5627895626555076
14170.0 0.5626348286830573
14180.0 0.5625685141234356
14190.0 0.56261272382985
14200.0 0.5626569335362644
14210.0 0.5626569335362644
14220.0 0.5627453529490932
14230.0 0.5630769257472014
14240.0 0.5634748131049312
14250.0 0.563784281049832
14260.0 0.5639169101690753
14270.0 0.5639169101690753
14280.0 0.5638948053158681
14290.0 0.5639611198754897
14300.0 0.5640937489947329
14310.0 0.5641379587011472
14320.0 0.5641821684075617
14330.0 0.5642042732607689
14340.0 0.5642705878203906
14350.0 0.5643590072332194
14360.0 0.564425321792841
14370.0 0.5644695314992554
14380.0 0.5644695314992554
14390.0 0.564425321792841
14400.0 0.564425321792841
14410.0 0.5645358460588771
14420.0 0.5646905800313275
14430.0 0.5647568945909491
14440.0 0.5647568945909491
14450.0 0.5646905800313275
14460.0 0.564646370324913
14470.0 0.5646684751781204
14480.0 0.5647347897377419
14490.0 0.564845314003778
14500.0 0.564955838269814
14510.0 0.5650884673890573
14520.0 0.565154781948679
14530.0 0.5651105722422646
14540.0 0.5650884673890573
14550.0 0.565154781948679
14560.0 0.5652432013615077
14570.0 0.5652874110679221
14580.0 0.5653316207743366
14590.0 0.5654642498935798
14600.0 0.5655747741596159
14610.0 0.5655968790128231
14620.0 0.5656189838660303
14630.0 0.5656852984256519
14640.0 0.5657516129852735
14650.0 0.5657516129852735
14660.0 0.5657516129852735
14670.0 0.5658621372513095
14680.0 0.56601687122376
14690.0 0.5661495003430033
14700.0 0.5662158149026248
14710.0 0.5661716051962105
14720.0 0.5661716051962105
14730.0 0.5663042343154537
14740.0 0.5664810731411114
14750.0 0.5665694925539402
14760.0 0.5666137022603546
14770.0 0.5667021216731835
14780.0 0.5667905410860122
14790.000000000002 0.566878960498841
14800.0 0.5669894847648771
14810.000000000002 0.5671442187373276
14820.0 0.5672768478565708
14830.000000000002 0.5673210575629852
14840.0 0.5673652672693996
14850.000000000002 0.5674757915354357
14860.0 0.5675863158014717
14870.000000000002 0.5676747352143006
14880.0 0.567718944920715
14890.000000000002 0.5677631546271293
14900.0 0.5678515740399582
14910.000000000002 0.5679842031592015
14920.0 0.5680947274252375
14930.000000000002 0.5681610419848592
14940.0 0.568249461397688
14950.000000000002 0.5684263002233456
14960.0 0.5686031390490033
14970.000000000002 0.5687136633150394
14980.0 0.5687578730214538
14990.000000000002 0.568779977874661
15000.0 0.5688241875810754
15009.999999999998 0.5689568167003186
15020.0 0.5691336555259763
15029.999999999998 0.5692883894984268
15040.0 0.56942101861767
15049.999999999998 0.5695757525901205
15060.0 0.5697083817093637
15069.999999999998 0.5698410108286069
15080.0 0.5699294302414357
15089.999999999998 0.5699294302414357
15100.0 0.5699736399478502
15109.999999999998 0.5701283739203007
15120.0 0.5703715273055798
15129.999999999998 0.5705704709844448
15140.0 0.570703100103688
15149.999999999998 0.5707473098101024
15160.0 0.5707694146633097
15169.999999999998 0.570813624369724
15180.0 0.5708799389293456
15189.999999999998 0.5709462534889673
15200.0 0.5710567777550034
15209.999999999998 0.5711894068742466
15220.0 0.5712999311402825
15230.0 0.5714104554063186
15240.0 0.5715209796723547
15250.0 0.571653608791598
15260.0 0.5718083427640485
15270.0 0.5719630767364988
15280.0 0.5720736010025349
15290.0 0.5721178107089493
15300.0 0.5722062301217782
15310.0 0.572405173800643
15320.0 0.5725820126263007
15330.0 0.5726262223327151
15340.0 0.5726262223327151
15350.0 0.5726704320391295
15360.0 0.5727588514519584
15370.0 0.57282516601158
15380.0 0.5729356902776159
15390.0 0.5731125291032736
15400.0 0.5732893679289314
15410.0 0.5733335776353458
15420.0 0.5733114727821386
15430.0 0.5732893679289314
15440.0 0.573355682488553
15450.0 0.5735546261674178
15460.0 0.5737756746994899
15470.0 0.573886198965526
15480.0 0.5739525135251475
15490.0 0.5740630377911836
15500.0 0.5741293523508052
15510.0 0.5741293523508052
15520.0 0.5741293523508052
15530.0 0.5742177717636341
15540.0 0.5743282960296701
15550.0 0.5744167154424988
15560.0 0.5744167154424988
15570.0 0.5743725057360844
15580.0 0.5743725057360844
15590.0 0.5745272397085349
15600.0 0.5746598688277782
15610.0 0.574637763974571
15620.0 0.574637763974571
15630.0 0.5748367076534359
15640.0 0.5750356513323007
15650.0 0.5750798610387151
15660.0 0.5750356513323007
15670.0 0.5750577561855079
15680.0 0.575168280451544
15690.0 0.5753451192772016
15700.0 0.5754556435432376
15710.0 0.5753672241304089
15720.0 0.5753009095707872
15730.0 0.5754335386900306
15740.0 0.5756545872221026
15750.0 0.5757651114881386
15760.0 0.5757872163413458
15770.0 0.5757430066349314
15780.0 0.575698796928517
15790.0 0.5757430066349314
15800.0 0.5758093211945531
15810.0 0.5758535309009675
15820.0 0.5758977406073819
15830.0 0.5760303697266251
15840.0 0.5761408939926611
15850.0 0.5761408939926611
15860.0 0.5761408939926611
15870.0 0.5762956279651116
15880.0 0.5764945716439764
15890.0 0.5765829910568053
15900.0 0.5766272007632197
15910.0 0.5766493056164268
15920.0 0.5767156201760485
15930.0 0.5768924590017062
15940.0 0.5770692978273638
15950.0 0.5771356123869854
15960.0 0.5771356123869854
15970.0 0.5771577172401927
15980.0 0.5772682415062287
15990.0 0.5774671851850935
16000.0 0.5776661288639585
16010.0 0.5777545482767873
16020.0 0.5777987579832017
16030.0 0.5778871773960306
16040.000000000002 0.5779977016620665
16050.0 0.578152435634517
16060.000000000002 0.5783071696069675
16070.0 0.5785061132858323
16080.000000000002 0.5786608472582828
16090.0 0.5787492666711116
16100.000000000002 0.5788597909371477
16110.0 0.5790808394692197
16120.000000000002 0.5792576782948774
16130.0 0.5793460977077062
16140.000000000002 0.5794124122673279
16150.0 0.5795892510929855
16160.000000000002 0.5798545093314721
16170.0 0.5800976627167512
16180.000000000002 0.5803187112488234
16190.0 0.5804734452212738
16200.000000000002 0.580606074340517
16210.0 0.5807387034597603
16220.000000000002 0.5808934374322108
16230.0 0.5810702762578683
16240.000000000002 0.5812471150835261
16250.0 0.581335534496355
16259.999999999998 0.5814902684688054
16270.0 0.5817334218540846
16279.999999999998 0.5819544703861567
16290.0 0.5820428897989857
16299.999999999998 0.5821092043586071
16310.0 0.5823081480374721
16319.999999999998 0.5825734062759585
16330.0 0.5828165596612378
16339.999999999998 0.5830376081933099
16350.0 0.5831923421657604
16359.999999999998 0.583369180991418
16370.0 0.583568124670283
16379.999999999998 0.583789173202355
16390.0 0.5839881168812199
16400.0 0.5841428508536702
16410.0 0.5842533751197063
16420.0 0.5843860042389496
16430.0 0.584651262477436
16440.0 0.5849165207159226
16450.0 0.5850270449819586
16460.0 0.5850933595415803
16470.0 0.5852038838076163
16480.0 0.5853365129268595
16490.0 0.5854691420461028
16500.0 0.5856459808717605
16510.0 0.5859775536698686
16520.0 0.5861986022019406
16530.0 0.5861543924955261
16540.0 0.5861322876423191
16550.0 0.5863533361743911
16560.0 0.5866849089724993
16570.0 0.586883852651364
16580.0 0.5869943769174001
16590.0 0.5871049011834362
16600.0 0.5873259497155082
16610.0 0.587635417660409
16620.0 0.587834361339274
16630.0 0.5877680467796523
16640.0 0.5877017322200307
16650.0 0.5879006758988956
16660.0 0.5882322486970036
16670.0 0.588475402082283
16680.0 0.5885417166419047
16690.0 0.5885196117886974
16700.0 0.5884975069354902
16710.0 0.5886743457611479
16720.0 0.5888511845868055
16730.0 0.5888953942932199
16740.0 0.5889396039996343
16750.0 0.5891385476784993
16760.0 0.5893595962105713
16770.0 0.5894922253298145
16780.0 0.5896027495958506
16790.0 0.5898237981279226
16800.0 0.5900448466599947
16810.0 0.5901774757792381
16820.0 0.5903101048984812
16830.0 0.5904427340177245
16840.0 0.5905753631369677
16850.0 0.5906637825497966
16860.0 0.5907300971094183
16870.0 0.5908627262286614
16880.0 0.5910174602011119
16890.0 0.5911500893203552
16900.0 0.5912606135863911
16910.0 0.5913490329992199
16920.0 0.5915037669716704
16930.0 0.591769025210157
16940.0 0.5919679688890218
16950.0 0.5920121785954362
16960.0 0.5920784931550579
16970.0 0.5923879610999587
16980.0 0.5926311144852381
16990.0 0.5926090096320308
17000.0 0.5925647999256164
17010.0 0.592830058164103
17020.0 0.5932058406686255
17030.0 0.5934489940539047
17040.0 0.5935595183199408
17050.0 0.5935595183199408
17060.0 0.5936037280263552
17070.0 0.59380267170522
17080.0 0.5940237202372921
17090.0 0.5941563493565354
17100.0 0.5942447687693642
17110.0 0.5943552930354002
17120.0 0.5945100270078506
17130.0 0.5946647609803012
17140.0 0.5947752852463372
17150.0 0.5948194949527517
17160.0 0.5949521240719948
17170.0 0.5953058017233102
17180.0 0.5956594793746255
17190.0 0.5957478987874544
17200.0 0.5957478987874544
17210.0 0.5958805279066975
17220.0 0.5960573667323552
17230.0 0.5961678909983913
17240.0 0.5963005201176346
17250.0 0.5965215686497066
17260.0 0.5966984074753642
17270.0 0.5967647220349859
17280.0 0.5968089317414003
17290.0 0.5969194560074363
17300.0 0.5970741899798867
17310.0 0.5972731336587517
17320.0 0.5974499724844093
17330.0 0.5976047064568598
17340.0 0.5977594404293103
17350.0 0.597958384108175
17360.0 0.5981131180806255
17370.0 0.5982015374934544
17380.0 0.5982015374934544
17390.0 0.5981352229338328
17400.0 0.5981794326402472
17410.0 0.5984446908787336
17420.0 0.5987320539704274
17430.0 0.5988867879428778
17440.0 0.5989752073557068
17450.0 0.5991299413281571
17460.0 0.5992625704474003
17470.0 0.5992846753006076
17480.0 0.5992625704474003
17490.0 0.5993067801538148
17500.0 0.5993951995666436
17510.0 0.599439409273058
17520.0 0.599549933539094
17530.0 0.5998151917775805
17540.0 0.6000583451628598
17550.0 0.6001467645756886
17560.0 0.6001467645756886
17570.0 0.6001688694288959
17580.0 0.6002130791353103
17590.0 0.6002793936949319
17600.0 0.600389917960968
17610.0 0.6004783373737967
17620.0 0.6004120228141752
17630.0 0.6000583451628598
17640.0 0.5993509898602292
17650.0 0.5981352229338328
17660.0 0.5958363182002832
17670.0 0.5917027106505354
17680.0 0.5848281013030938
17690.0 0.574107247497598
17700.0 0.5583464871608589
17710.0 0.5363521582196873
17720.0 0.5071737519861731
17730.0 0.4704575908090011
17740.0 0.4265794571926939
17750.0 0.37684353747647664
17760.0 0.32328347815541236
17770.0 0.26846344220153734
17780.0 0.21532337509141006
17790.0 0.16642743979706667
17800.0 0.1236987585475342
17810.0 0.08824257400317308
17820.0 0.060346249255676984
17830.0 0.039501372681280136
17840.0 0.0247353307388654
17850.0 0.014788146795621942
17860.0 0.008444053925153336
17870.0 0.004597809467099198
17880.0 0.0023873241463784303
17890.0 0.0011936620731892152
17900.0 0.0005526213301801921
17910.0 0.00024315338527928454
17920.0 0.00011052426603603843
17930.0 4.420970641441537e-05
17940.0 2.2104853207207685e-05
17950.0 0.0
