mejiro/data/filter_responses/RomanSCA10-F184.ecsv
# %ECSV 1.0
# ---
# datatype:
# - {name: wavelength, unit: Angstrom, datatype: float64}
# - {name: response, datatype: float64}
# meta:
#   __serialized_columns__:
#     wavelength:
#       __class__: astropy.units.quantity.Quantity
#       unit: !astropy.units.Unit {unit: Angstrom}
#       value: !astropy.table.SerializedColumn {name: wavelength}
#   band_name: F184
#   group_name: RomanSCA10
# schema: astropy-2.0
wavelength response
16680.0 0.0
16690.0 2.2104853207207685e-05
16700.0 4.420970641441537e-05
16710.0 0.0001326291192432461
16720.0 0.00037578250452253065
16730.0 0.0009284038347027227
16740.0 0.0021441707610991454
16750.0 0.004642019173513614
16760.0 0.009372457759856059
16770.0 0.01766177771255894
16780.0 0.031234157581784463
16790.0 0.051813775917694815
16800.0 0.08081534332555129
16810.0 0.1187693762823269
16820.0 0.16488010007256212
16830.0 0.216914924522329
16840.0 0.27144759738451035
16850.0 0.32449924508180883
16860.0 0.3724225668350351
16870.0 0.4126976093785675
16880.0 0.44410860578600964
16890.0 0.46685449973622634
16900.0 0.4821731630088212
16910.0 0.49172245959433497
16920.0 0.49733709230896567
16930.0 0.5004759814643892
16940.0 0.5021117406017226
16950.0 0.5027969910511461
16960.0 0.5031285638492541
16970.0 0.5034822415005694
16980.0 0.5037253948858488
16990.0 0.5036811851794343
17000.0 0.5036369754730199
17010.0 0.5038359191518847
17020.0 0.5041453870967857
17030.0 0.5043664356288577
17040.0 0.5044327501884794
17050.0 0.5044327501884794
17060.0 0.5044548550416865
17070.0 0.504609589014137
17080.0 0.504808532693002
17090.0 0.5049190569590379
17100.0 0.5050074763718668
17110.0 0.5050958957846956
17120.0 0.5052285249039389
17130.0 0.5053611540231822
17140.0 0.5054716782892181
17150.0 0.5055158879956326
17160.0 0.5056264122616686
17170.0 0.5059579850597767
17180.0 0.5062453481514704
17190.0 0.5063337675642993
17200.0 0.5063558724175065
17210.0 0.5064885015367497
17220.0 0.5066653403624074
17230.0 0.5067758646284435
17240.0 0.5069084937476867
17250.0 0.5070853325733443
17260.0 0.507262171399002
17270.0 0.5073505908118308
17280.0 0.5074169053714525
17290.0 0.5075053247842812
17300.0 0.5076600587567317
17310.0 0.5078590024355966
17320.0 0.5080358412612542
17330.0 0.5081905752337047
17340.0 0.5083232043529479
17350.0 0.5085000431786055
17360.0 0.508654777151056
17370.0 0.5087431965638849
17380.0 0.5087653014170921
17390.0 0.5087431965638849
17400.0 0.5087874062702993
17410.0 0.5090305596555785
17420.0 0.5092958178940651
17430.0 0.5094284470133084
17440.0 0.5095168664261371
17450.0 0.5096716003985876
17460.0 0.5098042295178308
17470.0 0.5098263343710381
17480.0 0.5098263343710381
17490.0 0.5098705440774525
17500.0 0.5099368586370742
17510.0 0.5099810683434886
17520.0 0.5100915926095245
17530.0 0.5103126411415967
17540.0 0.5105336896736687
17550.0 0.5106000042332903
17560.0 0.5106000042332903
17570.0 0.5106221090864975
17580.0 0.5106663187929119
17590.0 0.5107326333525336
17600.0 0.5108431576185696
17610.0 0.5109757867378129
17620.0 0.5110421012974345
17630.0 0.5110421012974345
17640.0 0.5110199964442272
17650.0 0.5111305207102633
17660.0 0.5112410449762994
17670.0 0.511307359535921
17680.0 0.511307359535921
17690.0 0.5112852546827138
17700.0 0.5112631498295066
17710.0 0.5112852546827138
17720.0 0.511307359535921
17730.0 0.511307359535921
17740.0 0.5113736740955426
17750.0 0.5115063032147859
17760.0 0.5116168274808218
17770.0 0.5116389323340291
17780.0 0.5116831420404435
17790.0 0.5117936663064796
17800.0 0.5118820857193084
17810.0 0.5119041905725156
17820.0 0.5118599808661012
17830.0 0.5117494566000652
17840.0 0.5116831420404435
17850.0 0.5117052468936507
17860.0 0.5117936663064796
17870.0 0.5119262954257228
17880.0 0.5120810293981732
17890.0 0.5122357633706237
17900.0 0.5123241827834525
17910.0 0.5123462876366598
17920.0 0.5123241827834525
17930.0 0.5122799730770381
17940.0 0.5123020779302453
17950.0 0.5124568119026958
17960.0 0.5126115458751462
17970.0 0.512589441021939
17980.0 0.5125010216091102
17990.0 0.5125452313155247
18000.0 0.5127220701411823
18010.0 0.5129210138200471
18020.0 0.5130757477924975
18030.0 0.5130978526457048
18040.0 0.5130757477924975
18050.0 0.5130978526457048
18060.0 0.5131862720585336
18070.0 0.5133189011777769
18080.0 0.5134736351502274
18090.0 0.5136283691226777
18100.0 0.5137388933887138
18110.0 0.513760998241921
18120.0 0.5138273128015427
18130.0 0.5139820467739932
18140.0 0.5142030953060652
18150.0 0.5143357244253084
18160.0 0.5144462486913445
18170.0 0.5145346681041734
18180.0 0.5145125632509661
18190.0 0.5143357244253084
18200.0 0.5142030953060652
18210.0 0.514291514718894
18220.0 0.5145346681041734
18230.0 0.5147778214894526
18240.0 0.5150430797279391
18250.0 0.51535254767284
18260.0 0.5156399107645336
18270.0 0.5158609592966057
18280.0 0.5159493787094346
18290.0 0.5159051690030202
18300.0 0.515883064149813
18310.0 0.5160156932690562
18320.0 0.5161483223882994
18330.0 0.5161483223882994
18340.0 0.5161262175350922
18350.0 0.5162367418011282
18360.0 0.5164577903332003
18370.0 0.5167009437184796
18380.0 0.5168998873973445
18390.0 0.5170767262230022
18400.0 0.5171872504890382
18410.0 0.5172314601954526
18420.0 0.5172093553422454
18430.0 0.5171430407826239
18440.0 0.5170988310762095
18450.0 0.5171430407826239
18460.0 0.5172093553422454
18470.0 0.5172977747550742
18480.0 0.5174082990211103
18490.0 0.517585137846768
18500.0 0.5176293475531824
18510.0 0.5174967184339391
18520.0 0.5173640893146959
18530.0 0.5174304038743176
18540.0 0.5175630329935608
18550.0 0.5175188232871464
18560.0 0.5174525087275247
18570.0 0.517474613580732
18580.0 0.5175630329935608
18590.0 0.5176514524063897
18600.0 0.517695662112804
18610.0 0.5177619766724256
18620.0 0.51780618637884
18630.0 0.51780618637884
18640.0 0.5176514524063897
18650.0 0.5172977747550742
18660.0 0.5170104116633806
18670.0 0.5169662019569661
18680.0 0.5170325165165878
18690.0 0.5169883068101734
18700.0 0.5168556776909301
18710.0 0.5167009437184796
18720.0 0.5167230485716869
18730.0 0.517054621369795
18740.0 0.5173198796082815
18750.0 0.5172314601954526
18760.0 0.5170325165165878
18770.0 0.5170767262230022
18780.0 0.5171430407826239
18790.0 0.5170104116633806
18800.0 0.5168556776909301
18810.0 0.5168556776909301
18820.0 0.5168998873973445
18830.0 0.5167893631313084
18840.0 0.5166567340120652
18850.0 0.516634629158858
18860.0 0.516634629158858
18870.0 0.5165683145992364
18880.0 0.5164798951864076
18890.0 0.5163914757735788
18900.0 0.5164135806267859
18910.0 0.5165683145992364
18920.0 0.5165462097460293
18930.0 0.5161704272415067
18940.0 0.5157504350305697
18950.0 0.5156399107645336
18960.0 0.5156178059113264
18970.0 0.5154188622324616
18980.0 0.5152641282600111
18990.0 0.5153967573792544
19000.0 0.515573596204912
19010.0 0.5155514913517049
19020.0 0.5154851767920832
19030.0 0.5155072816452905
19040.0 0.515573596204912
19050.0 0.5156399107645336
19060.0 0.5155514913517049
19070.0 0.5153083379664255
19080.0 0.5150209748747319
19090.0 0.5148883457554886
19100.0 0.5149104506086959
19110.0 0.5149988700215247
19120.0 0.5150872894343534
19130.0 0.5150651845811463
19140.0 0.5150209748747319
19150.0 0.5149988700215247
19160.0 0.5149546603151103
19170.0 0.5147557166362454
19180.0 0.5144462486913445
19190.0 0.5141367807464435
19200.0 0.514070466186822
19210.0 0.5144462486913445
19220.0 0.5148441360490742
19230.0 0.5148662409022814
19240.0 0.5146894020766237
19250.0 0.5145788778105878
19260.0 0.5143799341317228
19270.0 0.5140041516272003
19280.0 0.513760998241921
19290.0 0.5139599419207859
19300.0 0.5143136195721013
19310.0 0.5144462486913445
19320.0 0.5143136195721013
19330.0 0.5140262564804076
19340.0 0.5137831030951282
19350.0 0.513760998241921
19360.0 0.5138273128015427
19370.0 0.5137831030951282
19380.0 0.5137167885355066
19390.0 0.5137167885355066
19400.0 0.5138273128015427
19410.0 0.5140262564804076
19420.0 0.5141146758932363
19430.0 0.5139599419207859
19440.0 0.5136725788290921
19450.0 0.513429425443813
19460.0 0.5133189011777769
19470.0 0.5133631108841913
19480.0 0.5134073205906057
19490.0 0.5132746914713625
19500.0 0.5131862720585336
19510.0 0.5133410060309841
19520.0 0.513539949709849
19530.0 0.5135841594162633
19540.0 0.513539949709849
19550.0 0.5135620545630561
19560.0 0.5136283691226777
19570.0 0.5137388933887138
19580.0 0.5137167885355066
19590.0 0.5134957400034346
19600.0 0.5133631108841913
19610.0 0.5135841594162633
19620.0 0.5138052079483354
19630.0 0.5136725788290921
19640.0 0.5134736351502274
19650.0 0.5134736351502274
19660.0 0.5135841594162633
19670.0 0.5136946836822994
19680.0 0.513760998241921
19690.0 0.5138273128015427
19700.0 0.5137831030951282
19710.0 0.513650473975885
19720.0 0.5135620545630561
19730.0 0.513650473975885
19740.0 0.5136946836822994
19750.0 0.5134957400034346
19760.0 0.5132967963245696
19770.0 0.5132746914713625
19780.0 0.5133852157373985
19790.0 0.5134515302970201
19800.0 0.5134957400034346
19810.0 0.5134736351502274
19820.0 0.5134736351502274
19830.0 0.5134736351502274
19840.0 0.5134073205906057
19850.0 0.513230481764948
19860.0 0.5130315380860831
19870.0 0.5128546992604255
19880.0 0.512589441021939
19890.0 0.5121031342513804
19900.0 0.5113294643891282
19910.0 0.5102021168755606
19920.0 0.5084558334721911
19930.0 0.5058474607937408
19940.0 0.5019570066292721
19950.0 0.4963865836210558
19960.0 0.48847304617287546
19970.0 0.4776637729545508
19980.0 0.46375982028721724
19990.0 0.4465843493452169
20000.0 0.42558473879836956
20010.0 0.40040731099536
20019.999999999996 0.3714057435875035
20030.0 0.33922107731780915
20040.0 0.3046269820485291
20050.0 0.2685960713207806
20059.999999999996 0.2321672732353023
20070.0 0.1964458304524547
20080.0 0.16260330019221975
20090.0 0.13154598143609292
20099.999999999996 0.10393701978029053
20110.0 0.08010798802292066
20120.0 0.06019151528322653
20130.0 0.04405497244196492
20139.999999999996 0.03138889155423491
20150.0 0.021751175555892364
20160.0 0.014677622529585904
20170.0 0.00963771599834255
20179.999999999996 0.006145149191603736
20190.0 0.003802034751639722
20200.0 0.002298904733549599
20210.0 0.0013483960456396689
20219.999999999996 0.0007515650090450613
20230.0 0.000419992210936946
20240.0 0.00022104853207207686
20250.0 0.00011052426603603843
20259.999999999996 6.631455962162305e-05
20270.0 2.2104853207207685e-05
20280.0 2.2104853207207685e-05
20290.0 0.0
