mejiro/data/filter_responses/RomanSCA10-Prism.ecsv
# %ECSV 1.0
# ---
# datatype:
# - {name: wavelength, unit: Angstrom, datatype: float64}
# - {name: response, datatype: float64}
# meta:
#   __serialized_columns__:
#     wavelength:
#       __class__: astropy.units.quantity.Quantity
#       unit: !astropy.units.Unit {unit: Angstrom}
#       value: !astropy.table.SerializedColumn {name: wavelength}
#   band_name: Prism
#   group_name: RomanSCA10
# schema: astropy-2.0
wavelength response
7530.0 0.0
7540.0 2.2104853207207685e-05
7550.0 0.00019894367886486917
7560.0 0.001127347513567592
7570.0 0.004907277412000107
7580.0 0.016733373877856218
7590.0 0.04555810246005504
7600.0 0.10002446076261479
7610.0 0.17982298084063453
7620.0 0.27062971781584366
7630.0 0.350804020398386
7640.0 0.40571247576508984
7650.0 0.4349793014114328
7660.0 0.4472695997946403
7670.0 0.45184530440853227
7680.0 0.4541663139952892
7690.0 0.45584628283903683
7700.0 0.45701784005901885
7710.0 0.4579683487469288
7720.0 0.4590293817008748
7730.0 0.460223043774064
7740.0 0.46154933496649647
7750.0 0.4630303601313794
7760.0 0.46466611926871276
7770.0 0.4662355638464245
7780.0 0.467561855038857
7790.0 0.4689986704973255
7800.0 0.4707449539006949
7810.0 0.4725354470104787
7820.0 0.4740385770285688
7830.0 0.475342763367794
7840.0 0.47666905456022657
7850.0 0.47799534575265895
7860.0 0.4792995320918842
7870.0 0.4806921378439383
7880.0 0.4822173727152357
7890.0 0.483853131852569
7900.0 0.485555205549524
7910.0 0.48716885983365016
7920.0 0.48856146558570424
7930.0 0.4900867004570016
7940.0 0.49192140327319983
7950.0 0.49353505755732596
7960.0 0.49448556624523593
7970.0 0.4959444865569116
7980.0 0.4987075932078126
7990.0 0.5006528202900469
8000.0 0.49990125528100177
8010.0 0.49824339129046125
8020.000000000001 0.4978676087859387
8030.000000000001 0.4986412786481909
8040.000000000001 0.4998791504277946
8050.000000000001 0.5010286027945694
8060.000000000001 0.5017359580972001
8070.000000000001 0.5022001600145514
8080.000000000001 0.50268646678511
8090.000000000001 0.5029296201703892
8100.000000000001 0.5027085716383172
8110.000000000001 0.502354893987002
8120.000000000001 0.5022001600145514
8129.999999999999 0.5020233211888938
8139.999999999999 0.5015370144183352
8149.999999999999 0.5010728125009838
8159.999999999999 0.5009622882349478
8169.999999999999 0.500984393088155
8179.999999999999 0.5008738688221189
8189.999999999999 0.5006528202900469
8200.0 0.5003875620515604
8210.0 0.5003433523451459
8220.0 0.5006307154368397
8230.0 0.500984393088155
8240.0 0.5011170222073982
8250.0 0.5006970299964613
8260.0 0.49976862616175854
8270.0 0.4991938999783712
8280.0 0.49972441645534416
8290.0 0.5002328280791098
8300.0 0.4996581018957226
8310.0 0.49861917379498377
8320.0 0.49800023790518194
8330.0 0.49764656025386667
8340.0 0.49724867289613683
8350.0 0.49696130980444325
8360.0 0.4969834146576504
8370.0 0.4970939389236865
8380.0 0.49704972921727203
8390.0 0.4967402612723711
8400.0 0.4961876399421909
8410.0 0.4958339622908756
8420.0 0.49603290596974053
8430.0 0.49616553508898376
8440.0 0.49578975258446123
8450.0 0.4957013331716324
8460.0 0.49665184185954225
8470.0 0.49773497966669544
8480.0 0.4980665524648036
8490.0 0.4980223427583892
8500.0 0.4982654961436685
8510.0 0.49872969806101985
8520.0 0.4992381096847856
8530.0 0.4997907310149658
8540.0 0.5003875620515604
8550.0 0.5008517639689117
8560.0 0.5010507076477766
8570.0 0.5013601755926775
8580.0 0.5021117406017226
8590.0 0.503216983262083
8600.0 0.5044106453352721
8610.0 0.5052506297571461
8620.0 0.5055822025552542
8630.0 0.5060242996193983
8640.0 0.5072400665457948
8650.0 0.508853720829921
8660.0 0.5103568508480111
8670.0 0.5116610371872363
8680.0 0.5127441749943894
8690.0 0.5135841594162633
8700.0 0.5142030953060652
8710.0 0.5149104506086959
8720.0 0.5160377981222634
8730.0 0.5173419844614886
8740.0 0.5185577513878851
8750.0 0.5195082600757951
8760.0 0.5201050911123897
8770.0 0.5207461318553986
8780.0 0.5218071648093446
8790.0 0.5230008268825339
8800.0 0.5239513355704437
8810.0 0.5248576345519393
8820.0 0.5258523529462635
8830.0 0.5266260228085159
8840.0 0.5268912810470023
8850.0 0.52706811987266
8860.0 0.527598636349633
8870.0 0.5283280965054709
8880.0 0.5290796615145159
8890.0 0.5297649119639394
8900.0 0.5303838478537412
8910.0 0.530892259477507
8920.0 0.5312680419820295
8930.0 0.5317322438993809
8940.0 0.5323953894955972
8950.0 0.5329701156789844
8960.0 0.5331027447982278
8970.0 0.5330806399450205
8980.0 0.5332132690642638
8990.0 0.5334785273027504
9000.0 0.5338101001008584
9010.0 0.5341195680457593
9020.0 0.5343185117246241
9030.0 0.5343848262842458
9040.0 0.5344069311374531
9050.0 0.5344732456970747
9060.0 0.5345837699631107
9070.0 0.5347606087887683
9080.0 0.534937447614426
9090.0 0.5350258670272547
9100.0 0.535047971880462
9110.0 0.5350921815868764
9120.0 0.535158496146498
9130.0 0.5352911252657414
9140.0 0.5354237543849846
9150.0 0.5354900689446062
9160.0 0.5354900689446062
9170.0 0.5354016495317774
9180.0 0.5353795446785702
9190.0 0.5355121737978135
9200.0 0.5356669077702638
9210.0 0.5357111174766783
9220.0 0.5357111174766783
9230.0 0.5357995368895071
9240.0 0.5359321660087504
9250.0 0.5360647951279935
9260.0 0.5361974242472368
9270.0 0.5363963679261017
9280.0 0.5365732067517593
9290.0 0.536750045577417
9300.0 0.5369710941094891
9310.0 0.5372584572011828
9320.0 0.5375458202928765
9330.0 0.5377668688249485
9340.0 0.5380100222102279
9350.0 0.5383636998615432
9360.0 0.5387394823660657
9370.0 0.5391152648705883
9380.0 0.539513152228318
9390.0 0.5399110395860477
9400.0 0.5402868220905702
9410.0 0.5405299754758496
9420.0 0.540795233714336
9430.0 0.5411931210720657
9440.0 0.5415689035765884
9450.0 0.5417678472554531
9460.0 0.5419888957875253
9470.0 0.5423646782920477
9480.0 0.5427625656497775
9490.0 0.543027823888264
9500.0 0.5432930821267505
9510.0 0.5437130743376875
9520.0 0.5441109616954172
9530.0 0.5443762199339036
9540.0 0.5445751636127686
9550.0 0.5447962121448406
9560.0 0.5450835752365343
9570.0 0.5453930431814352
9580.0 0.5456804062731289
9590.0 0.5458793499519938
9600.0 0.5460782936308587
9610.0 0.5463435518693451
9620.0 0.5466309149610389
9630.0 0.5468298586399037
9640.0 0.5470288023187686
9650.0 0.5472498508508407
9660.0 0.5474045848232911
9670.0 0.5474930042361199
9680.0 0.5476256333553632
9690.0 0.5479129964470569
9700.0 0.5482003595387506
9710.0 0.5483329886579938
9720.0 0.5484435129240299
9730.0 0.5486866663093092
9740.0 0.5489077148413812
9750.0 0.5490403439606245
9760.0 0.5491729730798677
9770.0 0.549416126465147
9780.0 0.5496371749972191
9790.0 0.5497034895568408
9800.0 0.5497476992632552
9810.0 0.5499024332357055
9820.0 0.5501013769145704
9830.0 0.5501455866209849
9840.0 0.5501676914741921
9850.0 0.5503224254466424
9860.0 0.5505434739787146
9870.0 0.5507203128043723
9880.0 0.5507866273639939
9890.0 0.5506982079511651
9900.0 0.5506318933915435
9910.0 0.5507866273639939
9920.0 0.5509855710428587
9930.0 0.5510297807492731
9940.0 0.551007675896066
9950.0 0.5510739904556876
9960.0 0.5511624098685164
9970.0 0.5511845147217237
9980.0 0.5512508292813452
9990.0 0.5514276681070029
10000.0 0.5516045069326606
10009.999999999998 0.5516929263454894
10020.0 0.5517150311986966
10029.999999999998 0.5516929263454894
10040.0 0.5516708214922822
10049.999999999998 0.5516929263454894
10060.0 0.5517371360519038
10069.999999999998 0.5518034506115255
10080.0 0.5518255554647327
10089.999999999998 0.5518034506115255
10100.0 0.5517813457583183
10109.999999999998 0.551869765171147
10120.0 0.5519802894371831
10129.999999999998 0.5520023942903903
10140.0 0.5519802894371831
10149.999999999998 0.5518918700243544
10160.0 0.5518255554647327
10169.999999999998 0.551869765171147
10180.0 0.5519360797307687
10189.999999999998 0.5519581845839758
10200.0 0.5519581845839758
10209.999999999998 0.5519360797307687
10220.0 0.5519139748775614
10230.0 0.5519360797307687
10240.0 0.5519360797307687
10250.0 0.5518918700243544
10260.0 0.5518034506115255
10270.0 0.5517150311986966
10280.0 0.5516708214922822
10290.0 0.5517371360519038
10300.0 0.5517592409051111
10310.0 0.5516708214922822
10320.0 0.5515381923730389
10330.0 0.5514939826666245
10340.0 0.5514939826666245
10350.0 0.5514497729602101
10360.0 0.5513834584005886
10370.0 0.5513171438409669
10380.0 0.5512287244281381
10390.0 0.551118200162102
10400.0 0.5509855710428587
10410.0 0.5508529419236156
10420.0 0.5507645225107867
10430.0 0.5508087322172011
10440.0 0.5507645225107867
10450.0 0.5505434739787146
10460.0 0.5503003205934354
10470.0 0.5501897963273993
10480.0 0.5501897963273993
10490.0 0.5502119011806065
10500.0 0.5501455866209849
10510.0 0.5499245380889128
10520.0 0.5496813847036335
10530.0 0.5495929652908047
10540.0 0.5495708604375975
10550.0 0.5495266507311831
10560.0 0.5494603361715614
10570.0 0.5493498119055253
10580.0 0.5491508682266606
10590.0 0.5488414002817597
10600.0 0.5485761420432731
10610.0 0.5484435129240299
10620.0 0.5483993032176155
10630.0 0.5483108838047867
10640.0 0.5481119401259218
10650.0 0.5478466818874353
10660.0 0.5475814236489488
10670.0 0.5474045848232911
10680.0 0.5472498508508407
10690.0 0.5470509071719758
10700.0 0.5468519634931109
10710.0 0.5467193343738677
10720.0 0.5466088101078316
10730.0 0.5464761809885884
10740.0 0.5463435518693451
10750.0 0.5462551324565164
10760.0 0.5461446081904803
10770.0 0.5459235596584082
10780.0 0.5456583014199218
10790.0 0.5454151480346424
10800.0 0.5452383092089848
10810.0 0.5451940995025704
10820.0 0.5451277849429488
10830.0 0.5448625267044622
10840.0 0.544619373319183
10850.0 0.5445309539063541
10860.0 0.5444646393467325
10870.0 0.5442656956678676
10880.0 0.5440004374293811
10890.0 0.5438235986037234
10900.0 0.5436909694844803
10910.0 0.5435362355120298
10920.0 0.5433593966863721
10930.0 0.5431604530075073
10940.0 0.5429615093286424
10950.0 0.5428067753561919
10960.0 0.5426520413837415
10970.0 0.5424309928516694
10980.0 0.5424530977048766
10990.0 0.5428067753561919
11000.0 0.5431604530075073
11010.0 0.5431162433010928
11020.0 0.5428951947690207
11030.0 0.5427625656497775
11040.000000000002 0.5427404607965702
11050.0 0.5426962510901558
11060.000000000002 0.5426741462369487
11070.0 0.5426520413837415
11080.000000000002 0.5425857268241199
11090.0 0.542386783145255
11100.000000000002 0.5422099443195973
11110.0 0.5422320491728045
11120.000000000002 0.5422762588792189
11130.0 0.5422099443195973
11140.000000000002 0.542165734613183
11150.0 0.5422320491728045
11160.000000000002 0.5422320491728045
11170.0 0.5420331054939397
11180.000000000002 0.5418562666682819
11190.0 0.5418783715214892
11200.000000000002 0.5419446860811109
11210.0 0.5418783715214892
11220.000000000002 0.5417899521086604
11230.0 0.5417899521086604
11240.000000000002 0.5417678472554531
11250.0 0.5415689035765884
11259.999999999998 0.541325750191309
11270.0 0.5412152259252729
11279.999999999998 0.5411931210720657
11290.0 0.5411710162188585
11299.999999999998 0.5411489113656514
11310.0 0.5411489113656514
11319.999999999998 0.5411489113656514
11330.0 0.5410825968060298
11339.999999999998 0.5409720725399937
11350.0 0.5409278628335792
11359.999999999998 0.5408615482739577
11370.0 0.5407510240079216
11379.999999999998 0.5406626045950927
11390.0 0.5406626045950927
11399.999999999998 0.5407289191547144
11410.0 0.5407731288611288
11419.999999999998 0.5407289191547144
11430.0 0.5406183948886784
11439.999999999998 0.5404857657694351
11450.0 0.5404857657694351
11459.999999999998 0.5405078706226423
11470.0 0.5404857657694351
11480.0 0.5403973463566063
11490.0 0.5403089269437775
11500.0 0.5402426123841558
11510.0 0.5401984026777414
11520.0 0.5401320881181197
11530.0 0.5400215638520838
11540.0 0.5399552492924621
11550.0 0.5399994589988765
11560.0 0.5400215638520838
11570.0 0.5398668298796333
11580.0 0.5397120959071829
11590.0 0.5396899910539756
11600.0 0.5397120959071829
11610.0 0.5397120959071829
11620.0 0.5396457813475612
11630.0 0.5394910473751108
11640.0 0.5393584182558675
11650.0 0.5393142085494531
11660.0 0.5392921036962459
11670.0 0.5392257891366243
11680.0 0.539203684283417
11690.0 0.5392478939898314
11700.0 0.5392699988430387
11710.0 0.5390931600173811
11720.0 0.538872111485309
11730.0 0.5387615872192729
11740.0 0.5387173775128585
11750.0 0.5386510629532368
11760.0 0.5386068532468224
11770.0 0.5385184338339937
11780.0 0.5385184338339937
11790.0 0.5385847483936153
11800.0 0.5386510629532368
11810.0 0.5385847483936153
11820.0 0.5384742241275792
11830.0 0.5384521192743721
11840.0 0.5384300144211648
11850.0 0.5383194901551287
11860.0 0.5381647561826783
11870.0 0.5380321270634351
11880.0 0.5379437076506063
11890.0 0.5379658125038135
11900.0 0.5379437076506063
11910.0 0.5377889736781558
11920.0 0.5376342397057053
11930.0 0.5376342397057053
11940.0 0.5376121348524981
11950.0 0.5374574008800477
11960.0 0.5373026669075972
11970.0 0.5373026669075972
11980.0 0.5373026669075972
11990.0 0.5371921426415612
12000.0 0.537059513522318
12010.0 0.5369931989626963
12020.0 0.5369710941094891
12030.0 0.5369268844030747
12040.0 0.5368826746966602
12050.0 0.5369047795498675
12060.0 0.5368826746966602
12070.0 0.536750045577417
12080.0 0.5365511018985522
12090.0 0.5363742630728945
12100.0 0.5362637388068585
12110.0 0.5362637388068585
12120.0 0.5362416339536512
12130.0 0.5360647951279935
12140.0 0.535887956302336
12150.0 0.5358216417427143
12160.0 0.5358658514491287
12170.0 0.5359100611555431
12180.0 0.5358658514491287
12190.0 0.535689012623471
12200.0 0.5355342786510205
12210.0 0.5355342786510205
12220.0 0.5355784883574349
12230.0 0.5354900689446062
12240.0 0.5353795446785702
12250.0 0.5353795446785702
12260.0 0.5353574398253629
12270.0 0.5352690204125341
12280.0 0.535158496146498
12290.000000000002 0.5351142864400836
12300.0 0.5350921815868764
12310.000000000002 0.5349595524676333
12320.0 0.5348048184951827
12330.000000000002 0.5346942942291467
12340.0 0.5346058748163178
12350.000000000002 0.534517455403489
12360.0 0.5344290359906602
12370.000000000002 0.534296406871417
12380.0 0.5342300923117953
12390.000000000002 0.5342743020182097
12400.0 0.5342521971650026
12410.000000000002 0.5340753583393449
12420.0 0.5338985195136872
12430.000000000002 0.5339427292201017
12440.0 0.533986938926516
12450.000000000002 0.5338322049540656
12460.0 0.533655366128408
12470.000000000002 0.5336111564219935
12480.0 0.5336332612752007
12490.000000000002 0.5336111564219935
12500.0 0.5335669467155791
12509.999999999998 0.533456422449543
12520.0 0.5333680030367143
12529.999999999998 0.5332795836238854
12540.0 0.5332574787706782
12549.999999999998 0.5332574787706782
12560.0 0.5332795836238854
12569.999999999998 0.533235373917471
12580.0 0.5330806399450205
12589.999999999998 0.5328816962661557
12600.0 0.5327490671469124
12609.999999999998 0.5327932768533268
12620.0 0.5328816962661557
12629.999999999998 0.5328374865597413
12640.0 0.5327932768533268
12649.999999999998 0.5327711720001197
12660.0 0.5327269622937052
12669.999999999998 0.532594333174462
12680.0 0.5324395992020116
12689.999999999998 0.5324174943488043
12700.0 0.5324395992020116
12709.999999999998 0.5324174943488043
12720.0 0.5324395992020116
12730.0 0.532483808908426
12740.0 0.5324617040552186
12750.0 0.5322848652295611
12760.0 0.5321301312571106
12770.0 0.5321964458167322
12780.0 0.5323290749359755
12790.0 0.5323953894955972
12800.0 0.5323511797891827
12810.0 0.5321743409635251
12820.0 0.5320417118442817
12830.0 0.5320196069910745
12840.0 0.5321080264039034
12850.0 0.5321964458167322
12860.0 0.5322406555231466
12870.0 0.5321743409635251
12880.0 0.5321080264039034
12890.0 0.5321301312571106
12900.0 0.5321743409635251
12910.0 0.5321964458167322
12920.0 0.5321964458167322
12930.0 0.5321522361103178
12940.0 0.5321522361103178
12950.0 0.5321964458167322
12960.0 0.5322406555231466
12970.0 0.5321964458167322
12980.0 0.5321522361103178
12990.0 0.5322627603763539
13000.0 0.5323732846423899
13010.0 0.5323732846423899
13020.0 0.5323069700827683
13030.0 0.5322627603763539
13040.0 0.5322627603763539
13050.0 0.5323290749359755
13060.0 0.5324395992020116
13070.0 0.5325501234680475
13080.0 0.5326385428808764
13090.0 0.5326606477340836
13100.0 0.5327490671469124
13110.0 0.533014325385399
13120.0 0.5332132690642638
13130.0 0.5331690593578493
13140.0 0.5330364302386061
13150.0 0.5330585350918133
13160.0 0.5331690593578493
13170.0 0.5332795836238854
13180.0 0.5333680030367143
13190.0 0.5333901078899214
13200.0 0.5333901078899214
13210.0 0.5334785273027504
13220.0 0.5335890515687863
13230.0 0.5336995758348224
13240.0 0.533765890394444
