mejiro/data/filter_responses/RomanSCA17-F213.ecsv
# %ECSV 1.0
# ---
# datatype:
# - {name: wavelength, unit: Angstrom, datatype: float64}
# - {name: response, datatype: float64}
# meta:
#   __serialized_columns__:
#     wavelength:
#       __class__: astropy.units.quantity.Quantity
#       unit: !astropy.units.Unit {unit: Angstrom}
#       value: !astropy.table.SerializedColumn {name: wavelength}
#   band_name: F213
#   group_name: RomanSCA17
# schema: astropy-2.0
wavelength response
19360.0 0.0
19370.0 2.2104853207207685e-05
19380.0 4.420970641441537e-05
19390.0 8.841941282883074e-05
19400.0 0.00022104853207207686
19410.0 0.0004863067705585691
19420.0 0.0010168232475315534
19430.0 0.002033646495063107
19440.0 0.0038904541644685527
19450.0 0.007051448173099251
19460.0 0.012268193530000266
19470.0 0.020402779510252694
19480.0 0.032494134214595294
19490.0 0.04958118574376684
19500.0 0.07263654763888445
19510.0 0.10219073637692112
19520.0 0.1382879616642913
19530.0 0.18017665849194986
19540.0 0.22644211625463553
19550.0 0.27513910787011403
19560.0 0.32392451889842144
19570.0 0.3704552348995936
19580.0 0.41256498025932425
19590.0 0.448728520106316
19600.0 0.47848165252321756
19610.0 0.5020454260421009
19620.0 0.5196629940482456
19630.0 0.5318869778718314
19640.0 0.5399773541456694
19650.0 0.5453267286218136
19660.0 0.5487529808689308
19670.0 0.5507866273639939
19680.0 0.5519581845839758
19690.0 0.5525992253269849
19700.0 0.5528865884186785
19710.0 0.5529086932718859
19720.0 0.5529086932718859
19730.0 0.5530634272443362
19740.0 0.5531518466571652
19750.0 0.5530192175379218
19760.0 0.5528202738590571
19770.0 0.5528423787122642
19780.0 0.5529971126847146
19790.0 0.5531297418039579
19800.0 0.5531960563635796
19810.0 0.553240266069994
19820.0 0.5532623709232012
19830.0 0.5533065806296156
19840.0 0.5533065806296156
19850.0 0.5531739515103723
19860.0 0.5530634272443362
19870.0 0.5530634272443362
19880.0 0.5530855320975435
19890.0 0.5530413223911291
19900.0 0.5529750078315074
19910.0 0.5529750078315074
19920.0 0.5530192175379218
19930.0 0.5531076369507507
19940.0 0.553240266069994
19950.0 0.55335079033603
19960.0 0.5533286854828228
19970.0 0.5530855320975435
19980.0 0.552930798125093
19990.0 0.5531960563635796
20000.0 0.5535055243084804
20010.0 0.5534834194552732
20019.999999999996 0.5532844757764084
20030.0 0.5530855320975435
20040.0 0.5529529029783002
20050.0 0.5528644835654715
20059.999999999996 0.552709749593021
20070.0 0.5524444913545346
20080.0 0.552179233116048
20090.0 0.5520466039968047
20099.999999999996 0.5520687088500119
20110.0 0.5521571282628408
20120.0 0.552179233116048
20130.0 0.5519581845839758
20139.999999999996 0.5516708214922822
20150.0 0.5515160875198318
20160.0 0.5514718778134173
20170.0 0.5514718778134173
20179.999999999996 0.5513171438409669
20190.0 0.5509413613364443
20200.0 0.550477159419093
20210.0 0.5501897963273993
20219.999999999996 0.5501455866209849
20230.0 0.5503445302998498
20240.0 0.5505213691255074
20250.0 0.5504550545658858
20259.999999999996 0.5502782157402281
20270.0 0.5501455866209849
20280.0 0.5501234817677777
20290.0 0.5501455866209849
20299.999999999996 0.5501234817677777
20310.0 0.5499687477953272
20320.0 0.5497255944100479
20330.0 0.5495487555843903
20339.999999999996 0.549416126465147
20350.0 0.5493277070523183
20360.0 0.549305602199111
20370.0 0.5494382313183542
20379.999999999996 0.5495708604375975
20390.0 0.5495487555843903
20400.0 0.5494603361715614
20410.0 0.5493940216119397
20419.999999999996 0.5494603361715614
20430.0 0.5496371749972191
20440.0 0.5498803283824983
20450.0 0.5500129575017416
20460.0 0.5500129575017416
20470.0 0.5498803283824983
20480.0 0.5497255944100479
20490.0 0.5495929652908047
20500.0 0.5496592798504263
20510.0 0.5500129575017416
20520.0 0.5503224254466424
20530.0 0.5503003205934354
20540.0 0.5503445302998498
20550.0 0.5507866273639939
20560.0 0.5511845147217237
20570.0 0.551118200162102
20580.0 0.5509634661896516
20590.0 0.5511403050153092
20600.0 0.5514497729602101
20610.0 0.5516929263454894
20620.0 0.551869765171147
20630.0 0.5520466039968047
20640.0 0.5522234428224625
20650.0 0.55240028164812
20660.0 0.552709749593021
20670.0 0.5531960563635796
20680.0 0.5535055243084804
20690.0 0.553461314602066
20700.0 0.5535718388681021
20710.0 0.5543234038771471
20720.0 0.5550749688861921
20730.0 0.5551191785926066
20740.0 0.5551191785926066
20750.0 0.5557160096292012
20760.0 0.5562907358125886
20770.0 0.5562023163997598
20780.0 0.5560254775741021
20790.0 0.5563570503722103
20800.0 0.5568875668491832
20810.0 0.5571970347940841
20820.0 0.5574843978857777
20830.000000000004 0.5579928095095437
20840.0 0.5584349065736878
20850.0 0.5585012211333095
20860.0 0.5586117453993454
20870.000000000004 0.559098052169904
20880.0 0.5596727783532913
20890.0 0.5600043511513995
20900.0 0.5601369802706427
20910.000000000004 0.5602475045366788
20920.0 0.5604464482155437
20930.0 0.5607559161604445
20940.0 0.5610653841053455
20950.000000000004 0.5612643277842103
20960.0 0.5614632714630752
20970.0 0.5618390539675978
20980.0 0.5623032558849491
20990.000000000004 0.5626790383894716
21000.0 0.5628558772151293
21010.0 0.5628558772151293
21020.0 0.562922191774751
21030.000000000004 0.5632758694260662
21040.0 0.5636737567837959
21050.0 0.5638063859030392
21060.0 0.5638727004626608
21070.000000000004 0.5640937489947329
21080.0 0.5642042732607689
21090.0 0.5639169101690753
21100.0 0.5636516519305887
21110.000000000004 0.5638284907562464
21120.0 0.5641821684075617
21130.0 0.5644474266460483
21140.0 0.5646684751781204
21150.000000000004 0.564955838269814
21160.0 0.5652874110679221
21170.0 0.5655968790128231
21180.0 0.5657295081320662
21190.000000000004 0.5655526693064087
21200.0 0.5653979353339581
21210.0 0.5655526693064087
21220.0 0.5656410887192375
21230.000000000004 0.5652874110679221
21240.0 0.5648674188569852
21250.0 0.5647789994441564
21260.0 0.5650221528294356
21269.999999999996 0.5654421450403726
21280.0 0.5657074032788592
21290.0 0.5656189838660303
21300.0 0.5655305644532014
21309.999999999996 0.5658179275448951
21320.0 0.5661937100494177
21330.0 0.5663705488750753
21340.0 0.5663705488750753
21349.999999999996 0.5663484440218681
21360.0 0.5661273954897961
21370.0 0.5656631935724447
21380.0 0.5653537256275437
21389.999999999996 0.5655747741596159
21400.0 0.5658179275448951
21410.0 0.5655968790128231
21420.0 0.5653537256275437
21429.999999999996 0.5655084595999942
21440.0 0.5658400323981023
21450.0 0.56601687122376
21460.0 0.5660610809301744
21469.999999999996 0.5661273954897961
21480.0 0.5661495003430033
21490.0 0.5661716051962105
21500.0 0.5663042343154537
21509.999999999996 0.5665915974071474
21520.0 0.5667463313795978
21530.0 0.5665031779943186
21540.0 0.5661052906365888
21549.999999999996 0.5659063469577239
21560.0 0.5658179275448951
21570.0 0.5656852984256519
21580.0 0.5655747741596159
21589.999999999996 0.5655968790128231
21600.0 0.5657958226916879
21610.0 0.5661273954897961
21620.0 0.5663926537282825
21629.999999999996 0.5664368634346969
21640.0 0.5663705488750753
21650.0 0.5663926537282825
21660.0 0.5664810731411114
21669.999999999996 0.5665915974071474
21680.0 0.5666137022603546
21690.0 0.5664810731411114
21700.0 0.5663263391686608
21710.0 0.5662600246090393
21720.0 0.566237919755832
21730.0 0.5661273954897961
21740.0 0.5661052906365888
21750.0 0.5662821294622464
21760.0 0.5664810731411114
21770.0 0.5665252828475258
21780.0 0.5666358071135619
21790.0 0.56696737991167
21800.0 0.5673210575629852
21810.0 0.5674978963886429
21820.0 0.5673873721226069
21830.0 0.5670557993244988
21840.0 0.5667905410860122
21850.0 0.5667905410860122
21860.0 0.5668347507924266
21870.0 0.5666358071135619
21880.0 0.5665915974071474
21890.0 0.56696737991167
21900.0 0.5672326381501565
21910.0 0.5669231702052555
21920.0 0.5665252828475258
21930.0 0.5665694925539402
21940.0 0.5667242265263907
21950.0 0.566657911966769
21960.0 0.5664810731411114
21970.0 0.5664589682879042
21980.0 0.5666800168199763
21990.0 0.5671221138841204
22000.0 0.5672547430033635
22010.0 0.5667242265263907
22020.0 0.5661716051962105
22030.0 0.5662158149026248
22040.0 0.5667242265263907
22050.0 0.5673210575629852
22060.0 0.5674094769758141
22070.0 0.5667021216731835
22080.000000000004 0.5661273954897961
22090.0 0.5665252828475258
22100.0 0.5671000090309132
22110.0 0.5669894847648771
22120.000000000004 0.5666800168199763
22130.0 0.566768436232805
22140.0 0.56696737991167
22150.0 0.5668568556456339
22160.000000000004 0.566768436232805
22170.0 0.56696737991167
22180.0 0.5673210575629852
22190.0 0.5675642109482646
22200.000000000004 0.5673873721226069
22210.0 0.5667021216731835
22220.0 0.5661495003430033
22230.0 0.5662821294622464
22240.000000000004 0.5669231702052555
22250.0 0.5675421060950573
22260.0 0.5676526303610934
22270.0 0.5670115896180844
22280.000000000004 0.5663705488750753
22290.0 0.5664810731411114
22300.0 0.5669452750584627
22310.0 0.5671663235905348
22320.000000000004 0.5670115896180844
22330.0 0.5666358071135619
22340.0 0.5663263391686608
22350.0 0.5663926537282825
22360.000000000004 0.5665694925539402
22370.0 0.5665252828475258
22380.0 0.5663042343154537
22390.0 0.56601687122376
22400.000000000004 0.5659726615173456
22410.0 0.5663042343154537
22420.0 0.5665031779943186
22430.0 0.5660831857833817
22440.000000000004 0.5655526693064087
22450.0 0.5654200401871654
22460.0 0.5654642498935798
22470.0 0.565375830480751
22480.000000000004 0.5651989916550934
22490.0 0.5650442576826429
22500.0 0.5651326770954717
22510.0 0.5655084595999942
22519.999999999996 0.5658400323981023
22530.0 0.5657737178384807
22540.0 0.5656410887192375
22550.0 0.5657295081320662
22559.999999999996 0.5656631935724447
22570.0 0.56506636253585
22580.0 0.5645579509120843
22590.0 0.5647568945909491
22599.999999999996 0.565154781948679
22610.0 0.5651989916550934
22620.0 0.5650000479762285
22630.0 0.5648011042973635
22639.999999999996 0.5644916363524627
22650.0 0.5639832247286969
22660.0 0.5638727004626608
22670.0 0.564624265471706
22679.999999999996 0.565375830480751
22690.0 0.5652874110679221
22700.0 0.5647347897377419
22710.0 0.5642042732607689
22719.999999999996 0.5638505956094537
22730.0 0.5636958616370032
22740.0 0.5634969179581383
22750.0 0.5630548208939942
22759.999999999996 0.56261272382985
22770.0 0.5624137801509851
22780.0 0.5624579898573996
22790.0 0.5626348286830573
22799.999999999996 0.5627011432426788
22810.0 0.5624358850041924
22820.0 0.5620601024996698
22830.0 0.5618611588208049
22839.999999999996 0.5617727394079761
22850.0 0.5615959005823185
22860.0 0.561330642343832
22870.0 0.5608664404264806
22879.999999999996 0.5601369802706427
22890.0 0.5590538424634895
22900.0 0.557285454206913
22910.0 0.5545002427028048
22919.999999999996 0.5502340060338137
22930.0 0.5440446471357955
22940.0 0.5353795446785702
22950.0 0.523752391891579
22960.0 0.5089200353895424
22970.0 0.4905730072275602
22980.0 0.46833552490110925
22990.0 0.44196443502491045
23000.0 0.41148184245217106
23010.0 0.3773519491002424
23020.0 0.3405252636570344
23030.0 0.3020849239297002
23040.0 0.2628267046336994
23050.0 0.2237895338697706
23060.0 0.186366017389968
23070.0 0.15179402697389516
23080.0 0.12089144219021884
23090.0 0.09407825524987591
23100.0 0.07137657100607363
23110.0 0.052675865192775916
23120.0 0.03786561354394677
23130.0 0.02654792870185643
23140.0 0.018103874776703093
23150.0 0.01202504014472098
23160.0 0.007758803475729897
23170.0 0.00486306770558569
23180.0 0.00296205032976583
23190.0 0.0017683882565766149
23200.0 0.0010168232475315534
23210.0 0.0005747261833873998
23220.0 0.0003094679449009076
23230.0 0.0001547339724504538
23240.0 8.841941282883074e-05
23250.0 4.420970641441537e-05
23260.0 2.2104853207207685e-05
23270.0 0.0
