mejiro/data/filter_responses/RomanSCA08-F213.ecsv
# %ECSV 1.0
# ---
# datatype:
# - {name: wavelength, unit: Angstrom, datatype: float64}
# - {name: response, datatype: float64}
# meta:
#   __serialized_columns__:
#     wavelength:
#       __class__: astropy.units.quantity.Quantity
#       unit: !astropy.units.Unit {unit: Angstrom}
#       value: !astropy.table.SerializedColumn {name: wavelength}
#   band_name: F213
#   group_name: RomanSCA08
# schema: astropy-2.0
wavelength response
19370.0 0.0
19380.0 2.2104853207207685e-05
19390.0 4.420970641441537e-05
19400.0 0.00011052426603603843
19410.0 0.0002873630916936999
19420.0 0.0006189358898018152
19430.0 0.001326291192432461
19440.0 0.00267468723807213
19450.0 0.005084116237657767
19460.0 0.00926193349382002
19470.0 0.01602601857522557
19480.0 0.026503718995442016
19490.0 0.04175606770841532
19500.0 0.06291041222771308
19510.0 0.09067410785596593
19520.0 0.12520188856562434
19530.0 0.16583060876047206
19540.0 0.21110134812883338
19550.0 0.25898046017564524
19560.0 0.30697009648849316
19570.0 0.35248398924213376
19580.0 0.39333375796905357
19590.0 0.4279499580915408
19600.0 0.4559125973986585
19610.0 0.47757535354172204
19620.0 0.4933140090252539
19630.0 0.5038801288582992
19640.0 0.5106221090864975
19650.0 0.5149104506086959
19660.0 0.5175630329935608
19670.0 0.5190882678648581
19680.0 0.519928252286732
19690.0 0.5203703493508761
19700.0 0.5205471881765338
19710.0 0.5205250833233266
19720.0 0.5205250833233266
19730.0 0.5206577124425699
19740.0 0.5207461318553986
19750.0 0.5206135027361554
19760.0 0.5204587687637049
19770.0 0.5204808736169122
19780.0 0.5206135027361554
19790.0 0.5207461318553986
19800.0 0.5208345512682274
19810.0 0.5208787609746419
19820.0 0.5209229706810563
19830.0 0.5209671803874707
19840.0 0.5209892852406779
19850.0 0.5208787609746419
19860.0 0.520790341561813
19870.0 0.520790341561813
19880.0 0.5208345512682274
19890.0 0.520790341561813
19900.0 0.5207461318553986
19910.0 0.5207461318553986
19920.0 0.5208124464150203
19930.0 0.5209229706810563
19940.0 0.5210334949470924
19950.0 0.5211661240663356
19960.0 0.5211661240663356
19970.0 0.5209229706810563
19980.0 0.5208124464150203
19990.0 0.5210555998002996
20000.0 0.5213429628919932
20010.0 0.5213429628919932
20019.999999999996 0.5211440192131285
20030.0 0.5209671803874707
20040.0 0.5208566561214347
20050.0 0.5207682367086058
20059.999999999996 0.5206356075893627
20070.0 0.5203924542040833
20080.0 0.5201493008188041
20090.0 0.5200166716995608
20099.999999999996 0.5200166716995608
20110.0 0.5201271959655969
20120.0 0.5201271959655969
20130.0 0.519928252286732
20139.999999999996 0.5196629940482456
20150.0 0.5195082600757951
20160.0 0.5194640503693806
20170.0 0.5194640503693806
20179.999999999996 0.5193314212501374
20190.0 0.5189556387456149
20200.0 0.5185135416814707
20210.0 0.5182482834429842
20219.999999999996 0.5182040737365697
20230.0 0.5183809125622274
20240.0 0.5185356465346779
20250.0 0.5184693319750563
20259.999999999996 0.5182924931493986
20270.0 0.5181598640301553
20280.0 0.5181377591769482
20290.0 0.5181377591769482
20299.999999999996 0.518115654323741
20310.0 0.5179388154980833
20320.0 0.5177398718192184
20330.0 0.5175630329935608
20339.999999999996 0.5174082990211103
20350.0 0.5172977747550742
20360.0 0.5172977747550742
20370.0 0.5174082990211103
20379.999999999996 0.5174967184339391
20390.0 0.517474613580732
20400.0 0.517386194167903
20410.0 0.5173198796082815
20419.999999999996 0.5173419844614886
20430.0 0.5175188232871464
20440.0 0.5177177669660111
20450.0 0.5178282912320472
20460.0 0.5178282912320472
20470.0 0.517695662112804
20480.0 0.5175188232871464
20490.0 0.517386194167903
20500.0 0.5174525087275247
20510.0 0.5177619766724256
20520.0 0.5180272349109122
20530.0 0.5180051300577049
20540.0 0.5180272349109122
20550.0 0.5184251222686418
20560.0 0.5187787999199572
20570.0 0.5187124853603355
20580.0 0.5185577513878851
20590.0 0.5186903805071283
20600.0 0.518977743598822
20610.0 0.5191987921308941
20620.0 0.5193314212501374
20630.0 0.5194861552225878
20640.0 0.5196187843418311
20650.0 0.5197735183142815
20660.0 0.520038776552768
20670.0 0.5204808736169122
20680.0 0.5207682367086058
20690.0 0.5206798172957771
20700.0 0.5207682367086058
20710.0 0.5214534871580293
20720.0 0.5221166327542456
20730.0 0.5221387376074527
20740.0 0.5221166327542456
20750.0 0.5226471492312185
20760.0 0.5231555608549843
20770.0 0.5230450365889483
20780.0 0.5228460929100833
20790.0 0.5231334560017771
20800.0 0.5235976579191285
20810.0 0.5238408113044077
20820.0 0.5240618598364798
20830.000000000004 0.5245039569006239
20840.0 0.5248797394051464
20850.0 0.5249239491115608
20860.0 0.5249681588179753
20870.000000000004 0.5253881510289122
20880.0 0.5258965626526781
20890.0 0.5261397160379573
20900.0 0.5262281354507862
20910.000000000004 0.5262723451572006
20920.0 0.5264049742764438
20930.0 0.5266481276617231
20940.0 0.5268912810470023
20950.000000000004 0.5270018053130384
20960.0 0.5271344344322817
20970.0 0.5274439023771825
20980.0 0.527797580028498
20990.000000000004 0.5280849431201916
21000.0 0.5281954673862277
21010.0 0.5281070479733988
21020.0 0.5280849431201916
21030.000000000004 0.5283502013586782
21040.0 0.528659669303579
21050.0 0.5287038790099934
21060.0 0.5286817741567863
21070.000000000004 0.5288144032760295
21080.0 0.5288365081292367
21090.0 0.5284828304779213
21100.0 0.5281733625330205
21110.000000000004 0.5282396770926421
21120.0 0.5284828304779213
21130.0 0.528659669303579
21140.0 0.5287701935696151
21150.000000000004 0.5289470323952727
21160.0 0.5291680809273448
21170.0 0.5293891294594169
21180.0 0.5294333391658312
21190.000000000004 0.529190185780552
21200.0 0.5289691372484798
21210.0 0.5290133469548943
21220.0 0.5290133469548943
21230.000000000004 0.5286154595971646
21240.0 0.5281512576798132
21250.0 0.5279744188541556
21260.0 0.5281291528266061
21269.999999999996 0.5284386207715069
21280.0 0.5286154595971646
21290.0 0.5284607256247141
21300.0 0.5283059916522637
21309.999999999996 0.5285049353311285
21320.0 0.5288144032760295
21330.0 0.5289028226888584
21340.0 0.5288586129824439
21349.999999999996 0.5287701935696151
21360.0 0.5285049353311285
21370.0 0.52801862856057
21380.0 0.5276870557624619
21389.999999999996 0.5278417897349124
21400.0 0.5280407334137771
21410.0 0.527797580028498
21420.0 0.5275323217900114
21429.999999999996 0.5276428460560475
21440.0 0.5279302091477411
21450.0 0.5280628382669844
21460.0 0.5281070479733988
21469.999999999996 0.5281512576798132
21480.0 0.5281733625330205
21490.0 0.5281733625330205
21500.0 0.5283059916522637
21509.999999999996 0.5285933547439574
21520.0 0.5287480887164078
21530.0 0.5285270401843357
21540.0 0.5281733625330205
21549.999999999996 0.52801862856057
21560.0 0.5279744188541556
21570.0 0.5278859994413267
21580.0 0.527819684881705
21589.999999999996 0.5278859994413267
21600.0 0.5281070479733988
21610.0 0.5284607256247141
21620.0 0.5287480887164078
21629.999999999996 0.5288365081292367
21640.0 0.5288586129824439
21650.0 0.5289249275420654
21660.0 0.5290796615145159
21669.999999999996 0.5292343954869664
21680.0 0.5293228148997953
21690.0 0.5292786051933809
21700.0 0.529190185780552
21710.0 0.5292122906337592
21720.0 0.5292565003401736
21730.0 0.5292343954869664
21740.0 0.5292786051933809
21750.0 0.5295217585786601
21760.0 0.5297870168171466
21770.0 0.5299196459363898
21780.0 0.5300964847620475
21790.0 0.53047226726657
21800.0 0.530892259477507
21810.0 0.531113308009579
21820.0 0.531113308009579
21830.0 0.5308701546242998
21840.0 0.5306933157986421
21850.0 0.5307817352114709
21860.0 0.5308701546242998
21870.0 0.5307817352114709
21880.0 0.5308038400646782
21890.0 0.5312017274224079
21900.0 0.5315333002205159
21910.0 0.5313122516884439
21920.0 0.531002783743543
21930.0 0.5310912031563718
21940.0 0.5313122516884439
21950.0 0.5312901468352368
21960.0 0.5311796225692007
21970.0 0.5312017274224079
21980.0 0.5314669856608945
21990.0 0.5319311875782458
22000.0 0.5320859215506961
22010.0 0.5316217196333448
22020.0 0.5311354128627863
22030.0 0.5312017274224079
22040.0 0.5317101390461737
22050.0 0.5322848652295611
22060.0 0.5323953894955972
22070.0 0.5317322438993809
22080.000000000004 0.5312238322756151
22090.0 0.5315996147801376
22100.0 0.5321522361103178
22110.0 0.532063816697489
22120.000000000004 0.5317764536057953
22130.0 0.5318648730186241
22140.0 0.5320417118442817
22150.0 0.531953292431453
22160.000000000004 0.531842768165417
22170.0 0.5320417118442817
22180.0 0.5323732846423899
22190.0 0.532594333174462
22200.000000000004 0.5324395992020116
22210.0 0.5317764536057953
22220.0 0.5312459371288224
22230.0 0.5313785662480656
22240.000000000004 0.5319753972846601
22250.0 0.5325501234680475
22260.0 0.5326606477340836
22270.0 0.5320417118442817
22280.000000000004 0.5314448808076871
22290.0 0.5315554050737232
22300.0 0.5319975021378673
22310.0 0.5321964458167322
22320.000000000004 0.532063816697489
22330.0 0.5317101390461737
22340.0 0.5314448808076871
22350.0 0.5315111953673088
22360.000000000004 0.5316880341929665
22370.0 0.5316659293397592
22380.0 0.5314669856608945
22390.0 0.5312459371288224
22400.000000000004 0.5312238322756151
22410.0 0.5315554050737232
22420.0 0.5317764536057953
22430.0 0.53142277595448
22440.000000000004 0.5309585740371286
22450.0 0.530892259477507
22460.0 0.5309806788903358
22470.0 0.5309585740371286
22480.000000000004 0.5308259449178854
22490.0 0.5307596303582638
22500.0 0.530892259477507
22510.0 0.5313343565416512
22519.999999999996 0.5317101390461737
22530.0 0.5317322438993809
22540.0 0.5316880341929665
22550.0 0.5318869778718314
22559.999999999996 0.5319090827250386
22570.0 0.53142277595448
22580.0 0.5310690983031646
22590.0 0.5313564613948584
22599.999999999996 0.531842768165417
22610.0 0.5319753972846601
22620.0 0.5319090827250386
22630.0 0.531842768165417
22639.999999999996 0.5316659293397592
22650.0 0.5313122516884439
22660.0 0.5313343565416512
22670.0 0.5321522361103178
22679.999999999996 0.5329922205321918
22690.0 0.5330585350918133
22700.0 0.5326385428808764
22710.0 0.5322627603763539
22719.999999999996 0.532063816697489
22730.0 0.532063816697489
22740.0 0.5319975021378673
22750.0 0.5317101390461737
22759.999999999996 0.53142277595448
22770.0 0.5313564613948584
22780.0 0.5315111953673088
22790.0 0.5318206633122097
22799.999999999996 0.5319975021378673
22810.0 0.5318648730186241
22820.0 0.531643824486552
22830.0 0.5315775099269304
22839.999999999996 0.5315996147801376
22850.0 0.5315554050737232
22860.0 0.5314006711012728
22870.0 0.5310690983031646
22879.999999999996 0.5304943721197772
22890.0 0.5295659682850745
22900.0 0.5279744188541556
22910.0 0.5254323607353266
22919.999999999996 0.5214976968644437
22930.0 0.5156841204709481
22940.0 0.5075495344906956
22950.0 0.4966297370063351
22960.0 0.4826152600729654
22970.0 0.4652850551585146
22980.0 0.44424123490525286
22990.0 0.4192627507811082
23000.0 0.39039381249249494
23010.0 0.35803230739714287
23020.0 0.32310663932975475
23030.0 0.2866557363910693
23040.0 0.24943116359013154
23050.0 0.21238342961485143
23060.0 0.1768830353640759
23070.0 0.14405732835137247
23080.0 0.1147462929986151
23090.0 0.08930360695711906
23100.0 0.06775137508009156
23110.0 0.05000117795470379
23120.0 0.035942491314919695
23130.0 0.025177427803009553
23140.0 0.017197575795207577
23150.0 0.011406104254919166
23160.0 0.00736091611800016
23170.0 0.004619914320306406
23180.0 0.0028294212105225837
23190.0 0.001679968843747784
23200.0 0.0009726135411171382
23210.0 0.0005305164769729844
23220.0 0.0002873630916936999
23230.0 0.0001547339724504538
23240.0 8.841941282883074e-05
23250.0 4.420970641441537e-05
23260.0 2.2104853207207685e-05
23270.0 0.0
