mejiro/data/filter_responses/RomanSCA04-Prism.ecsv
# %ECSV 1.0
# ---
# datatype:
# - {name: wavelength, unit: Angstrom, datatype: float64}
# - {name: response, datatype: float64}
# meta:
#   __serialized_columns__:
#     wavelength:
#       __class__: astropy.units.quantity.Quantity
#       unit: !astropy.units.Unit {unit: Angstrom}
#       value: !astropy.table.SerializedColumn {name: wavelength}
#   band_name: Prism
#   group_name: RomanSCA04
# schema: astropy-2.0
wavelength response
[from data line 574]
13260.0 0.538341595008336
13270.0 0.5384521192743721
13280.0 0.5385405386872009
13290.0 0.5385626435404081
13300.0 0.5386289581000296
13310.0 0.5387836920724801
13320.0 0.5390047406045523
13330.0 0.5391815794302098
13340.0 0.5392699988430387
13350.0 0.5392921036962459
13360.0 0.5393584182558675
13370.0 0.5395573619347324
13380.0 0.5397120959071829
13390.0 0.5396678862007684
13400.0 0.5396015716411469
13410.0 0.5396457813475612
13420.0 0.5397784104668044
13430.0 0.5399552492924621
13440.0 0.5400878784117054
13450.0 0.5402205075309486
13460.0 0.5403089269437775
13470.0 0.5404415560630207
13480.0 0.5405520803290567
13490.0 0.5406183948886784
13500.0 0.5406626045950927
13510.0 0.5406847094483
13520.0 0.5406847094483
13530.0 0.5406626045950927
13540.000000000002 0.5406847094483
13550.0 0.5407510240079216
13560.000000000002 0.5408173385675432
13570.0 0.5407289191547144
13580.000000000002 0.5406847094483
13590.0 0.540795233714336
13600.000000000002 0.5409057579803721
13610.0 0.5408615482739577
13620.000000000002 0.5407510240079216
13630.0 0.5406626045950927
13640.000000000002 0.5406183948886784
13650.0 0.540574185182264
13660.000000000002 0.5405962900354712
13670.0 0.5407068143015071
13680.000000000002 0.540795233714336
13690.0 0.5408173385675432
13700.000000000002 0.5407731288611288
13710.0 0.5407068143015071
13720.000000000002 0.5406626045950927
13730.0 0.5406183948886784
13740.000000000002 0.5406404997418857
13750.0 0.5406626045950927
13759.999999999998 0.5406847094483
13770.0 0.5407068143015071
13779.999999999998 0.5406626045950927
13790.0 0.540574185182264
13799.999999999998 0.5404636609162279
13810.0 0.5404194512098135
13819.999999999998 0.5403973463566063
13830.0 0.5403310317969846
13839.999999999998 0.5401984026777414
13850.0 0.5399994589988765
13859.999999999998 0.5398447250264261
13870.0 0.5398447250264261
13879.999999999998 0.5398668298796333
13890.0 0.5398005153200117
13899.999999999998 0.5398005153200117
13910.0 0.5399773541456694
13919.999999999998 0.540154192971327
13930.0 0.5400657735584982
13939.999999999998 0.5398889347328405
13950.0 0.5398005153200117
13959.999999999998 0.5398005153200117
13970.0 0.5399110395860477
13980.0 0.539933144439255
13990.0 0.5398005153200117
14000.0 0.5396015716411469
14010.0 0.5394689425219036
14020.0 0.5394468376686964
14030.0 0.5394910473751108
14040.0 0.539513152228318
14050.0 0.5394468376686964
14060.0 0.5393142085494531
14070.0 0.5391594745770026
14080.0 0.5390268454577594
14090.0 0.5388942163385162
14100.0 0.5387394823660657
14110.0 0.5384521192743721
14120.0 0.5382310707422999
14130.0 0.5382089658890927
14140.0 0.5382310707422999
14150.0 0.5380984416230566
14160.0 0.5378994979441918
14170.0 0.5377447639717414
14180.0 0.5377005542653269
14190.0 0.5377447639717414
14200.0 0.5377889736781558
14210.0 0.5378110785313629
14220.0 0.5378994979441918
14230.0 0.5382310707422999
14240.0 0.5386289581000296
14250.0 0.5389163211917234
14260.0 0.5390710551641738
14270.0 0.5390710551641738
14280.0 0.5390710551641738
14290.0 0.5391594745770026
14300.0 0.5392921036962459
14310.0 0.5393584182558675
14320.0 0.5394026279622819
14330.0 0.5394468376686964
14340.0 0.5395352570815252
14350.0 0.5396236764943539
14360.0 0.5397120959071829
14370.0 0.5397784104668044
14380.0 0.5398005153200117
14390.0 0.5397784104668044
14400.0 0.5397784104668044
14410.0 0.5399110395860477
14420.0 0.5400878784117054
14430.0 0.5401762978245342
14440.0 0.5401984026777414
14450.0 0.5401762978245342
14460.0 0.540154192971327
14470.0 0.5401762978245342
14480.0 0.5402868220905702
14490.0 0.5403973463566063
14500.0 0.5405520803290567
14510.0 0.5406847094483
14520.0 0.5407731288611288
14530.0 0.5407731288611288
14540.0 0.5407510240079216
14550.0 0.5408615482739577
14560.0 0.5409720725399937
14570.0 0.5410383870996153
14580.0 0.5411268065124442
14590.0 0.5412594356316873
14600.0 0.5413920647509306
14610.0 0.5414583793105523
14620.0 0.5415025890169667
14630.0 0.5415910084297955
14640.0 0.5416794278426244
14650.0 0.5417015326958315
14660.0 0.5417457424022459
14670.0 0.5418783715214892
14680.0 0.5420552103471469
14690.0 0.5422099443195973
14700.0 0.5422762588792189
14710.0 0.5422762588792189
14720.0 0.5422983637324261
14730.0 0.5424530977048766
14740.0 0.5426520413837415
14750.0 0.5427625656497775
14760.0 0.5428288802093992
14770.0 0.5429394044754352
14780.0 0.5430499287414713
14790.000000000002 0.5431825578607145
14800.0 0.5433151869799577
14810.000000000002 0.5434699209524082
14820.0 0.5436246549248586
14830.000000000002 0.5436909694844803
14840.0 0.543779388897309
14850.000000000002 0.5438899131633451
14860.0 0.5440225422825884
14870.000000000002 0.5441330665486244
14880.0 0.5442214859614533
14890.000000000002 0.5442656956678676
14900.0 0.5443762199339036
14910.000000000002 0.5445088490531469
14920.0 0.5446635830255974
14930.000000000002 0.5447520024384261
14940.0 0.544840421851255
14950.000000000002 0.5450393655301199
14960.0 0.5452162043557776
14970.000000000002 0.5453488334750207
14980.0 0.5454151480346424
14990.000000000002 0.5454372528878496
15000.0 0.5455035674474713
15009.999999999998 0.5456583014199218
15020.0 0.5458351402455794
15029.999999999998 0.546011979071237
15040.0 0.5461667130436875
15049.999999999998 0.5463214470161379
15060.0 0.5464540761353812
15069.999999999998 0.5466088101078316
15080.0 0.5466972295206605
15089.999999999998 0.5467193343738677
15100.0 0.5467635440802822
15109.999999999998 0.5469403829059397
15120.0 0.5471614314380118
15129.999999999998 0.5473824799700839
15140.0 0.5475151090893272
15149.999999999998 0.5475814236489488
15160.0 0.547603528502156
15169.999999999998 0.5476477382085704
15180.0 0.547714052768192
15189.999999999998 0.5478024721810208
15200.0 0.5479129964470569
15209.999999999998 0.5480456255663001
15220.0 0.5481561498323362
15230.0 0.5482666740983723
15240.0 0.5483771983644082
15250.0 0.5485098274836515
15260.0 0.5486866663093092
15270.0 0.5488192954285525
15280.0 0.5489298196945884
15290.0 0.5489961342542101
15300.0 0.5490845536670389
15310.0 0.5492613924926966
15320.0 0.5494382313183542
15330.0 0.5494824410247686
15340.0 0.5495045458779758
15350.0 0.5495487555843903
15360.0 0.5496150701440119
15370.0 0.5496813847036335
15380.0 0.5497919089696696
15390.0 0.5499687477953272
15400.0 0.5501234817677777
15410.0 0.5501897963273993
15420.0 0.5501455866209849
15430.0 0.5501234817677777
15440.0 0.5501897963273993
15450.0 0.5503887400062641
15460.0 0.550587683685129
15470.0 0.5506982079511651
15480.0 0.5507645225107867
15490.0 0.5508529419236156
15500.0 0.5509413613364443
15510.0 0.5509192564832371
15520.0 0.5509192564832371
15530.0 0.551007675896066
15540.0 0.551118200162102
15550.0 0.5511845147217237
15560.0 0.5511845147217237
15570.0 0.5511403050153092
15580.0 0.5511403050153092
15590.0 0.5512729341345525
15600.0 0.5514055632537957
15610.0 0.5513834584005886
15620.0 0.5513834584005886
15630.0 0.5515602972262462
15640.0 0.5517371360519038
15650.0 0.5517813457583183
15660.0 0.5517371360519038
15670.0 0.5517592409051111
15680.0 0.551869765171147
15690.0 0.5520466039968047
15700.0 0.5521350234096335
15710.0 0.5520466039968047
15720.0 0.5519802894371831
15730.0 0.5521129185564264
15740.0 0.5523118622352913
15750.0 0.5524223865013272
15760.0 0.5524444913545346
15770.0 0.55240028164812
15780.0 0.5523781767949129
15790.0 0.5524223865013272
15800.0 0.5524887010609489
15810.0 0.552510805914156
15820.0 0.5525771204737777
15830.0 0.552709749593021
15840.0 0.5527981690058498
15850.0 0.5528202738590571
15860.0 0.5528202738590571
15870.0 0.5529750078315074
15880.0 0.5531739515103723
15890.0 0.5532844757764084
15900.0 0.5533286854828228
15910.0 0.5533728951892373
15920.0 0.5534392097488587
15930.0 0.5536160485745165
15940.0 0.5537928874001742
15950.0 0.553881306813003
15960.0 0.5539034116662102
15970.0 0.5539255165194173
15980.0 0.5540581456386606
15990.0 0.5542791941707327
16000.0 0.5545002427028048
16010.0 0.5545886621156336
16020.0 0.5546549766752552
16030.0 0.5547655009412913
16040.000000000002 0.5549202349137418
16050.0 0.5550749688861921
16060.000000000002 0.5552518077118498
16070.0 0.555472856243922
16080.000000000002 0.5556496950695796
16090.0 0.5557823241888228
16100.000000000002 0.5559149533080661
16110.0 0.5561581066933454
16120.000000000002 0.5563570503722103
16130.0 0.5564675746382463
16140.000000000002 0.5565780989042823
16150.0 0.5567770425831472
16160.000000000002 0.5570644056748408
16170.0 0.5573517687665346
16180.000000000002 0.5575728172986067
16190.0 0.5577717609774715
16200.000000000002 0.557926494949922
16210.0 0.5581033337755796
16220.000000000002 0.5582801726012373
16230.0 0.5585012211333095
16240.000000000002 0.5587001648121742
16250.0 0.5588327939314175
16259.999999999998 0.5590096327570752
16270.0 0.5592969958487688
16279.999999999998 0.5595401492340482
16290.0 0.5596727783532913
16299.999999999998 0.5597833026193274
16310.0 0.5600043511513995
16319.999999999998 0.5602917142430932
16330.0 0.5605569724815797
16339.999999999998 0.560800125866859
16350.0 0.5609990695457239
16359.999999999998 0.5611980132245887
16370.0 0.561441166609868
16379.999999999998 0.5616843199951472
16390.0 0.5619274733804266
16400.0 0.5621043122060843
16410.0 0.5622369413253274
16420.0 0.5623916752977779
16430.0 0.5627011432426788
16440.0 0.5629885063343726
16450.0 0.5631211354536158
16460.0 0.5632095548664445
16470.0 0.5633642888388951
16480.0 0.5635190228113456
16490.0 0.5636516519305887
16500.0 0.5638727004626608
16510.0 0.5642042732607689
16520.0 0.5644474266460483
16530.0 0.564425321792841
16540.0 0.564425321792841
16550.0 0.5646684751781204
16560.0 0.5650000479762285
16570.0 0.5652210965083005
16580.0 0.5653537256275437
16590.0 0.565486354746787
16600.0 0.5657074032788592
16610.0 0.56601687122376
16620.0 0.566237919755832
16630.0 0.5661937100494177
16640.0 0.5661495003430033
16650.0 0.5663705488750753
16660.0 0.5666800168199763
16670.0 0.5669231702052555
16680.0 0.5670115896180844
16690.0 0.5669894847648771
16700.0 0.5670115896180844
16710.0 0.5671663235905348
16720.0 0.5673652672693996
16730.0 0.5674094769758141
16740.0 0.5674757915354357
16750.0 0.5676747352143006
16760.0 0.5679178885995798
16770.0 0.5680505177188231
16780.0 0.5681831468380663
16790.0 0.5683820905169312
16800.0 0.5686031390490033
16810.0 0.5687578730214538
16820.0 0.5688905021406969
16830.0 0.5690452361131475
16840.0 0.5691778652323907
16850.0 0.5692662846452196
16860.0 0.5693547040580483
16870.0 0.5694873331772916
16880.0 0.5696420671497421
16890.0 0.5697746962689852
16900.0 0.5699073253882285
16910.0 0.5700178496542646
16920.0 0.5701725836267151
16930.0 0.5704378418652015
16940.0 0.5706367855440664
16950.0 0.5706809952504809
16960.0 0.5707694146633097
16970.0 0.5710788826082105
16980.0 0.571344140846697
16990.0 0.5713220359934899
17000.0 0.5713220359934899
17010.0 0.5715651893787691
17020.0 0.5719630767364988
17030.0 0.5722283349749853
17040.0 0.5723388592410213
17050.0 0.5723609640942287
17060.0 0.572405173800643
17070.0 0.5726262223327151
17080.0 0.5728693757179945
17090.0 0.5730241096904448
17100.0 0.5731125291032736
17110.0 0.573245158222517
17120.0 0.5733998921949673
17130.0 0.5735767310206251
17140.0 0.5737093601398683
17150.0 0.5737535698462827
17160.0 0.5739083038187331
17170.0 0.5742840863232557
17180.0 0.5746156591213638
17190.0 0.5747261833873999
17200.0 0.5747703930938143
17210.0 0.5749030222130574
17220.0 0.5751019658919224
17230.0 0.5752345950111656
17240.0 0.5753672241304089
17250.0 0.5755661678092737
17260.0 0.5757651114881386
17270.0 0.5758535309009675
17280.0 0.575919845460589
17290.0 0.5760303697266251
17300.0 0.5761851036990755
17310.0 0.5763840473779404
17320.0 0.5765829910568053
17330.0 0.5767377250292558
17340.0 0.5768924590017062
17350.0 0.5770692978273638
17360.0 0.5772240317998143
17370.0 0.5773124512126431
17380.0 0.5773124512126431
17390.0 0.5772682415062287
17400.0 0.5773124512126431
17410.0 0.5775556045979224
17420.0 0.5778429676896161
17430.0 0.5779755968088593
17440.0 0.5780640162216881
17450.0 0.5782187501941387
17460.0 0.5783292744601747
17470.0 0.5783292744601747
17480.0 0.5783071696069675
17490.0 0.5783513793133819
17500.0 0.5783955890197963
17510.0 0.5784176938730035
17520.0 0.5785061132858323
17530.0 0.5787492666711116
17540.0 0.5789703152031838
17550.0 0.5790366297628053
17560.0 0.5789924200563908
17570.0 0.5789924200563908
17580.0 0.5790145249095981
17590.0 0.5790587346160125
17600.0 0.5791471540288414
17610.0 0.5792797831480846
17620.0 0.5793460977077062
17630.0 0.5793018880012918
17640.0 0.5792576782948774
17650.0 0.5793460977077062
17660.0 0.5794566219737423
17670.0 0.5795008316801566
17680.0 0.5794787268269496
17690.0 0.5794345171205351
17700.0 0.5793682025609135
17710.0 0.5793460977077062
17720.0 0.5793460977077062
17730.0 0.5793460977077062
17740.0 0.5793682025609135
17750.0 0.5794566219737423
17760.0 0.579545041386571
17770.0 0.579522936533364
17780.0 0.5795008316801566
17790.0 0.579522936533364
17800.0 0.579522936533364
17810.0 0.5794124122673279
17820.0 0.5791471540288414
17830.0 0.5787713715243189
17840.0 0.5783513793133819
17850.0 0.577931387102445
17860.0 0.5774671851850935
17870.0 0.576870354148499
17880.0 0.5760745794330395
17890.0 0.5749914416258863
17900.0 0.5735325213142105
17910.0 0.5716093990851836
17920.0 0.5691336555259763
17930.0 0.5660831857833817
17940.0 0.5624579898573996
17950.0 0.5582138580416157
17960.0 0.5530855320975435
17970.0 0.5467856489334892
17980.0 0.5393805231090748
17990.0 0.5309364691839213
18000.0 0.521320858038786
18010.0 0.5104452702608399
18020.0 0.498110762171218
18030.0 0.4842068095038844
18040.0 0.46882183167166774
18050.0 0.45208845779381157
18060.0 0.4340730024299373
18070.0 0.4148196752864594
18080.0 0.39446110548262114
18090.0 0.3730857124312513
18100.0 0.3508482301048004
18110.0 0.32799181188854765
18120.0 0.30473750631456514
18130.0 0.281416886180961
18140.0 0.25820679031339294
18150.0 0.2352619526843114
18160.0 0.2128476315322028
18170.0 0.19118487538913928
18180.0 0.17042841822757127
18190.0 0.15075509887315644
18200.0 0.13231965129834522
18210.0 0.11529891432879527
18220.0 0.09969288796450666
18230.0 0.08550157220547933
18240.0 0.0727470719049205
18250.0 0.061363072503208535
18260.0 0.051349574000343456
18270.0 0.042573947277082004
18280.0 0.03499198262700977
18290.0 0.028515260637297916
18300.0 0.023033257041910407
18310.0 0.01843544757481121
18320.0 0.014633412823171486
18330.0 0.011494523667747995
18340.0 0.00897457040212632
18350.0 0.006918819053856006
18360.0 0.005305164769729844
18370.0 0.004023083283711799
18380.0 0.003028364889387453
18390.0 0.002254695027135184
18400.0 0.0016578639905405763
18410.0 0.0012157669263964225
18420.0 0.0008841941282883074
18430.0 0.0006189358898018152
18440.0 0.0004420970641441537
18450.0 0.0003094679449009076
18460.0 0.00022104853207207686
18470.0 0.0001547339724504538
18480.0 0.00011052426603603843
18490.0 6.631455962162305e-05
18500.0 4.420970641441537e-05
18510.0 2.2104853207207685e-05
18520.0 2.2104853207207685e-05
18530.0 2.2104853207207685e-05
18540.0 0.0
