mejiro/data/filter_responses/RomanSCA03-Prism.ecsv
# %ECSV 1.0
# ---
# datatype:
# - {name: wavelength, unit: Angstrom, datatype: float64}
# - {name: response, datatype: float64}
# meta:
#   __serialized_columns__:
#     wavelength:
#       __class__: astropy.units.quantity.Quantity
#       unit: !astropy.units.Unit {unit: Angstrom}
#       value: !astropy.table.SerializedColumn {name: wavelength}
#   band_name: Prism
#   group_name: RomanSCA03
# schema: astropy-2.0
wavelength response
[from data line 573]
13220.0 0.5100252780499029
13230.0 0.5101579071691462
13240.0 0.5102684314351822
13250.0 0.5103568508480111
13260.0 0.5104452702608399
13270.0 0.5105778993800831
13280.0 0.5106663187929119
13290.0 0.5106884236461191
13300.0 0.5107326333525336
13310.0 0.510887367324984
13320.0 0.5110863110038489
13330.0 0.5112631498295066
13340.0 0.5113294643891282
13350.0 0.5113736740955426
13360.0 0.5114178838019571
13370.0 0.5115947226276146
13380.0 0.5117273517468579
13390.0 0.5116831420404435
13400.0 0.5116168274808218
13410.0 0.5116389323340291
13420.0 0.5117715614532723
13430.0 0.5119262954257228
13440.0 0.5120368196917587
13450.0 0.5121473439577948
13460.0 0.5122357633706237
13470.0 0.5123241827834525
13480.0 0.5124126021962814
13490.0 0.512478916755903
13500.0 0.5125010216091102
13510.0 0.5125010216091102
13520.0 0.5125010216091102
13530.0 0.5124568119026958
13540.000000000002 0.5124568119026958
13550.0 0.5125231264623173
13560.000000000002 0.5125673361687318
13570.0 0.512478916755903
13580.000000000002 0.5124126021962814
13590.0 0.5125010216091102
13600.000000000002 0.512589441021939
13610.0 0.5125452313155247
13620.000000000002 0.5124347070494886
13630.0 0.5123241827834525
13640.000000000002 0.5122578682238309
13650.0 0.5122136585174165
13660.000000000002 0.5122357633706237
13670.0 0.5123020779302453
13680.000000000002 0.5123904973430742
13690.0 0.5123904973430742
13700.000000000002 0.5123241827834525
13710.0 0.5122578682238309
13720.000000000002 0.5121915536642093
13730.0 0.5121473439577948
13740.000000000002 0.5121473439577948
13750.0 0.5121473439577948
13759.999999999998 0.5121694488110021
13770.0 0.5121694488110021
13779.999999999998 0.5121031342513804
13790.0 0.5119926099853443
13799.999999999998 0.5118820857193084
13810.0 0.511837876012894
13819.999999999998 0.5117936663064796
13830.0 0.5117273517468579
13839.999999999998 0.5115726177744074
13850.0 0.5113736740955426
13859.999999999998 0.5112189401230921
13870.0 0.511196835269885
13879.999999999998 0.511196835269885
13890.0 0.5111305207102633
13899.999999999998 0.511108415857056
13910.0 0.5112631498295066
13919.999999999998 0.5113957789487498
13930.0 0.511307359535921
13939.999999999998 0.5111305207102633
13950.0 0.5110199964442272
13959.999999999998 0.5110199964442272
13970.0 0.5110863110038489
13980.0 0.511108415857056
13990.0 0.5109536818846057
14000.0 0.5107547382057408
14010.0 0.5106221090864975
14020.0 0.5105778993800831
14030.0 0.5106000042332903
14040.0 0.5106221090864975
14050.0 0.5105336896736687
14060.0 0.5104010605544255
14070.0 0.510246326581975
14080.0 0.5100915926095245
14090.0 0.5099589634902812
14100.0 0.5097821246646237
14110.0 0.5094947615729299
14120.0 0.5092737130408579
14130.0 0.5092516081876506
14140.0 0.5092516081876506
14150.0 0.5091189790684074
14160.0 0.5089200353895424
14170.0 0.5087431965638849
14180.0 0.5086768820042633
14190.0 0.5087210917106777
14200.0 0.5087431965638849
14210.0 0.5087431965638849
14220.0 0.5088316159767137
14230.0 0.5091189790684074
14240.0 0.5094726567197227
14250.0 0.5097600198114164
14260.0 0.5098705440774525
14270.0 0.5098705440774525
14280.0 0.5098484392242453
14290.0 0.5099147537838669
14300.0 0.5100252780499029
14310.0 0.5100915926095245
14320.0 0.5101136974627318
14330.0 0.5101579071691462
14340.0 0.5102242217287678
14350.0 0.5102905362883894
14360.0 0.5103789557012183
14370.0 0.5104231654076327
14380.0 0.5104452702608399
14390.0 0.5104010605544255
14400.0 0.5104010605544255
14410.0 0.5105115848204614
14420.0 0.5106663187929119
14430.0 0.5107547382057408
14440.0 0.5107547382057408
14450.0 0.5107326333525336
14460.0 0.5106884236461191
14470.0 0.5107326333525336
14480.0 0.5107989479121552
14490.0 0.5109094721781913
14500.0 0.5110421012974345
14510.0 0.5111747304166777
14520.0 0.5112631498295066
14530.0 0.5112410449762994
14540.0 0.5112410449762994
14550.0 0.5113294643891282
14560.0 0.5114399886551642
14570.0 0.5114841983615785
14580.0 0.5115505129212002
14590.0 0.5116831420404435
14600.0 0.5118157711596867
14610.0 0.5118820857193084
14620.0 0.5119041905725156
14630.0 0.5119926099853443
14640.0 0.5120810293981732
14650.0 0.5121031342513804
14660.0 0.5121252391045877
14670.0 0.5122578682238309
14680.0 0.5124347070494886
14690.0 0.5125673361687318
14700.0 0.5126336507283534
14710.0 0.5126336507283534
14720.0 0.5126557555815606
14730.0 0.5128104895540111
14740.0 0.5129873283796688
14750.0 0.5130978526457048
14760.0 0.5131641672053264
14770.0 0.5132746914713625
14780.0 0.5133852157373985
14790.000000000002 0.5134957400034346
14800.0 0.5136283691226777
14810.000000000002 0.5137831030951282
14820.0 0.5139157322143715
14830.000000000002 0.5139820467739932
14840.0 0.5140483613336148
14850.000000000002 0.5141588855996507
14860.0 0.514291514718894
14870.000000000002 0.5144020389849301
14880.0 0.5144683535445517
14890.000000000002 0.5145346681041734
14900.0 0.5146009826637948
14910.000000000002 0.5147557166362454
14920.0 0.5148883457554886
14930.000000000002 0.5149546603151103
14940.0 0.5150651845811463
14950.000000000002 0.5152199185535967
14960.0 0.5154188622324616
14970.000000000002 0.5155293864984976
14980.0 0.515573596204912
14990.000000000002 0.5156178059113264
15000.0 0.5156620156177409
15009.999999999998 0.5157946447369842
15020.0 0.5159714835626418
15029.999999999998 0.5161262175350922
15040.0 0.5162588466543355
15049.999999999998 0.5163914757735788
15060.0 0.516524104892822
15069.999999999998 0.5166567340120652
15080.0 0.516745153424894
15089.999999999998 0.5167672582781013
15100.0 0.5167893631313084
15109.999999999998 0.5169440971037589
15120.0 0.5171651456358309
15129.999999999998 0.5173419844614886
15140.0 0.517474613580732
15149.999999999998 0.5175188232871464
15160.0 0.5175409281403536
15169.999999999998 0.517585137846768
15180.0 0.5176514524063897
15189.999999999998 0.5177177669660111
15200.0 0.51780618637884
15209.999999999998 0.5179167106448761
15220.0 0.5180272349109122
15230.0 0.5181377591769482
15240.0 0.5182261785897769
15250.0 0.5183588077090203
15260.0 0.5184914368282635
15270.0 0.5186240659475068
15280.0 0.5187345902135427
15290.0 0.5187787999199572
15300.0 0.518867219332786
15310.0 0.5190219533052364
15320.0 0.5191987921308941
15330.0 0.5192430018373085
15340.0 0.5192430018373085
15350.0 0.519287211543723
15360.0 0.5193535261033445
15370.0 0.5194198406629662
15380.0 0.5195082600757951
15390.0 0.5196850989014526
15400.0 0.5198398328739031
15410.0 0.5198840425803176
15420.0 0.5198619377271103
15430.0 0.5198398328739031
15440.0 0.5199061474335247
15450.0 0.5201050911123897
15460.0 0.5203040347912545
15470.0 0.5203924542040833
15480.0 0.5204587687637049
15490.0 0.520569293029741
15500.0 0.5206577124425699
15510.0 0.5206577124425699
15520.0 0.5206577124425699
15530.0 0.5207461318553986
15540.0 0.5208566561214347
15550.0 0.5209450755342635
15560.0 0.5209671803874707
15570.0 0.5209229706810563
15580.0 0.5209450755342635
15590.0 0.521099809506714
15600.0 0.5212324386259573
15610.0 0.5212324386259573
15620.0 0.5212324386259573
15630.0 0.5214313823048221
15640.0 0.521630325983687
15650.0 0.5216745356901014
15660.0 0.5216524308368942
15670.0 0.5216966405433086
15680.0 0.5218071648093446
15690.0 0.5219840036350023
15700.0 0.5220945279010383
15710.0 0.5220282133414167
15720.0 0.5219840036350023
15730.0 0.5221387376074527
15740.0 0.5223376812863176
15750.0 0.5224703104055608
15760.0 0.5224924152587681
15770.0 0.5224703104055608
15780.0 0.5224703104055608
15790.0 0.5225145201119753
15800.0 0.5226029395248041
15810.0 0.5226471492312185
15820.0 0.5227134637908402
15830.0 0.5228460929100833
15840.0 0.5229566171761194
15850.0 0.5229787220293266
15860.0 0.5230008268825339
15870.0 0.5231555608549843
15880.0 0.5233323996806419
15890.0 0.523442923946678
15900.0 0.5235092385062996
15910.0 0.5235313433595068
15920.0 0.5236197627723356
15930.0 0.5237966015979933
15940.0 0.5239513355704437
15950.0 0.5240176501300654
15960.0 0.5240397549832726
15970.0 0.524083964689687
15980.0 0.5241944889557231
15990.0 0.5243934326345879
16000.0 0.5245923763134528
16010.0 0.5246807957262817
16020.0 0.5247250054326961
16030.0 0.5248134248455248
16040.000000000002 0.5249239491115608
16050.0 0.5250786830840114
16060.000000000002 0.5252334170564619
16070.0 0.5254102558821194
16080.000000000002 0.52556498985457
16090.0 0.5256534092673988
16100.000000000002 0.5257639335334348
16110.0 0.5259628772122996
16120.000000000002 0.5261397160379573
16130.0 0.5262281354507862
16140.000000000002 0.5262944500104078
16150.0 0.5264712888360654
16160.000000000002 0.5266923373681375
16170.0 0.5269354907534168
16180.000000000002 0.5271123295790744
16190.0 0.527267063551525
16200.000000000002 0.5273775878175609
16210.0 0.5275102169368042
16220.000000000002 0.5276428460560475
16230.0 0.527819684881705
16240.000000000002 0.5279744188541556
16250.0 0.5280628382669844
16259.999999999998 0.5281954673862277
16270.0 0.5284165159182996
16279.999999999998 0.5286154595971646
16290.0 0.5287038790099934
16299.999999999998 0.5287701935696151
16310.0 0.5289249275420654
16319.999999999998 0.5291680809273448
16330.0 0.5293891294594169
16339.999999999998 0.5295659682850745
16350.0 0.529720702257525
16359.999999999998 0.5298754362299755
16370.0 0.5300522750556331
16379.999999999998 0.5302291138812907
16390.0 0.5304059527069485
16400.0 0.5305606866793988
16410.0 0.5306270012390205
16420.0 0.5307596303582638
16430.0 0.5309806788903358
16440.0 0.5312238322756151
16450.0 0.5313122516884439
16460.0 0.5313564613948584
16470.0 0.5314448808076871
16480.0 0.5315554050737232
16490.0 0.5316659293397592
16500.0 0.5318206633122097
16510.0 0.5320859215506961
16520.0 0.5322848652295611
16530.0 0.5322406555231466
16540.0 0.5321964458167322
16550.0 0.5323953894955972
16560.0 0.5326606477340836
16570.0 0.5328374865597413
16580.0 0.5329259059725701
16590.0 0.533014325385399
16600.0 0.5331911642110566
16610.0 0.533456422449543
16620.0 0.5336111564219935
16630.0 0.5335448418623719
16640.0 0.5334785273027504
16650.0 0.5336332612752007
16660.0 0.5339206243668945
16670.0 0.5341195680457593
16680.0 0.5341858826053809
16690.0 0.5341195680457593
16700.0 0.534097463192552
16710.0 0.5342300923117953
16720.0 0.5343848262842458
16730.0 0.5344069311374531
16740.0 0.5344511408438675
16750.0 0.5346058748163178
16760.0 0.5348048184951827
16770.0 0.5348932379080116
16780.0 0.5350037621740477
16790.0 0.535158496146498
16800.0 0.5353574398253629
16810.0 0.535467964091399
16820.0 0.5355784883574349
16830.0 0.535689012623471
16840.0 0.5357995368895071
16850.0 0.5358658514491287
16860.0 0.5359321660087504
16870.0 0.5360426902747863
16880.0 0.5361532145408224
16890.0 0.5362858436600656
16900.0 0.5363742630728945
16910.0 0.5364626824857233
16920.0 0.5365953116049667
16930.0 0.5368163601370387
16940.0 0.5370153038159035
16950.0 0.5370374086691108
16960.0 0.5371037232287323
16970.0 0.5373689814672189
16980.0 0.5376121348524981
16990.0 0.537590029999291
17000.0 0.5375679251460838
17010.0 0.5377889736781558
17020.0 0.538142651329471
17030.0 0.5383858047147504
17040.0 0.5384963289807865
17050.0 0.5384963289807865
17060.0 0.5385405386872009
17070.0 0.5387394823660657
17080.0 0.5389605308981378
17090.0 0.5390931600173811
17100.0 0.5391815794302098
17110.0 0.5392921036962459
17120.0 0.5394468376686964
17130.0 0.5396015716411469
17140.0 0.53973420076039
17150.0 0.5397784104668044
17160.0 0.5399110395860477
17170.0 0.540264717237363
17180.0 0.5405962900354712
17190.0 0.5406847094483
17200.0 0.5407068143015071
17210.0 0.5408615482739577
17220.0 0.5410383870996153
17230.0 0.5411710162188585
17240.0 0.5413036453381018
17250.0 0.5415025890169667
17260.0 0.5417015326958315
17270.0 0.5417899521086604
17280.0 0.5418341618150748
17290.0 0.541966790934318
17300.0 0.5421215249067685
17310.0 0.5423204685856333
17320.0 0.5425194122644982
17330.0 0.5426741462369487
17340.0 0.5428288802093992
17350.0 0.5430057190350568
17360.0 0.5431825578607145
17370.0 0.5432709772735432
17380.0 0.5432930821267505
17390.0 0.543248872420336
17400.0 0.5433151869799577
17410.0 0.543558340365237
17420.0 0.5438457034569307
17430.0 0.5440004374293811
17440.0 0.5441109616954172
17450.0 0.5442656956678676
17460.0 0.5443983247871109
17470.0 0.544420429640318
17480.0 0.544420429640318
17490.0 0.5444867441999397
17500.0 0.5445530587595613
17510.0 0.5445972684659757
17520.0 0.5447298975852191
17530.0 0.5449730509704982
17540.0 0.5452162043557776
17550.0 0.5452825189153993
17560.0 0.5452825189153993
17570.0 0.5453046237686063
17580.0 0.545370938328228
17590.0 0.5454593577410568
17600.0 0.5455698820070929
17610.0 0.5457246159795434
17620.0 0.5458130353923721
17630.0 0.5458130353923721
17640.0 0.5458130353923721
17650.0 0.5459235596584082
17660.0 0.5460561887776515
17670.0 0.5461446081904803
17680.0 0.5461446081904803
17690.0 0.5461225033372731
17700.0 0.5461225033372731
17710.0 0.5461225033372731
17720.0 0.5461667130436875
17730.0 0.5461888178968947
17740.0 0.5462551324565164
17750.0 0.5463877615757595
17760.0 0.5465203906950028
17770.0 0.5465646004014172
17780.0 0.5466088101078316
17790.0 0.5467193343738677
17800.0 0.5468298586399037
17810.0 0.5468740683463181
17820.0 0.5468077537866965
17830.0 0.5466972295206605
17840.0 0.5466309149610389
17850.0 0.5466530198142461
17860.0 0.5467414392270749
17870.0 0.5468961731995253
17880.0 0.5470509071719758
17890.0 0.5472056411444262
17900.0 0.5472940605572552
17910.0 0.5472940605572552
17920.0 0.5472498508508407
17930.0 0.5471393265848047
17940.0 0.5470951168783902
17950.0 0.5471172217315974
17960.0 0.5470288023187686
17970.0 0.5466309149610389
17980.0 0.5459456645116154
17990.0 0.5450835752365343
18000.0 0.5438678083101379
18010.0 0.5420552103471469
18020.0 0.5393363134026603
18030.0 0.5352911252657414
18040.0 0.5297428071107322
18050.0 0.5224039958459392
18060.0 0.5129210138200471
18070.0 0.5008959736753261
18080.0 0.4860194074668754
18090.0 0.4680039521030011
18100.0 0.4466948736112529
18110.0 0.42209217199163074
18120.0 0.39450531518903553
18130.0 0.36437640026761153
18140.0 0.3321696291447099
18150.0 0.298548147416547
18160.0 0.2642856249453751
18170.0 0.2302662558594825
18180.0 0.1972637100211214
18190.0 0.16602955243933692
18200.0 0.1372269287103453
18210.0 0.11140846016432673
18220.0 0.08872888077373164
18230.0 0.0692987148045961
18240.0 0.05305164769729844
18250.0 0.03978873577297383
18260.0 0.029244720793135767
18270.0 0.02102171540005451
18280.0 0.014788146795621942
18290.0 0.010190337328522743
18300.0 0.006852504494234382
18310.0 0.004531494907477575
18320.0 0.0029178406233514144
18330.0 0.001834702816198238
18340.0 0.001127347513567592
18350.0 0.0006852504494234382
18360.0 0.00039788735772973834
18370.0 0.00022104853207207686
18380.0 0.0001326291192432461
18390.0 6.631455962162305e-05
18400.0 4.420970641441537e-05
18410.0 2.2104853207207685e-05
18420.0 0.0
