mejiro/data/filter_responses/RomanSCA14-F146.ecsv
# %ECSV 1.0
# ---
# datatype:
# - {name: wavelength, unit: Angstrom, datatype: float64}
# - {name: response, datatype: float64}
# meta:
#   __serialized_columns__:
#     wavelength:
#       __class__: astropy.units.quantity.Quantity
#       unit: !astropy.units.Unit {unit: Angstrom}
#       value: !astropy.table.SerializedColumn {name: wavelength}
#   band_name: F146
#   group_name: RomanSCA14
# schema: astropy-2.0
wavelength response
[from data line 567]
14820.0 0.5590759473166967
14830.000000000002 0.55920857643594
14840.0 0.5593191007019761
14850.000000000002 0.5594959395276337
14860.0 0.5596727783532913
14870.000000000002 0.5598275123257418
14880.0 0.5599601414449851
14890.000000000002 0.5600706657110212
14900.0 0.5602032948302643
14910.000000000002 0.5604022385091293
14920.0 0.560579077334787
14930.000000000002 0.5607117064540301
14940.0 0.5608664404264806
14950.000000000002 0.5610874889585526
14960.0 0.561330642343832
14970.000000000002 0.5614853763162824
14980.0 0.5615737957291113
14990.000000000002 0.5616622151419401
15000.0 0.5617506345547689
15009.999999999998 0.5619274733804266
15020.0 0.5621485219124986
15029.999999999998 0.5623474655913635
15040.0 0.5625243044170212
15049.999999999998 0.5627011432426788
15060.0 0.5628779820683365
15069.999999999998 0.5630548208939942
15080.0 0.5631653451600301
15089.999999999998 0.5632095548664445
15100.0 0.5632758694260662
15109.999999999998 0.5634748131049312
15120.0 0.5637400713434176
15129.999999999998 0.5639611198754897
15140.0 0.5641158538479402
15149.999999999998 0.5642042732607689
15160.0 0.5642484829671833
15169.999999999998 0.5642926926735978
15180.0 0.5643811120864266
15189.999999999998 0.5644916363524627
15200.0 0.5646021606184987
15209.999999999998 0.5647568945909491
15220.0 0.5648895237101924
15230.0 0.5650000479762285
15240.0 0.5651326770954717
15250.0 0.5652653062147149
15260.0 0.5654421450403726
15270.0 0.5656189838660303
15280.0 0.5657295081320662
15290.0 0.5657958226916879
15300.0 0.5658842421045167
15310.0 0.5661052906365888
15320.0 0.5662821294622464
15330.0 0.5663263391686608
15340.0 0.5663484440218681
15350.0 0.5664147585814897
15360.0 0.5664810731411114
15370.0 0.5665694925539402
15380.0 0.5666800168199763
15390.0 0.566878960498841
15400.0 0.5670557993244988
15410.0 0.5671000090309132
15420.0 0.567077904177706
15430.0 0.567077904177706
15440.0 0.5671442187373276
15450.0 0.5673652672693996
15460.0 0.5675863158014717
15470.0 0.5676968400675078
15480.0 0.5677631546271293
15490.0 0.5678957837463727
15500.0 0.5679842031592015
15510.0 0.5679842031592015
15520.0 0.5679842031592015
15530.0 0.5680947274252375
15540.0 0.5682273565444809
15550.0 0.5683157759573096
15560.0 0.5683378808105168
15570.0 0.5682936711041023
15580.0 0.5683378808105168
15590.0 0.5684926147829673
15600.0 0.5686252439022105
15610.0 0.5686252439022105
15620.0 0.5686473487554177
15630.0 0.5688462924342825
15640.0 0.5690673409663546
15650.0 0.5691336555259763
15660.0 0.5691115506727691
15670.0 0.5691557603791836
15680.0 0.5692662846452196
15690.0 0.5694873331772916
15700.0 0.5695978574433276
15710.0 0.569531542883706
15720.0 0.5694652283240844
15730.0 0.5696420671497421
15740.0 0.5698631156818141
15750.0 0.5700178496542646
15760.0 0.5700399545074718
15770.0 0.5700178496542646
15780.0 0.5700178496542646
15790.0 0.570062059360679
15800.0 0.5701504787735078
15810.0 0.5702167933331295
15820.0 0.570283107892751
15830.0 0.5704378418652015
15840.0 0.5705483661312376
15850.0 0.5705704709844448
15860.0 0.5706146806908592
15870.0 0.5707915195165169
15880.0 0.5709904631953817
15890.0 0.571123092314625
15900.0 0.5711894068742466
15910.0 0.5712115117274538
15920.0 0.5713220359934899
15930.0 0.5715209796723547
15940.0 0.5716978184980124
15950.0 0.5717862379108412
15960.0 0.5718083427640485
15970.0 0.5718525524704628
15980.0 0.5719851815897061
15990.0 0.5722062301217782
16000.0 0.5724272786538502
16010.0 0.5725378029198863
16020.0 0.5726041174795078
16030.0 0.5727146417455439
16040.000000000002 0.5728472708647872
16050.0 0.5730020048372376
16060.000000000002 0.5732009485161025
16070.0 0.5733998921949673
16080.000000000002 0.5735767310206251
16090.0 0.5736872552866611
16100.000000000002 0.5738198844059043
16110.0 0.5740630377911836
16120.000000000002 0.5742619814700485
16130.0 0.5743504008828773
16140.000000000002 0.5744388202957061
16150.0 0.574637763974571
16160.000000000002 0.5749251270662648
16170.0 0.5751903853047512
16180.000000000002 0.5754114338368232
16190.0 0.5755661678092737
16200.000000000002 0.5757209017817241
16210.0 0.5758535309009675
16220.000000000002 0.5760303697266251
16230.0 0.5762293134054899
16240.000000000002 0.5764061522311477
16250.0 0.5765166764971836
16259.999999999998 0.5766714104696341
16270.0 0.5769366687081205
16279.999999999998 0.5771577172401927
16290.0 0.5772682415062287
16299.999999999998 0.5773345560658504
16310.0 0.5775334997447151
16319.999999999998 0.5777987579832017
16330.0 0.5780640162216881
16339.999999999998 0.5782629599005531
16350.0 0.5784397987262108
16359.999999999998 0.5786166375518683
16370.0 0.5788155812307333
16379.999999999998 0.5790366297628053
16390.0 0.5792355734416702
16400.0 0.5793903074141207
16410.0 0.5794787268269496
16420.0 0.5796334607993999
16430.0 0.5798987190378865
16440.0 0.5801418724231656
16450.0 0.5802523966892017
16460.0 0.5802966063956162
16470.0 0.5804071306616523
16480.0 0.5805397597808954
16490.0 0.5806502840469314
16500.0 0.5808271228725892
16510.0 0.5811144859642828
16520.0 0.581335534496355
16530.0 0.5812692199367333
16540.0 0.5812250102303189
16550.0 0.581446058762391
16560.0 0.5817334218540846
16570.0 0.5819102606797423
16580.0 0.5820207849457784
16590.0 0.5821092043586071
16600.0 0.5823081480374721
16610.0 0.5825734062759585
16620.0 0.5827502451016162
16630.0 0.5826618256887873
16640.0 0.5825955111291657
16650.0 0.5827723499548234
16660.0 0.5830597130465172
16670.0 0.5832586567253819
16680.0 0.5833249712850036
16690.0 0.5832586567253819
16700.0 0.5832365518721748
16710.0 0.583369180991418
16720.0 0.5835239149638685
16730.0 0.5835460198170757
16740.0 0.583568124670283
16750.0 0.5837449634959405
16760.0 0.5839439071748055
16770.0 0.5840544314408415
16780.0 0.5841428508536702
16790.0 0.584319689679328
16800.0 0.5845186333581928
16810.0 0.584651262477436
16820.0 0.5847617867434721
16830.0 0.5848723110095082
16840.0 0.5850049401287514
16850.0 0.5850491498351659
16860.0 0.5851154643947873
16870.0 0.5852259886608234
16880.0 0.5853586177800667
16890.0 0.58549124689931
16900.0 0.5855796663121388
16910.0 0.5856680857249676
16920.0 0.585822819697418
16930.0 0.5860659730826974
16940.0 0.5862649167615622
16950.0 0.5863091264679766
16960.0 0.5863754410275982
16970.0 0.5866849089724993
16980.0 0.5869280623577784
16990.0 0.5869059575045713
17000.0 0.586883852651364
17010.0 0.5871491108898506
17020.0 0.5875248933943731
17030.0 0.5877901516328595
17040.0 0.5879227807521028
17050.0 0.5879448856053101
17060.0 0.5879890953117245
17070.0 0.5882101438437966
17080.0 0.5884532972290758
17090.0 0.5886301360547335
17100.0 0.5887185554675622
17110.0 0.5888511845868055
17120.0 0.5890280234124632
17130.0 0.589226967091328
17140.0 0.5893817010637785
17150.0 0.5894259107701929
17160.0 0.5896027495958506
17170.0 0.5899785321003731
17180.0 0.5903543146048956
17190.0 0.5904869437241389
17200.0 0.5905311534305533
17210.0 0.5906858874030038
17220.0 0.5909069359350758
17230.0 0.5910616699075263
17240.0 0.5912164038799768
17250.0 0.591459557265256
17260.0 0.5916806057973281
17270.0 0.5917911300633641
17280.0 0.591879549476193
17290.0 0.5920121785954362
17300.0 0.5922111222743011
17310.0 0.5924321708063731
17320.0 0.5926532193384452
17330.0 0.592830058164103
17340.0 0.5930290018429678
17350.0 0.5932279455218327
17360.0 0.5934268892006975
17370.0 0.5935374134667335
17380.0 0.5935816231731479
17390.0 0.5935374134667335
17400.0 0.5936258328795625
17410.0 0.5938910911180489
17420.0 0.5942226639161571
17430.0 0.5943995027418146
17440.0 0.5945100270078506
17450.0 0.5946868658335084
17460.0 0.5948415998059587
17470.0 0.5948858095123732
17480.0 0.5948858095123732
17490.0 0.5949521240719948
17500.0 0.5950184386316165
17510.0 0.5950847531912381
17520.0 0.5952173823104813
17530.0 0.5954826405489679
17540.0 0.5957257939342471
17550.0 0.595814213347076
17560.0 0.595814213347076
17570.0 0.5958363182002832
17580.0 0.5959026327599048
17590.0 0.5959910521727336
17600.0 0.5961015764387696
17610.0 0.5962563104112201
17620.0 0.5963668346772562
17630.0 0.596344729824049
17640.0 0.596344729824049
17650.0 0.596455254090085
17660.0 0.5966099880625354
17670.0 0.5966763026221571
17680.0 0.5966763026221571
17690.0 0.5966541977689498
17700.0 0.5966320929157427
17710.0 0.5966320929157427
17720.0 0.5966763026221571
17730.0 0.5966984074753642
17740.0 0.5967647220349859
17750.0 0.5968973511542291
17760.0 0.5970299802734723
17770.0 0.5970741899798867
17780.0 0.5971183996863012
17790.0 0.5972510288055445
17800.0 0.5973615530715805
17810.0 0.5974057627779948
17820.0 0.5973394482183734
17830.0 0.5972289239523373
17840.0 0.5971405045395084
17850.0 0.5971626093927156
17860.0 0.5972731336587517
17870.0 0.5974499724844093
17880.0 0.5976268113100669
17890.0 0.5978036501357247
17900.0 0.5979141744017606
17910.0 0.597958384108175
17920.0 0.5979141744017606
17930.0 0.5978699646953463
17940.0 0.5979141744017606
17950.0 0.5981131180806255
17960.0 0.5982899569062832
17970.0 0.5982678520530761
17980.0 0.5982015374934544
17990.0 0.5982457471998688
18000.0 0.5984446908787336
18010.0 0.5987099491172202
18020.0 0.5988867879428778
18030.0 0.5989309976492921
18040.0 0.5989088927960851
18050.0 0.5989531025024994
18060.0 0.5990636267685355
18070.0 0.5992404655941932
18080.0 0.599439409273058
18090.0 0.5996383529519229
18100.0 0.5997709820711661
18110.0 0.5998151917775805
18120.0 0.5999036111904095
18130.0 0.6001246597224815
18140.0 0.6003678131077608
18150.0 0.6005667567866256
18160.0 0.6006993859058688
18170.0 0.6008320150251122
18180.0 0.6008320150251122
18190.0 0.6006330713462472
18200.0 0.600500442227004
18210.0 0.6006330713462472
18220.0 0.600920434437941
18230.0 0.6012520072360491
18240.0 0.6015835800341571
18250.0 0.6019593625386797
18260.0 0.602313040189995
18270.0 0.6026004032816887
18280.0 0.602733032400932
18290.0 0.6027109275477247
18300.0 0.6027109275477247
18310.0 0.6028877663733824
18320.0 0.6030867100522472
18330.0 0.6031088149054545
18340.0 0.6031088149054545
18350.0 0.6032856537311122
18360.0 0.6035730168228058
18370.0 0.6038824847677068
18380.0 0.6041698478594004
18390.0 0.6043908963914725
18400.0 0.6045677352171301
18410.0 0.604656154629959
18420.0 0.604656154629959
18430.0 0.6046119449235445
18440.0 0.6046119449235445
18450.0 0.6046782594831662
18460.0 0.6048108886024095
18470.0 0.60496562257486
18480.0 0.6051424614005176
18490.0 0.6053635099325897
18500.0 0.6054740341986258
18510.0 0.6053414050793825
18520.0 0.6052529856665537
18530.0 0.6053856147857969
18540.0 0.6055624536114546
18550.0 0.6055845584646617
18560.0 0.6055403487582472
18570.0 0.6056287681710761
18580.0 0.6057835021435266
18590.0 0.6059161312627699
18600.0 0.606026655528806
18610.0 0.6061592846480491
18620.0 0.6062698089140852
18630.0 0.6063140186204996
18640.0 0.6061813895012564
18650.0 0.605827711849941
18660.0 0.6055182439050402
18670.0 0.6055182439050402
18680.0 0.6056508730242833
18690.0 0.6056508730242833
18700.0 0.6055403487582472
18710.0 0.6054077196390041
18720.0 0.6054961390518329
18730.0 0.6059161312627699
18740.0 0.6062919137672924
18750.0 0.6062255992076708
18760.0 0.606048760382013
18770.0 0.6061592846480491
18780.0 0.6062698089140852
18790.0 0.6061592846480491
18800.0 0.606026655528806
18810.0 0.6060708652352204
18820.0 0.6061592846480491
18830.0 0.6060708652352204
18840.0 0.6059603409691843
18850.0 0.6059824458223915
18860.0 0.606026655528806
18870.0 0.6059824458223915
18880.0 0.6059161312627699
18890.0 0.6058498167031483
18900.0 0.6059161312627699
18910.0 0.6061150749416347
18920.0 0.6061150749416347
18930.0 0.6056950827306978
18940.0 0.6052529856665537
18950.0 0.6051424614005176
18960.0 0.6051424614005176
18970.0 0.6049214128684456
18980.0 0.6047666788959951
18990.0 0.6049435177216527
19000.0 0.6051645662537247
19010.0 0.6051645662537247
19020.0 0.6050982516941033
19030.0 0.6051203565473103
19040.0 0.6052308808133464
19050.0 0.6052971953729681
19060.0 0.6052087759601392
19070.0 0.6049214128684456
19080.0 0.6046119449235445
19090.0 0.6044572109510942
19100.0 0.6044572109510942
19110.0 0.6045677352171301
19120.0 0.6046782594831662
19130.0 0.604656154629959
19140.0 0.6045898400703374
19150.0 0.6045677352171301
19160.0 0.6045014206575086
19170.0 0.6042582672722293
19180.0 0.6038824847677068
19190.0 0.6035067022631843
19200.0 0.6034403877035627
19210.0 0.6038824847677068
19220.0 0.604324581831851
19230.0 0.6043466866850581
19240.0 0.604125638152986
19250.0 0.6039930090337429
19260.0 0.6037498556484635
19270.0 0.6033077585843193
19280.0 0.6029982906394185
19290.0 0.6032193391714905
19300.0 0.6036172265292203
19310.0 0.6037719605016707
19320.0 0.6036172265292203
19330.0 0.6032635488779049
19340.0 0.6029540809330041
19350.0 0.6029540809330041
19360.0 0.6030203954926258
19370.0 0.6029540809330041
19380.0 0.6028656615201752
19390.0 0.6028656615201752
19400.0 0.6029982906394185
19410.0 0.6032193391714905
19420.0 0.6033298634375266
19430.0 0.6031530246118689
19440.0 0.6028214518137608
19450.0 0.602534088722067
19460.0 0.6024014596028239
19470.0 0.6024677741624455
19480.0 0.602534088722067
19490.0 0.6023793547496166
19500.0 0.6022909353367878
19510.0 0.6024898790156527
19520.0 0.602733032400932
19530.0 0.6027993469605536
19540.0 0.6027772421073464
19550.0 0.6028214518137608
19560.0 0.6029319760797968
19570.0 0.6030646051990401
19580.0 0.6030646051990401
19590.0 0.6028214518137608
19600.0 0.6027109275477247
19610.0 0.6029982906394185
19620.0 0.6032856537311122
19630.0 0.6031751294650761
19640.0 0.6029540809330041
19650.0 0.6029761857862111
19660.0 0.6031530246118689
19670.0 0.6033298634375266
19680.0 0.6034403877035627
19690.0 0.6035288071163915
19700.0 0.6035509119695986
19710.0 0.6034182828503554
19720.0 0.603374073143941
19730.0 0.6034845974099771
19740.0 0.6035730168228058
19750.0 0.6034182828503554
19760.0 0.6032193391714905
19770.0 0.6032414440246977
19780.0 0.6033961779971482
19790.0 0.6035288071163915
19800.0 0.6036172265292203
19810.0 0.6036614362356347
19820.0 0.6036835410888418
19830.0 0.6037277507952563
19840.0 0.6037277507952563
19850.0 0.6036172265292203
19860.0 0.6034624925567698
19870.0 0.6034182828503554
19880.0 0.6032635488779049
19890.0 0.602733032400932
19900.0 0.6015393703277427
19910.0 0.5990636267685355
19920.0 0.5940900347969138
19930.0 0.5848059964498865
19940.0 0.5688462924342825
19950.0 0.5436246549248586
19960.0 0.5068642840412723
19970.0 0.4577473002148568
19980.0 0.39777683346370235
19990.0 0.33053387000737655
20000.0 0.2609035824046723
20010.0 0.19443428881059882
20019.999999999996 0.13625431516922817
20030.0 0.0894583409295695
20040.0 0.054864245660289475
20050.0 0.03136678670102771
20059.999999999996 0.016667059318234593
20070.0 0.008223005393081259
20080.0 0.003757825045225307
20090.0 0.0015915494309189533
20099.999999999996 0.0006189358898018152
20110.0 0.00022104853207207686
20120.0 6.631455962162305e-05
20130.0 2.2104853207207685e-05
20139.999999999996 0.0
