mejiro/data/filter_responses/RomanSCA16-F146.ecsv
# %ECSV 1.0
# ---
# datatype:
# - {name: wavelength, unit: Angstrom, datatype: float64}
# - {name: response, datatype: float64}
# meta:
#   __serialized_columns__:
#     wavelength:
#       __class__: astropy.units.quantity.Quantity
#       unit: !astropy.units.Unit {unit: Angstrom}
#       value: !astropy.table.SerializedColumn {name: wavelength}
#   band_name: F146
#   group_name: RomanSCA16
# schema: astropy-2.0
wavelength response
[from data line 567]
14780.0 0.5371258280819395
14790.000000000002 0.5372363523479756
14800.0 0.5373689814672189
14810.000000000002 0.5375237154396694
14820.0 0.5376563445589125
14830.000000000002 0.5377447639717414
14840.0 0.5378110785313629
14850.000000000002 0.537921602797399
14860.0 0.5380542319166423
14870.000000000002 0.5381647561826783
14880.0 0.5382310707422999
14890.000000000002 0.5382973853019216
14900.0 0.5383858047147504
14910.000000000002 0.5385405386872009
14920.0 0.5386731678064441
14930.000000000002 0.5387615872192729
14940.0 0.538872111485309
14950.000000000002 0.5390489503109667
14960.0 0.5392478939898314
14970.000000000002 0.5393805231090748
14980.0 0.5394468376686964
14990.000000000002 0.5394689425219036
15000.0 0.5395573619347324
15009.999999999998 0.5396899910539756
15020.0 0.5398889347328405
15029.999999999998 0.5400657735584982
15040.0 0.5402205075309486
15049.999999999998 0.5403752415033991
15060.0 0.5405299754758496
15069.999999999998 0.5406847094483
15080.0 0.5407731288611288
15089.999999999998 0.5408173385675432
15100.0 0.5408615482739577
15109.999999999998 0.5410383870996153
15120.0 0.5412815404848946
15129.999999999998 0.5415025890169667
15140.0 0.5416573229894172
15149.999999999998 0.5417236375490387
15160.0 0.5417678472554531
15169.999999999998 0.5418341618150748
15180.0 0.5419004763746964
15189.999999999998 0.5420110006407325
15200.0 0.5421436297599757
15209.999999999998 0.5422762588792189
15220.0 0.5424088879984622
15230.0 0.5425415171177055
15240.0 0.5426520413837415
15250.0 0.5428067753561919
15260.0 0.5429836141818496
15270.0 0.5431604530075073
15280.0 0.5432930821267505
15290.0 0.5433593966863721
15300.0 0.5434699209524082
15310.0 0.543668864631273
15320.0 0.5438678083101379
15330.0 0.5439341228697595
15340.0 0.5439562277229667
15350.0 0.5440225422825884
15360.0 0.5441330665486244
15370.0 0.5442214859614533
15380.0 0.5443541150806965
15390.0 0.5445530587595613
15400.0 0.5447298975852191
15410.0 0.5447962121448406
15420.0 0.5447962121448406
15430.0 0.5448183169980478
15440.0 0.5449067364108767
15450.0 0.5451277849429488
15460.0 0.5453488334750207
15470.0 0.545481462594264
15480.0 0.5455698820070929
15490.0 0.5457025111263362
15500.0 0.5458130353923721
15510.0 0.5458351402455794
15520.0 0.5458351402455794
15530.0 0.5459456645116154
15540.0 0.5461003984840659
15550.0 0.546210922750102
15560.0 0.546233027603309
15570.0 0.546210922750102
15580.0 0.5462551324565164
15590.0 0.546431971282174
15600.0 0.5465867052546245
15610.0 0.5465867052546245
15620.0 0.5466088101078316
15630.0 0.5468298586399037
15640.0 0.5470509071719758
15650.0 0.5471172217315974
15660.0 0.5471172217315974
15670.0 0.5471614314380118
15680.0 0.5472719557040479
15690.0 0.5474930042361199
15700.0 0.5476256333553632
15710.0 0.5475593187957416
15720.0 0.5475151090893272
15730.0 0.5476698430617776
15740.0 0.5479129964470569
15750.0 0.5480456255663001
15760.0 0.5480898352727145
15770.0 0.5480677304195074
15780.0 0.5480677304195074
15790.0 0.548134044979129
15800.0 0.5482224643919579
15810.0 0.5482887789515795
15820.0 0.548355093511201
15830.0 0.5485098274836515
15840.0 0.5486424566028948
15850.0 0.548664561456102
15860.0 0.5486866663093092
15870.0 0.5488635051349668
15880.0 0.5490624488138317
15890.0 0.549195077933075
15900.0 0.5492392876394894
15910.0 0.5492834973459038
15920.0 0.5493940216119397
15930.0 0.5495708604375975
15940.0 0.5497476992632552
15950.0 0.549836118676084
15960.0 0.5498582235292911
15970.0 0.5499024332357055
15980.0 0.5500129575017416
15990.0 0.5502340060338137
16000.0 0.5504550545658858
16010.0 0.5505434739787146
16020.0 0.5506097885383362
16030.0 0.5506982079511651
16040.000000000002 0.5508308370704083
16050.0 0.5509855710428587
16060.000000000002 0.5511624098685164
16070.0 0.5513392486941742
16080.000000000002 0.5515160875198318
16090.0 0.5516266117858678
16100.000000000002 0.5517371360519038
16110.0 0.5519581845839758
16120.000000000002 0.5521350234096335
16130.0 0.5522234428224625
16140.000000000002 0.5523118622352913
16150.0 0.5524887010609489
16160.000000000002 0.5527539592994354
16170.0 0.5529971126847146
16180.000000000002 0.5531960563635796
16190.0 0.5533728951892373
16200.000000000002 0.5535055243084804
16210.0 0.5536381534277237
16220.000000000002 0.5537928874001742
16230.0 0.5539697262258318
16240.000000000002 0.5541465650514894
16250.0 0.5542570893175255
16259.999999999998 0.5543897184367688
16270.0 0.554632871822048
16279.999999999998 0.5548539203541201
16290.0 0.554942339766949
16299.999999999998 0.5550307591797777
16310.0 0.5552075980054354
16319.999999999998 0.555472856243922
16330.0 0.5557160096292012
16339.999999999998 0.5559149533080661
16350.0 0.5560696872805165
16359.999999999998 0.5562465261061742
16370.0 0.5564454697850391
16379.999999999998 0.556644413463904
16390.0 0.5568654619959761
16400.0 0.5569980911152193
16410.0 0.5571086153812553
16420.0 0.5572412445004986
16430.0 0.557506502738985
16440.0 0.5577717609774715
16450.0 0.5578822852435076
16460.0 0.557926494949922
16470.0 0.5580591240691652
16480.0 0.5581917531884084
16490.0 0.5583022774544445
16500.0 0.5584791162801022
16510.0 0.558788584225003
16520.0 0.5590096327570752
16530.0 0.558987527903868
16540.0 0.5589433181974536
16550.0 0.5591864715827328
16560.0 0.5594959395276337
16570.0 0.5596727783532913
16580.0 0.5597833026193274
16590.0 0.5599159317385707
16600.0 0.5601148754174355
16610.0 0.5604243433623364
16620.0 0.5606232870412013
16630.0 0.5605569724815797
16640.0 0.5605127627751653
16650.0 0.5607117064540301
16660.0 0.5610211743989311
16670.0 0.5612643277842103
16680.0 0.5613527471970391
16690.0 0.5613085374906247
16700.0 0.561330642343832
16710.0 0.5614853763162824
16720.0 0.5616622151419401
16730.0 0.5617285297015617
16740.0 0.5617948442611833
16750.0 0.5619937879400483
16760.0 0.5622148364721203
16770.0 0.5623474655913635
16780.0 0.5624800947106068
16790.0 0.5627011432426788
16800.0 0.562922191774751
16810.0 0.5630769257472014
16820.0 0.5632095548664445
16830.0 0.5633863936921023
16840.0 0.5635190228113456
16850.0 0.5636074422241744
16860.0 0.5637179664902103
16870.0 0.5638505956094537
16880.0 0.5640274344351113
16890.0 0.5641821684075617
16900.0 0.564314797526805
16910.0 0.5644474266460483
16920.0 0.564624265471706
16930.0 0.5648895237101924
16940.0 0.5651326770954717
16950.0 0.5651989916550934
16960.0 0.5653095159211293
16970.0 0.5656189838660303
16980.0 0.5659063469577239
16990.0 0.5659284518109312
17000.0 0.5659284518109312
17010.0 0.5662158149026248
17020.0 0.5666137022603546
17030.0 0.5669231702052555
17040.0 0.5670557993244988
17050.0 0.5671000090309132
17060.0 0.5671884284437421
17070.0 0.5674315818290213
17080.0 0.567718944920715
17090.0 0.5678957837463727
17100.0 0.5680284128656159
17110.0 0.5681831468380663
17120.0 0.5683820905169312
17130.0 0.5686031390490033
17140.0 0.5687578730214538
17150.0 0.5688462924342825
17160.0 0.5690452361131475
17170.0 0.5694431234708771
17180.0 0.5698189059753996
17190.0 0.5699736399478502
17200.0 0.5700399545074718
17210.0 0.5702388981863367
17220.0 0.5704599467184088
17230.0 0.5706367855440664
17240.0 0.570813624369724
17250.0 0.5710567777550034
17260.0 0.5712999311402825
17270.0 0.5714325602595259
17280.0 0.5715430845255619
17290.0 0.5716978184980124
17300.0 0.5718967621768772
17310.0 0.5721399155621565
17320.0 0.5723830689474358
17330.0 0.5725820126263007
17340.0 0.5727809563051656
17350.0 0.5730020048372376
17360.0 0.5732009485161025
17370.0 0.5733335776353458
17380.0 0.5733998921949673
17390.0 0.5733777873417601
17400.0 0.573466206754589
17410.0 0.5737756746994899
17420.0 0.5740851426443908
17430.0 0.5742840863232557
17440.0 0.5744167154424988
17450.0 0.5745935542681566
17460.0 0.5747703930938143
17470.0 0.5748146028002287
17480.0 0.5748367076534359
17490.0 0.5749251270662648
17500.0 0.5750135464790935
17510.0 0.5750798610387151
17520.0 0.5752345950111656
17530.0 0.575499853249652
17540.0 0.5757651114881386
17550.0 0.5758756357541747
17560.0 0.5758977406073819
17570.0 0.575919845460589
17580.0 0.5759861600202106
17590.0 0.5760966842862467
17600.0 0.5762293134054899
17610.0 0.5763840473779404
17620.0 0.5764945716439764
17630.0 0.5764945716439764
17640.0 0.5764945716439764
17650.0 0.5766272007632197
17660.0 0.5767819347356702
17670.0 0.576870354148499
17680.0 0.576870354148499
17690.0 0.576870354148499
17700.0 0.5768482492952918
17710.0 0.576870354148499
17720.0 0.5769145638549134
17730.0 0.5769366687081205
17740.0 0.5770250881209494
17750.0 0.5771577172401927
17760.0 0.577290346359436
17770.0 0.5773345560658504
17780.0 0.577400870625472
17790.0 0.577511394891508
17800.0 0.5776440240107512
17810.0 0.5776661288639585
17820.0 0.5776219191575441
17830.0 0.577511394891508
17840.0 0.5774229754786792
17850.0 0.5774450803318864
17860.0 0.5775556045979224
17870.0 0.5777324434235801
17880.0 0.5779092822492377
17890.0 0.5780640162216881
17900.0 0.5781745404877242
17910.0 0.5781966453409314
17920.0 0.5781745404877242
17930.0 0.5781082259281026
17940.0 0.578152435634517
17950.0 0.5783292744601747
17960.0 0.5784840084326252
17970.0 0.5784619035794178
17980.0 0.5783734841665891
17990.0 0.5784176938730035
18000.0 0.5785945326986612
18010.0 0.5788376860839404
18020.0 0.5790145249095981
18030.0 0.5790366297628053
18040.0 0.5789924200563908
18050.0 0.5790145249095981
18060.0 0.5791029443224269
18070.0 0.5792576782948774
18080.0 0.5794345171205351
18090.0 0.5795892510929855
18100.0 0.5796997753590216
18110.0 0.5797218802122287
18120.0 0.5797881947718504
18130.0 0.5799650335975081
18140.0 0.5801860821295801
18150.0 0.5803408161020306
18160.0 0.5804734452212738
18170.0 0.5805618646341026
18180.0 0.5805397597808954
18190.0 0.5803187112488234
18200.0 0.5801639772763729
18210.0 0.580274501542409
18220.0 0.5805397597808954
18230.0 0.5808050180193819
18240.0 0.5811144859642828
18250.0 0.581446058762391
18260.0 0.5817776315604991
18270.0 0.5820207849457784
18280.0 0.5821092043586071
18290.0 0.5820649946521927
18300.0 0.5820428897989857
18310.0 0.5821755189182288
18320.0 0.5823302528906792
18330.0 0.5823302528906792
18340.0 0.5823081480374721
18350.0 0.5824407771567153
18360.0 0.5827060353952018
18370.0 0.5829712936336884
18380.0 0.5832144470189675
18390.0 0.5834133906978325
18400.0 0.583568124670283
18410.0 0.5836123343766974
18420.0 0.58359022952349
18430.0 0.5835239149638685
18440.0 0.5835018101106613
18450.0 0.5835460198170757
18460.0 0.5836565440831117
18470.0 0.5837670683491477
18480.0 0.5839218023215982
18490.0 0.5841207460004632
18500.0 0.5842091654132919
18510.0 0.5840765362940487
18520.0 0.5839439071748055
18530.0 0.5840765362940487
18540.0 0.5842312702664991
18550.0 0.5842312702664991
18560.0 0.5841649557068775
18570.0 0.5842312702664991
18580.0 0.5843638993857424
18590.0 0.5844965285049857
18600.0 0.5845849479178145
18610.0 0.5846954721838504
18620.0 0.5847838915966793
18630.0 0.5848281013030938
18640.0 0.5846733673306432
18650.0 0.584319689679328
18660.0 0.5840323265876343
18670.0 0.5840323265876343
18680.0 0.5841428508536702
18690.0 0.5841428508536702
18700.0 0.5840323265876343
18710.0 0.5838996974683911
18720.0 0.5839660120280126
18730.0 0.5843860042389496
18740.0 0.5847175770370577
18750.0 0.584651262477436
18760.0 0.5844965285049857
18770.0 0.5845849479178145
18780.0 0.5846954721838504
18790.0 0.5846070527710217
18800.0 0.5844523187985712
18810.0 0.5845186333581928
18820.0 0.5845849479178145
18830.0 0.5845186333581928
18840.0 0.5844081090921568
18850.0 0.584430213945364
18860.0 0.5844744236517784
18870.0 0.5844523187985712
18880.0 0.5843860042389496
18890.0 0.584319689679328
18900.0 0.5843860042389496
18910.0 0.5845849479178145
18920.0 0.5846070527710217
18930.0 0.5842091654132919
18940.0 0.583789173202355
18950.0 0.5837007537895261
18960.0 0.5837007537895261
18970.0 0.5835018101106613
18980.0 0.583369180991418
18990.0 0.5835460198170757
19000.0 0.5837670683491477
19010.0 0.583789173202355
19020.0 0.5837228586427333
19030.0 0.5837670683491477
19040.0 0.5838775926151838
19050.0 0.5839660120280126
19060.0 0.5838996974683911
19070.0 0.5836344392299045
19080.0 0.5833470761382108
19090.0 0.5832144470189675
19100.0 0.5832365518721748
19110.0 0.583369180991418
19120.0 0.5834797052574541
19130.0 0.5834797052574541
19140.0 0.5834354955510397
19150.0 0.5834354955510397
19160.0 0.5833912858446253
19170.0 0.5831923421657604
19180.0 0.582838664514445
19190.0 0.582507091716337
19200.0 0.5824407771567153
19210.0 0.5828828742208594
19220.0 0.583369180991418
19230.0 0.5833912858446253
19240.0 0.5832144470189675
19250.0 0.5830818178997244
19260.0 0.5828828742208594
19270.0 0.5824628820099225
19280.0 0.5822197286246432
19290.0 0.5824407771567153
19300.0 0.5828607693676523
19310.0 0.5830155033401028
19320.0 0.5829049790740667
19330.0 0.5825734062759585
19340.0 0.5823081480374721
19350.0 0.5823302528906792
19360.0 0.5824186723035081
19370.0 0.5823965674503009
19380.0 0.5823081480374721
19390.0 0.5823523577438865
19400.0 0.582507091716337
19410.0 0.582728140248409
19420.0 0.5828607693676523
19430.0 0.5827060353952018
19440.0 0.5824186723035081
19450.0 0.5821755189182288
19460.0 0.5820649946521927
19470.0 0.5821755189182288
19480.0 0.5822418334778504
19490.0 0.5821313092118144
19500.0 0.5820649946521927
19510.0 0.5822860431842648
19520.0 0.5825291965695442
19530.0 0.5826176159823729
19540.0 0.5826397208355802
19550.0 0.5826839305419946
19560.0 0.5828165596612378
19570.0 0.5829712936336884
19580.0 0.5829933984868955
19590.0 0.5827944548080306
19600.0 0.5827060353952018
19610.0 0.5830155033401028
19620.0 0.5833028664317964
19630.0 0.5832144470189675
19640.0 0.5830376081933099
19650.0 0.5830818178997244
19660.0 0.5832807615785892
19670.0 0.5834576004042469
19680.0 0.58359022952349
19690.0 0.5837228586427333
19700.0 0.5837449634959405
19710.0 0.5836344392299045
19720.0 0.5836123343766974
19730.0 0.5837449634959405
19740.0 0.5838554877619766
19750.0 0.5837007537895261
19760.0 0.5835239149638685
19770.0 0.583568124670283
19780.0 0.5837228586427333
19790.0 0.5838554877619766
19800.0 0.5838996974683911
19810.0 0.583789173202355
19820.0 0.5834354955510397
19830.0 0.5825955111291657
19840.0 0.5807387034597603
19850.0 0.5769587735613279
19860.0 0.5701946884799223
19870.0 0.558877003637832
19880.0 0.5410604919528226
19890.0 0.5147557166362454
19900.0 0.47874691076170406
19910.0 0.4328793403567481
19920.0 0.3784129820541884
19930.0 0.3181993619177546
19940.0 0.25610682925870826
19950.0 0.19653424986528353
19960.0 0.14321734392949861
19970.0 0.09878658898301115
19980.0 0.064391437392596
19990.0 0.03958979209410897
20000.0 0.02292273277587437
20010.0 0.012445032355657928
20019.999999999996 0.006344092870468606
20030.0 0.003028364889387453
20040.0 0.0013483960456396689
20050.0 0.0005747261833873998
20059.999999999996 0.00022104853207207686
20070.0 8.841941282883074e-05
20080.0 2.2104853207207685e-05
20090.0 0.0
