mejiro/data/filter_responses/RomanSCA08-Grism_1stOrder.ecsv
# %ECSV 1.0
# ---
# datatype:
# - {name: wavelength, unit: Angstrom, datatype: float64}
# - {name: response, datatype: float64}
# meta:
#   __serialized_columns__:
#     wavelength:
#       __class__: astropy.units.quantity.Quantity
#       unit: !astropy.units.Unit {unit: Angstrom}
#       value: !astropy.table.SerializedColumn {name: wavelength}
#   band_name: Grism_1stOrder
#   group_name: RomanSCA08
# schema: astropy-2.0
wavelength response
9870.0 0.0
9880.0 4.420970641441537e-05
9890.0 0.00022104853207207686
9900.0 0.0010389281007387612
9910.0 0.003846244458054137
9920.0 0.011428209108126374
9930.0 0.02783001018787448
9940.0 0.05594738346744265
9950.0 0.09418877951591194
9960.0 0.13556906471980473
9970.0 0.17129050750265237
9980.0 0.19600373338831056
9990.0 0.209996105468473
10000.0 0.21680440025629297
10009.999999999998 0.22003170882454529
10020.0 0.22191062134715797
10029.999999999998 0.22339164651204085
10040.0 0.22478425226409493
10049.999999999998 0.22617685801614906
10060.0 0.22756946376820314
10069.999999999998 0.2289841743734644
10080.0 0.23037678012551852
10089.999999999998 0.23174728102436537
10100.0 0.23311778192321225
10109.999999999998 0.23453249252847352
10120.0 0.23594720313373482
10129.999999999998 0.23733980888578893
10140.0 0.2387103097846358
10149.999999999998 0.24005870583027547
10160.0 0.24140710187591516
10169.999999999998 0.24279970762796924
10180.0 0.2441923133800233
10189.999999999998 0.2455849191320774
10200.0 0.24695542003092424
10209.999999999998 0.24832592092977113
10220.0 0.2496743169754108
10230.0 0.25104481787425764
10240.0 0.2524153187731045
10250.0 0.2537637148187442
10260.0 0.25509000601117665
10270.0 0.25641629720360914
10280.0 0.2577646932492488
10290.0 0.25913519414809566
10300.0 0.2605056950469426
10310.0 0.26183198623937504
10320.0 0.2631140677253931
10330.0 0.2644403589178255
10340.0 0.2657887549634652
10350.0 0.26711504615589765
10360.0 0.2684413373483301
10370.0 0.2697455236875554
10380.0 0.27102760517357344
10390.0 0.2723096866595915
10400.0 0.27359176814560954
10410.0 0.2748517447784204
10420.0 0.27613382626443844
10430.0 0.2774822223100781
10440.0 0.2787864086493034
10450.0 0.28000217557569973
10460.0 0.28117373279568175
10470.0 0.2824337094284926
10480.0 0.28373789576771785
10490.0 0.28506418696015035
10500.0 0.28632416359296115
10510.0 0.28751782566615036
10520.0 0.2886893828861324
10530.0 0.28992725466573604
10540.0 0.29118723129854684
10550.0 0.29244720793135764
10560.0 0.2937071845641685
10570.0 0.29492295149056497
10580.0 0.29607240385733974
10590.0 0.2971776465177001
10600.0 0.2983049940312677
10610.0 0.2994986561044569
10620.0 0.3007365278840606
10630.0 0.30193018995724974
10640.0 0.30307964232402457
10650.0 0.3041627801311777
10660.0 0.30524591793833095
10670.0 0.3063953703051058
10680.0 0.30754482267188055
10690.0 0.3086721701854481
10700.0 0.3097774128458085
10710.0 0.31092686521258334
10720.0 0.3120763175793581
10730.0 0.3132036650929257
10740.0 0.31435311745970046
10750.0 0.3155025698264753
10760.0 0.31662991734004287
10770.0 0.31771305514719606
10780.0 0.3187298783947276
10790.0 0.3197909113486736
10800.0 0.3208740491558268
10810.0 0.32202350152260156
10820.0 0.32315084903616914
10830.0 0.3241897771369079
10840.0 0.3252066003844395
10850.0 0.32633394789800707
10860.0 0.32743919055836745
10870.0 0.3284781186591062
10880.0 0.32947283705343056
10890.0 0.33051176515416936
10900.0 0.3315727981081153
10910.0 0.33263383106206124
10920.0 0.33367275916280004
10930.0 0.3346895824103316
10940.0 0.3356843008046559
10950.0 0.3367232289053947
10960.0 0.33774005215292624
10970.0 0.3387347705472506
10980.0 0.3398621180608182
10990.0 0.34121051410645786
11000.0 0.3425368052988903
11010.0 0.3436199431060435
11020.0 0.3445925566471606
11030.0 0.34560937989469215
11040.000000000002 0.34669251770184534
11050.0 0.3477535506557913
11060.000000000002 0.3488366884629445
11070.0 0.34991982627009766
11080.000000000002 0.3509366495176292
11090.0 0.3518871582055392
11100.000000000002 0.3528597717466563
11110.0 0.35394290955380947
11120.000000000002 0.35504815221416985
11130.0 0.3560649754617014
11140.000000000002 0.35708179870923296
11150.0 0.35818704136959334
11160.000000000002 0.3592480743235393
11170.0 0.3601543733050348
11180.000000000002 0.3610827771397375
11190.0 0.3621217052404763
11200.000000000002 0.36320484304762946
11210.0 0.3641774565887466
11220.000000000002 0.3651500701298637
11230.0 0.36616689337739533
11240.000000000002 0.3671616117717197
11250.0 0.36804580590000796
11259.999999999998 0.36888579032188185
11270.0 0.36979208930337737
11279.999999999998 0.37076470284449453
11290.0 0.37173731638561164
11299.999999999998 0.37268782507352155
11310.0 0.3736825434678459
11319.999999999998 0.3746330521557559
11330.0 0.3755614559904586
11339.999999999998 0.3764456501187469
11350.0 0.3773519491002424
11359.999999999998 0.3782582480817379
11370.0 0.37912033735681905
11379.999999999998 0.3800045314851073
11390.0 0.38093293531981004
11399.999999999998 0.38188344400772
11410.0 0.3828339526956299
11419.999999999998 0.3837181468239182
11430.0 0.3845360263925849
11439.999999999998 0.3853539059612516
11450.0 0.3862159952363327
11459.999999999998 0.38712229421782823
11470.0 0.3879843834929093
11480.0 0.38878015820836875
11490.0 0.38959803777703544
11500.0 0.39039381249249494
11510.0 0.39121169206116163
11520.0 0.3920074667766211
11530.0 0.3927590317856661
11540.0 0.3935327016479184
11550.0 0.3943726860697923
11560.0 0.395190565638459
11570.0 0.3958979209410896
11580.0 0.3965831713905131
11590.0 0.3973347363995582
11600.0 0.3981526159682248
11610.0 0.39892628583047707
11620.0 0.3996336411331078
11630.0 0.40029678672932395
11640.0 0.4009599323255402
11650.0 0.40166728762817083
11660.0 0.4023746429308015
11670.0 0.4030819982334321
11680.0 0.40378935353606277
11690.0 0.4045409185451079
11700.0 0.4052703787009457
11710.0 0.4058451048843331
11720.0 0.4063756213613061
11730.0 0.4069945572511079
11740.0 0.40763559799411697
11750.0 0.40829874359033314
11760.0 0.408917679480135
11770.0 0.4095366153699368
11780.0 0.410199760966153
11790.0 0.4109071162687837
11800.0 0.41159236671820715
11810.0 0.41218919775480173
11820.0 0.4127639239381891
11830.0 0.41336075497478375
11840.0 0.4139796908645855
11850.0 0.4145323121947657
11860.0 0.41501861896532427
11870.0 0.4155270305890901
11880.0 0.41605754706606307
11890.0 0.41667648295586485
11900.0 0.41725120913925223
11910.0 0.4177154110566036
11920.0 0.41817961297395495
11930.0 0.4187543391573424
11940.0 0.4193069604875226
11950.0 0.41974905755166675
11960.0 0.4201911546158109
11970.0 0.4207437759459911
11980.0 0.42129639727617124
11990.0 0.4217605991935226
12000.0 0.42218059140445957
12010.0 0.4226668981750181
12020.0 0.4231753097987839
12030.0 0.42366161656934254
12040.0 0.4241479233399011
12050.0 0.42467843981687403
12060.0 0.42516474658743264
12070.0 0.42556263394516236
12080.0 0.4259163115964777
12090.0 0.42626998924779297
12100.0 0.42666787660552274
12110.0 0.4271541833760813
12120.0 0.4276183852934327
12130.0 0.4279499580915408
12140.0 0.4282594260364417
12150.0 0.42867941824737865
12160.0 0.4291657250179372
12170.0 0.42965203178849576
12180.0 0.43007202399943273
12190.0 0.43038149194433367
12200.0 0.4306909598892345
12210.0 0.43113305695337867
12220.0 0.43157515401752283
12230.0 0.43192883166883816
12240.0 0.4322825093201535
12250.0 0.4326803966778832
12260.0 0.433078284035613
12270.0 0.43340985683372113
12280.0 0.43371932477862196
12290.000000000002 0.4340730024299373
12300.0 0.4344266800812527
12310.000000000002 0.4347140431729463
12320.0 0.4349571965582256
12330.000000000002 0.43524455964991937
12340.0 0.4355540275948202
12350.000000000002 0.43584139068651395
12360.0 0.43612875377820765
12370.000000000002 0.4363719071634869
12380.0 0.43668137510838784
12390.000000000002 0.43705715761291036
12400.0 0.43736662555781125
12410.000000000002 0.43756556923667617
12420.0 0.4377424080623338
12430.000000000002 0.4381181905668563
12440.0 0.43847186821817163
12450.000000000002 0.4386487070438293
12460.0 0.43880344101627977
12470.000000000002 0.43906869925476627
12480.0 0.43940027205287435
12490.000000000002 0.4396876351445681
12500.0 0.43993078852984735
12509.999999999998 0.44012973220871227
12520.0 0.44032867588757707
12529.999999999998 0.4405497244196492
12540.0 0.44079287780492843
12549.999999999998 0.4410802408966222
12560.0 0.4413454991351086
12569.999999999998 0.44156654766718073
12580.0 0.44169917678642395
12589.999999999998 0.4417875961992528
12600.0 0.44192022531849606
12609.999999999998 0.4421854835569825
12620.0 0.4424949515018834
12629.999999999998 0.4426938951807483
12640.0 0.4428707340064059
12649.999999999998 0.4430917825384781
12660.0 0.44326862136413575
12669.999999999998 0.4433791456301717
12680.0 0.4434675650430006
12689.999999999998 0.4436444038686583
12700.0 0.44386545240073033
12709.999999999998 0.44404229122638794
12720.0 0.44424123490525286
12730.0 0.44448438829053216
12740.0 0.4446391222629826
12750.0 0.44468333196939697
12760.0 0.44472754167581136
12770.0 0.4449485902078835
12780.0 0.44523595329957727
12790.0 0.4454570018316493
12800.0 0.4455675260976853
12810.0 0.44558963095089255
12820.0 0.44563384065730693
12830.0 0.44576646977655016
12840.0 0.4459875183086222
12850.0 0.4462085668406944
12860.0 0.44638540566635204
12870.0 0.4464738250791808
12880.0 0.4465401396388024
12890.0 0.4466948736112529
12900.0 0.4468496075837034
12910.0 0.4470043415561539
12920.0 0.44711486582218984
12930.0 0.4471811803818115
12940.0 0.4472917046478475
12950.0 0.447446438620298
12960.0 0.4475790677395412
12970.0 0.44764538229916284
12980.0 0.4477116968587844
12990.0 0.4478885356844421
13000.0 0.44808747936330695
13010.0 0.4481758987761358
13020.0 0.44819800362934303
13030.0 0.4482643181889646
13040.0 0.44833063274858626
13050.0 0.44846326186782953
13060.0 0.44861799584028
13070.0 0.4487948346659376
13080.0 0.4489274637851809
13090.0 0.44901588319800967
13100.0 0.4491706171704602
13110.0 0.44943587540894664
13120.0 0.44967902879422594
13130.0 0.44967902879422594
13140.0 0.44963481908781155
13150.0 0.44967902879422594
13160.0 0.4498337627666764
13170.0 0.44996639188591964
13180.0 0.45007691615195566
13190.0 0.4501432307115773
13200.0 0.4501874404179917
13210.0 0.4502758598308205
13220.0 0.45040848895006375
13230.0 0.45051901321609983
13240.0 0.45060743262892866
13250.0 0.4506958520417575
13260.0 0.4507842714545863
13270.0 0.4508726908674151
13280.0 0.45096111028024394
13290.0 0.45096111028024394
13300.0 0.4510053199866584
13310.0 0.4511158442526944
13320.0 0.4512926830783521
13330.0 0.4514253121975953
13340.0 0.4514695219040098
13350.0 0.4514695219040098
13360.0 0.45151373161042424
13370.0 0.45164636072966746
13380.0 0.4517347801424963
13390.0 0.45169057043608185
13400.0 0.45158004617004577
13410.0 0.4516021510232531
13420.0 0.4516684655828746
13430.0 0.4517789898489107
13440.0 0.4518674092617395
13450.0 0.4519116189681539
13460.0 0.45195582867456835
13470.0 0.45202214323419
13480.0 0.45206635294060443
13490.0 0.45206635294060443
13500.0 0.45206635294060443
13510.0 0.4520442480873971
13520.0 0.45200003838098274
13530.0 0.45193372382136116
13540.000000000002 0.45188951411494666
13550.0 0.4519116189681539
13560.000000000002 0.45188951411494666
13570.0 0.4517789898489107
13580.000000000002 0.45169057043608185
13590.0 0.45171267528928905
13600.000000000002 0.45175688499570343
13610.0 0.4516684655828746
13620.000000000002 0.45151373161042424
13630.0 0.4513811024911809
13640.000000000002 0.45127057822514494
13650.0 0.4511821588123161
13660.000000000002 0.4511158442526944
13670.0 0.4511379491059017
13680.000000000002 0.45116005395910885
13690.0 0.45109373939948727
13700.000000000002 0.4509832151334512
13710.0 0.45085058601420797
13720.000000000002 0.45071795689496474
13730.0 0.45060743262892866
13740.000000000002 0.450541118069307
13750.0 0.45047480350968544
13759.999999999998 0.45040848895006375
13770.0 0.45032006953723497
13779.999999999998 0.4501874404179917
13790.0 0.4500106015923341
13799.999999999998 0.44981165791346917
13810.0 0.44967902879422594
13819.999999999998 0.4495463996749827
13830.0 0.44939166570253225
13839.999999999998 0.44914851231725295
13850.0 0.44888325407876645
13859.999999999998 0.44864010069348714
13870.0 0.4485074715742439
13879.999999999998 0.44839694730820795
13890.0 0.44819800362934303
13899.999999999998 0.4480653745100998
13910.0 0.44808747936330695
13919.999999999998 0.4480653745100998
13930.0 0.4478664308312349
13939.999999999998 0.44755696288633406
13950.0 0.44731380950105476
13959.999999999998 0.4471811803818115
13970.0 0.4470927609689827
13980.0 0.4469601318497394
13990.0 0.44667276875804574
14000.0 0.44631909110673035
14010.0 0.44603172801503665
14020.0 0.44583278433617185
14030.0 0.4456780503637214
14040.0 0.4455012115380637
14050.0 0.4452580581527844
14060.0 0.4449485902078835
14070.0 0.4446170174097754
14080.0 0.4442854446116673
14090.0 0.4439759766667664
14100.0 0.443622299015451
14110.0 0.44315809709809967
14120.0 0.44276020974036995
14130.0 0.44251705635509064
14140.0 0.4422960078230186
14150.0 0.44194233017170326
14160.0 0.44154444281397354
14170.0 0.4411907651626582
14180.0 0.44090340207096446
14190.0 0.4406823535388924
14200.0 0.44048340986002754
14210.0 0.44021815162154104
14220.0 0.4400413127958834
14230.0 0.4400413127958834
14240.0 0.440107627355505
14250.0 0.44008552250229777
14260.0 0.43993078852984735
14270.0 0.4396655302913609
14280.0 0.43937816719966716
14290.0 0.4391792235208023
14300.0 0.43900238469514463
14310.0 0.4387813361630726
14320.0 0.4385381827777933
14330.0 0.4382729245393068
14340.0 0.4380518760072347
14350.0 0.4378308274751626
14360.0 0.43760977894309055
14370.0 0.43736662555781125
14380.0 0.43707926246611756
14390.0 0.43676979452121667
14400.0 0.4364824314295229
14410.0 0.4362834877506581
14420.0 0.43610664892500045
14430.0 0.43586349553972115
14440.0 0.4355761324480274
14450.0 0.4352224547967121
14460.0 0.43491298685181123
14470.0 0.4346256237601175
14480.0 0.43438247037483824
14490.0 0.4341614218427661
14500.0 0.4339624781639013
14510.0 0.4337414296318292
14520.0 0.43349827624654996
14530.0 0.4331667034484418
14540.0 0.4328351306503337
14550.0 0.4325698724118472
14560.0 0.43234882387977513
14570.0 0.4320614607880814
14580.0 0.43179620254959494
14590.0 0.43157515401752283
14600.0 0.4313541054854508
14610.0 0.4310667423937571
14620.0 0.4307793793020634
14630.0 0.4305141210635769
14640.0 0.4302488628250904
14650.0 0.4299172900269823
14660.0 0.42960782208208137
14670.0 0.42936466869680207
14680.0 0.4291657250179372
14690.0 0.4289446764858651
14700.0 0.42865731339417146
14710.0 0.4283036357428561
14720.0 0.427972062944748
14730.0 0.42775101441267593
14740.0 0.427552070733811
14750.0 0.4272868124953246
14760.0 0.4269994494036309
14770.0 0.42671208631193713
14780.0 0.4264468280734507
14790.000000000002 0.42618156983496414
14800.0 0.4259384164496849
14810.000000000002 0.4257173679176128
14820.0 0.42545210967912633
14830.000000000002 0.42516474658743264
14840.0 0.4248552786425317
14850.000000000002 0.42456791555083806
14860.0 0.4243247621655587
14870.000000000002 0.424037399073865
14880.0 0.4237279311289641
14890.000000000002 0.423396358330856
14900.0 0.4231089952391623
14910.000000000002 0.42284373700067585
14920.0 0.4225784787621893
14930.000000000002 0.42226901081728846
14940.0 0.4219595428723875
14950.000000000002 0.4217384943403154
14960.0 0.42149534095503616
14970.000000000002 0.42120797786334246
14980.0 0.4208764050652343
14990.000000000002 0.42052272741391905
15000.0 0.4201911546158109
15009.999999999998 0.41990379152411716
15020.0 0.4196606381388379
15029.999999999998 0.4193953799003514
15040.0 0.4191301216618649
15049.999999999998 0.4188648634233784
15060.0 0.4185775003316847
15069.999999999998 0.41829013723999103
15080.0 0.41795856444188295
15089.999999999998 0.41758278193736037
15100.0 0.41722910428604504
15109.999999999998 0.4169638460475586
15120.0 0.4167427975154865
15129.999999999998 0.41647753927700004
15140.0 0.4161901761853063
15149.999999999998 0.41583649853399096
15160.0 0.41546071602946844
15169.999999999998 0.4150849335249459
15180.0 0.41473125587363063
15189.999999999998 0.4143996830755225
15200.0 0.41406811027741436
15209.999999999998 0.4137586423325134
15220.0 0.41342706953440533
15230.0 0.41309549673629725
15240.0 0.4127860287913963
15250.0 0.4124765608464954
15260.0 0.41216709290159453
15270.0 0.4118797298099008
15280.0 0.41154815701179265
15290.0 0.4111723745072702
