mejiro/data/filter_responses/RomanSCA18-Grism_1stOrder.ecsv
# %ECSV 1.0
# ---
# datatype:
# - {name: wavelength, unit: Angstrom, datatype: float64}
# - {name: response, datatype: float64}
# meta:
#   __serialized_columns__:
#     wavelength:
#       __class__: astropy.units.quantity.Quantity
#       unit: !astropy.units.Unit {unit: Angstrom}
#       value: !astropy.table.SerializedColumn {name: wavelength}
#   band_name: Grism_1stOrder
#   group_name: RomanSCA18
# schema: astropy-2.0
wavelength response
[from data line 546]
15310.0 0.4466948736112529
15320.0 0.4463633008131448
15330.0 0.4459212037490007
15340.0 0.4454348969784421
15350.0 0.44499279991429797
15360.0 0.44455070285015374
15370.0 0.4441307106392168
15380.0 0.4437328232814871
15390.0 0.4433791456301717
15400.0 0.44300336312564925
15410.0 0.4425612660615051
15420.0 0.4420528544377393
15430.0 0.44152233796076634
15440.0 0.4410802408966222
15450.0 0.44074866809851404
15460.0 0.4404170953004059
15470.0 0.439997103089469
15480.0 0.43953290117211763
15490.0 0.43913501381438785
15500.0 0.4386929167502437
15510.0 0.43818450512647794
15520.0 0.43765398864950494
15530.0 0.43721189158536083
15540.0 0.43681400422763106
15550.0 0.4363498023102797
15560.0 0.43586349553972115
15570.0 0.43531087420954095
15580.0 0.4348024625857752
15590.0 0.43440457522804543
15600.0 0.4339845830171085
15610.0 0.4334540665401355
15620.0 0.4329456549163697
15630.0 0.4325698724118472
15640.0 0.43221619476053186
15650.0 0.4317298879899733
15660.0 0.4311772666597931
15670.0 0.4306688550360273
15680.0 0.4302488628250904
15690.0 0.42987308032056787
15700.0 0.4294309832564237
15710.0 0.42883415221982907
15720.0 0.4282594260364417
15730.0 0.42786153867871196
15740.0 0.42750786102739663
15750.0 0.42706576396325246
15760.0 0.4265573523394867
15770.0 0.4260047310093065
15780.0 0.42547421453233353
15790.0 0.424987907761775
15800.0 0.4245237058444236
15810.0 0.4240152942206578
15820.0 0.42355109230330645
15830.0 0.4231311000923695
15840.0 0.4226890030282253
15850.0 0.42218059140445957
15860.0 0.4216721797806938
15870.0 0.42125218756975685
15880.0 0.4208985099184415
15890.0 0.42045641285429736
15900.0 0.4199701060837388
15910.0 0.41948379931318025
15920.0 0.4190195973958289
15930.0 0.41864381489130637
15940.0 0.4182459275335766
15950.0 0.41778172561622523
15960.0 0.4172733139924595
15970.0 0.4167870072219009
15980.0 0.41636701501096396
15990.0 0.4160133373596486
16000.0 0.41565965970833335
16010.0 0.4152175626441892
16020.0 0.4147533607268378
16030.0 0.41431126366269366
16040.000000000002 0.41391337630496394
16050.0 0.41351548894723417
16060.000000000002 0.41313970644271164
16070.0 0.4127639239381891
16080.000000000002 0.4123881414336666
16090.0 0.4119681492227296
16100.000000000002 0.41154815701179265
16110.0 0.41121658421368457
16120.000000000002 0.41086290656236923
16130.0 0.4104208094982251
16140.000000000002 0.40997871243408096
16150.0 0.40962503478276563
16160.000000000002 0.4093155668378647
16170.0 0.4089839940397566
16180.000000000002 0.40865242124164847
16190.0 0.40825453388391875
16200.000000000002 0.40785664652618897
16210.0 0.40745875916845925
16220.000000000002 0.4070829766639367
16230.0 0.40672929901262145
16240.000000000002 0.40635351650809887
16250.0 0.40591141944395476
16259.999999999998 0.405513532086225
16270.0 0.4052040641413241
16279.999999999998 0.40487249134321596
16290.0 0.4044303942790718
16299.999999999998 0.4039882972149276
16310.0 0.40361251471040516
16319.999999999998 0.4033030467655042
16330.0 0.4029714739673961
16339.999999999998 0.40261779631608074
16350.0 0.4022199089583511
16359.999999999998 0.40184412645382855
16370.0 0.401468343949306
16379.999999999998 0.40111466629799064
16390.0 0.4007609886466753
16400.0 0.4003631012889456
16410.0 0.3999210042248014
16420.0 0.39950101201386445
16430.0 0.3991694392157564
16440.0 0.3988378664176483
16450.0 0.3983957693535041
16460.0 0.3979094625829456
16470.0 0.3974673655188014
16480.0 0.39704737330786444
16490.0 0.3966052762437203
16500.0 0.39620738888599055
16510.0 0.3958758160878824
16520.0 0.3955000335833599
16530.0 0.3949474122531797
16540.0 0.3943947909229995
16550.0 0.394019008418477
16560.0 0.39368743562036884
16570.0 0.3932895482626391
16580.0 0.39282534634528776
16590.0 0.3923611444279364
16600.0 0.3919632570702067
16610.0 0.39160957941889135
16620.0 0.39121169206116163
16630.0 0.390614861024567
16640.0 0.3900401348411796
16650.0 0.38962014263024264
16660.0 0.38928856983213456
16670.0 0.38889068247440484
16680.0 0.3884043757038463
16690.0 0.38782964952045884
16700.0 0.38727702819027865
16710.0 0.3868349311261345
16720.0 0.3863928340619903
16730.0 0.3858623175850174
16740.0 0.3853539059612516
16750.0 0.38493391375031466
16760.0 0.3845360263925849
16770.0 0.3840718244752335
16780.0 0.38358551770467497
16790.0 0.38318763034694525
16800.0 0.3827676381360083
16810.0 0.3823255410718641
16820.0 0.38186133915451276
16830.0 0.38141924209036865
16840.0 0.38095504017301723
16850.0 0.3804466285492515
16860.0 0.37996032177869293
16870.0 0.3794961198613416
16880.0 0.3790540227971974
16890.0 0.37861192573305325
16900.0 0.3781477238157019
16910.0 0.3776614170451433
16920.0 0.37724142483420636
16930.0 0.37686564232968384
16940.0 0.3764677549719541
16950.0 0.3759593433481883
16960.0 0.37547303657762976
16970.0 0.3751414637795216
16980.0 0.3747877861282063
16990.0 0.37425726965123335
17000.0 0.37370464832105316
17010.0 0.3733509706697378
17020.0 0.3730857124312513
17030.0 0.372732034779936
17040.0 0.37228993771579183
17050.0 0.371781526092026
17060.0 0.3712952193214675
17070.0 0.37091943681694495
17080.0 0.3705657591656296
17090.0 0.3701457669546927
17100.0 0.36970366989054854
17110.0 0.3692615728264044
17120.0 0.36886368546867465
17130.0 0.36846579811094493
17140.0 0.36804580590000796
17150.0 0.3675816039826566
17160.0 0.3671837166249269
17170.0 0.36689635353323313
17180.0 0.3666310952947467
17190.0 0.3661889982306025
17200.0 0.36572479631325117
17210.0 0.36530480410231425
17220.0 0.36492902159779167
17230.0 0.36453113424006195
17240.0 0.364111142029125
17250.0 0.36375746437780965
17260.0 0.3633816818732871
17270.0 0.36293958480914296
17280.0 0.3624974877449988
17290.0 0.3620774955340619
17300.0 0.36167960817633216
17310.0 0.36130382567180963
17320.0 0.3609501480204943
17330.0 0.3605522606627646
17340.0 0.3601543733050348
17350.0 0.3597785908005123
17360.0 0.35940280829598975
17370.0 0.3589607112318456
17380.0 0.35847440446128703
17390.0 0.35796599283752123
17400.0 0.35750179092016987
17410.0 0.3571702181220618
17420.0 0.3568386453239537
17430.0 0.35644075796622393
17440.0 0.356020765755287
17450.0 0.35562287839755724
17460.0 0.35520288618662027
17470.0 0.3547165794160617
17480.0 0.35420816779229597
17490.0 0.3537439658749446
17500.0 0.35330186881080045
17510.0 0.3528155620402419
17520.0 0.3523955698293049
17530.0 0.3520418921779896
17540.0 0.35168821452667426
17550.0 0.3512461174625301
17560.0 0.35073770583876435
17570.0 0.3502292942149986
17580.0 0.34976509229764724
17590.0 0.3493008903802959
17600.0 0.3488808981693589
17610.0 0.34846090595842194
17620.0 0.34801880889427783
17630.0 0.34748829241730483
17640.0 0.3469798807935391
17650.0 0.3465598885826021
17660.0 0.34613989637166515
17670.0 0.3456756944543138
17680.0 0.34516728283054804
17690.0 0.34465887120678224
17700.0 0.34415045958301643
17710.0 0.3436420479592507
17720.0 0.34315574118869213
17730.0 0.3426694344181335
17740.0 0.34220523250078216
17750.0 0.34178524028984525
17760.0 0.3413652480789083
17770.0 0.3409010461615569
17780.0 0.34043684424420556
17790.0 0.3399947471800614
17800.0 0.3395747549691245
17810.0 0.33908844819856593
17820.0 0.33855793172159293
17830.0 0.3380053103914127
17840.0 0.33747479391443974
17850.0 0.33698848714388113
17860.0 0.3365684949329442
17870.0 0.33617060757521444
17880.0 0.3357948250706919
17890.0 0.33539693771296225
17900.0 0.3349548406488181
17910.0 0.3344906387314667
17920.0 0.3340043319609081
17930.0 0.3334959203371423
17940.0 0.33303171841979096
17950.0 0.33265593591526843
17960.0 0.33228015341074596
17970.0 0.33179384664018735
17980.0 0.33126333016321435
17990.0 0.3308212330990702
18000.0 0.3304675554477549
18010.0 0.3301359826496468
18020.0 0.32976020014512425
18030.0 0.3293181030809801
18040.0 0.32883179631042153
18050.0 0.32838969924627737
18060.0 0.32796970703534045
18070.0 0.32759392453081787
18080.0 0.32724024687950254
18090.0 0.3268865692281872
18100.0 0.32651078672366474
18110.0 0.32606868965952057
18120.0 0.32564869744858366
18130.0 0.3252950197972683
18140.0 0.3249855518523674
18150.0 0.32463187420105205
18160.0 0.32423398684332233
18170.0 0.3238582043387998
18180.0 0.32339400242144845
18190.0 0.32284138109126825
18200.0 0.32231086461429526
18210.0 0.32191297725656554
18220.0 0.32162561416487184
18230.0 0.32133825107317815
18240.0 0.3210729928346916
18250.0 0.32080773459620515
18260.0 0.32056458121092585
18270.0 0.32025511326602496
18280.0 0.31985722590829524
18290.0 0.3193930239909439
18300.0 0.3189509269267997
18310.0 0.3185972492754844
18320.0 0.31824357162416905
18330.0 0.3178014745600249
18340.0 0.3173593774958807
18350.0 0.3170056998445654
18360.0 0.3166962318996645
18370.0 0.3164088688079708
18380.0 0.31609940086306987
18390.0 0.31578993291816904
18400.0 0.31541415041364645
18410.0 0.31501626305591673
18420.0 0.3145520611385654
18430.0 0.314087859221214
18440.0 0.31362365730386266
18450.0 0.31322576994613294
18460.0 0.31284998744161036
18470.0 0.31247420493708783
18480.0 0.3120984224325653
18490.0 0.3117668496344572
18500.0 0.3113689622767275
18510.0 0.3108605506529617
18520.0 0.3103521390291959
18530.0 0.3099763565246734
18540.0 0.30960057402015084
18550.0 0.3091584769560067
18560.0 0.3086942750386553
18570.0 0.3082742828277184
18580.0 0.3078985003231959
18590.0 0.3075227178186733
18600.0 0.3071248304609436
18610.0 0.30672694310321386
18620.0 0.3063290557454841
18630.0 0.30590906353454717
18640.0 0.30537854705757417
18650.0 0.3047596111677724
18660.0 0.3041406752779705
18670.0 0.30369857821382634
18680.0 0.3033006908560967
18690.0 0.3028585937919525
18700.0 0.3023280773149795
18710.0 0.3018196656912137
18720.0 0.30137756862706955
18730.0 0.3011344152417903
18740.0 0.3008249472968894
18750.0 0.3002944308199164
18760.0 0.2996975997833218
18770.0 0.2992112930127632
18780.0 0.29872498624220467
18790.0 0.29806184064598845
18800.0 0.2973323804901506
18810.0 0.29662502518751993
18820.0 0.2958513553252677
18830.0 0.2948787417841505
18840.0 0.29377349912379014
18850.0 0.2925356273441865
18860.0 0.291098811885718
18870.0 0.2893746333355558
18880.0 0.2873409868404927
18890.0 0.28497576754732146
18900.0 0.28225687060283494
18910.0 0.27916219115382584
18920.0 0.275448575815015
18930.0 0.270983395467159
18940.0 0.26589927922950124
18950.0 0.2603067513680777
18960.0 0.25407318276364516
18970.0 0.24704383944375308
18980.0 0.23930714082123042
18990.0 0.2309736111621131
19000.0 0.22197693590677958
19010.0 0.212228695642401
19020.0 0.20183941463501337
19030.0 0.1909638268570672
19040.0 0.17966824686818406
19050.0 0.1680189892279856
19060.0 0.1561044733493007
19070.0 0.14403522349816528
19080.0 0.13201018335344428
19090.0 0.12016198203438097
19100.0 0.10862324866021857
19110.0 0.0974824026437859
19120.0 0.08682786339791178
19130.0 0.07670384062901066
19140.0 0.06722085860311856
19150.0 0.058445231879857125
19160.0 0.050376960459226315
19170.0 0.04303814919443336
19180.0 0.036473007791892685
19190.0 0.030615221691982646
19200.0 0.02548689574791046
19210.0 0.021065925106468923
19220.0 0.017241785501621993
19230.0 0.013970267226955258
19240.0 0.011229265429261504
19250.0 0.008930360695711905
19260.0 0.007029343319892045
19270.0 0.005482003595387506
19280.0 0.004244131815783875
19290.0 0.0032494134214595296
19300.0 0.0024757435592072607
19310.0 0.0018568076694054454
19320.0 0.0013926057520540843
19330.0 0.0010168232475315534
19340.0 0.0007515650090450613
19350.0 0.0005305164769729844
19360.0 0.00037578250452253065
19370.0 0.0002652582384864922
19380.0 0.00019894367886486917
19390.0 0.0001326291192432461
19400.0 8.841941282883074e-05
19410.0 6.631455962162305e-05
19420.0 4.420970641441537e-05
19430.0 2.2104853207207685e-05
19440.0 2.2104853207207685e-05
19450.0 2.2104853207207685e-05
19460.0 0.0
