mejiro/data/roman_filter_response/RomanSCA15-F062.ecsv
# %ECSV 1.0
# ---
# datatype:
# - {name: wavelength, unit: Angstrom, datatype: float64}
# - {name: response, datatype: float64}
# meta:
#   __serialized_columns__:
#     wavelength:
#       __class__: astropy.units.quantity.Quantity
#       unit: !astropy.units.Unit {unit: Angstrom}
#       value: !astropy.table.SerializedColumn {name: wavelength}
#   band_name: F062
#   group_name: RomanSCA15
# schema: astropy-2.0
wavelength response
4720.0 0.0
4730.0 6.631455962162305e-05
4740.0 0.00033157279810811527
4750.0 0.001481025164882915
4760.0 0.005415689035765883
4770.0 0.016070228281639988
4780.0 0.038816122231856695
4790.0 0.07730067166560528
4800.0 0.12891550390443524
4810.0 0.18307239426209407
4820.0 0.22829892392404097
4830.0 0.2580741611941497
4840.0 0.27334861476033023
4850.0 0.27936113483269076
4860.0 0.28099689397002414
4870.0 0.28110741823606017
4880.0 0.28086426485078086
4890.0 0.28057690175908717
4900.0 0.28033374837380787
4910.0 0.28006849013532137
4920.0 0.2797811270436277
4930.0 0.279493763951934
4940.0 0.2792948202730691
4950.0 0.2792285057134475
4960.0 0.2792727154198619
4970.0 0.27940534453910515
4980.0 0.2796263930711772
4990.0 0.2798253367500421
5000.0 0.27993586101607815
5010.0 0.28009059498852856
5020.0 0.2804000629334295
5030.0 0.2808200551443664
5040.0 0.2813726764745466
5050.0 0.28199161236434844
5060.0 0.28265475796056466
5070.0 0.2833842181164025
5080.0 0.2841578879786548
5090.0 0.2850199772537359
5100.0 0.28601469564806026
5110.0 0.287053623748799
5120.0 0.2880262372899161
5130.0 0.2890651653906549
5140.0 0.2902588274638441
5150.0 0.2915409089498622
5160.0 0.2928450952890874
5170.0 0.29417138648151986
5180.0 0.29554188738036674
5190.0 0.296956597985628
5200.0 0.2983934134440966
5210.0 0.29987443860897944
5220.0 0.301421778333484
5230.0 0.3030575374708174
5240.0 0.3047596111677724
5250.0 0.30646168486472736
5260.0 0.3081637585616823
5270.0 0.3098216225522229
5280.0 0.3115236962491779
5290.0 0.31333629421216896
5300.0 0.3152815212944032
5310.0 0.31729306293625914
5320.0 0.31923829001849335
5330.0 0.3211614122475205
5340.0 0.32312874418296195
5350.0 0.32516239067802505
5360.0 0.3272623517327098
5370.0 0.3293844176406017
5380.0 0.33150648354849366
5390.0 0.3336285494563856
5400.0 0.3356843008046559
5410.0 0.33776215700613343
5420.0 0.3398621180608182
5430.0 0.34207260338153894
5440.0 0.3444378226747102
5450.0 0.34682514682108856
5460.0 0.34919036611425985
5470.0 0.3514671659946022
5480.0 0.3536334416089086
5490.0 0.3558218220764221
5500.0 0.35805441225035006
5510.0 0.3603091072774853
5520.000000000001 0.3625638023046205
5530.000000000001 0.3648627070381701
5540.000000000001 0.3672058214781341
5550.000000000001 0.36957104077130526
5560.000000000001 0.37184784065164767
5570.000000000001 0.3741025356787828
5580.000000000001 0.37635723070591803
5590.000000000001 0.37863403058626044
5600.000000000001 0.38086662076018846
5610.000000000001 0.3830771060809092
5620.000000000001 0.3853318011080444
5629.999999999999 0.387630705841594
5639.999999999999 0.38997382028155797
5649.999999999999 0.3923832492811436
5659.999999999999 0.3947705734275221
5669.999999999999 0.3969147441886212
5679.999999999999 0.3986831324451978
5689.999999999999 0.40049573040818887
5699.999999999999 0.402750425435324
5709.999999999999 0.40509353987528807
5719.999999999999 0.4071935009299728
5729.999999999999 0.4091166231589998
5740.0 0.4110839550944413
5750.0 0.41309549673629725
5760.0 0.415195457790982
5770.0 0.41720699943283784
5780.0 0.4190417022490361
5790.0 0.4208764050652343
5800.0 0.42286584185388304
5810.0 0.4248773834957389
5820.0 0.42668998145872994
5830.0 0.42841416000889215
5840.0 0.43013833855905437
5850.0 0.4317077831367661
5860.0 0.4330561791824058
5870.0 0.43436036552163104
5880.0 0.43584139068651395
5890.0 0.43736662555781125
5900.0 0.43880344101627977
5910.0 0.44015183706191946
5920.0 0.44141181369473026
5930.0 0.44251705635509064
5940.0 0.443401250483379
5950.0 0.44424123490525286
5960.0 0.44521384844637
5970.0 0.44625277654710876
5980.0 0.4472695997946403
5990.0 0.44822010848255023
6000.0 0.4491043026108385
6010.0 0.44987797247309086
6020.0 0.4505853277757215
6030.0 0.4513811024911809
6040.0 0.45237582088550526
6050.0 0.45348106354586565
6060.0 0.45451999164660445
6070.0 0.4553820809216855
6080.0 0.4560231216646946
6090.0 0.45659784784808194
6100.0 0.45726099344429816
6110.0 0.4579683487469288
6120.0 0.45865359919635224
6130.0 0.4592725350861541
6140.0 0.45984726126954145
6150.0 0.46037777774651445
6160.0 0.46093039907669464
6170.0 0.4614609155536677
6180.0 0.46196932717743344
6190.0 0.4623893193883704
6200.0 0.46269878733327124
6210.0 0.46296404557175774
6220.0 0.4632293038102443
6230.0 0.4635387717551452
6240.0 0.463848239700046
6250.0 0.4640692882321182
6260.0 0.464157707644947
6270.0 0.4643345464706046
6280.0 0.464798748387956
6290.0 0.4653071600117218
6300.0 0.46566083766303706
6310.0 0.46594820075473076
6320.0 0.46625766869963176
6330.0 0.4665450317913254
6340.0 0.46674397547019025
6350.0 0.46698712885546956
6360.0 0.4673850162131993
6370.0 0.4677607987177218
6380.0 0.46802605695620836
6390.0 0.4681807909286588
6400.0 0.46833552490110925
6410.0 0.46862288799280294
6420.0 0.4690870899101543
6430.0 0.4695291869742984
6440.0 0.4697281306531633
6450.0 0.46979444521278496
6460.0 0.4698386549191994
6470.0 0.46999338889164977
6480.0 0.4703249616897579
6490.0 0.4707670587539021
6500.0 0.47120915581804623
6510.0 0.47158493832256876
6520.0 0.4718059868546408
6530.0 0.47193861597388403
6540.0 0.472027035386713
6550.0 0.4720933499463345
6560.0 0.47218176935916334
6570.0 0.4723365033316138
6580.0 0.47262386642330756
6590.0 0.472889124661794
6600.0 0.4729996489278301
6610.0 0.4730217537810372
6620.0 0.4729996489278301
6630.0 0.47297754407462284
6640.0 0.4729996489278301
6650.0 0.47306596348745167
6660.0 0.4731985926066949
6670.0 0.4732870120195237
6680.0 0.473309116872731
6690.0 0.4732428023131093
6700.0 0.47311017319386606
6710.0 0.4730217537810372
6720.0 0.4730438586342445
6730.0 0.4731322780470733
6740.0 0.4731543829002805
6750.0 0.4731322780470733
6760.0 0.4729996489278301
6770.000000000001 0.4728449149553796
6780.000000000001 0.4726459712765147
6790.000000000001 0.4724470275976499
6800.000000000001 0.47224808391878503
6810.000000000001 0.47211545479954176
6820.000000000001 0.4720933499463345
6830.000000000001 0.47200493053350573
6840.000000000001 0.4717617771482264
6850.000000000001 0.4714744140565327
6860.000000000001 0.4712312606712535
6870.000000000001 0.4711207364052174
6879.999999999999 0.471076526698803
6889.999999999999 0.4709881072859742
6899.999999999999 0.47070074419428043
6909.999999999999 0.4703912762493796
6919.999999999999 0.4701923325705147
6929.999999999999 0.470015493744857
6939.999999999999 0.46979444521278496
6949.999999999999 0.46961760638712724
6959.999999999999 0.4695955015339201
6969.999999999999 0.4696397112403345
6979.999999999999 0.4696397112403345
6990.0 0.4697060257999561
7000.0 0.46990496947882093
7010.0 0.470015493744857
7020.0 0.46992707433202824
7030.0 0.4697502355063706
7040.0 0.46968392094674893
7050.0 0.4696397112403345
7060.0 0.4695955015339201
7070.0 0.4695955015339201
7080.0 0.4697060257999561
7090.0 0.46992707433202824
7100.0 0.47017022771730743
7110.0 0.47034706654296515
7120.0 0.4703912762493796
7130.0 0.4703691713961723
7140.0 0.470435485955794
7150.0 0.4707228490474877
7160.0 0.4712533655244606
7170.0 0.47173967229501923
7180.0 0.47198282568029853
7190.0 0.4720933499463345
7200.0 0.4722922936251994
7210.0 0.4724691324508571
7220.0 0.4725796567168931
7230.0 0.47262386642330756
7240.0 0.47269018098292914
7250.0 0.47273439068934353
7260.0 0.47269018098292914
7270.0 0.47269018098292914
7280.0 0.4728449149553796
7290.0 0.4730438586342445
7300.0 0.47322069745990214
7310.0 0.47326490716631653
7320.0 0.4731543829002805
7330.0 0.4730438586342445
7340.0 0.4731322780470733
7350.0 0.47346385084518144
7360.0 0.4739722624689472
7370.0 0.47445856923950575
7380.0 0.47474593233119944
7390.0 0.47487856145044266
7400.0 0.4750332954228932
7410.0 0.4752764488081725
7420.0 0.475652231312695
7430.0 0.4760059089640103
7440.0 0.4762048526428752
7450.0 0.47642590117494726
7460.0 0.4768901030922986
7470.0 0.47739851471606437
7480.0 0.47775219236737976
7490.0 0.4783269185507671
7500.0 0.47938795150471303
7510.0 0.48038266989903744
7520.0 0.48027214563300136
7530.0 0.47799534575265895
7540.0 0.4714080994969111
7550.0 0.4569515254993973
7560.0 0.43020465311867595
7570.0 0.38774123010763
7580.0 0.32936231278739453
7590.0 0.2596436057718615
7600.0 0.18733863093108513
7610.0 0.12239457220830895
7620.0 0.07177445836380335
7630.0 0.03751193589263144
7640.0 0.017352309767658034
7650.0 0.007095657879513666
7660.0 0.0025420581188288836
7670.0 0.0007957747154594767
7680.0 0.00022104853207207686
7690.0 4.420970641441537e-05
7700.0 2.2104853207207685e-05
7710.0 0.0
