mejiro/data/roman_filter_response/RomanSCA05-Prism.ecsv
# %ECSV 1.0
# ---
# datatype:
# - {name: wavelength, unit: Angstrom, datatype: float64}
# - {name: response, datatype: float64}
# meta:
#   __serialized_columns__:
#     wavelength:
#       __class__: astropy.units.quantity.Quantity
#       unit: !astropy.units.Unit {unit: Angstrom}
#       value: !astropy.table.SerializedColumn {name: wavelength}
#   band_name: Prism
#   group_name: RomanSCA05
# schema: astropy-2.0
wavelength response
[from data line 573]
13240.0 0.5304501624133628
13250.0 0.5304943721197772
13260.0 0.5305827915326061
13270.0 0.5306712109454349
13280.0 0.5307375255050565
13290.0 0.5307375255050565
13300.0 0.5307596303582638
13310.0 0.530892259477507
13320.0 0.5310690983031646
13330.0 0.5312017274224079
13340.0 0.5312680419820295
13350.0 0.5312680419820295
13360.0 0.5313122516884439
13370.0 0.5314890905141015
13380.0 0.5315996147801376
13390.0 0.5315333002205159
13400.0 0.5314448808076871
13410.0 0.5314669856608945
13420.0 0.5315775099269304
13430.0 0.5317101390461737
13440.0 0.531842768165417
13450.0 0.5319311875782458
13460.0 0.5320196069910745
13470.0 0.5321301312571106
13480.0 0.5322185506699395
13490.0 0.5322627603763539
13500.0 0.5322848652295611
13510.0 0.5323069700827683
13520.0 0.5323069700827683
13530.0 0.5322848652295611
13540.000000000002 0.5322848652295611
13550.0 0.5323732846423899
13560.000000000002 0.5324174943488043
13570.0 0.5323511797891827
13580.000000000002 0.5323069700827683
13590.0 0.5324174943488043
13600.000000000002 0.5325280186148403
13610.0 0.5325059137616331
13620.000000000002 0.5323953894955972
13630.0 0.5323290749359755
13640.000000000002 0.5322848652295611
13650.0 0.5322627603763539
13660.000000000002 0.5323069700827683
13670.0 0.5324174943488043
13680.000000000002 0.5325280186148403
13690.0 0.5325722283212547
13700.000000000002 0.5325280186148403
13710.0 0.532483808908426
13720.000000000002 0.5324617040552186
13730.0 0.5324617040552186
13740.000000000002 0.532483808908426
13750.0 0.5325280186148403
13759.999999999998 0.5325722283212547
13770.0 0.5326164380276692
13779.999999999998 0.532594333174462
13790.0 0.5325059137616331
13799.999999999998 0.5324395992020116
13810.0 0.5324174943488043
13819.999999999998 0.5324174943488043
13830.0 0.5323732846423899
13839.999999999998 0.5322627603763539
13850.0 0.5320859215506961
13859.999999999998 0.531953292431453
13870.0 0.5319753972846601
13879.999999999998 0.5319975021378673
13890.0 0.531953292431453
13899.999999999998 0.5319753972846601
13910.0 0.5321743409635251
13919.999999999998 0.5323511797891827
13930.0 0.5322848652295611
13939.999999999998 0.5321301312571106
13950.0 0.5320417118442817
13959.999999999998 0.532063816697489
13970.0 0.5321743409635251
13980.0 0.5322185506699395
13990.0 0.5320859215506961
14000.0 0.5318869778718314
14010.0 0.5317543487525881
14020.0 0.5317322438993809
14030.0 0.5317764536057953
14040.0 0.5317985584590025
14050.0 0.5317322438993809
14060.0 0.5315996147801376
14070.0 0.5314448808076871
14080.0 0.5313122516884439
14090.0 0.5311796225692007
14100.0 0.531002783743543
14110.0 0.5307154206518493
14120.0 0.53047226726657
14130.0 0.5304501624133628
14140.0 0.5304501624133628
14150.0 0.5303175332941196
14160.0 0.5300964847620475
14170.0 0.529941750789597
14180.0 0.5298754362299755
14190.0 0.5298975410831827
14200.0 0.529941750789597
14210.0 0.5299196459363898
14220.0 0.5300080653492186
14230.0 0.5302954284409124
14240.0 0.5306712109454349
14250.0 0.5309364691839213
14260.0 0.5310690983031646
14270.0 0.5310469934499574
14280.0 0.531002783743543
14290.0 0.5310690983031646
14300.0 0.5311796225692007
14310.0 0.5312238322756151
14320.0 0.5312459371288224
14330.0 0.5312680419820295
14340.0 0.5313122516884439
14350.0 0.5313785662480656
14360.0 0.5314448808076871
14370.0 0.5314890905141015
14380.0 0.5314669856608945
14390.0 0.53142277595448
14400.0 0.5314006711012728
14410.0 0.5315111953673088
14420.0 0.531643824486552
14430.0 0.5317101390461737
14440.0 0.5316880341929665
14450.0 0.531643824486552
14460.0 0.5315996147801376
14470.0 0.5315996147801376
14480.0 0.5316659293397592
14490.0 0.5317543487525881
14500.0 0.5318869778718314
14510.0 0.5319975021378673
14520.0 0.532063816697489
14530.0 0.5320196069910745
14540.0 0.5319975021378673
14550.0 0.532063816697489
14560.0 0.5321522361103178
14570.0 0.5321964458167322
14580.0 0.5322406555231466
14590.0 0.5323732846423899
14600.0 0.532483808908426
14610.0 0.5325059137616331
14620.0 0.5325280186148403
14630.0 0.532594333174462
14640.0 0.5326827525872908
14650.0 0.5326827525872908
14660.0 0.5326827525872908
14670.0 0.5327932768533268
14680.0 0.5329480108257773
14690.0 0.5330806399450205
14700.0 0.5331248496514349
14710.0 0.5331027447982278
14720.0 0.5331027447982278
14730.0 0.5332574787706782
14740.0 0.5334122127431287
14750.0 0.5335227370091647
14760.0 0.5335669467155791
14770.0 0.533655366128408
14780.0 0.5337437855412368
14790.000000000002 0.5338543098072728
14800.0 0.5339648340733089
14810.000000000002 0.5341195680457593
14820.0 0.5342300923117953
14830.000000000002 0.534296406871417
14840.0 0.5343406165778314
14850.000000000002 0.5344511408438675
14860.0 0.5345837699631107
14870.000000000002 0.5346721893759395
14880.0 0.5347163990823539
14890.000000000002 0.5347606087887683
14900.0 0.5348490282015972
14910.000000000002 0.5349816573208404
14920.0 0.5350921815868764
14930.000000000002 0.535158496146498
14940.0 0.5352469155593269
14950.000000000002 0.5354237543849846
14960.0 0.5356005932106422
14970.000000000002 0.535689012623471
14980.0 0.5357553271830927
14990.000000000002 0.5357553271830927
15000.0 0.5358216417427143
15009.999999999998 0.5359542708619575
15020.0 0.536109004834408
15029.999999999998 0.5362637388068585
15040.0 0.5363963679261017
15049.999999999998 0.536528997045345
15060.0 0.5366616261645882
15069.999999999998 0.5367942552838314
15080.0 0.5368605698434531
15089.999999999998 0.5368826746966602
15100.0 0.5369047795498675
15109.999999999998 0.537059513522318
15120.0 0.53728056205439
15129.999999999998 0.5374574008800477
15140.0 0.537590029999291
15149.999999999998 0.5376342397057053
15160.0 0.5376563445589125
15169.999999999998 0.5376784494121197
15180.0 0.5377447639717414
15189.999999999998 0.5378110785313629
15200.0 0.5378994979441918
15209.999999999998 0.5380100222102279
15220.0 0.538120546476264
15230.0 0.5382089658890927
15240.0 0.5383194901551287
15250.0 0.5384300144211648
15260.0 0.5385847483936153
15270.0 0.5387173775128585
15280.0 0.5388279017788946
15290.0 0.538872111485309
15300.0 0.5389384260449306
15310.0 0.5391152648705883
15320.0 0.5392699988430387
15330.0 0.5393142085494531
15340.0 0.5393142085494531
15350.0 0.5393584182558675
15360.0 0.5394247328154892
15370.0 0.5394689425219036
15380.0 0.5395794667879396
15390.0 0.5397563056135973
15400.0 0.5398889347328405
15410.0 0.539933144439255
15420.0 0.5399110395860477
15430.0 0.5398668298796333
15440.0 0.539933144439255
15450.0 0.5401099832649126
15460.0 0.5403089269437775
15470.0 0.5403973463566063
15480.0 0.5404636609162279
15490.0 0.540574185182264
15500.0 0.5406404997418857
15510.0 0.5406183948886784
15520.0 0.5406183948886784
15530.0 0.5406847094483
15540.0 0.540795233714336
15550.0 0.5408615482739577
15560.0 0.5408836531271648
15570.0 0.5408173385675432
15580.0 0.5408394434207504
15590.0 0.5409720725399937
15600.0 0.5410825968060298
15610.0 0.5410604919528226
15620.0 0.5410604919528226
15630.0 0.5412373307784802
15640.0 0.5414141696041378
15650.0 0.5414583793105523
15660.0 0.5414141696041378
15670.0 0.541436274457345
15680.0 0.5415246938701739
15690.0 0.5417015326958315
15700.0 0.5418120569618675
15710.0 0.5417236375490387
15720.0 0.5416573229894172
15730.0 0.5417678472554531
15740.0 0.5419888957875253
15750.0 0.5420994200535613
15760.0 0.5420994200535613
15770.0 0.5420552103471469
15780.0 0.5420331054939397
15790.0 0.5420773152003541
15800.0 0.5421215249067685
15810.0 0.5421436297599757
15820.0 0.5422099443195973
15830.0 0.5423204685856333
15840.0 0.5424309928516694
15850.0 0.5424309928516694
15860.0 0.5424309928516694
15870.0 0.5425857268241199
15880.0 0.5427625656497775
15890.0 0.5428509850626063
15900.0 0.5428951947690207
15910.0 0.542917299622228
15920.0 0.5429836141818496
15930.0 0.5431383481543001
15940.0 0.5432930821267505
15950.0 0.5433593966863721
15960.0 0.5433593966863721
15970.0 0.5433815015395793
15980.0 0.5434920258056153
15990.0 0.5436909694844803
16000.0 0.5438678083101379
16010.0 0.5439562277229667
16020.0 0.5440004374293811
16030.0 0.54408885684221
16040.000000000002 0.544199381108246
16050.0 0.5443320102274892
16060.000000000002 0.5444867441999397
16070.0 0.5446635830255974
16080.000000000002 0.5448183169980478
16090.0 0.5449067364108767
16100.000000000002 0.5450172606769127
16110.0 0.5452162043557776
16120.000000000002 0.5453930431814352
16130.0 0.5454593577410568
16140.000000000002 0.5455256723006785
16150.0 0.5457246159795434
16160.000000000002 0.5459677693648226
16170.0 0.5461888178968947
16180.000000000002 0.5463877615757595
16190.0 0.5465424955482101
16200.000000000002 0.5466530198142461
16210.0 0.5467856489334892
16220.000000000002 0.5469403829059397
16230.0 0.5471172217315974
16240.000000000002 0.5472719557040479
16250.0 0.5473824799700839
16259.999999999998 0.5475151090893272
16270.0 0.5477361576213993
16279.999999999998 0.5479572061534713
16290.0 0.5480456255663001
16299.999999999998 0.5481119401259218
16310.0 0.5482887789515795
16319.999999999998 0.5485319323368587
16330.0 0.5487750857221381
16339.999999999998 0.5489740294010028
16350.0 0.5491287633734533
16359.999999999998 0.5492834973459038
16370.0 0.5494824410247686
16379.999999999998 0.5496813847036335
16390.0 0.5498803283824983
16400.0 0.5500350623549489
16410.0 0.5501234817677777
16420.0 0.550256110887021
16430.0 0.5505213691255074
16440.0 0.5507645225107867
16450.0 0.5508529419236156
16460.0 0.5509192564832371
16470.0 0.5510297807492731
16480.0 0.5511624098685164
16490.0 0.5512729341345525
16500.0 0.5514497729602101
16510.0 0.5517371360519038
16520.0 0.5519360797307687
16530.0 0.5519139748775614
16540.0 0.551869765171147
16550.0 0.5520908137032191
16560.0 0.55240028164812
16570.0 0.5525771204737777
16580.0 0.5526876447398138
16590.0 0.5527981690058498
16600.0 0.5529971126847146
16610.0 0.5532844757764084
16620.0 0.553461314602066
16630.0 0.5533950000424444
16640.0 0.5533286854828228
16650.0 0.5535276291616877
16660.0 0.5538149922533813
16670.0 0.5540360407854534
16680.0 0.5541244601982823
16690.0 0.5540802504918679
16700.0 0.5540581456386606
16710.0 0.5542128796111111
16720.0 0.5543676135835615
16730.0 0.554411823289976
16740.0 0.5544560329963905
16750.0 0.554632871822048
16760.0 0.5548539203541201
16770.0 0.5549644446201561
16780.0 0.5550749688861921
16790.0 0.5552739125650571
16800.0 0.555472856243922
16810.0 0.5556054853631652
16820.0 0.5557160096292012
16830.0 0.5558486387484445
16840.0 0.5559591630144805
16850.0 0.5560254775741021
16860.0 0.5561138969869309
16870.0 0.556224421252967
16880.0 0.5563570503722103
16890.0 0.5564896794914534
16900.0 0.5565780989042823
16910.0 0.5566665183171111
16920.0 0.5568212522895616
16930.0 0.5570423008216336
16940.0 0.5572412445004986
16950.0 0.5572633493537057
16960.0 0.5573296639133274
16970.0 0.5576170270050211
16980.0 0.5578601803903003
16990.0 0.5578380755370932
17000.0 0.5577938658306788
17010.0 0.558037019215958
17020.0 0.5583906968672734
17030.0 0.5586338502525526
17040.0 0.5587222696653815
17050.0 0.5587222696653815
17060.0 0.5587443745185886
17070.0 0.5589433181974536
17080.0 0.5591643667295256
17090.0 0.5592969958487688
17100.0 0.5593633104083905
17110.0 0.5594738346744266
17120.0 0.5596064637936697
17130.0 0.5597611977661203
17140.0 0.5598717220321563
17150.0 0.5598938268853635
17160.0 0.5600264560046068
17170.0 0.5603580288027149
17180.0 0.560689601600823
17190.0 0.5607780210136518
17200.0 0.560800125866859
17210.0 0.5609106501328951
17220.0 0.5610874889585526
17230.0 0.5611980132245887
17240.0 0.561330642343832
17250.0 0.5615295860226968
17260.0 0.5617064248483545
17270.0 0.5617727394079761
17280.0 0.5618169491143905
17290.0 0.5619053685272193
17300.0 0.5620822073528771
17310.0 0.5622590461785347
17320.0 0.5624358850041924
17330.0 0.5625906189766429
17340.0 0.5627453529490932
17350.0 0.562922191774751
17360.0 0.5630548208939942
17370.0 0.5631432403068231
17380.0 0.5631653451600301
17390.0 0.5630990306004086
17400.0 0.5631653451600301
17410.0 0.5634084985453095
17420.0 0.5636958616370032
17430.0 0.5638284907562464
17440.0 0.5639169101690753
17450.0 0.5640716441415258
17460.0 0.5642042732607689
17470.0 0.5642484829671833
17480.0 0.5642263781139762
17490.0 0.5642926926735978
17500.0 0.5643590072332194
17510.0 0.5644032169396339
17520.0 0.5645358460588771
17530.0 0.5647789994441564
17540.0 0.5650442576826429
17550.0 0.5651326770954717
17560.0 0.5651326770954717
17570.0 0.565154781948679
17580.0 0.5652210965083005
17590.0 0.5653095159211293
17600.0 0.5654421450403726
17610.0 0.5655968790128231
17620.0 0.5657074032788592
17630.0 0.5657074032788592
17640.0 0.5657074032788592
17650.0 0.5658400323981023
17660.0 0.5659947663705528
17670.0 0.5660831857833817
17680.0 0.5661052906365888
17690.0 0.5661052906365888
17700.0 0.5661052906365888
17710.0 0.5661495003430033
17720.0 0.5661937100494177
17730.0 0.566237919755832
17740.0 0.5663263391686608
17750.0 0.5664810731411114
17760.0 0.5666137022603546
17770.0 0.5666800168199763
17780.0 0.5667463313795978
17790.0 0.566878960498841
17800.0 0.5670336944712915
17810.0 0.567077904177706
17820.0 0.5670336944712915
17830.0 0.5669452750584627
17840.0 0.566878960498841
17850.0 0.5669231702052555
17860.0 0.5670557993244988
17870.0 0.5672326381501565
17880.0 0.5674094769758141
17890.0 0.5675863158014717
17900.0 0.5676968400675078
17910.0 0.5677410497739221
17920.0 0.567718944920715
17930.0 0.5676526303610934
17940.0 0.5676747352143006
17950.0 0.5678073643335438
17960.0 0.5678736788931654
17970.0 0.5676747352143006
17980.0 0.567298952709778
17990.0 0.5669010653520483
18000.0 0.5663484440218681
18010.0 0.5654642498935798
18020.0 0.5639611198754897
18030.0 0.5615737957291113
18040.0 0.5580812289223724
18050.0 0.5533286854828228
18060.0 0.546962487759147
18070.0 0.5386068532468224
18080.0 0.527797580028498
18090.0 0.5141809904528579
18100.0 0.49740340686858736
18110.0 0.4772437807436139
18120.0 0.4537463217843522
18130.0 0.42706576396325246
18140.0 0.39740105095917977
18150.0 0.3651721749830709
18160.0 0.3310422816311423
18170.0 0.29576293591243885
18180.0 0.26017412224883446
18190.0 0.22511582506220307
18200.0 0.19151644818724736
18210.0 0.1601496614862197
18220.0 0.13154598143609292
18230.0 0.10603698083497527
18240.0 0.08384370821493875
18250.0 0.06498826842919059
18260.0 0.049360137211694764
18270.0 0.03673826603037917
18280.0 0.026768977233928508
18290.0 0.019076488317820234
18300.0 0.013329226483946235
18310.0 0.009107199521369567
18320.0 0.006078834631982113
18330.0 0.0039788735772973835
18340.0 0.0025420581188288836
18350.0 0.0015915494309189533
18360.0 0.0009726135411171382
18370.0 0.0005747261833873998
18380.0 0.00033157279810811527
18390.0 0.00019894367886486917
18400.0 0.00011052426603603843
18410.0 6.631455962162305e-05
18420.0 2.2104853207207685e-05
18430.0 2.2104853207207685e-05
18440.0 0.0
