mejiro/data/roman_filter_response/RomanSCA16-F087.ecsv
# %ECSV 1.0
# ---
# datatype:
# - {name: wavelength, unit: Angstrom, datatype: float64}
# - {name: response, datatype: float64}
# meta:
#   __serialized_columns__:
#     wavelength:
#       __class__: astropy.units.quantity.Quantity
#       unit: !astropy.units.Unit {unit: Angstrom}
#       value: !astropy.table.SerializedColumn {name: wavelength}
#   band_name: F087
#   group_name: RomanSCA16
# schema: astropy-2.0
wavelength response
7490.0 0.0
7500.0 6.631455962162305e-05
7510.0 0.00033157279810811527
7520.0 0.0014147106052612918
7530.0 0.005128325944072183
7540.0 0.015407082685423757
7550.0 0.03870559796582066
7560.0 0.08207531995836215
7570.0 0.1481909359011203
7580.0 0.23092940145569868
7590.0 0.3158341426245834
7600.0 0.38723281848386426
7610.0 0.43668137510838784
7620.0 0.4651303211860641
7630.0 0.47892374958736167
7640.0 0.48467101142123575
7650.0 0.48688149674195647
7660.0 0.487898319989488
7670.0 0.4888709335306051
7680.0 0.4903298538422809
7690.0 0.491832983860371
7700.0 0.49284980710790255
7710.0 0.49360137211694766
7720.0 0.49437504197919985
7730.0 0.49523713125428104
7740.0 0.4961213253825693
7750.0 0.4970939389236865
7760.0 0.49813286702442516
7770.0 0.4989949562995063
7780.0 0.4995475776296865
7790.0 0.5001001989598667
7800.0 0.5009401833817406
7810.0 0.5017580629504073
7820.0 0.5022222648677586
7830.0 0.5024433133998307
7840.0 0.5026422570786955
7850.0 0.5028190959043533
7860.0 0.5029959347300109
7870.0 0.503216983262083
7880.0 0.5035927657666055
7890.0 0.5041011773903713
7900.0 0.5046759035737587
7910.0 0.5051843151975245
7920.0 0.5055158879956326
7930.0 0.5060242996193983
7940.0 0.5068863888944795
7950.0 0.5075716393439028
7960.0 0.5076600587567317
7970.0 0.5083453092061552
7980.0 0.5104452702608399
7990.0 0.5117936663064796
8000.0 0.5104894799672544
8010.0 0.5083674140593624
8020.000000000001 0.5076600587567317
8030.000000000001 0.5082126800869119
8040.000000000001 0.5093400276004795
8050.000000000001 0.5104452702608399
8060.000000000001 0.511196835269885
8070.000000000001 0.5117715614532723
8080.000000000001 0.5124568119026958
8090.000000000001 0.5129431186732544
8100.000000000001 0.5130315380860831
8110.000000000001 0.5130315380860831
8120.000000000001 0.5132967963245696
8129.999999999999 0.5135620545630561
8139.999999999999 0.5135841594162633
8149.999999999999 0.513650473975885
8159.999999999999 0.5140925710400291
8169.999999999999 0.5147336117830381
8179.999999999999 0.515242023406804
8189.999999999999 0.5156620156177409
8200.0 0.5160599029754707
8210.0 0.5166567340120652
8220.0 0.5176293475531824
8230.0 0.5186682756539212
8240.0 0.5194419455161734
8250.0 0.5196850989014526
8260.0 0.5193314212501374
8270.0 0.5193535261033445
8280.0 0.5205029784701193
8290.0 0.521630325983687
8300.0 0.5215640114240654
8310.0 0.5210113900938852
8320.0 0.5208787609746419
8330.0 0.5210113900938852
8340.0 0.5210555998002996
8350.0 0.52121033377275
8360.0 0.5216524308368942
8370.0 0.52216084246066
8380.0 0.5224703104055608
8390.0 0.5224924152587681
8400.0 0.5222271570202816
8410.0 0.5221387376074527
8420.0 0.5225808346715969
8430.0 0.5229566171761194
8440.0 0.5227355686440474
8450.0 0.5228018832036689
8460.0 0.5239071258640293
8470.0 0.5251671024968402
8480.0 0.5255428850013627
8490.0 0.5255207801481555
8500.0 0.5257639335334348
8510.0 0.5261839257443717
8520.0 0.5266039179553087
8530.0 0.5270460150194529
8540.0 0.5275323217900114
8550.0 0.527819684881705
8560.0 0.527819684881705
8570.0 0.5279081042945339
8580.0 0.5284386207715069
8590.0 0.5293449197530024
8600.0 0.5302954284409124
8610.0 0.530892259477507
8620.0 0.5309143643307143
8630.0 0.5310690983031646
8640.0 0.5320196069910745
8650.0 0.5333901078899214
8660.0 0.5346500845227322
8670.0 0.535689012623471
8680.0 0.5365068921921377
8690.0 0.5371037232287323
8700.0 0.5374574008800477
8710.0 0.5379437076506063
8720.0 0.5388279017788946
8730.0 0.5399773541456694
8740.0 0.5410383870996153
8750.0 0.5418341618150748
8760.0 0.5422762588792189
8770.0 0.5428067753561919
8780.0 0.5438014937505163
8790.0 0.5449067364108767
8800.0 0.5458130353923721
8810.0 0.5466751246674533
8820.0 0.5476477382085704
8830.0 0.5483771983644082
8840.0 0.5485761420432731
8850.0 0.5487087711625164
8860.0 0.5491729730798677
8870.0 0.5498582235292911
8880.0 0.5505434739787146
8890.0 0.5511403050153092
8900.0 0.5516708214922822
8910.0 0.5520466039968047
8920.0 0.5522676525288769
8930.0 0.5525329107673633
8940.0 0.5529971126847146
8950.0 0.5533286854828228
8960.0 0.5531739515103723
8970.0 0.5528202738590571
8980.0 0.5525550156205705
8990.0 0.5524223865013272
9000.0 0.5522676525288769
9010.0 0.5520687088500119
9020.0 0.5516929263454894
9030.0 0.5511624098685164
9040.0 0.5505213691255074
9050.0 0.5498803283824983
9060.0 0.5492834973459038
9070.0 0.5487087711625164
9080.0 0.5480898352727145
9090.0 0.5473824799700839
9100.0 0.5466088101078316
9110.0 0.5458130353923721
9120.0 0.5450614703833272
9130.0 0.5443541150806965
9140.0 0.543668864631273
9150.0 0.542917299622228
9160.0 0.5420994200535613
9170.0 0.5412152259252729
9180.0 0.5404194512098135
9190.0 0.5398005153200117
9200.0 0.5392257891366243
9210.0 0.5385626435404081
9220.0 0.5378994979441918
9230.0 0.5373689814672189
9240.0 0.5369489892562819
9250.0 0.5365511018985522
9260.0 0.5362195291004441
9270.0 0.5359763757151648
9280.0 0.5357995368895071
9290.0 0.5356448029170566
9300.0 0.5355563835042279
9310.0 0.5356226980638494
9320.0 0.535689012623471
9330.0 0.5357553271830927
9340.0 0.5358658514491287
9350.0 0.5360868999812007
9360.0 0.5363963679261017
9370.0 0.5367279407242098
9380.0 0.5370816183755251
9390.0 0.5375016105864621
9400.0 0.5378773930909846
9410.0 0.5381647561826783
9420.0 0.5384742241275792
9430.0 0.5389384260449306
9440.0 0.5393805231090748
9450.0 0.5396678862007684
9460.0 0.5399552492924621
9470.0 0.5404194512098135
9480.0 0.5409057579803721
9490.0 0.5412594356316873
9500.0 0.5416131132830028
9510.0 0.5420994200535613
9520.0 0.5425636219709126
9530.0 0.5428951947690207
9540.0 0.5431383481543001
9550.0 0.5434257112459938
9560.0 0.5437351791908946
9570.0 0.54408885684221
9580.0 0.544420429640318
9590.0 0.5446414781723902
9600.0 0.544840421851255
9610.0 0.5451277849429488
9620.0 0.5454372528878496
9630.0 0.5456583014199218
9640.0 0.5458572450987865
9650.0 0.5460561887776515
9660.0 0.546233027603309
9670.0 0.5462993421629307
9680.0 0.5464098664289668
9690.0 0.5466972295206605
9700.0 0.546962487759147
9710.0 0.5470509071719758
9720.0 0.5470066974655614
9730.0 0.5465203906950028
9740.0 0.5439341228697595
9750.0 0.5349153427612188
9760.0 0.5114841983615785
9770.0 0.46356087660835243
9780.0 0.38553074478690924
9790.0 0.2846884044556278
9800.0 0.18152505453758952
9810.0 0.09772555602906517
9820.0 0.04367918993744239
9830.0 0.016003913722018367
9840.0 0.004774648292756861
9850.0 0.0011494523667747996
9860.0 0.00022104853207207686
9870.0 4.420970641441537e-05
9880.0 0.0
