mejiro/data/roman_filter_response/RomanSCA14-F213.ecsv
# %ECSV 1.0
# ---
# datatype:
# - {name: wavelength, unit: Angstrom, datatype: float64}
# - {name: response, datatype: float64}
# meta:
#   __serialized_columns__:
#     wavelength:
#       __class__: astropy.units.quantity.Quantity
#       unit: !astropy.units.Unit {unit: Angstrom}
#       value: !astropy.table.SerializedColumn {name: wavelength}
#   band_name: F213
#   group_name: RomanSCA14
# schema: astropy-2.0
wavelength response
19430.0 0.0
19440.0 2.2104853207207685e-05
19450.0 6.631455962162305e-05
19460.0 0.00017683882565766148
19470.0 0.00039788735772973834
19480.0 0.0009062989814955152
19490.0 0.0019231222290270686
19500.0 0.0039125590176757605
19510.0 0.007493545237243405
19520.0 0.013616589575639935
19530.0 0.023453249252847353
19540.0 0.038396130020919746
19550.0 0.05977152307228958
19560.0 0.08855204194807399
19570.0 0.12513557400600273
19580.0 0.16888107850306672
19590.0 0.21813069144872543
19600.0 0.27049708869660044
19610.0 0.32317295388937634
19620.0 0.37293097845880085
19630.0 0.417008055753973
19640.0 0.4538789509035954
19650.0 0.4831457765499384
19660.0 0.5050737909314884
19670.0 0.5205250833233266
19680.0 0.5307596303582638
19690.0 0.5371479329351468
19700.0 0.5408615482739577
19710.0 0.5428067753561919
19720.0 0.5438235986037234
19730.0 0.5444646393467325
19740.0 0.5447962121448406
19750.0 0.5447520024384261
19760.0 0.544619373319183
19770.0 0.5446635830255974
19780.0 0.5447962121448406
19790.0 0.5449288412640838
19800.0 0.5449951558237055
19810.0 0.5450393655301199
19820.0 0.5450614703833272
19830.0 0.5451056800897416
19840.0 0.5451056800897416
19850.0 0.5450172606769127
19860.0 0.5449067364108767
19870.0 0.5449067364108767
19880.0 0.5449288412640838
19890.0 0.5448846315576694
19900.0 0.5448183169980478
19910.0 0.544840421851255
19920.0 0.5449067364108767
19930.0 0.5449951558237055
19940.0 0.5451277849429488
19950.0 0.545260414062192
19960.0 0.5452383092089848
19970.0 0.5449951558237055
19980.0 0.5448625267044622
19990.0 0.5451277849429488
20000.0 0.5454372528878496
20010.0 0.5454372528878496
20019.999999999996 0.5452383092089848
20030.0 0.5450614703833272
20040.0 0.5449509461172911
20050.0 0.5448625267044622
20059.999999999996 0.5447298975852191
20070.0 0.5444867441999397
20080.0 0.5442435908146604
20090.0 0.5441109616954172
20099.999999999996 0.5441330665486244
20110.0 0.5442435908146604
20120.0 0.5442656956678676
20130.0 0.5440667519890028
20139.999999999996 0.5438014937505163
20150.0 0.5436467597780659
20160.0 0.5436246549248586
20170.0 0.5436246549248586
20179.999999999996 0.5434920258056153
20190.0 0.5431162433010928
20200.0 0.5426962510901558
20210.0 0.5424088879984622
20219.999999999996 0.542386783145255
20230.0 0.5425857268241199
20240.0 0.5427625656497775
20250.0 0.5426962510901558
20259.999999999996 0.5425194122644982
20270.0 0.5424088879984622
20280.0 0.542386783145255
20290.0 0.5424088879984622
20299.999999999996 0.542386783145255
20310.0 0.5422320491728045
20320.0 0.5420110006407325
20330.0 0.5418341618150748
20339.999999999996 0.5417015326958315
20350.0 0.5415910084297955
20360.0 0.5415689035765884
20370.0 0.5417015326958315
20379.999999999996 0.5418120569618675
20390.0 0.5417899521086604
20400.0 0.5417015326958315
20410.0 0.5416352181362099
20419.999999999996 0.5416573229894172
20430.0 0.5418562666682819
20440.0 0.5420552103471469
20450.0 0.542165734613183
20460.0 0.542165734613183
20470.0 0.5420110006407325
20480.0 0.5418341618150748
20490.0 0.5416794278426244
20500.0 0.5417457424022459
20510.0 0.5420552103471469
20520.0 0.5423204685856333
20530.0 0.5422983637324261
20540.0 0.5422983637324261
20550.0 0.5426962510901558
20560.0 0.5430499287414713
20570.0 0.5429615093286424
20580.0 0.5427846705029846
20590.0 0.542917299622228
20600.0 0.5432046627139216
20610.0 0.5434036063927865
20620.0 0.5435362355120298
20630.0 0.543668864631273
20640.0 0.5438014937505163
20650.0 0.5439341228697595
20660.0 0.544199381108246
20670.0 0.544619373319183
20680.0 0.5449067364108767
20690.0 0.5447962121448406
20700.0 0.5448846315576694
20710.0 0.5455919868603001
20720.0 0.5462551324565164
20730.0 0.5462772373097234
20740.0 0.546233027603309
20750.0 0.5467635440802822
20760.0 0.5472940605572552
20770.0 0.5471614314380118
20780.0 0.5469403829059397
20790.0 0.5472277459976335
20800.0 0.547714052768192
20810.0 0.5479572061534713
20820.0 0.5482003595387506
20830.000000000004 0.548664561456102
20840.0 0.5490403439606245
20850.0 0.5490845536670389
20860.0 0.5491508682266606
20870.000000000004 0.5495929652908047
20880.0 0.5501234817677777
20890.0 0.5503887400062641
20900.0 0.5504992642723002
20910.000000000004 0.5505655788319218
20920.0 0.5507203128043723
20930.0 0.551007675896066
20940.0 0.5512729341345525
20950.000000000004 0.5514276681070029
20960.0 0.5516045069326606
20970.0 0.5519360797307687
20980.0 0.5523560719417057
20990.000000000004 0.5526876447398138
21000.0 0.5528644835654715
21010.0 0.5528202738590571
21020.0 0.5528644835654715
21030.000000000004 0.5531960563635796
21040.0 0.5535497340148948
21050.0 0.5536602582809309
21060.0 0.5537265728405525
21070.000000000004 0.5539255165194173
21080.0 0.5540139359322462
21090.0 0.5537265728405525
21100.0 0.553461314602066
21110.000000000004 0.5535939437213092
21120.0 0.5539476213726245
21130.0 0.5541907747579039
21140.0 0.554411823289976
21150.000000000004 0.5546770815284625
21160.0 0.5549865494733633
21170.0 0.5552960174182643
21180.0 0.5554065416843003
21190.000000000004 0.5552297028586427
21200.0 0.5550749688861921
21210.0 0.5552297028586427
21220.0 0.5552960174182643
21230.000000000004 0.5549644446201561
21240.0 0.5545444524092192
21250.0 0.5544560329963905
21260.0 0.5546770815284625
21269.999999999996 0.5550749688861921
21280.0 0.5553402271246787
21290.0 0.5552518077118498
21300.0 0.555163388299021
21309.999999999996 0.5554286465375076
21320.0 0.5558044290420301
21330.0 0.5559591630144805
21340.0 0.5559591630144805
21349.999999999996 0.5559370581612734
21360.0 0.5557160096292012
21370.0 0.5552518077118498
21380.0 0.554942339766949
21389.999999999996 0.5551412834458138
21400.0 0.5553623319778859
21410.0 0.555163388299021
21420.0 0.5548981300605346
21429.999999999996 0.555052864032985
21440.0 0.5553623319778859
21450.0 0.5555170659503363
21460.0 0.5555612756567507
21469.999999999996 0.5555833805099579
21480.0 0.5556054853631652
21490.0 0.5556054853631652
21500.0 0.5557160096292012
21509.999999999996 0.5559812678676878
21520.0 0.5561138969869309
21530.0 0.5558486387484445
21540.0 0.5554286465375076
21549.999999999996 0.5552297028586427
21560.0 0.5551191785926066
21570.0 0.554942339766949
21580.0 0.5548097106477057
21589.999999999996 0.5548097106477057
21600.0 0.5549644446201561
21610.0 0.5552518077118498
21620.0 0.555472856243922
21629.999999999996 0.5554949610971291
21640.0 0.5554065416843003
21650.0 0.5553844368310932
21660.0 0.5554507513907148
21669.999999999996 0.5555170659503363
21680.0 0.5554949610971291
21690.0 0.5553402271246787
21700.0 0.5551412834458138
21710.0 0.555052864032985
21720.0 0.5549865494733633
21730.0 0.5548539203541201
21740.0 0.5547876057944985
21750.0 0.5549202349137418
21760.0 0.5550749688861921
21770.0 0.5550970737393994
21780.0 0.555163388299021
21790.0 0.5554286465375076
21800.0 0.5557602193356157
21810.0 0.5558707436016517
21820.0 0.5557602193356157
21830.0 0.5553844368310932
21840.0 0.5550749688861921
21850.0 0.555052864032985
21860.0 0.555052864032985
21870.0 0.5548318155009129
21880.0 0.554743396088084
21890.0 0.5550749688861921
21900.0 0.5552960174182643
21910.0 0.5549644446201561
21920.0 0.5545444524092192
21930.0 0.5545444524092192
21940.0 0.5546770815284625
21950.0 0.5545886621156336
21960.0 0.5543676135835615
21970.0 0.5543234038771471
21980.0 0.554522347556012
21990.0 0.5549202349137418
22000.0 0.5550307591797777
22010.0 0.5544781378495975
22020.0 0.5539034116662102
22030.0 0.5539255165194173
22040.0 0.554411823289976
22050.0 0.5549644446201561
22060.0 0.5550307591797777
22070.0 0.5543234038771471
22080.000000000004 0.5537486776937598
22090.0 0.5541244601982823
22100.0 0.5546770815284625
22110.0 0.5545444524092192
22120.000000000004 0.5542128796111111
22130.0 0.55430129902394
22140.0 0.5544781378495975
22150.0 0.5543676135835615
22160.000000000004 0.5542570893175255
22170.0 0.5544560329963905
22180.0 0.5548097106477057
22190.0 0.5550307591797777
22200.000000000004 0.5548760252073274
22210.0 0.5542128796111111
22220.0 0.5536602582809309
22230.0 0.5537928874001742
22240.000000000004 0.554411823289976
22250.0 0.5550307591797777
22260.0 0.555163388299021
22270.0 0.5545444524092192
22280.000000000004 0.5539255165194173
22290.0 0.5540581456386606
22300.0 0.554522347556012
22310.0 0.554743396088084
22320.000000000004 0.554632871822048
22330.0 0.5542791941707327
22340.0 0.5540139359322462
22350.0 0.554102355345075
22360.000000000004 0.55430129902394
22370.0 0.55430129902394
22380.0 0.554102355345075
22390.0 0.5538592019597958
22400.000000000004 0.5538592019597958
22410.0 0.5542349844643183
22420.0 0.5544560329963905
22430.0 0.554102355345075
22440.000000000004 0.5536381534277237
22450.0 0.5535497340148948
22460.0 0.5536381534277237
22470.0 0.5536160485745165
22480.000000000004 0.5535055243084804
22490.0 0.5534171048956517
22500.0 0.5535497340148948
22510.0 0.553991831079039
22519.999999999996 0.5543897184367688
22530.0 0.5543897184367688
22540.0 0.5543455087303544
22550.0 0.5545002427028048
22559.999999999996 0.5545002427028048
22570.0 0.553991831079039
22580.0 0.5535939437213092
22590.0 0.5538592019597958
22599.999999999996 0.5543455087303544
22610.0 0.5544560329963905
22620.0 0.5543676135835615
22630.0 0.5542570893175255
22639.999999999996 0.5540360407854534
22650.0 0.5536381534277237
22660.0 0.5536381534277237
22670.0 0.5544560329963905
22679.999999999996 0.5552739125650571
22690.0 0.5553181222714715
22700.0 0.5548539203541201
22710.0 0.5544339281431832
22719.999999999996 0.5541907747579039
22730.0 0.5541244601982823
22740.0 0.5540360407854534
22750.0 0.5537044679873453
22759.999999999996 0.55335079033603
22770.0 0.5532623709232012
22780.0 0.5533950000424444
22790.0 0.5536823631341381
22799.999999999996 0.5538370971065886
22810.0 0.5536823631341381
22820.0 0.5534392097488587
22830.0 0.5533950000424444
22839.999999999996 0.5534392097488587
22850.0 0.5535055243084804
22860.0 0.5535718388681021
22870.0 0.5535939437213092
22879.999999999996 0.5536602582809309
22890.0 0.5537486776937598
22900.0 0.5538149922533813
22910.0 0.5537265728405525
22919.999999999996 0.5533950000424444
22930.0 0.552709749593021
22940.0 0.5515381923730389
22950.0 0.5497919089696696
22960.0 0.5474487945297055
22970.0 0.544420429640318
22980.0 0.5402426123841558
22990.0 0.5342300923117953
23000.0 0.525675514120606
23010.0 0.5139157322143715
23020.0 0.49866338350139816
23030.0 0.47963110488999233
23040.0 0.45600101681148736
23050.0 0.4272868124953246
23060.0 0.3941074278313058
23070.0 0.3574575812137555
23080.0 0.31855303956906994
23090.0 0.2784990455576096
23100.0 0.23809137389483398
23110.0 0.1984794769475178
23120.0 0.16145384782544495
23130.0 0.12823025345501177
23140.0 0.0992286860471553
23150.0 0.07467019413394756
23160.0 0.05462109227501019
23170.0 0.03888243679147832
23180.0 0.026879501499964546
23190.0 0.018037560217081472
23200.0 0.01173767705302728
23210.0 0.007405125824414575
23220.0 0.004531494907477575
23230.0 0.0026967920912793378
23240.0 0.001547339724504538
23250.0 0.0008620892750810997
23260.0 0.00046420191735136135
23270.0 0.00024315338527928454
23280.0 0.0001326291192432461
23290.0 6.631455962162305e-05
23300.0 2.2104853207207685e-05
23310.0 2.2104853207207685e-05
23320.0 0.0
