mejiro/data/roman_filter_response/RomanSCA13-F146.ecsv
# %ECSV 1.0
# ---
# datatype:
# - {name: wavelength, unit: Angstrom, datatype: float64}
# - {name: response, datatype: float64}
# meta:
#   __serialized_columns__:
#     wavelength:
#       __class__: astropy.units.quantity.Quantity
#       unit: !astropy.units.Unit {unit: Angstrom}
#       value: !astropy.table.SerializedColumn {name: wavelength}
#   band_name: F146
#   group_name: RomanSCA13
# schema: astropy-2.0
wavelength response
[from data line 566]
14810.000000000002 0.5370153038159035
14820.0 0.5371700377883539
14830.000000000002 0.5372584572011828
14840.0 0.5373468766140116
14850.000000000002 0.5374795057332549
14860.0 0.5376342397057053
14870.000000000002 0.5377668688249485
14880.0 0.5378552882377774
14890.000000000002 0.5379437076506063
14900.0 0.5380542319166423
14910.000000000002 0.5382089658890927
14920.0 0.5383636998615432
14930.000000000002 0.5384742241275792
14940.0 0.5385847483936153
14950.000000000002 0.5387836920724801
14960.0 0.5390047406045523
14970.000000000002 0.5391373697237954
14980.0 0.5392257891366243
14990.000000000002 0.5392699988430387
15000.0 0.5393584182558675
15009.999999999998 0.539513152228318
15020.0 0.5397120959071829
15029.999999999998 0.5399110395860477
15040.0 0.5400657735584982
15049.999999999998 0.5402426123841558
15060.0 0.5403973463566063
15069.999999999998 0.5405520803290567
15080.0 0.5406847094483
15089.999999999998 0.5407068143015071
15100.0 0.5407731288611288
15109.999999999998 0.5409720725399937
15120.0 0.5412152259252729
15129.999999999998 0.541436274457345
15140.0 0.5415910084297955
15149.999999999998 0.5416573229894172
15160.0 0.5417015326958315
15169.999999999998 0.5417678472554531
15180.0 0.5418562666682819
15189.999999999998 0.541966790934318
15200.0 0.5420994200535613
15209.999999999998 0.5422320491728045
15220.0 0.5423646782920477
15230.0 0.5424973074112911
15240.0 0.5426299365305343
15250.0 0.5427846705029846
15260.0 0.5429394044754352
15270.0 0.5431162433010928
15280.0 0.543248872420336
15290.0 0.5433151869799577
15300.0 0.5434257112459938
15310.0 0.5436246549248586
15320.0 0.5438235986037234
15330.0 0.5438899131633451
15340.0 0.5439120180165523
15350.0 0.5440004374293811
15360.0 0.54408885684221
15370.0 0.5441772762550389
15380.0 0.544309905374282
15390.0 0.5445088490531469
15400.0 0.5446856878788047
15410.0 0.5447520024384261
15420.0 0.5447520024384261
15430.0 0.5447520024384261
15440.0 0.544840421851255
15450.0 0.5450614703833272
15460.0 0.5452825189153993
15470.0 0.5454151480346424
15480.0 0.5455035674474713
15490.0 0.5456361965667145
15500.0 0.5457467208327506
15510.0 0.5457467208327506
15520.0 0.5457688256859577
15530.0 0.5458793499519938
15540.0 0.5460340839244443
15550.0 0.5461225033372731
15560.0 0.5461667130436875
15570.0 0.5461446081904803
15580.0 0.5461888178968947
15590.0 0.5463435518693451
15600.0 0.5464982858417956
15610.0 0.5465203906950028
15620.0 0.5465424955482101
15630.0 0.5467414392270749
15640.0 0.546962487759147
15650.0 0.5470288023187686
15660.0 0.5470288023187686
15670.0 0.547073012025183
15680.0 0.5472056411444262
15690.0 0.5474045848232911
15700.0 0.5475372139425343
15710.0 0.5474930042361199
15720.0 0.5474487945297055
15730.0 0.547603528502156
15740.0 0.547824577034228
15750.0 0.5479793110066785
15760.0 0.5480014158598857
15770.0 0.5480014158598857
15780.0 0.5480014158598857
15790.0 0.5480677304195074
15800.0 0.5481561498323362
15810.0 0.5482003595387506
15820.0 0.5482887789515795
15830.0 0.5484435129240299
15840.0 0.5485540371900659
15850.0 0.5485761420432731
15860.0 0.5486203517496876
15870.0 0.5487750857221381
15880.0 0.5489961342542101
15890.0 0.5491066585202462
15900.0 0.5491729730798677
15910.0 0.5492171827862822
15920.0 0.549305602199111
15930.0 0.5495045458779758
15940.0 0.5496813847036335
15950.0 0.5497476992632552
15960.0 0.5497698041164624
15970.0 0.5498140138228768
15980.0 0.5499466429421199
15990.0 0.5501676914741921
16000.0 0.550366635153057
16010.0 0.550477159419093
16020.0 0.5505434739787146
16030.0 0.5506318933915435
16040.000000000002 0.5507645225107867
16050.0 0.5509192564832371
16060.000000000002 0.5510739904556876
16070.0 0.5512729341345525
16080.000000000002 0.5514497729602101
16090.0 0.5515381923730389
16100.000000000002 0.5516708214922822
16110.0 0.551869765171147
16120.000000000002 0.5520687088500119
16130.0 0.5521571282628408
16140.000000000002 0.5522234428224625
16150.0 0.5524223865013272
16160.000000000002 0.5526655398866065
16170.0 0.5529086932718859
16180.000000000002 0.5531076369507507
16190.0 0.5532623709232012
16200.000000000002 0.5533950000424444
16210.0 0.5535276291616877
16220.000000000002 0.5536823631341381
16230.0 0.5538592019597958
16240.000000000002 0.5540139359322462
16250.0 0.5541244601982823
16259.999999999998 0.5542570893175255
16270.0 0.5545002427028048
16279.999999999998 0.5547212912348769
16290.0 0.5547876057944985
16299.999999999998 0.5548539203541201
16310.0 0.5550307591797777
16319.999999999998 0.5552739125650571
16330.0 0.5555170659503363
16339.999999999998 0.5557160096292012
16350.0 0.5558707436016517
16359.999999999998 0.5560254775741021
16370.0 0.5562023163997598
16379.999999999998 0.5564012600786247
16390.0 0.5566002037574895
16400.0 0.5567328328767328
16410.0 0.5567991474363544
16420.0 0.5569317765555976
16430.0 0.5571749299408769
16440.0 0.5574180833261562
16450.0 0.557506502738985
16460.0 0.5575507124453994
16470.0 0.5576391318582282
16480.0 0.5577717609774715
16490.0 0.5578601803903003
16500.0 0.5580149143627509
16510.0 0.5583022774544445
16520.0 0.5585012211333095
16530.0 0.5584349065736878
16540.0 0.5583906968672734
16550.0 0.5585896405461382
16560.0 0.558877003637832
16570.0 0.5590317376102824
16580.0 0.5591201570231111
16590.0 0.55920857643594
16600.0 0.5593854152615977
16610.0 0.5596506735000842
16620.0 0.5598275123257418
16630.0 0.559739092912913
16640.0 0.5596506735000842
16650.0 0.5598275123257418
16660.0 0.5600927705642283
16670.0 0.5602917142430932
16680.0 0.5603359239495076
16690.0 0.5602917142430932
16700.0 0.5602475045366788
16710.0 0.560380133655922
16720.0 0.5605127627751653
16730.0 0.5605348676283725
16740.0 0.5605569724815797
16750.0 0.5607338113072374
16760.0 0.5609106501328951
16770.0 0.5610211743989311
16780.0 0.56110959381176
16790.0 0.5612864326374176
16800.0 0.5614632714630752
16810.0 0.5615959005823185
16820.0 0.5616843199951472
16830.0 0.5617948442611833
16840.0 0.5619053685272193
16850.0 0.561971683086841
16860.0 0.5620158927932554
16870.0 0.5621264170592914
16880.0 0.5622590461785347
16890.0 0.5623695704445707
16900.0 0.5624579898573996
16910.0 0.5625464092702285
16920.0 0.5626790383894716
16930.0 0.5629000869215437
16940.0 0.5630990306004086
16950.0 0.5631211354536158
16960.0 0.5631874500132374
16970.0 0.5634748131049312
16980.0 0.5637179664902103
16990.0 0.5636958616370032
17000.0 0.5636516519305887
17010.0 0.5638948053158681
17020.0 0.5642705878203906
17030.0 0.5645137412056699
17040.0 0.564624265471706
17050.0 0.564624265471706
17060.0 0.5646684751781204
17070.0 0.5648674188569852
17080.0 0.5651105722422646
17090.0 0.5652432013615077
17100.0 0.5653537256275437
17110.0 0.5654642498935798
17120.0 0.5656189838660303
17130.0 0.5657958226916879
17140.0 0.5659284518109312
17150.0 0.5659947663705528
17160.0 0.5661273954897961
17170.0 0.5665031779943186
17180.0 0.5668347507924266
17190.0 0.5669452750584627
17200.0 0.5669894847648771
17210.0 0.5671442187373276
17220.0 0.5673210575629852
17230.0 0.5674757915354357
17240.0 0.567608420654679
17250.0 0.567829469186751
17260.0 0.5680284128656159
17270.0 0.5681389371316519
17280.0 0.5682052516912736
17290.0 0.5683157759573096
17300.0 0.5684926147829673
17310.0 0.5687136633150394
17320.0 0.5689126069939042
17330.0 0.5690894458195619
17340.0 0.5692441797920124
17350.0 0.5694431234708771
17360.0 0.5696199622965349
17370.0 0.5697304865625709
17380.0 0.5697525914157782
17390.0 0.5697083817093637
17400.0 0.5697746962689852
17410.0 0.5700399545074718
17420.0 0.5703273175991654
17430.0 0.5704820515716159
17440.0 0.570592575837652
17450.0 0.5707473098101024
17460.0 0.5709020437825529
17470.0 0.5709241486357601
17480.0 0.5709241486357601
17490.0 0.5709683583421745
17500.0 0.5710567777550034
17510.0 0.5711009874614178
17520.0 0.5712115117274538
17530.0 0.5714767699659403
17540.0 0.5717199233512196
17550.0 0.5717862379108412
17560.0 0.5717862379108412
17570.0 0.5718083427640485
17580.0 0.5718525524704628
17590.0 0.5719188670300844
17600.0 0.5720514961493277
17610.0 0.5721841252685709
17620.0 0.572294649534607
17630.0 0.5722725446813998
17640.0 0.5722504398281926
17650.0 0.5723609640942287
17660.0 0.5724935932134718
17670.0 0.5725599077730934
17680.0 0.5725599077730934
17690.0 0.5725378029198863
17700.0 0.572515698066679
17710.0 0.572515698066679
17720.0 0.5725378029198863
17730.0 0.5725378029198863
17740.0 0.5726041174795078
17750.0 0.5727367465987512
17760.0 0.5728472708647872
17770.0 0.5728914805712015
17780.0 0.5729135854244088
17790.0 0.5730241096904448
17800.0 0.5731346339564809
17810.0 0.5731567388096881
17820.0 0.5730904242500665
17830.0 0.5729577951308232
17840.0 0.5728693757179945
17850.0 0.5728693757179945
17860.0 0.5729798999840304
17870.0 0.5731125291032736
17880.0 0.5732893679289314
17890.0 0.5734219970481745
17900.0 0.5735104164610034
17910.0 0.5735325213142105
17920.0 0.5734883116077961
17930.0 0.5734219970481745
17940.0 0.5734441019013817
17950.0 0.5735988358738322
17960.0 0.5737314649930755
17970.0 0.5736872552866611
17980.0 0.5735988358738322
17990.0 0.5736209407270395
18000.0 0.5737756746994899
18010.0 0.5739967232315619
18020.0 0.5741514572040124
18030.0 0.5741514572040124
18040.0 0.5740851426443908
18050.0 0.5740851426443908
18060.0 0.5741735620572197
18070.0 0.5742840863232557
18080.0 0.5744388202957061
18090.0 0.5745935542681566
18100.0 0.5746819736809854
18110.0 0.5746819736809854
18120.0 0.5747261833873999
18130.0 0.5748809173598503
18140.0 0.5750798610387151
18150.0 0.5752124901579584
18160.0 0.5753009095707872
18170.0 0.575389328983616
18180.0 0.5753230144239945
18190.0 0.5751019658919224
18200.0 0.5749251270662648
18210.0 0.5749914416258863
18220.0 0.5752345950111656
18230.0 0.575499853249652
18240.0 0.5757651114881386
18250.0 0.5760745794330395
18260.0 0.5763840473779404
18270.0 0.5766050959100124
18280.0 0.5766714104696341
18290.0 0.5766050959100124
18300.0 0.5765387813503908
18310.0 0.5766714104696341
18320.0 0.5768040395888774
18330.0 0.5767819347356702
18340.0 0.5767377250292558
18350.0 0.5768482492952918
18360.0 0.5770692978273638
18370.0 0.5773124512126431
18380.0 0.5775556045979224
18390.0 0.5777324434235801
18400.0 0.5778429676896161
18410.0 0.5778650725428233
18420.0 0.5778208628364089
18430.0 0.5777545482767873
18440.0 0.5776882337171656
18450.0 0.5777324434235801
18460.0 0.5777987579832017
18470.0 0.5779092822492377
18480.0 0.578041911368481
18490.0 0.5781966453409314
18500.0 0.5782629599005531
18510.0 0.5781082259281026
18520.0 0.5779755968088593
18530.0 0.5780640162216881
18540.0 0.5782187501941387
18550.0 0.5781966453409314
18560.0 0.5781303307813098
18570.0 0.5781745404877242
18580.0 0.5782850647537602
18590.0 0.5783734841665891
18600.0 0.5784619035794178
18610.0 0.5785503229922468
18620.0 0.5786166375518683
18630.0 0.5786387424050756
18640.0 0.5784840084326252
18650.0 0.5781303307813098
18660.0 0.5777987579832017
18670.0 0.5777987579832017
18680.0 0.5778871773960306
18690.0 0.5778650725428233
18700.0 0.5777545482767873
18710.0 0.5775998143043368
18720.0 0.5776661288639585
18730.0 0.5780640162216881
18740.0 0.5783955890197963
18750.0 0.5783071696069675
18760.0 0.5781303307813098
18770.0 0.5782187501941387
18780.0 0.5783292744601747
18790.0 0.5781966453409314
18800.0 0.5780640162216881
18810.0 0.5781082259281026
18820.0 0.5781745404877242
18830.0 0.5780861210748954
18840.0 0.5779977016620665
18850.0 0.5779977016620665
18860.0 0.578041911368481
18870.0 0.5779977016620665
18880.0 0.577931387102445
18890.0 0.5778650725428233
18900.0 0.577931387102445
18910.0 0.5781303307813098
18920.0 0.5781303307813098
18930.0 0.5777545482767873
18940.0 0.5773124512126431
18950.0 0.5772240317998143
18960.0 0.5772240317998143
18970.0 0.5770471929741566
18980.0 0.5768924590017062
18990.0 0.5770692978273638
19000.0 0.5773124512126431
19010.0 0.5773345560658504
19020.0 0.5772682415062287
19030.0 0.5773124512126431
19040.0 0.5774450803318864
19050.0 0.577511394891508
19060.0 0.5774671851850935
19070.0 0.5772019269466071
19080.0 0.5769366687081205
19090.0 0.5768040395888774
19100.0 0.5768261444420846
19110.0 0.5769808784145349
19120.0 0.577091402680571
19130.0 0.577091402680571
19140.0 0.5770692978273638
19150.0 0.5770692978273638
19160.0 0.5770250881209494
19170.0 0.5768482492952918
19180.0 0.5765166764971836
19190.0 0.5761851036990755
19200.0 0.5761408939926611
19210.0 0.5765829910568053
19220.0 0.5770692978273638
19230.0 0.577091402680571
19240.0 0.5769366687081205
19250.0 0.5768261444420846
19260.0 0.5766272007632197
19270.0 0.5762293134054899
19280.0 0.5759861600202106
19290.0 0.5762293134054899
19300.0 0.5766272007632197
19310.0 0.5768040395888774
19320.0 0.5766935153228414
19330.0 0.5763840473779404
19340.0 0.5761408939926611
19350.0 0.5761408939926611
19360.0 0.5762514182586972
19370.0 0.5762293134054899
19380.0 0.5761629988458683
19390.0 0.5761851036990755
19400.0 0.576339837671526
19410.0 0.5765829910568053
19420.0 0.5767156201760485
19430.0 0.576560886203598
19440.0 0.5762735231119044
19450.0 0.5760303697266251
19460.0 0.5759419503137962
19470.0 0.5760303697266251
19480.0 0.5760966842862467
19490.0 0.5759861600202106
19500.0 0.575919845460589
19510.0 0.5761187891394539
19520.0 0.5763840473779404
19530.0 0.5764724667907692
19540.0 0.576450361937562
19550.0 0.5765166764971836
19560.0 0.5766272007632197
19570.0 0.5767819347356702
19580.0 0.5767819347356702
19590.0 0.5765829910568053
19600.0 0.5764945716439764
19610.0 0.5767819347356702
19620.0 0.5770471929741566
19630.0 0.5769587735613279
19640.0 0.5767598298824629
19650.0 0.5767819347356702
19660.0 0.5769808784145349
19670.0 0.5771356123869854
19680.0 0.5772461366530215
19690.0 0.5773566609190575
19700.0 0.5773566609190575
19710.0 0.5772461366530215
19720.0 0.5772019269466071
19730.0 0.5773124512126431
19740.0 0.577400870625472
19750.0 0.5772461366530215
19760.0 0.5770471929741566
19770.0 0.5770692978273638
19780.0 0.5772019269466071
19790.0 0.5773345560658504
19800.0 0.5774229754786792
19810.0 0.5774450803318864
19820.0 0.5774671851850935
19830.0 0.577511394891508
19840.0 0.577511394891508
19850.0 0.5773787657722648
19860.0 0.5772682415062287
19870.0 0.5772240317998143
19880.0 0.5771577172401927
19890.0 0.576870354148499
19900.0 0.5762072085522827
19910.0 0.574748288240607
19920.0 0.5715209796723547
19930.0 0.5650000479762285
19940.0 0.5528644835654715
19950.0 0.5323511797891827
19960.0 0.5006086105836325
19970.0 0.45597891195828016
19980.0 0.3992136489221708
19990.0 0.3333853960711063
20000.0 0.26353405993633
20010.0 0.1957605800030313
20019.999999999996 0.13596695207753448
20030.0 0.08795521091147937
20040.0 0.05278638945881196
20050.0 0.02931103535275739
20059.999999999996 0.015009195327694019
20070.0 0.007073553026306459
20080.0 0.003072574595801868
20090.0 0.0012157669263964225
20099.999999999996 0.0004420970641441537
20110.0 0.0001547339724504538
20120.0 4.420970641441537e-05
20130.0 2.2104853207207685e-05
20139.999999999996 0.0
