mejiro/data/roman_filter_response/RomanSCA04-F087.ecsv
# %ECSV 1.0
# ---
# datatype:
# - {name: wavelength, unit: Angstrom, datatype: float64}
# - {name: response, datatype: float64}
# meta:
#   __serialized_columns__:
#     wavelength:
#       __class__: astropy.units.quantity.Quantity
#       unit: !astropy.units.Unit {unit: Angstrom}
#       value: !astropy.table.SerializedColumn {name: wavelength}
#   band_name: F087
#   group_name: RomanSCA04
# schema: astropy-2.0
wavelength response
7520.0 0.0
7530.0 2.2104853207207685e-05
7540.0 0.0001547339724504538
7550.0 0.000773669862252269
7560.0 0.0031388891554234915
7570.0 0.010566119833045274
7580.0 0.029112091673892525
7590.0 0.06638087418124468
7600.0 0.12650607490484958
7610.0 0.2044698921666711
7620.0 0.28581575196919534
7630.0 0.35409764352625994
7640.0 0.4002083673164952
7650.0 0.42543000482591914
7660.0 0.43683610908083825
7670.0 0.44167707193321676
7680.0 0.44439596887770333
7690.0 0.4464075105195592
7700.0 0.44780011627161326
7710.0 0.4489053589319737
7720.0 0.4500327064455412
7730.0 0.4512484733719377
7740.0 0.45248634515154135
7750.0 0.4538126363439738
7760.0 0.4551610323896134
7770.0 0.4563767993160099
7780.0 0.4573052031507126
7790.0 0.4582336069854153
7800.0 0.4594272690586045
7810.0 0.4605988262785865
7820.0 0.4614388107004604
7830.0 0.4620577465902623
7840.0 0.4626324727736497
7850.0 0.46320719895703705
7860.0 0.46373771543401004
7870.0 0.4643345464706046
7880.0 0.4650640066264425
7890.0 0.46590399104831637
7900.0 0.46681029002981195
7910.0 0.46765027445168583
7920.0 0.468313420047902
7930.0 0.4691091947633615
7940.0 0.4702586471301363
7950.0 0.4712312606712535
7960.0 0.47162914802898315
7970.0 0.47255755186368587
7980.0 0.47481224689082113
7990.0 0.47635958661532557
8000.0 0.4754090779274157
8010.0 0.4736848993772535
8020.000000000001 0.4732870120195237
8030.000000000001 0.4740385770285688
8040.000000000001 0.47529855366137963
8050.000000000001 0.4765585302941905
8060.000000000001 0.47746482927568606
8070.000000000001 0.4782163942847311
8080.000000000001 0.47903427385339775
8090.000000000001 0.479697419449614
8100.000000000001 0.47996267768810047
8110.000000000001 0.48013951651375814
8120.000000000001 0.4805816135779023
8129.999999999999 0.4810237106420464
8139.999999999999 0.4812005494677041
8149.999999999999 0.4814437028529834
8159.999999999999 0.4820626387427852
8169.999999999999 0.48283630860503746
8179.999999999999 0.48352155905446087
8189.999999999999 0.4840962852378483
8200.0 0.48467101142123575
8210.0 0.48544468128348794
8220.0 0.4865720287970556
8230.0 0.48776569087024474
8240.0 0.4887383044113619
8250.0 0.48920250632871326
8260.0 0.4891140869158844
8270.0 0.4894235548607854
8280.0 0.49077195090642506
8290.0 0.49212034695206475
8300.0 0.49236350033734394
8310.0 0.49216455665847914
8320.0 0.49236350033734394
8330.0 0.49280559740148816
8340.0 0.4932034847592178
8350.0 0.49371189638298363
8360.0 0.49448556624523593
8370.0 0.495347655520317
8380.0 0.4960550108229477
8390.0 0.49647500303388464
8400.0 0.4966297370063351
8410.0 0.49696130980444325
8420.0 0.4978233990795243
8430.0 0.49861917379498377
8440.0 0.4988623271802631
8450.0 0.499392843657236
8460.0 0.5009401833817406
8470.0 0.5026201522254884
8480.0 0.5034822415005694
8490.0 0.503968548271128
8500.0 0.5047201132801731
8510.0 0.5056485171148758
8520.0 0.5065990258027857
8530.0 0.5075716393439028
8540.0 0.5085663577382272
8550.0 0.5094063421601012
8560.0 0.5099589634902812
8570.0 0.5105778993800831
8580.0 0.5116610371872363
8590.0 0.5130536429392905
8600.0 0.5145125632509661
8610.0 0.5155957010581192
8620.0 0.5161483223882994
8630.0 0.5167893631313084
8640.0 0.5182040737365697
8650.0 0.5199945668463536
8660.0 0.5216745356901014
8670.0 0.5231113511485699
8680.0 0.5243271180749662
8690.0 0.5252776267628763
8700.0 0.5259849820655069
8710.0 0.5267807567809664
8720.0 0.5279523140009483
8730.0 0.5293228148997953
8740.0 0.5306048963858132
8750.0 0.5315996147801376
8760.0 0.5321964458167322
8770.0 0.5328595914129485
8780.0 0.5339206243668945
8790.0 0.5350921815868764
8800.0 0.5360205854215792
8810.0 0.5368826746966602
8820.0 0.5378331833845702
8830.0 0.5385405386872009
8840.0 0.5387173775128585
8850.0 0.5387836920724801
8860.0 0.539203684283417
8870.0 0.5398226201732189
8880.0 0.5404194512098135
8890.0 0.5409720725399937
8900.0 0.5414141696041378
8910.0 0.5417236375490387
8920.0 0.5418783715214892
8930.0 0.5421215249067685
8940.0 0.5425415171177055
8950.0 0.5428288802093992
8960.0 0.5426962510901558
8970.0 0.5423646782920477
8980.0 0.5421436297599757
8990.0 0.5420773152003541
9000.0 0.5420331054939397
9010.0 0.5419446860811109
9020.0 0.5417457424022459
9030.0 0.5413920647509306
9040.0 0.5409720725399937
9050.0 0.540574185182264
9060.0 0.5402426123841558
9070.0 0.539933144439255
9080.0 0.5396236764943539
9090.0 0.5392478939898314
9100.0 0.5388057969256873
9110.0 0.5383636998615432
9120.0 0.5379658125038135
9130.0 0.5376342397057053
9140.0 0.5373247717608044
9150.0 0.5369710941094891
9160.0 0.536528997045345
9170.0 0.5360426902747863
9180.0 0.5356448029170566
9190.0 0.5354237543849846
9200.0 0.5352248107061197
9210.0 0.534937447614426
9220.0 0.5346721893759395
9230.0 0.534517455403489
9240.0 0.5344290359906602
9250.0 0.5343848262842458
9260.0 0.5343848262842458
9270.0 0.5344732456970747
9280.0 0.5346058748163178
9290.0 0.5347606087887683
9300.0 0.5349595524676333
9310.0 0.5352911252657414
9320.0 0.5356226980638494
9330.0 0.5359321660087504
9340.0 0.5362858436600656
9350.0 0.536750045577417
9360.0 0.53728056205439
9370.0 0.5378110785313629
9380.0 0.5383636998615432
9390.0 0.538982635751345
9400.0 0.5395352570815252
9410.0 0.5399994589988765
9420.0 0.5404636609162279
9430.0 0.5410825968060298
9440.0 0.5416794278426244
9450.0 0.5420994200535613
9460.0 0.5425415171177055
9470.0 0.5431383481543001
9480.0 0.5437351791908946
9490.0 0.544199381108246
9500.0 0.5446635830255974
9510.0 0.545260414062192
9520.0 0.5458351402455794
9530.0 0.5462551324565164
9540.0 0.5465867052546245
9550.0 0.546962487759147
9560.0 0.5473603751168767
9570.0 0.5478024721810208
9580.0 0.5481782546855435
9590.0 0.5484877226304443
9600.0 0.5487529808689308
9610.0 0.5491066585202462
9620.0 0.5494382313183542
9630.0 0.5497255944100479
9640.0 0.5499687477953272
9650.0 0.5502119011806065
9660.0 0.5504329497126785
9670.0 0.5505434739787146
9680.0 0.5506982079511651
9690.0 0.5509855710428587
9700.0 0.5512950389877598
9710.0 0.5514276681070029
9720.0 0.5515381923730389
9730.0 0.5517592409051111
9740.0 0.5519802894371831
9750.0 0.5520244991435975
9760.0 0.5517371360519038
9770.0 0.5500792720613633
9780.0 0.543248872420336
9790.0 0.5230892462953627
9800.0 0.4780837651654878
9810.0 0.40025257702290956
9820.0 0.29551978252715955
9830.0 0.1860786542982743
9840.0 0.09734977352454265
9850.0 0.041535019176343245
9860.0 0.01423552546544175
9870.0 0.0038904541644685527
9880.0 0.000839984421873892
9890.0 0.0001326291192432461
9900.0 2.2104853207207685e-05
9910.0 0.0
