mejiro/data/roman_filter_response/RomanSCA12-F158.ecsv
# %ECSV 1.0
# ---
# datatype:
# - {name: wavelength, unit: Angstrom, datatype: float64}
# - {name: response, datatype: float64}
# meta:
#   __serialized_columns__:
#     wavelength:
#       __class__: astropy.units.quantity.Quantity
#       unit: !astropy.units.Unit {unit: Angstrom}
#       value: !astropy.table.SerializedColumn {name: wavelength}
#   band_name: F158
#   group_name: RomanSCA12
# schema: astropy-2.0
wavelength response
13700.000000000002 0.0
13710.0 4.420970641441537e-05
13720.000000000002 0.0001326291192432461
13730.0 0.00037578250452253065
13740.000000000002 0.0010831378071531766
13750.0 0.0027852115041081685
13759.999999999998 0.006520931696126267
13770.0 0.014080791492991298
13779.999999999998 0.0278963247474961
13790.0 0.05088537208299209
13799.999999999998 0.0857226207375514
13810.0 0.1337343619036065
13819.999999999998 0.1938816674804186
13830.0 0.2624288172759697
13839.999999999998 0.33342960577752073
13850.0 0.40029678672932395
13859.999999999998 0.45763677594882074
13870.0 0.5024654182530379
13879.999999999998 0.534296406871417
13890.0 0.5547876057944985
13899.999999999998 0.5668568556456339
13910.0 0.5735104164610034
13919.999999999998 0.5768261444420846
13930.0 0.578152435634517
13939.999999999998 0.5785503229922468
13950.0 0.57868295211149
13959.999999999998 0.578793476377526
13970.0 0.5789482103499765
13980.0 0.5790145249095981
13990.0 0.5788818957903549
14000.0 0.5787050569646972
14010.0 0.5785945326986612
14020.0 0.5785945326986612
14030.0 0.5786608472582828
14040.0 0.5787271618179044
14050.0 0.57868295211149
14060.0 0.5785724278454539
14070.0 0.5784176938730035
14080.0 0.5782850647537602
14090.0 0.5781966453409314
14100.0 0.5780198065152737
14110.0 0.5777545482767873
14120.0 0.5775334997447151
14130.0 0.5775334997447151
14140.0 0.5775777094511295
14150.0 0.5774450803318864
14160.0 0.5772682415062287
14170.0 0.5771135075337782
14180.0 0.5770692978273638
14190.0 0.5771356123869854
14200.0 0.5772019269466071
14210.0 0.5772240317998143
14220.0 0.5773566609190575
14230.0 0.5777103385703729
14240.0 0.578152435634517
14250.0 0.5784840084326252
14260.0 0.5786608472582828
14270.0 0.5786608472582828
14280.0 0.5786608472582828
14290.0 0.5787713715243189
14300.0 0.5789040006435621
14310.0 0.5789924200563908
14320.0 0.5790587346160125
14330.0 0.5791029443224269
14340.0 0.5791913637352558
14350.0 0.5793018880012918
14360.0 0.5793903074141207
14370.0 0.5794566219737423
14380.0 0.5794787268269496
14390.0 0.5794566219737423
14400.0 0.5794566219737423
14410.0 0.5795892510929855
14420.0 0.5797660899186431
14430.0 0.5798545093314721
14440.0 0.5798545093314721
14450.0 0.5798324044782648
14460.0 0.5797881947718504
14470.0 0.5798102996250576
14480.0 0.5798987190378865
14490.0 0.5800092433039225
14500.0 0.5801639772763729
14510.0 0.5802966063956162
14520.0 0.5803629209552378
14530.0 0.5803187112488234
14540.0 0.5802966063956162
14550.0 0.580385025808445
14560.0 0.5804955500744811
14570.0 0.5805397597808954
14580.0 0.5805839694873098
14590.0 0.5807165986065531
14600.0 0.5808271228725892
14610.0 0.5808492277257964
14620.0 0.5808713325790036
14630.0 0.5809376471386252
14640.0 0.5810039616982469
14650.0 0.5810039616982469
14660.0 0.5810039616982469
14670.0 0.5811144859642828
14680.0 0.5812692199367333
14690.0 0.5813797442027694
14700.0 0.5814239539091838
14710.0 0.5813797442027694
14720.0 0.5813797442027694
14730.0 0.5815123733220126
14740.0 0.581667107294463
14750.0 0.5817555267072919
14760.0 0.5817997364137063
14770.0 0.5818660509733279
14780.0 0.5819544703861567
14790.000000000002 0.5820428897989857
14800.0 0.5821313092118144
14810.000000000002 0.5822860431842648
14820.0 0.5823965674503009
14830.000000000002 0.5824407771567153
14840.0 0.5824628820099225
14850.000000000002 0.5825513014227514
14860.0 0.5826618256887873
14870.000000000002 0.582728140248409
14880.0 0.5827723499548234
14890.000000000002 0.5827944548080306
14900.0 0.5828607693676523
14910.000000000002 0.5829712936336884
14920.0 0.5830818178997244
14930.000000000002 0.5831260276061387
14940.0 0.5831923421657604
14950.000000000002 0.5833470761382108
14960.0 0.5835239149638685
14970.000000000002 0.5836123343766974
14980.0 0.5836344392299045
14990.000000000002 0.5836344392299045
15000.0 0.5836786489363189
15009.999999999998 0.583789173202355
15020.0 0.5839439071748055
15029.999999999998 0.5840986411472558
15040.0 0.5842312702664991
15049.999999999998 0.5843417945325352
15060.0 0.5844744236517784
15069.999999999998 0.5845849479178145
15080.0 0.584651262477436
15089.999999999998 0.584651262477436
15100.0 0.584651262477436
15109.999999999998 0.5848059964498865
15120.0 0.5850270449819586
15129.999999999998 0.5852038838076163
15140.0 0.5853365129268595
15149.999999999998 0.5853586177800667
15160.0 0.5853807226332739
15169.999999999998 0.5854028274864811
15180.0 0.5854470371928955
15189.999999999998 0.5855133517525172
15200.0 0.585601771165346
15209.999999999998 0.585712295431382
15220.0 0.5858007148442109
15230.0 0.5858891342570397
15240.0 0.5859996585230757
15250.0 0.5861101827891118
15260.0 0.5862649167615622
15270.0 0.5863975458808055
15280.0 0.5865080701468416
15290.0 0.5865301750000487
15300.0 0.5866185944128776
15310.0 0.5867954332385352
15320.0 0.5869722720641929
15330.0 0.5869943769174001
15340.0 0.5869943769174001
15350.0 0.5870385866238145
15360.0 0.5871049011834362
15370.0 0.5871491108898506
15380.0 0.5872596351558865
15390.0 0.5874364739815443
15400.0 0.5875912079539947
15410.0 0.587635417660409
15420.0 0.5875912079539947
15430.0 0.5875691031007875
15440.0 0.587635417660409
15450.0 0.587834361339274
15460.0 0.5880333050181389
15470.0 0.5881438292841749
15480.0 0.5882101438437966
15490.0 0.5883206681098326
15500.0 0.5884090875226614
15510.0 0.5883869826694541
15520.0 0.5883869826694541
15530.0 0.588475402082283
15540.0 0.5885859263483191
15550.0 0.5886743457611479
15560.0 0.5886743457611479
15570.0 0.5886301360547335
15580.0 0.5886522409079407
15590.0 0.5888069748803911
15600.0 0.5889396039996343
15610.0 0.5889174991464272
15620.0 0.5889174991464272
15630.0 0.589116442825292
15640.0 0.5893374913573641
15650.0 0.5893817010637785
15660.0 0.5893595962105713
15670.0 0.5893595962105713
15680.0 0.5894922253298145
15690.0 0.5896911690086795
15700.0 0.5898016932747155
15710.0 0.5897132738618867
15720.0 0.589646959302265
15730.0 0.5898016932747155
15740.0 0.5900227418067876
15750.0 0.5901553709260308
15760.0 0.5901774757792381
15770.0 0.5901332660728236
15780.0 0.5901111612196164
15790.0 0.5901774757792381
15800.0 0.5902437903388597
15810.0 0.5902658951920668
15820.0 0.5903322097516884
15830.0 0.5904869437241389
15840.0 0.590597467990175
15850.0 0.590597467990175
15860.0 0.5906195728433822
15870.0 0.5907743068158327
15880.0 0.5909953553479047
15890.0 0.5911058796139408
15900.0 0.5911500893203552
15910.0 0.5911721941735624
15920.0 0.5912606135863911
15930.0 0.5914374524120489
15940.0 0.5916142912377065
15950.0 0.5916806057973281
15960.0 0.5917027106505354
15970.0 0.5917248155037425
15980.0 0.5918353397697785
15990.0 0.5920563883018506
16000.0 0.5922774368339226
16010.0 0.5923658562467516
16020.0 0.592410065953166
16030.0 0.5924984853659948
16040.000000000002 0.5926311144852381
16050.0 0.5927637436044813
16060.000000000002 0.5929405824301389
16070.0 0.5931395261090038
16080.000000000002 0.5932942600814544
16090.0 0.5934047843474903
16100.000000000002 0.5935153086135264
16110.0 0.5937363571455985
16120.000000000002 0.593913195971256
16130.0 0.5940016153840849
16140.000000000002 0.5940679299437065
16150.0 0.5942668736225715
16160.000000000002 0.5945321318610579
16170.0 0.5947752852463372
16180.000000000002 0.5949742289252021
16190.0 0.5951510677508598
16200.000000000002 0.5952615920168958
16210.0 0.5953942211361389
16220.000000000002 0.5955710599617967
16230.0 0.5957478987874544
16240.000000000002 0.5959247376131119
16250.0 0.5960131570259408
16259.999999999998 0.596145786145184
16270.0 0.5964110443836707
16279.999999999998 0.5966320929157427
16290.0 0.5967205123285715
16299.999999999998 0.5967868268881932
16310.0 0.5969857705670579
16319.999999999998 0.5972510288055445
16330.0 0.5974941821908237
16339.999999999998 0.5976931258696886
16350.0 0.5978699646953463
16359.999999999998 0.5980246986677967
16370.0 0.5982236423466616
16379.999999999998 0.5984446908787336
16390.0 0.5986657394108057
16400.0 0.5988204733832562
16410.0 0.5989088927960851
16420.0 0.5990415219153282
16430.0 0.599328885007022
16440.0 0.5995720383923013
16450.0 0.5996825626583373
16460.0 0.5997488772179589
16470.0 0.5998594014839949
16480.0 0.5999920306032382
16490.0 0.6001025548692742
16500.0 0.6003014985481391
16510.0 0.60061096649304
16520.0 0.6008320150251122
16530.0 0.6007878053186977
16540.0 0.6007435956122832
16550.0 0.6009867489975625
16560.0 0.6013183217956707
16570.0 0.6014951606213284
16580.0 0.6016056848873643
16590.0 0.6017383140066076
16600.0 0.6019372576854725
16610.0 0.6022467256303734
16620.0 0.6024456693092383
16630.0 0.6023793547496166
16640.0 0.602313040189995
16650.0 0.6025119838688598
16660.0 0.602843556666968
16670.0 0.6030646051990401
16680.0 0.6031530246118689
16690.0 0.6031088149054545
16700.0 0.6030867100522472
16710.0 0.6032635488779049
16720.0 0.6034403877035627
16730.0 0.6034845974099771
16740.0 0.6035288071163915
16750.0 0.6037277507952563
16760.0 0.6039487993273285
16770.0 0.6040814284465716
16780.0 0.6041919527126076
16790.0 0.6043908963914725
16800.0 0.6046119449235445
16810.0 0.6047666788959951
16820.0 0.6048772031620312
16830.0 0.6050319371344816
16840.0 0.6051645662537247
16850.0 0.6052308808133464
16860.0 0.6052971953729681
16870.0 0.6054298244922113
16880.0 0.6055845584646617
16890.0 0.605717187583905
16900.0 0.605827711849941
16910.0 0.6059161312627699
16920.0 0.6060708652352204
16930.0 0.6063361234737068
16940.0 0.6065350671525717
16950.0 0.606579276858986
16960.0 0.6066455914186077
16970.0 0.6069550593635087
16980.0 0.6071982127487879
16990.0 0.6071761078955806
17000.0 0.6071318981891662
17010.0 0.6073971564276527
17020.0 0.6077729389321753
17030.0 0.6080381971706619
17040.0 0.6081266165834907
17050.0 0.6081266165834907
17060.0 0.608170826289905
17070.0 0.60836976996877
17080.0 0.6085908185008421
17090.0 0.6087234476200852
17100.0 0.6088118670329141
17110.0 0.6089223912989501
17120.0 0.6090771252714006
17130.0 0.609231859243851
17140.0 0.6093423835098871
17150.0 0.6093865932163015
17160.0 0.6095192223355448
17170.0 0.60987289998686
17180.0 0.6102265776381754
17190.0 0.6103149970510042
17200.0 0.6103149970510042
17210.0 0.6104476261702475
17220.0 0.6106244649959051
17230.0 0.6107349892619411
17240.0 0.6108676183811844
17250.0 0.6110665620600493
17260.0 0.6112655057389141
17270.0 0.6113318202985357
17280.0 0.6113760300049502
17290.0 0.611464449417779
17300.0 0.6116191833902295
17310.0 0.6118181270690943
17320.0 0.611994965894752
17330.0 0.6121496998672024
17340.0 0.6123044338396529
17350.0 0.6124812726653105
17360.0 0.612636006637761
17370.0 0.6127244260505899
17380.0 0.6127023211973825
17390.0 0.612636006637761
17400.0 0.6126802163441755
17410.0 0.6129233697294547
17420.0 0.6132328376743557
17430.0 0.6133654667935988
17440.0 0.6134538862064277
17450.0 0.6135865153256709
17460.0 0.6137191444449143
17470.0 0.6137412492981213
17480.0 0.613697039591707
17490.0 0.6137412492981213
17500.0 0.613807563857743
17510.0 0.6138296687109502
17520.0 0.6139401929769863
17530.0 0.6141833463622656
17540.0 0.614448604600752
17550.0 0.6145149191603736
17560.0 0.6144928143071665
17570.0 0.6144928143071665
17580.0 0.6145370240135809
17590.0 0.6146033385732025
17600.0 0.6147138628392385
17610.0 0.614868596811689
17620.0 0.6149570162245178
17630.0 0.6149349113713105
17640.0 0.6149128065181034
17650.0 0.6150012259309322
17660.0 0.6151117501969683
17670.0 0.6150896453437611
17680.0 0.614868596811689
17690.0 0.6143380803347159
17700.0 0.6133433619403917
17710.0 0.6114423445645717
17720.0 0.6080160923174546
17730.0 0.602091991657923
17740.0 0.592520590219202
17750.0 0.5778650725428233
17760.0 0.556555994051075
17770.0 0.5273112732579394
17780.0 0.4895782888332358
17790.0 0.4436444038686583
17800.0 0.39079169985022466
17810.0 0.3333411863646919
17820.0 0.27438754286106903
17830.0 0.21733491673326596
17840.0 0.16523377772387746
17850.0 0.12031671600683143
17860.0 0.08373318394890272
17870.0 0.055615810669334534
17880.0 0.035213031159081844
17890.0 0.02119855422571217
17900.0 0.012135564410757018
17910.0 0.006609351108955098
17920.0 0.003404147393909984
17930.0 0.0016578639905405763
17940.0 0.000773669862252269
17950.0 0.00033157279810811527
17960.0 0.0001326291192432461
17970.0 6.631455962162305e-05
17980.0 2.2104853207207685e-05
17990.0 0.0
