mejiro/data/roman_filter_response/RomanSCA12-F062.ecsv
# %ECSV 1.0
# ---
# datatype:
# - {name: wavelength, unit: Angstrom, datatype: float64}
# - {name: response, datatype: float64}
# meta:
#   __serialized_columns__:
#     wavelength:
#       __class__: astropy.units.quantity.Quantity
#       unit: !astropy.units.Unit {unit: Angstrom}
#       value: !astropy.table.SerializedColumn {name: wavelength}
#   band_name: F062
#   group_name: RomanSCA12
# schema: astropy-2.0
wavelength response
4720.0 0.0
4730.0 2.2104853207207685e-05
4740.0 0.0001326291192432461
4750.0 0.0006631455962162305
4760.0 0.002741001797693753
4770.0 0.009040884961747942
4780.0 0.024204814261892416
4790.0 0.05305164769729844
4800.0 0.09644347454304714
4810.0 0.14679833014906624
4820.0 0.19335115100344563
4830.0 0.22703894729123011
4840.0 0.24580596766414947
4850.0 0.2534542468738433
4860.0 0.25517842542400554
4870.0 0.2545594895342037
4880.0 0.25327740804818566
4890.0 0.2519069071493388
4900.0 0.2505585111036991
4910.0 0.24923221991126665
4920.0 0.24792803357204138
4930.0 0.24664595208602333
4940.0 0.24551860457245578
4950.0 0.24452388617813142
4960.0 0.24370600660946473
4970.0 0.2430207561600413
4980.0 0.2424460299766539
4990.0 0.2419155134996809
5000.0 0.24138499702270794
5010.0 0.240965004811771
5020.0 0.24074395627969888
5030.0 0.2406997465732845
5040.0 0.24081027083932052
5050.0 0.24105342422459983
5060.0 0.24138499702270794
5070.0 0.2418491989400593
5080.0 0.2424018202702395
5090.0 0.2430870707196629
5100.0 0.24392705514153679
5110.0 0.2448554589762395
5120.0 0.24580596766414947
5130.0 0.24684489576488822
5140.0 0.24806066269128466
5150.0 0.24938695388371712
5160.0 0.2507795596357712
5170.0 0.2522384799474469
5180.0 0.2537858196719514
5190.0 0.2553773691028704
5200.0 0.25705733794661817
5210.0 0.2587815164967804
5220.0 0.26059411445977143
5230.0 0.26251723668879845
5240.0 0.26450667347744716
5250.0 0.26656242482571746
5260.0 0.2685960713207806
5270.0 0.2706518226690509
5280.0 0.2727296788705284
5290.0 0.274918059338042
5300.0 0.2772832786312132
5310.0 0.27967060277759165
5320.0 0.2820358220707629
5330.0 0.2843789365107269
5340.0 0.28678836551031256
5350.0 0.2892420042163126
5360.0 0.29173985262872704
5370.0 0.2942819107475559
5380.0 0.2968239688663848
5390.0 0.2993439221320065
5400.0 0.3018196656912137
5410.0 0.30429540925042103
5420.0 0.30679325766283544
5430.0 0.30937952548807873
5440.0 0.3120763175793581
5450.0 0.3147952145238446
5460.0 0.31746990176191675
5470.0 0.32003406473395285
5480.0 0.32250980829316017
5490.0 0.324941342145953
5500.0 0.32741708570516026
5510.0 0.32989282926436747
5520.000000000001 0.33234646797036754
5530.000000000001 0.33477800182316036
5540.000000000001 0.3372537453823677
5550.000000000001 0.3397294889415749
5560.000000000001 0.34209470823474614
5570.000000000001 0.34441571782150293
5580.000000000001 0.3467367274082597
5590.000000000001 0.3490356321418093
5600.000000000001 0.35126822231573734
5610.000000000001 0.3535008124896653
5620.000000000001 0.35573340266359327
5629.999999999999 0.3579880976907285
5639.999999999999 0.36026489757107083
5649.999999999999 0.3625638023046205
5659.999999999999 0.3648627070381701
5669.999999999999 0.3669184583864404
5679.999999999999 0.36862053208339535
5689.999999999999 0.37034471063355756
5699.999999999999 0.3724446716882423
5709.999999999999 0.37465515700896307
5719.999999999999 0.37660038409119734
5729.999999999999 0.3784129820541884
5740.0 0.3802034751639722
5750.0 0.3820823876865848
5760.0 0.38400550991561194
5770.0 0.3858402127318102
5780.0 0.38752018157555795
5790.0 0.3891780455660985
5800.0 0.3910127483822967
5810.0 0.39282534634528776
5820.0 0.39448321033582834
5830.0 0.3960305500603329
5840.0 0.39759999463804463
5850.0 0.3990147052433059
5860.0 0.40023047216970237
5870.0 0.4014020293896844
5880.0 0.402750425435324
5890.0 0.4041430311873781
5900.0 0.4054693223798106
5910.0 0.406685089306207
5920.0 0.40785664652618897
5930.0 0.4088734697737205
5940.0 0.40971345419559446
5950.0 0.41053133376426115
5960.0 0.41145973759896387
5970.0 0.41245445599328817
5980.0 0.4134491743876126
5990.0 0.4143996830755225
6000.0 0.41528387720381077
6010.0 0.4161017567724775
6020.0 0.4168533217815225
6030.0 0.4176933062033964
6040.0 0.4187543391573424
6050.0 0.41990379152411716
6060.0 0.4209869293312704
6070.0 0.4219374380191803
6080.0 0.4226890030282253
6090.0 0.4233521486244416
6100.0 0.4241258184866939
6110.0 0.42492159320215334
6120.0 0.4256952630644056
6130.0 0.4264247232202435
6140.0 0.42708786881645966
6150.0 0.42772890955946874
6160.0 0.4283478454492705
6170.0 0.42896678133907234
6180.0 0.42954150752245973
6190.0 0.43002781429301834
6200.0 0.43040359679754087
6210.0 0.4306909598892345
6220.0 0.43100042783413545
6230.0 0.4313098957790364
6240.0 0.4316193637239372
6250.0 0.43179620254959494
6260.0 0.4318625171092165
6270.0 0.43197304137525255
6280.0 0.4323046141733607
6290.0 0.43270250153109047
6300.0 0.4329235500631625
6310.0 0.4330561791824058
6320.0 0.4332109131548562
6330.0 0.43332143742089224
6340.0 0.43334354227409944
6350.0 0.4333877519805139
6360.0 0.43356459080617155
6370.0 0.43371932477862196
6380.0 0.4337414296318292
6390.0 0.43369721992541477
6400.0 0.4336309053657932
6410.0 0.4336751150722076
6420.0 0.4338961636042797
6430.0 0.4340730024299373
6440.0 0.4340287927235229
6450.0 0.4338740587510725
6460.0 0.43369721992541477
6470.0 0.43360880051258593
6480.0 0.43371932477862196
6490.0 0.4339182684574869
6500.0 0.43413931698955893
6510.0 0.43429405096200935
6520.0 0.43431615581521665
6530.0 0.43424984125559496
6540.0 0.4341614218427661
6550.0 0.4340730024299373
6560.0 0.4340066878703157
6570.0 0.4340066878703157
6580.0 0.43413931698955893
6590.0 0.43422773640238777
6600.0 0.43420563154918057
6610.0 0.43409510728314454
6620.0 0.4339624781639013
6630.0 0.433829849044658
6640.0 0.43371932477862196
6650.0 0.4336751150722076
6660.0 0.4336751150722076
6670.0 0.4336751150722076
6680.0 0.43358669565937874
6690.0 0.43340985683372113
6700.0 0.433188808301649
6710.0 0.43301196947599135
6720.0 0.4329235500631625
6730.0 0.43290144520995527
6740.0 0.4328351306503337
6750.0 0.43270250153109047
6760.0 0.43248145299901836
6770.000000000001 0.4322382996137391
6780.000000000001 0.43195093652204536
6790.000000000001 0.4316856782835589
6800.000000000001 0.43139831519186517
6810.000000000001 0.4311772666597931
6820.000000000001 0.43102253268734264
6830.000000000001 0.4308677987148922
6840.000000000001 0.4305362259167841
6850.000000000001 0.43016044341226156
6860.000000000001 0.4298509754673607
6870.000000000001 0.42965203178849576
6879.999999999999 0.42951940266925254
6889.999999999999 0.42934256384359487
6899.999999999999 0.4289888861922796
6909.999999999999 0.428613103687757
6919.999999999999 0.4283478454492705
6929.999999999999 0.42810469206399127
6939.999999999999 0.4278173289722976
6949.999999999999 0.42759628044022546
6959.999999999999 0.42748575617418944
6969.999999999999 0.42746365132098224
6979.999999999999 0.4273973367613606
6990.0 0.4273973367613606
7000.0 0.4275299658806038
7010.0 0.42759628044022546
7020.0 0.42746365132098224
7030.0 0.4272647076421174
7040.0 0.4271541833760813
7050.0 0.42708786881645966
7060.0 0.4269994494036309
7070.0 0.42697734455042363
7080.0 0.42706576396325246
7090.0 0.4272426027889102
7100.0 0.427441546467775
7110.0 0.42759628044022546
7120.0 0.42759628044022546
7130.0 0.42757417558701827
7140.0 0.4276404901466399
7150.0 0.42788364353191916
7160.0 0.4283478454492705
7170.0 0.4287899425134147
7180.0 0.4290109910454868
7190.0 0.4290994104583156
7200.0 0.42927624928397323
7210.0 0.4294309832564237
7220.0 0.42951940266925254
7230.0 0.429563612375667
7240.0 0.42960782208208137
7250.0 0.42962992693528856
7260.0 0.42960782208208137
7270.0 0.4295857172288742
7280.0 0.4296962414949102
7290.0 0.42987308032056787
7300.0 0.43002781429301834
7310.0 0.43002781429301834
7320.0 0.42989518517377506
7330.0 0.42978466090773904
7340.0 0.4298509754673607
7350.0 0.4301162337058471
7360.0 0.4305362259167841
7370.0 0.4309341132745138
7380.0 0.43113305695337867
7390.0 0.43122147636620756
7400.0 0.4313098957790364
7410.0 0.4314646297514868
7420.0 0.4317519928431805
7430.0 0.432017251081667
7440.0 0.43210567049449583
7450.0 0.4322382996137391
7460.0 0.4325698724118472
7470.0 0.4329456549163697
7480.0 0.4331667034484418
7490.0 0.43360880051258593
7500.0 0.43453720434728865
7510.0 0.435531922741613
7520.0 0.4359298100993428
7530.0 0.43526666450312657
7540.0 0.43234882387977513
7550.0 0.4245458106976308
7560.0 0.4078345416729818
7570.0 0.3776614170451433
7580.0 0.331329644722836
7590.0 0.27032024987094283
7600.0 0.20161836610294132
7610.0 0.13556906471980473
7620.0 0.08127954524290266
7630.0 0.04303814919443336
7640.0 0.019982787299315748
7650.0 0.008090376273838013
7660.0 0.0028515260637297915
7670.0 0.0008620892750810997
7680.0 0.00022104853207207686
7690.0 4.420970641441537e-05
7700.0 0.0
