mejiro/data/roman_filter_response/RomanSCA11-Prism.ecsv
# %ECSV 1.0
# ---
# datatype:
# - {name: wavelength, unit: Angstrom, datatype: float64}
# - {name: response, datatype: float64}
# meta:
#   __serialized_columns__:
#     wavelength:
#       __class__: astropy.units.quantity.Quantity
#       unit: !astropy.units.Unit {unit: Angstrom}
#       value: !astropy.table.SerializedColumn {name: wavelength}
#   band_name: Prism
#   group_name: RomanSCA11
# schema: astropy-2.0
wavelength response
7520.0 0.0
7530.0 4.420970641441537e-05
7540.0 0.0003094679449009076
7550.0 0.0017462834033694073
7560.0 0.00753775494365782
7570.0 0.025265847215838383
7580.0 0.06620403535558701
7590.0 0.13773534033411108
7600.0 0.23218937808850953
7610.0 0.32662131098970076
7620.0 0.3982852450874681
7630.0 0.4396655302913609
7640.0 0.45794624389372157
7650.0 0.4643124416173974
7660.0 0.46630187840604614
7670.0 0.4673850162131993
7680.0 0.4687997268184606
7690.0 0.47021443742372193
7700.0 0.47118705096483904
7710.0 0.47189440626746965
7720.0 0.47262386642330756
7730.0 0.47346385084518144
7740.0 0.4743480449734698
7750.0 0.4753206585145869
7760.0 0.47635958661532557
7770.0 0.47726588559682115
7780.0 0.477884821486623
7790.0 0.478525862229632
7800.0 0.47943216121112747
7810.0 0.480338460192623
7820.0 0.4808910815228032
7830.0 0.48124475917411846
7840.0 0.4815321222658122
7850.0 0.4818194853575059
7860.0 0.4820626387427852
7870.0 0.4823721066876861
7880.0 0.48279209889862307
7890.0 0.48332261537559607
7900.0 0.4838973415589834
7910.0 0.484383648329542
7920.0 0.48467101142123575
7930.0 0.4850688987789654
7940.0 0.48579835893480333
7950.0 0.4863288754117763
7960.0 0.48624045599894744
7970.0 0.4866604482098844
7980.0 0.4883846267600466
7990.0 0.48935724030116373
8000.0 0.48772148116383035
8010.0 0.48526784245783033
8020.000000000001 0.48411839009105556
8030.000000000001 0.48411839009105556
8040.000000000001 0.4846268017148213
8050.000000000001 0.48509100363217267
8060.000000000001 0.48515731819179425
8070.000000000001 0.4850688987789654
8080.000000000001 0.4850467939257583
8090.000000000001 0.48484785024689336
8100.000000000001 0.48422891435709153
8110.000000000001 0.4835436639076681
8120.000000000001 0.48312367169673115
8129.999999999999 0.4827257843390015
8139.999999999999 0.4820847435959924
8149.999999999999 0.4815321222658122
8159.999999999999 0.48135528344015455
8169.999999999999 0.481399493146569
8179.999999999999 0.48135528344015455
8189.999999999999 0.4812668640273257
8200.0 0.4812005494677041
8210.0 0.481399493146569
8220.0 0.48199632418316357
8230.0 0.4827257843390015
8240.0 0.4832784056691817
8250.0 0.48338892993521765
8260.0 0.4830573571371095
8270.0 0.4831457765499384
8280.0 0.4843394386231276
8290.0 0.48559941525593847
8300.0 0.4858204637880105
8310.0 0.48566572981556
8320.0 0.4859309880540466
8330.0 0.48650571423743394
8340.0 0.4870804404208214
8350.0 0.48778779572345204
8360.0 0.48880461897098354
8370.0 0.4899319664845512
8380.0 0.4909045800256683
8390.0 0.4916561450347134
8400.0 0.4921424518052719
8410.0 0.49284980710790255
8420.0 0.494065574034299
8430.0 0.49523713125428104
8440.0 0.49587817199729
8450.0 0.4967844709787855
8460.0 0.4987075932078126
8470.0 0.500763344556083
8480.0 0.5019791114824793
8490.0 0.5028190959043533
8500.0 0.5039022337115063
8510.0 0.5051622103443172
8520.0 0.5064000821239208
8530.0 0.5076379539035245
8540.0 0.5088758256831281
8550.0 0.5099589634902812
8560.0 0.5106884236461191
8570.0 0.5115063032147859
8580.0 0.5127220701411823
8590.0 0.5142694098656868
8600.0 0.5158167495901913
8610.0 0.5170104116633806
8620.0 0.5176072426999752
8630.0 0.5182924931493986
8640.0 0.51970720375466
8650.0 0.5214976968644437
8660.0 0.5231113511485699
8670.0 0.5245039569006239
8680.0 0.5256091995609844
8690.0 0.526427079129651
8700.0 0.5269797004598312
8710.0 0.527598636349633
8720.0 0.5285712498907502
8730.0 0.529720702257525
8740.0 0.5307154206518493
8750.0 0.5314006711012728
8760.0 0.5316880341929665
8770.0 0.5319975021378673
8780.0 0.5326827525872908
8790.0 0.5334343175963359
8800.0 0.5339648340733089
8810.0 0.5343848262842458
8820.0 0.5348711330548044
8830.0 0.5351142864400836
8840.0 0.53482692334839
8850.0 0.5344069311374531
8860.0 0.5343406165778314
8870.0 0.5344511408438675
8880.0 0.5345616651099034
8890.0 0.5346058748163178
8900.0 0.5345837699631107
8910.0 0.5344069311374531
8920.0 0.534097463192552
8930.0 0.53387641466048
8940.0 0.5338543098072728
8950.0 0.5337216806880295
8960.0 0.5331690593578493
8970.0 0.5324617040552186
8980.0 0.5319090827250386
8990.0 0.5315111953673088
9000.0 0.5311575177159934
9010.0 0.5308038400646782
9020.0 0.5303617430005341
9030.0 0.5298091216703538
9040.0 0.529190185780552
9050.0 0.5286375644503718
9060.0 0.5281733625330205
9070.0 0.5277533703220836
9080.0 0.5273554829643538
9090.0 0.5268912810470023
9100.0 0.5263828694232366
9110.0 0.5258744577994708
9120.0 0.5254544655885339
9130.0 0.5250786830840114
9140.0 0.5247471102859033
9150.0 0.5243713277813807
9160.0 0.5239071258640293
9170.0 0.5234208190934708
9180.0 0.5230008268825339
9190.0 0.5227576734972545
9200.0 0.5225587298183897
9210.0 0.5222492618734887
9220.0 0.5219618987817951
9230.0 0.5217629551029301
9240.0 0.521630325983687
9250.0 0.521519801717651
9260.0 0.5214313823048221
9270.0 0.5214313823048221
9280.0 0.5214534871580293
9290.0 0.5214755920112365
9300.0 0.5215640114240654
9310.0 0.521740850249723
9320.0 0.5219176890753806
9330.0 0.5220724230478312
9340.0 0.5222492618734887
9350.0 0.5225366249651825
9360.0 0.5228903026164978
9370.0 0.523221875414606
9380.0 0.5235976579191285
9390.0 0.5239955452768581
9400.0 0.5243713277813807
9410.0 0.52461448116666
9420.0 0.5249018442583537
9430.0 0.5253218364692906
9440.0 0.5256976189738132
9450.0 0.5259407723590925
9460.0 0.5261839257443717
9470.0 0.5265818131021015
9480.0 0.5270018053130384
9490.0 0.5273112732579394
9500.0 0.527598636349633
9510.0 0.52801862856057
9520.0 0.5284386207715069
9530.0 0.5287038790099934
9540.0 0.5289028226888584
9550.0 0.5291238712209304
9560.0 0.529411234312624
9570.0 0.529720702257525
9580.0 0.5299859604960115
9590.0 0.5301627993216691
9600.0 0.5303396381473268
9610.0 0.5305827915326061
9620.0 0.5308480497710926
9630.0 0.5310248885967502
9640.0 0.5311796225692007
9650.0 0.5313564613948584
9660.0 0.5314890905141015
9670.0 0.5315554050737232
9680.0 0.531643824486552
9690.0 0.5318869778718314
9700.0 0.5321301312571106
9710.0 0.5322185506699395
9720.0 0.5322848652295611
9730.0 0.5324617040552186
9740.0 0.5326385428808764
9750.0 0.5327269622937052
9760.0 0.5327932768533268
9770.0 0.5329922205321918
9780.0 0.5331690593578493
9790.0 0.5331690593578493
9800.0 0.5331690593578493
9810.0 0.5332795836238854
9820.0 0.5334122127431287
9830.0 0.5333901078899214
9840.0 0.5333901078899214
9850.0 0.5334785273027504
9860.0 0.5336332612752007
9870.0 0.533765890394444
9880.0 0.5337879952476512
9890.0 0.5336332612752007
9900.0 0.5335448418623719
9910.0 0.533655366128408
9920.0 0.5337879952476512
9930.0 0.5337879952476512
9940.0 0.5337437855412368
9950.0 0.533765890394444
9960.0 0.5338101001008584
9970.0 0.5338101001008584
9980.0 0.5338322049540656
9990.0 0.5339648340733089
10000.0 0.5341195680457593
10009.999999999998 0.5341858826053809
10020.0 0.5341637777521737
10029.999999999998 0.5341416728989665
10040.0 0.534097463192552
10049.999999999998 0.534097463192552
10060.0 0.5341195680457593
10069.999999999998 0.5341858826053809
10080.0 0.5342079874585881
10089.999999999998 0.5341637777521737
10100.0 0.5341416728989665
10109.999999999998 0.5342079874585881
10120.0 0.5343185117246241
10129.999999999998 0.5343627214310387
10140.0 0.5343406165778314
10149.999999999998 0.5342521971650026
10160.0 0.5342079874585881
10169.999999999998 0.5342300923117953
10180.0 0.5343185117246241
10189.999999999998 0.5343406165778314
10200.0 0.5343627214310387
10209.999999999998 0.5343406165778314
10220.0 0.5343406165778314
10230.0 0.5343627214310387
10240.0 0.5343627214310387
10250.0 0.5343406165778314
10260.0 0.5342743020182097
10270.0 0.5342079874585881
10280.0 0.5341858826053809
10290.0 0.5342521971650026
10300.0 0.534296406871417
10310.0 0.5342300923117953
10320.0 0.5341195680457593
10330.0 0.534097463192552
10340.0 0.534097463192552
10350.0 0.5340753583393449
10360.0 0.5340311486329306
10370.0 0.533986938926516
10380.0 0.5339206243668945
10390.0 0.5338322049540656
10400.0 0.5337216806880295
10410.0 0.5335890515687863
10420.0 0.5335227370091647
10430.0 0.5335669467155791
10440.0 0.5335448418623719
10450.0 0.533345898183507
10460.0 0.5331027447982278
10470.0 0.533014325385399
10480.0 0.533014325385399
10490.0 0.5330364302386061
10500.0 0.5329701156789844
10510.0 0.5327711720001197
10520.0 0.5325501234680475
10530.0 0.5324395992020116
10540.0 0.5324174943488043
10550.0 0.5323953894955972
10560.0 0.5323069700827683
10570.0 0.5321964458167322
10580.0 0.5319975021378673
10590.0 0.5316880341929665
10600.0 0.53142277595448
10610.0 0.5312901468352368
10620.0 0.5312459371288224
10630.0 0.5311354128627863
10640.0 0.5309364691839213
10650.0 0.5306712109454349
10660.0 0.5303838478537412
10670.0 0.5302070090280836
10680.0 0.5300522750556331
10690.0 0.5298533313767682
10700.0 0.5296543876979034
10710.0 0.5294996537254529
10720.0 0.5293670246062097
10730.0 0.5292122906337592
10740.0 0.5290796615145159
10750.0 0.5289912421016871
10760.0 0.5288586129824439
10770.0 0.5286154595971646
10780.0 0.5283502013586782
10790.0 0.5280849431201916
10800.0 0.5279302091477411
10810.0 0.5278638945881196
10820.0 0.5277533703220836
10830.0 0.5275102169368042
10840.0 0.527267063551525
10850.0 0.5271565392854889
10860.0 0.52706811987266
10870.0 0.526847071340588
10880.0 0.5266039179553087
10890.0 0.5264049742764438
10900.0 0.5262723451572006
10910.0 0.5261176111847502
10920.0 0.5259186675058852
10930.0 0.5257197238270204
10940.0 0.5255207801481555
10950.0 0.525366046175705
10960.0 0.5252113122032546
10970.0 0.5250123685243898
10980.0 0.5250123685243898
10990.0 0.525366046175705
11000.0 0.5256976189738132
11010.0 0.5256534092673988
11020.0 0.5254323607353266
11030.0 0.5253218364692906
11040.000000000002 0.5252776267628763
11050.0 0.525255521909669
11060.000000000002 0.5252334170564619
11070.0 0.5252334170564619
11080.000000000002 0.5251671024968402
11090.0 0.5249902636711825
11100.000000000002 0.524835529698732
11110.0 0.5248576345519393
11120.000000000002 0.5249018442583537
11130.0 0.5248797394051464
11140.000000000002 0.524835529698732
11150.0 0.5249239491115608
11160.000000000002 0.5249460539647681
11170.0 0.5247692151391105
11180.000000000002 0.52461448116666
11190.0 0.5246586908730744
11200.000000000002 0.5247471102859033
11210.0 0.5247029005794888
11220.000000000002 0.5246365860198673
11230.0 0.5246807957262817
11240.000000000002 0.5246807957262817
11250.0 0.5245039569006239
11259.999999999998 0.5243050132217592
11270.0 0.5242386986621375
11279.999999999998 0.5242386986621375
11290.0 0.5242386986621375
11299.999999999998 0.5242386986621375
11310.0 0.5242829083685518
11319.999999999998 0.5243050132217592
11330.0 0.5242829083685518
11339.999999999998 0.5242386986621375
11350.0 0.5241944889557231
11359.999999999998 0.5241723841025159
11370.0 0.5241060695428942
11379.999999999998 0.5240618598364798
11390.0 0.5241281743961015
11399.999999999998 0.5242165938089303
11410.0 0.5242829083685518
11419.999999999998 0.5243050132217592
11430.0 0.5242165938089303
11439.999999999998 0.5241502792493087
11450.0 0.5241944889557231
11459.999999999998 0.5242608035153447
11470.0 0.5242608035153447
11480.0 0.5242386986621375
11490.0 0.5242165938089303
11500.0 0.5241944889557231
11510.0 0.5241944889557231
11520.0 0.5241723841025159
11530.0 0.5241281743961015
11540.0 0.5241060695428942
11550.0 0.5241944889557231
11560.0 0.5242608035153447
11570.0 0.5241723841025159
11580.0 0.5240618598364798
11590.0 0.524083964689687
11600.0 0.5241723841025159
11610.0 0.5242165938089303
11620.0 0.5241944889557231
11630.0 0.5241060695428942
11640.0 0.5240397549832726
11650.0 0.5240397549832726
11660.0 0.5240618598364798
11670.0 0.5240397549832726
11680.0 0.524083964689687
11690.0 0.5241723841025159
11700.0 0.5242386986621375
11710.0 0.5241060695428942
11720.0 0.5239513355704437
11730.0 0.5238850210108221
11740.0 0.5238850210108221
11750.0 0.5238850210108221
11760.0 0.5238629161576149
11770.0 0.5238408113044077
11780.0 0.5238850210108221
11790.0 0.5239955452768581
11800.0 0.524083964689687
11810.0 0.5240618598364798
11820.0 0.5240176501300654
11830.0 0.5240176501300654
11840.0 0.5240397549832726
11850.0 0.523973440423651
11860.0 0.5238629161576149
11870.0 0.523752391891579
11880.0 0.5237081821851646
11890.0 0.523752391891579
11900.0 0.523774496744786
11910.0 0.5236418676255429
11920.0 0.5235313433595068
11930.0 0.5235313433595068
11940.0 0.523553448212714
11950.0 0.5234208190934708
11960.0 0.5232881899742275
11970.0 0.5233102948274347
11980.0 0.5233323996806419
11990.0 0.523221875414606
12000.0 0.5231113511485699
12010.0 0.5230671414421554
12020.0 0.5230450365889483
12030.0 0.5230008268825339
12040.0 0.5229787220293266
12050.0 0.5230008268825339
12060.0 0.5229787220293266
12070.0 0.5228460929100833
12080.0 0.5226471492312185
12090.0 0.5224703104055608
12100.0 0.522381890992732
12110.0 0.5223597861395248
12120.0 0.5223376812863176
12130.0 0.52216084246066
12140.0 0.5219618987817951
12150.0 0.5218955842221735
12160.0 0.5219176890753806
12170.0 0.5219618987817951
12180.0 0.5218955842221735
12190.0 0.5217187453965157
12200.0 0.5215640114240654
12210.0 0.5215419065708581
12220.0 0.5215640114240654
12230.0 0.5214755920112365
12240.0 0.5213429628919932
12250.0 0.521320858038786
12260.0 0.5212987531855788
12270.0 0.5211882289195429
12280.0 0.5210777046535068
12290.000000000002 0.5210334949470924
12300.0 0.5209892852406779
12310.000000000002 0.5208345512682274
12320.0 0.5206798172957771
12330.000000000002 0.5205471881765338
12340.0 0.5204587687637049
12350.000000000002 0.5203703493508761
12360.0 0.5202598250848401
12370.000000000002 0.5201271959655969
12380.0 0.5200608814059752
12390.000000000002 0.5200829862591824
12400.0 0.5200608814059752
12410.000000000002 0.5198840425803176
12420.0 0.5197293086078671
12430.000000000002 0.5197514134610743
12440.0 0.5197956231674887
12450.000000000002 0.5196629940482456
12460.0 0.5194640503693806
12470.000000000002 0.5194198406629662
12480.0 0.5194640503693806
12490.000000000002 0.5194640503693806
12500.0 0.5194198406629662
12509.999999999998 0.5193314212501374
12520.0 0.5192430018373085
12529.999999999998 0.519176687277687
12540.0 0.519176687277687
12549.999999999998 0.5191987921308941
12560.0 0.5192430018373085
12569.999999999998 0.5192208969841013
12580.0 0.5191103727180653
12589.999999999998 0.5189335338924076
12600.0 0.5188230096263716
12609.999999999998 0.5188893241859932
12620.0 0.5189998484520293
12629.999999999998 0.5190219533052364
12640.0 0.5189998484520293
12649.999999999998 0.5190219533052364
12660.0 0.5190219533052364
12669.999999999998 0.5189114290392004
12680.0 0.5188009047731644
12689.999999999998 0.5188230096263716
12700.0 0.518867219332786
12709.999999999998 0.5189114290392004
12720.0 0.5189556387456149
12730.0 0.5190440581584437
12740.0 0.5190661630116509
12750.0 0.5189335338924076
12760.0 0.5188451144795788
12770.0 0.5189335338924076
12780.0 0.5191324775712725
12790.0 0.5192430018373085
12800.0 0.5192430018373085
12810.0 0.5191324775712725
12820.0 0.5190219533052364
12830.0 0.5190661630116509
12840.0 0.5191987921308941
12850.0 0.5193314212501374
12860.0 0.5194198406629662
12870.0 0.5194198406629662
12880.0 0.519397735809759
12890.0 0.5194640503693806
12900.0 0.5195524697822095
12910.0 0.5196408891950383
12920.0 0.5196629940482456
12930.0 0.5196850989014526
12940.0 0.51970720375466
12950.0 0.5198177280206959
12960.0 0.5199061474335247
12970.0 0.5199061474335247
12980.0 0.519928252286732
12990.0 0.5200608814059752
13000.0 0.5202156153784258
13010.0 0.5202598250848401
13020.0 0.5202377202316328
13030.0 0.5202377202316328
13040.0 0.5202819299380472
13050.0 0.5203924542040833
13060.0 0.5205250833233266
13070.0 0.5206798172957771
13080.0 0.520790341561813
13090.0 0.5208566561214347
13100.0 0.5209892852406779
13110.0 0.5212766483323716
13120.0 0.521519801717651
13130.0 0.5214976968644437
13140.0 0.5214092774516149
13150.0 0.5214534871580293
13160.0 0.5215861162772726
13170.0 0.521740850249723
13180.0 0.521851374515759
13190.0 0.5218955842221735
13200.0 0.5219397939285879
13210.0 0.5220282133414167
13220.0 0.5221829473138672
13230.0 0.5222934715799032
13240.0 0.5224039958459392
