mejiro/data/roman_filter_response/RomanSCA12-F213.ecsv
# %ECSV 1.0
# ---
# datatype:
# - {name: wavelength, unit: Angstrom, datatype: float64}
# - {name: response, datatype: float64}
# meta:
#   __serialized_columns__:
#     wavelength:
#       __class__: astropy.units.quantity.Quantity
#       unit: !astropy.units.Unit {unit: Angstrom}
#       value: !astropy.table.SerializedColumn {name: wavelength}
#   band_name: F213
#   group_name: RomanSCA12
# schema: astropy-2.0
wavelength response
19420.0 0.0
19430.0 2.2104853207207685e-05
19440.0 4.420970641441537e-05
19450.0 0.0001326291192432461
19460.0 0.00033157279810811527
19470.0 0.0007515650090450613
19480.0 0.0016578639905405763
19490.0 0.0033820425407027756
19500.0 0.0065872462557478905
19510.0 0.012179774117171435
19520.0 0.02130907849174821
19530.0 0.03541197483794671
19540.0 0.05592527861423544
19550.0 0.08406475674701083
19560.0 0.12044934512607469
19570.0 0.16476957580652607
19580.0 0.21558863332989656
19590.0 0.27047498384339325
19600.0 0.32646657701725035
19610.0 0.3804908382556659
19620.0 0.42949729781604534
19630.0 0.471076526698803
19640.0 0.5044327501884794
19650.0 0.5299196459363898
19660.0 0.5482887789515795
19670.0 0.5607559161604445
19680.0 0.5687136633150394
19690.0 0.5735546261674178
19700.0 0.5762956279651116
19710.0 0.5776882337171656
19720.0 0.5784397987262108
19730.0 0.5790145249095981
19740.0 0.5793682025609135
19750.0 0.5793903074141207
19760.0 0.5793460977077062
19770.0 0.5794787268269496
19780.0 0.5797660899186431
19790.0 0.5800092433039225
19800.0 0.5802081869827873
19810.0 0.5803629209552378
19820.0 0.5804955500744811
19830.0 0.5806502840469314
19840.0 0.5807608083129675
19850.0 0.5807608083129675
19860.0 0.5807608083129675
19870.0 0.5808492277257964
19880.0 0.5809818568450396
19890.0 0.5810481714046613
19900.0 0.5810702762578683
19910.0 0.5811808005239044
19920.0 0.5813576393495621
19930.0 0.581556583028427
19940.0 0.5817776315604991
19950.0 0.581998680092571
19960.0 0.5820870995054
19970.0 0.5819102606797423
19980.0 0.5818660509733279
19990.0 0.5822197286246432
20000.0 0.5826397208355802
20010.0 0.5827060353952018
20019.999999999996 0.5825734062759585
20030.0 0.5824628820099225
20040.0 0.5823965674503009
20050.0 0.5823744625970937
20059.999999999996 0.5823081480374721
20070.0 0.5821092043586071
20080.0 0.5819102606797423
20090.0 0.5818439461201207
20099.999999999996 0.5819323655329496
20110.0 0.5821092043586071
20120.0 0.582197623771436
20130.0 0.5820428897989857
20139.999999999996 0.5818218412669135
20150.0 0.5817334218540846
20160.0 0.5817555267072919
20170.0 0.5818218412669135
20179.999999999996 0.5817555267072919
20190.0 0.5814018490559765
20200.0 0.5810039616982469
20210.0 0.5807829131661748
20219.999999999996 0.5808050180193819
20230.0 0.5810702762578683
20240.0 0.581335534496355
20250.0 0.581335534496355
20259.999999999996 0.5812250102303189
20270.0 0.5811586956706973
20280.0 0.5812029053771117
20290.0 0.5813134296431477
20299.999999999996 0.5813576393495621
20310.0 0.5812692199367333
20320.0 0.5811144859642828
20330.0 0.5810039616982469
20339.999999999996 0.5809376471386252
20350.0 0.580915542285418
20360.0 0.5809818568450396
20370.0 0.5812029053771117
20379.999999999996 0.5814239539091838
20390.0 0.5815123733220126
20400.0 0.5815123733220126
20410.0 0.5815344781752197
20419.999999999996 0.5816892121476702
20430.0 0.581976575239364
20440.0 0.5823302528906792
20450.0 0.5825734062759585
20460.0 0.5826839305419946
20470.0 0.5826618256887873
20480.0 0.5825955111291657
20490.0 0.5825734062759585
20500.0 0.5827723499548234
20510.0 0.5832586567253819
20520.0 0.5837007537895261
20530.0 0.5838112780555621
20540.0 0.5839881168812199
20550.0 0.5845628430646073
20560.0 0.5851154643947873
20570.0 0.585181778954409
20580.0 0.585159674101202
20590.0 0.5854691420461028
20600.0 0.5859554488166613
20610.0 0.5863312313211838
20620.0 0.586662804119292
20630.0 0.5869722720641929
20640.0 0.5872817400090938
20650.0 0.587613312807202
20660.0 0.5880554098713461
20670.0 0.5887185554675622
20680.0 0.5891827573849137
20690.0 0.5892490719445354
20700.0 0.5894922253298145
20710.0 0.5904427340177245
20720.0 0.5913269281460128
20730.0 0.5915037669716704
20740.0 0.5916363960909137
20750.0 0.5923658562467516
20760.0 0.5930953164025894
20770.0 0.5930953164025894
20780.0 0.5930068969897606
20790.0 0.5934710989071119
20800.0 0.594112139650121
20810.0 0.5945100270078506
20820.0 0.5949079143655804
20830.000000000004 0.5955268502553823
20840.0 0.5960573667323552
20850.0 0.5961899958515985
20860.0 0.5963668346772562
20870.000000000004 0.5969415608606435
20880.0 0.5976047064568598
20890.0 0.5979804889613823
20900.0 0.59815732778704
20910.000000000004 0.5982899569062832
20920.0 0.5985110054383552
20930.0 0.5988646830896707
20940.0 0.5991741510345715
20950.000000000004 0.5993730947134364
20960.0 0.5995720383923013
20970.0 0.5999478208968239
20980.0 0.600389917960968
20990.000000000004 0.6007435956122832
21000.0 0.6008762247315266
21010.0 0.6008099101719049
21020.0 0.6007878053186977
21030.000000000004 0.6010972732635986
21040.0 0.6014067412084995
21050.0 0.6014288460617068
21060.0 0.6014067412084995
21070.000000000004 0.6015172654745355
21080.0 0.6014951606213284
21090.0 0.6010530635571842
21100.0 0.6006330713462472
21110.000000000004 0.6006551761994544
21120.0 0.6008541198783193
21130.0 0.6009867489975625
21140.0 0.6010530635571842
21150.000000000004 0.6011635878232202
21160.0 0.6013183217956707
21170.0 0.6014730557681212
21180.0 0.6014067412084995
21190.000000000004 0.6010088538507697
21200.0 0.6006551761994544
21210.0 0.6005888616398328
21220.0 0.6004562325205896
21230.000000000004 0.5998815063372022
21240.0 0.5992183607409859
21250.0 0.5988867879428778
21260.0 0.5988867879428778
21269.999999999996 0.5991078364749499
21280.0 0.5991520461813643
21290.0 0.5988204733832562
21300.0 0.5984889005851481
21309.999999999996 0.5985331102915625
21320.0 0.5987099491172202
21330.0 0.5986215297043913
21340.0 0.5983783763191121
21349.999999999996 0.5981131180806255
21360.0 0.5976268113100669
21370.0 0.596875246301022
21380.0 0.5963005201176346
21389.999999999996 0.5962784152644273
21400.0 0.5963005201176346
21410.0 0.5958363182002832
21420.0 0.5953279065765174
21429.999999999996 0.5952394871636886
21440.0 0.5953500114297245
21450.0 0.595283696870103
21460.0 0.5950847531912381
21469.999999999996 0.5949079143655804
21480.0 0.5947089706867156
21490.0 0.5944879221546435
21500.0 0.5943995027418146
21509.999999999996 0.5944879221546435
21520.0 0.5944437124482291
21530.0 0.5939574056776705
21540.0 0.5933163649346614
21549.999999999996 0.5929184775769317
21560.0 0.5926090096320308
21570.0 0.5922774368339226
21580.0 0.5919679688890218
21589.999999999996 0.5917911300633641
21600.0 0.5917911300633641
21610.0 0.5919458640358146
21620.0 0.5920342834486435
21629.999999999996 0.5919016543294002
21640.0 0.591658500944121
21650.0 0.5915037669716704
21660.0 0.5914153475588416
21669.999999999996 0.5913711378524272
21680.0 0.591238508733184
21690.0 0.590929040788283
21700.0 0.590597467990175
21710.0 0.5903764194581028
21720.0 0.5901995806324452
21730.0 0.5899343223939587
21740.0 0.5897795884215082
21750.0 0.5898016932747155
21760.0 0.589868007834337
21770.0 0.5898016932747155
21780.0 0.589757483568301
21790.0 0.5899564272471659
21800.0 0.5902216854856525
21810.0 0.5902658951920668
21820.0 0.5900448466599947
21830.0 0.5895806447426434
21840.0 0.5891606525317064
21850.0 0.5890722331188776
21860.0 0.5889838137060488
21870.0 0.588696450614355
21880.0 0.5885196117886974
21890.0 0.5888069748803911
21900.0 0.5889838137060488
21910.0 0.5885638214951118
21920.0 0.5880554098713461
21930.0 0.5880112001649316
21940.0 0.5880996195777605
21950.0 0.5879227807521028
21960.0 0.5876575225136164
21970.0 0.5875469982475803
21980.0 0.5877017322200307
21990.0 0.5880775147245533
22000.0 0.5881438292841749
22010.0 0.5875248933943731
22020.0 0.5868617477981568
22030.0 0.5868617477981568
22040.0 0.5873259497155082
22050.0 0.5878564661924812
22060.0 0.5879006758988956
22070.0 0.5871049011834362
22080.000000000004 0.5864638604404271
22090.0 0.5868396429449496
22100.0 0.5873701594219226
22110.0 0.5872154254494721
22120.000000000004 0.5868396429449496
22130.0 0.5869059575045713
22140.0 0.5870606914770218
22150.0 0.5869280623577784
22160.000000000004 0.5867954332385352
22170.0 0.5869722720641929
22180.0 0.5873259497155082
22190.0 0.5875469982475803
22200.000000000004 0.5873701594219226
22210.0 0.5866406992660848
22220.0 0.5860438682294901
22230.0 0.5861986022019406
22240.000000000004 0.5868396429449496
22250.0 0.5875027885411659
22260.0 0.587613312807202
22270.0 0.5869501672109857
22280.000000000004 0.5863091264679766
22290.0 0.5864638604404271
22300.0 0.5869501672109857
22310.0 0.587193320596265
22320.000000000004 0.5870827963302289
22330.0 0.5867291186789136
22340.0 0.5864638604404271
22350.0 0.5865743847064632
22360.000000000004 0.5867954332385352
22370.0 0.5867954332385352
22380.0 0.5866406992660848
22390.0 0.5863975458808055
22400.000000000004 0.5864196507340127
22410.0 0.5868396429449496
22420.0 0.5871270060366434
22430.0 0.586773328385328
22440.000000000004 0.5863091264679766
22450.0 0.5862649167615622
22460.0 0.5864196507340127
22470.0 0.5864417555872199
22480.000000000004 0.5863533361743911
22490.0 0.5863091264679766
22500.0 0.5865080701468416
22510.0 0.5870606914770218
22519.999999999996 0.5875248933943731
22530.0 0.5875912079539947
22540.0 0.5875912079539947
22550.0 0.587834361339274
22559.999999999996 0.5879227807521028
22570.0 0.5874364739815443
22580.0 0.5870827963302289
22590.0 0.5874585788347514
22599.999999999996 0.5880554098713461
22610.0 0.5882764584034181
22620.0 0.5882543535502109
22630.0 0.5882322486970036
22639.999999999996 0.5880996195777605
22650.0 0.5877680467796523
22660.0 0.5878785710456884
22670.0 0.5888511845868055
22679.999999999996 0.5898459029811299
22690.0 0.5899785321003731
22700.0 0.5896248544490579
22710.0 0.5892932816509497
22719.999999999996 0.5891606525317064
22730.0 0.589226967091328
22740.0 0.5892490719445354
22750.0 0.5890501282656704
22759.999999999996 0.5888290797335983
22770.0 0.5888511845868055
22780.0 0.5891606525317064
22790.0 0.5896248544490579
22799.999999999996 0.5899343223939587
22810.0 0.5899343223939587
22820.0 0.5898459029811299
22830.0 0.5899564272471659
22839.999999999996 0.5901995806324452
22850.0 0.5904427340177245
22860.0 0.5906858874030038
22870.0 0.5909069359350758
22879.999999999996 0.5911721941735624
22890.0 0.5914374524120489
22900.0 0.5916806057973281
22910.0 0.5917248155037425
22919.999999999996 0.5914816621184633
22930.0 0.5907743068158327
22940.0 0.5894701204766074
22950.0 0.5873701594219226
22960.0 0.5844523187985712
22970.0 0.5804955500744811
22980.0 0.5749251270662648
22990.0 0.5670115896180844
23000.0 0.5558928484548589
23010.0 0.5409278628335792
23020.0 0.5218071648093446
23030.0 0.4983318107032901
23040.0 0.46981655006599216
23050.0 0.43601822951217156
23060.0 0.39779893831690954
23070.0 0.35650707252584557
23080.0 0.313557342744241
23090.0 0.27027604016452833
23100.0 0.22761367347461756
23110.0 0.18676390474769772
23120.0 0.14940670282751672
23130.0 0.11662520552122774
23140.0 0.08866256621411003
23150.0 0.06549668005295638
23160.0 0.04701702277173075
23170.0 0.03282570701270341
23180.0 0.02225958717965814
23190.0 0.014633412823171486
23200.0 0.009328248053441644
23210.0 0.005769366687081206
23220.0 0.0034704619535316063
23230.0 0.0020115416418558995
23240.0 0.001127347513567592
23250.0 0.0006189358898018152
23260.0 0.00033157279810811527
23270.0 0.00017683882565766148
23280.0 8.841941282883074e-05
23290.0 4.420970641441537e-05
23300.0 2.2104853207207685e-05
23310.0 0.0
