mejiro/data/roman_filter_response/RomanSCA06-F106.ecsv
# %ECSV 1.0
# ---
# datatype:
# - {name: wavelength, unit: Angstrom, datatype: float64}
# - {name: response, datatype: float64}
# meta:
#   __serialized_columns__:
#     wavelength:
#       __class__: astropy.units.quantity.Quantity
#       unit: !astropy.units.Unit {unit: Angstrom}
#       value: !astropy.table.SerializedColumn {name: wavelength}
#   band_name: F106
#   group_name: RomanSCA06
# schema: astropy-2.0
wavelength response
9220.0 0.0
9230.0 2.2104853207207685e-05
9240.0 0.0001547339724504538
9250.0 0.0007515650090450613
9260.0 0.0029841551829730374
9270.0 0.009991393649657874
9280.0 0.027852115041081683
9290.0 0.06509879269522663
9300.0 0.12860603595953432
9310.0 0.21724649732043713
9320.0 0.31848672500944836
9330.0 0.41307339188309
9340.0 0.48546678613669525
9350.0 0.5310469934499574
9360.0 0.5547212912348769
9370.0 0.5650442576826429
9380.0 0.5690452361131475
9390.0 0.570703100103688
9400.0 0.5715872942319763
9410.0 0.5721399155621565
9420.0 0.5726704320391295
9430.0 0.5733114727821386
9440.0 0.5739083038187331
9450.0 0.5743282960296701
9460.0 0.5747261833873999
9470.0 0.5752566998643728
9480.0 0.5758093211945531
9490.0 0.5762293134054899
9500.0 0.5766050959100124
9510.0 0.5771356123869854
9520.0 0.5776440240107512
9530.0 0.5779755968088593
9540.0 0.5782408550473458
9550.0 0.5785061132858323
9560.0 0.5788155812307333
9570.0 0.5791692588820485
9580.0 0.5794787268269496
9590.0 0.5796776705058143
9600.0 0.5798545093314721
9610.0 0.5800976627167512
9620.0 0.5803408161020306
9630.0 0.5805176549276883
9640.0 0.5806723889001387
9650.0 0.5808271228725892
9660.0 0.580915542285418
9670.0 0.580915542285418
9680.0 0.5809597519918324
9690.0 0.5811808005239044
9700.0 0.5813797442027694
9710.0 0.5814018490559765
9720.0 0.5814018490559765
9730.0 0.5815123733220126
9740.0 0.5816450024412558
9750.0 0.5816450024412558
9760.0 0.5816450024412558
9770.0 0.5817776315604991
9780.0 0.5818660509733279
9790.0 0.5817997364137063
9800.0 0.5816892121476702
9810.0 0.5817334218540846
9820.0 0.5817555267072919
9830.0 0.581667107294463
9840.0 0.581556583028427
9850.0 0.581556583028427
9860.0 0.5816450024412558
9870.0 0.5816892121476702
9880.0 0.5816007927348414
9890.0 0.5813576393495621
9900.0 0.5811808005239044
9910.0 0.5812029053771117
9920.0 0.5812692199367333
9930.0 0.5811586956706973
9940.0 0.581026066551454
9950.0 0.5809597519918324
9960.0 0.5809376471386252
9970.0 0.5808713325790036
9980.0 0.5808271228725892
9990.0 0.580915542285418
10000.0 0.5810039616982469
10009.999999999998 0.5810039616982469
10020.0 0.5809376471386252
10029.999999999998 0.5808492277257964
10040.0 0.5807608083129675
10049.999999999998 0.5807165986065531
10060.0 0.5806944937533458
10069.999999999998 0.5807165986065531
10080.0 0.5807165986065531
10089.999999999998 0.5806502840469314
10100.0 0.5805839694873098
10109.999999999998 0.5806502840469314
10120.0 0.5807387034597603
10129.999999999998 0.5807608083129675
10140.0 0.5807165986065531
10149.999999999998 0.580606074340517
10160.0 0.5805397597808954
10169.999999999998 0.5805618646341026
10180.0 0.5806281791937243
10189.999999999998 0.5806723889001387
10200.0 0.5806723889001387
10209.999999999998 0.5806502840469314
10220.0 0.5806502840469314
10230.0 0.5806502840469314
10240.0 0.5806723889001387
10250.0 0.5806281791937243
10260.0 0.5805618646341026
10270.0 0.5804955500744811
10280.0 0.5804513403680667
10290.0 0.5805397597808954
10300.0 0.5805839694873098
10310.0 0.5804955500744811
10320.0 0.580385025808445
10330.0 0.5803629209552378
10340.0 0.5803629209552378
10350.0 0.5803408161020306
10360.0 0.5802966063956162
10370.0 0.5802302918359945
10380.0 0.5801418724231656
10390.0 0.5800313481571296
10400.0 0.5799208238910936
10410.0 0.5797660899186431
10420.0 0.5796997753590216
10430.0 0.5797218802122287
10440.0 0.5796776705058143
10450.0 0.5794566219737423
10460.0 0.5791692588820485
10470.0 0.5790587346160125
10480.0 0.5790366297628053
10490.0 0.5790366297628053
10500.0 0.5789482103499765
10510.0 0.57868295211149
10520.0 0.5783955890197963
10530.0 0.5782629599005531
10540.0 0.5781966453409314
10550.0 0.5781082259281026
10560.0 0.5779755968088593
10570.0 0.5778208628364089
10580.0 0.5775556045979224
10590.0 0.5771798220933999
10600.0 0.5768261444420846
10610.0 0.5766272007632197
10620.0 0.5765166764971836
10630.0 0.5763619425247333
10640.0 0.5760745794330395
10650.0 0.5757209017817241
10660.0 0.5753672241304089
10670.0 0.5751019658919224
10680.0 0.5748809173598503
10690.0 0.5745935542681566
10700.0 0.5743061911764629
10710.0 0.5740851426443908
10720.0 0.573886198965526
10730.0 0.5736651504334539
10740.0 0.573466206754589
10750.0 0.5732893679289314
10760.0 0.5730904242500665
10770.0 0.5727809563051656
10780.0 0.5724272786538502
10790.0 0.5720957058557421
10800.0 0.5718525524704628
10810.0 0.5717420282044268
10820.0 0.5715651893787691
10830.0 0.5712557214338682
10840.0 0.5709241486357601
10850.0 0.5707694146633097
10860.0 0.5706367855440664
10870.0 0.5703494224523727
10880.0 0.5700399545074718
10890.0 0.5697968011221926
10900.0 0.5695978574433276
10910.0 0.5693989137644627
10920.0 0.5691778652323907
10930.0 0.5689126069939042
10940.0 0.5686694536086249
10950.0 0.5684926147829673
10960.0 0.5682936711041023
10970.0 0.5680726225720303
10980.0 0.5680505177188231
10990.0 0.5684263002233456
11000.0 0.568779977874661
11010.0 0.5687357681682466
11020.0 0.5685147196361744
11030.0 0.5684041953701384
11040.000000000002 0.5683820905169312
11050.0 0.568359985663724
11060.000000000002 0.5683378808105168
11070.0 0.568359985663724
11080.000000000002 0.5683157759573096
11090.0 0.5681389371316519
11100.000000000002 0.5680284128656159
11110.0 0.5680726225720303
11120.000000000002 0.5681831468380663
11130.0 0.5681610419848592
11140.000000000002 0.5681831468380663
11150.0 0.5682936711041023
11160.000000000002 0.568359985663724
11170.0 0.5682273565444809
11180.000000000002 0.5680947274252375
11190.0 0.5682052516912736
11200.000000000002 0.5683378808105168
11210.0 0.5683378808105168
11220.000000000002 0.5683157759573096
11230.0 0.5684041953701384
11240.000000000002 0.56847050992976
11250.0 0.5683157759573096
11259.999999999998 0.5681610419848592
11270.0 0.5681168322784448
11279.999999999998 0.5681610419848592
11290.0 0.5682052516912736
11299.999999999998 0.5682715662508953
11310.0 0.568359985663724
11319.999999999998 0.5684484050765528
11330.0 0.5684484050765528
11339.999999999998 0.5684263002233456
11350.0 0.5684484050765528
11359.999999999998 0.5684484050765528
11370.0 0.5684041953701384
11379.999999999998 0.5684041953701384
11390.0 0.5684926147829673
11399.999999999998 0.5686252439022105
11410.0 0.5687357681682466
11419.999999999998 0.5687578730214538
11430.0 0.5686915584618322
11439.999999999998 0.5686473487554177
11450.0 0.5686915584618322
11459.999999999998 0.568779977874661
11470.0 0.5688020827278681
11480.0 0.5687578730214538
11490.0 0.5687136633150394
11500.0 0.5686915584618322
11510.0 0.5686915584618322
11520.0 0.5686694536086249
11530.0 0.5685810341957961
11540.0 0.5685368244893817
11550.0 0.5686031390490033
11560.0 0.5686473487554177
11570.0 0.5685147196361744
11580.0 0.568359985663724
11590.0 0.5683378808105168
11600.0 0.5683820905169312
11610.0 0.5684041953701384
11620.0 0.5683157759573096
11630.0 0.5681831468380663
11640.0 0.5680284128656159
11650.0 0.5679842031592015
11660.0 0.5679399934527871
11670.0 0.5678736788931654
11680.0 0.5678515740399582
11690.0 0.5678957837463727
11700.0 0.5678957837463727
11710.0 0.5676968400675078
11720.0 0.5674536866822285
11730.0 0.5673210575629852
11740.0 0.5672547430033635
11750.0 0.5671884284437421
11760.0 0.5671000090309132
11770.0 0.5670115896180844
11780.0 0.56696737991167
11790.0 0.5670336944712915
11800.0 0.567077904177706
11810.0 0.5669894847648771
11820.0 0.5668568556456339
11830.0 0.5668126459392194
11840.0 0.5667463313795978
11850.0 0.5666137022603546
11860.0 0.5663705488750753
11870.0 0.56601687122376
11880.0 0.5653537256275437
11890.0 0.5637400713434176
11900.0 0.5597833026193274
11910.0 0.5510739904556876
11920.0 0.5343627214310387
11930.0 0.5058253559405335
11940.0 0.4621461660030911
11950.0 0.40257358660966636
11960.0 0.33053387000737655
11970.0 0.2531889886353568
11980.0 0.1792482546572471
11990.0 0.11635994728274125
12000.0 0.06885661774045194
12010.0 0.03698141941565846
12020.0 0.01794914080425264
12030.0 0.007847222888558728
12040.0 0.003094679449009076
12050.0 0.0010831378071531766
12060.0 0.00035367765131532296
12070.0 8.841941282883074e-05
12080.0 2.2104853207207685e-05
12090.0 0.0
