mejiro/data/roman_filter_response/RomanSCA16-Prism.ecsv
# %ECSV 1.0
# ---
# datatype:
# - {name: wavelength, unit: Angstrom, datatype: float64}
# - {name: response, datatype: float64}
# meta:
#   __serialized_columns__:
#     wavelength:
#       __class__: astropy.units.quantity.Quantity
#       unit: !astropy.units.Unit {unit: Angstrom}
#       value: !astropy.table.SerializedColumn {name: wavelength}
#   band_name: Prism
#   group_name: RomanSCA16
# schema: astropy-2.0
wavelength response
7500.0 0.0
7510.0 2.2104853207207685e-05
7520.0 0.00017683882565766148
7530.0 0.0010389281007387612
7540.0 0.004664124026720822
7550.0 0.01662284961182018
7560.0 0.04672965968003705
7570.0 0.10502015758744372
7580.0 0.1917817064257339
7590.0 0.2910767070325108
7600.0 0.37832456264135955
7610.0 0.4374992546770545
7620.0 0.4687997268184606
7630.0 0.4819742193299564
7640.0 0.48661623850346997
7650.0 0.4882298927875961
7660.0 0.4890256675030556
7670.0 0.4899319664845512
7680.0 0.49139088679622683
7690.0 0.492894016814317
7700.0 0.4939329449150558
7710.0 0.49468450992410073
7720.0 0.4954581797863531
7730.0 0.496298164208227
7740.0 0.49720446318972245
7750.0 0.49817707673083955
7760.0 0.49921600483157835
7770.0 0.5000780941066595
7780.0 0.5006307154368397
7790.0 0.5011833367670199
7800.0 0.5020233211888938
7810.0 0.5028633056107676
7820.0 0.5033054026749118
7830.0 0.5035485560601911
7840.0 0.503747499739056
7850.0 0.5039243385647136
7860.0 0.5040790725371641
7870.0 0.5043001210692362
7880.0 0.5046759035737587
7890.0 0.5051843151975245
7900.0 0.5057811462341191
7910.0 0.5062895578578849
7920.0 0.5066211306559929
7930.0 0.5071074374265515
7940.0 0.5079916315548397
7950.0 0.5086768820042633
7960.0 0.5087653014170921
7970.0 0.5094505518665156
7980.0 0.5115505129212002
7990.0 0.51289890896684
8000.0 0.5115947226276146
8010.0 0.5094726567197227
8020.000000000001 0.5087653014170921
8030.000000000001 0.5093179227472723
8040.000000000001 0.5104452702608399
8050.000000000001 0.5115726177744074
8060.000000000001 0.5123020779302453
8070.000000000001 0.51289890896684
8080.000000000001 0.5135620545630561
8090.000000000001 0.514070466186822
8100.000000000001 0.5141367807464435
8110.000000000001 0.5141367807464435
8120.000000000001 0.5144241438381373
8129.999999999999 0.5146894020766237
8139.999999999999 0.5146894020766237
8149.999999999999 0.5147557166362454
8159.999999999999 0.5152199185535967
8169.999999999999 0.5158388544433986
8179.999999999999 0.5163693709203715
8189.999999999999 0.5167672582781013
8200.0 0.5171651456358309
8210.0 0.5177840815256328
8220.0 0.5187566950667499
8230.0 0.5197956231674887
8240.0 0.5205913978829483
8250.0 0.5208124464150203
8260.0 0.5204587687637049
8270.0 0.5205029784701193
8280.0 0.521630325983687
8290.0 0.5227576734972545
8300.0 0.5226913589376329
8310.0 0.52216084246066
8320.0 0.5220282133414167
8330.0 0.5221387376074527
8340.0 0.5221829473138672
8350.0 0.5223597861395248
8360.0 0.5227797783504619
8370.0 0.5232881899742275
8380.0 0.5236197627723356
8390.0 0.5236418676255429
8400.0 0.5233545045338491
8410.0 0.5232881899742275
8420.0 0.5237302870383717
8430.0 0.524083964689687
8440.0 0.5238850210108221
8450.0 0.5239292307172366
8460.0 0.5250565782308042
8470.0 0.5262944500104078
8480.0 0.5266923373681375
8490.0 0.5266702325149303
8500.0 0.5268912810470023
8510.0 0.5273333781111466
8520.0 0.5277533703220836
8530.0 0.5281954673862277
8540.0 0.528659669303579
8550.0 0.5289691372484798
8560.0 0.5289691372484798
8570.0 0.5290575566613088
8580.0 0.5295880731382817
8590.0 0.5304943721197772
8600.0 0.5314448808076871
8610.0 0.5320417118442817
8620.0 0.532063816697489
8630.0 0.5322185506699395
8640.0 0.5331911642110566
8650.0 0.5345616651099034
8660.0 0.5358216417427143
8670.0 0.5368605698434531
8680.0 0.5376784494121197
8690.0 0.5382531755955071
8700.0 0.5386289581000296
8710.0 0.5391152648705883
8720.0 0.5399994589988765
8730.0 0.5411489113656514
8740.0 0.5422099443195973
8750.0 0.5430057190350568
8760.0 0.5434699209524082
8770.0 0.5440004374293811
8780.0 0.5449730509704982
8790.0 0.5461003984840659
8800.0 0.5470066974655614
8810.0 0.5478687867406424
8820.0 0.5488414002817597
8830.0 0.5495708604375975
8840.0 0.5497698041164624
8850.0 0.5499024332357055
8860.0 0.550366635153057
8870.0 0.5510518856024804
8880.0 0.5517371360519038
8890.0 0.5523560719417057
8900.0 0.5528644835654715
8910.0 0.553240266069994
8920.0 0.553461314602066
8930.0 0.5537265728405525
8940.0 0.5542128796111111
8950.0 0.554522347556012
8960.0 0.5543676135835615
8970.0 0.5540139359322462
8980.0 0.5537707825469669
8990.0 0.5536160485745165
9000.0 0.5534834194552732
9010.0 0.5532623709232012
9020.0 0.5529086932718859
9030.0 0.5523560719417057
9040.0 0.5517150311986966
9050.0 0.5510739904556876
9060.0 0.550477159419093
9070.0 0.5499024332357055
9080.0 0.5492834973459038
9090.0 0.5485761420432731
9100.0 0.5478024721810208
9110.0 0.5470066974655614
9120.0 0.546233027603309
9130.0 0.5455477771538857
9140.0 0.5448625267044622
9150.0 0.5441109616954172
9160.0 0.5432709772735432
9170.0 0.542386783145255
9180.0 0.5415910084297955
9190.0 0.5409720725399937
9200.0 0.5403973463566063
9210.0 0.53973420076039
9220.0 0.5390710551641738
9230.0 0.5385405386872009
9240.0 0.538120546476264
9250.0 0.5377226591185341
9260.0 0.537391086320426
9270.0 0.5371479329351468
9280.0 0.5369489892562819
9290.0 0.5368163601370387
9300.0 0.5367279407242098
9310.0 0.5367721504306242
9320.0 0.5368605698434531
9330.0 0.5369268844030747
9340.0 0.5370374086691108
9350.0 0.5372584572011828
9360.0 0.5375679251460838
9370.0 0.5378994979441918
9380.0 0.5382531755955071
9390.0 0.5386731678064441
9400.0 0.5390489503109667
9410.0 0.5393363134026603
9420.0 0.5396457813475612
9430.0 0.5401099832649126
9440.0 0.5405520803290567
9450.0 0.5408394434207504
9460.0 0.5411268065124442
9470.0 0.5415910084297955
9480.0 0.5420773152003541
9490.0 0.5424309928516694
9500.0 0.5427846705029846
9510.0 0.5432709772735432
9520.0 0.543757284044102
9530.0 0.54408885684221
9540.0 0.5443320102274892
9550.0 0.5445972684659757
9560.0 0.5449288412640838
9570.0 0.5452825189153993
9580.0 0.5456140917135074
9590.0 0.5458351402455794
9600.0 0.5460340839244443
9610.0 0.5463214470161379
9620.0 0.5466088101078316
9630.0 0.5468519634931109
9640.0 0.5470288023187686
9650.0 0.5472498508508407
9660.0 0.5474045848232911
9670.0 0.5474930042361199
9680.0 0.547603528502156
9690.0 0.5478908915938497
9700.0 0.5481561498323362
9710.0 0.5482666740983723
9720.0 0.548355093511201
9730.0 0.5485540371900659
9740.0 0.5487750857221381
9750.0 0.5488635051349668
9760.0 0.5489519245477956
9770.0 0.5491729730798677
9780.0 0.5493719167587326
9790.0 0.5493940216119397
9800.0 0.5493940216119397
9810.0 0.5495266507311831
9820.0 0.5496592798504263
9830.0 0.5496813847036335
9840.0 0.5496592798504263
9850.0 0.5497919089696696
9860.0 0.5499466429421199
9870.0 0.5501013769145704
9880.0 0.5501234817677777
9890.0 0.5499908526485344
9900.0 0.5499024332357055
9910.0 0.5500129575017416
9920.0 0.5501676914741921
9930.0 0.5501676914741921
9940.0 0.5501234817677777
9950.0 0.5501455866209849
9960.0 0.5502119011806065
9970.0 0.5502119011806065
9980.0 0.550256110887021
9990.0 0.5504108448594714
10000.0 0.5505655788319218
10009.999999999998 0.5506318933915435
10020.0 0.5506318933915435
10029.999999999998 0.5506097885383362
10040.0 0.5505655788319218
10049.999999999998 0.550587683685129
10060.0 0.5506097885383362
10069.999999999998 0.5506761030979579
10080.0 0.5507203128043723
10089.999999999998 0.5506761030979579
10100.0 0.5506761030979579
10109.999999999998 0.5507645225107867
10120.0 0.5508750467768228
10129.999999999998 0.5509192564832371
10140.0 0.55089715163003
10149.999999999998 0.5508087322172011
10160.0 0.5507645225107867
10169.999999999998 0.5508087322172011
10180.0 0.55089715163003
10189.999999999998 0.5509413613364443
10200.0 0.5509413613364443
10209.999999999998 0.5509192564832371
10220.0 0.5509192564832371
10230.0 0.5509413613364443
10240.0 0.5509634661896516
10250.0 0.5509192564832371
10260.0 0.5508529419236156
10270.0 0.5507645225107867
10280.0 0.5507424176575795
10290.0 0.5508087322172011
10300.0 0.5508308370704083
10310.0 0.5507645225107867
10320.0 0.5506318933915435
10330.0 0.550587683685129
10340.0 0.550587683685129
10350.0 0.5505655788319218
10360.0 0.5504992642723002
10370.0 0.5504108448594714
10380.0 0.5503224254466424
10390.0 0.5502119011806065
10400.0 0.550057167208156
10410.0 0.5499245380889128
10420.0 0.5498140138228768
10430.0 0.549836118676084
10440.0 0.5497698041164624
10450.0 0.5495266507311831
10460.0 0.5492613924926966
10470.0 0.5491066585202462
10480.0 0.5490845536670389
10490.0 0.5490624488138317
10500.0 0.5489519245477956
10510.0 0.5486866663093092
10520.0 0.5484214080708226
10530.0 0.5482666740983723
10540.0 0.5481782546855435
10550.0 0.5480898352727145
10560.0 0.5479572061534713
10570.0 0.5477803673278137
10580.0 0.5475151090893272
10590.0 0.5471393265848047
10600.0 0.5467856489334892
10610.0 0.5466088101078316
10620.0 0.5464761809885884
10630.0 0.5462993421629307
10640.0 0.5460340839244443
10650.0 0.5456804062731289
10660.0 0.5453267286218136
10670.0 0.5450835752365343
10680.0 0.544840421851255
10690.0 0.5445751636127686
10700.0 0.5442878005210748
10710.0 0.5440667519890028
10720.0 0.5438678083101379
10730.0 0.5436467597780659
10740.0 0.5434478160992009
10750.0 0.5432709772735432
10760.0 0.5430720335946784
10770.0 0.5427846705029846
10780.0 0.5424309928516694
10790.0 0.5420994200535613
10800.0 0.5418562666682819
10810.0 0.5417457424022459
10820.0 0.5415910084297955
10830.0 0.5412594356316873
10840.0 0.5409499676867865
10850.0 0.540795233714336
10860.0 0.5406626045950927
10870.0 0.5403973463566063
10880.0 0.5400878784117054
10890.0 0.5398447250264261
10900.0 0.5396457813475612
10910.0 0.5394468376686964
10920.0 0.5392257891366243
10930.0 0.538982635751345
10940.0 0.5387615872192729
10950.0 0.5385847483936153
10960.0 0.5383858047147504
10970.0 0.5381647561826783
10980.0 0.538142651329471
10990.0 0.5384963289807865
11000.0 0.5388279017788946
11010.0 0.5387836920724801
11020.0 0.5385626435404081
11030.0 0.5384521192743721
11040.000000000002 0.5384300144211648
11050.0 0.5383858047147504
11060.000000000002 0.5383858047147504
11070.0 0.5384079095679576
11080.000000000002 0.538341595008336
11090.0 0.5381868610358855
11100.000000000002 0.5380542319166423
11110.0 0.5380984416230566
11120.000000000002 0.5381868610358855
11130.0 0.5381868610358855
11140.000000000002 0.5381868610358855
11150.0 0.5382973853019216
11160.000000000002 0.5383636998615432
11170.0 0.5382089658890927
11180.000000000002 0.5380984416230566
11190.0 0.5381868610358855
11200.000000000002 0.5383194901551287
11210.0 0.5382973853019216
11220.000000000002 0.5382752804487143
11230.0 0.5383636998615432
11240.000000000002 0.5384079095679576
11250.0 0.5382752804487143
11259.999999999998 0.5380984416230566
11270.0 0.5380542319166423
11279.999999999998 0.5380984416230566
11290.0 0.538142651329471
11299.999999999998 0.5381868610358855
11310.0 0.5382752804487143
11319.999999999998 0.538341595008336
11330.0 0.538341595008336
11339.999999999998 0.5383194901551287
11350.0 0.5383194901551287
11359.999999999998 0.5383194901551287
11370.0 0.5382752804487143
11379.999999999998 0.5382531755955071
11390.0 0.5383194901551287
11399.999999999998 0.5384300144211648
11410.0 0.5385405386872009
11419.999999999998 0.5385626435404081
11430.0 0.5384742241275792
11439.999999999998 0.5384079095679576
11450.0 0.5384521192743721
11459.999999999998 0.5385184338339937
11470.0 0.5385184338339937
11480.0 0.5384963289807865
11490.0 0.5384300144211648
11500.0 0.5383858047147504
11510.0 0.5383858047147504
11520.0 0.538341595008336
11530.0 0.5382310707422999
11540.0 0.5381868610358855
11550.0 0.5382310707422999
11560.0 0.5382531755955071
11570.0 0.538120546476264
11580.0 0.5379658125038135
11590.0 0.537921602797399
11600.0 0.5379658125038135
11610.0 0.5379437076506063
11620.0 0.5378552882377774
11630.0 0.5377005542653269
11640.0 0.5375458202928765
11650.0 0.5374795057332549
11660.0 0.5374352960268404
11670.0 0.5373468766140116
11680.0 0.5373026669075972
11690.0 0.5373247717608044
11700.0 0.5373026669075972
11710.0 0.5371037232287323
11720.0 0.5368384649902458
11730.0 0.5367058358710026
11740.0 0.5366174164581737
11750.0 0.536528997045345
11760.0 0.5364184727793089
11770.0 0.5363300533664801
11780.0 0.5362637388068585
11790.0 0.5363079485132729
11800.0 0.5363300533664801
11810.0 0.5362195291004441
11820.0 0.5360647951279935
11830.0 0.535998480568372
11840.0 0.5359321660087504
11850.0 0.5357774320362999
11860.0 0.5356005932106422
11870.0 0.5354237543849846
11880.0 0.5352911252657414
11890.0 0.5352690204125341
11900.0 0.5352027058529124
11910.0 0.5350258670272547
11920.0 0.53482692334839
11930.0 0.5347827136419755
11940.0 0.5347163990823539
11950.0 0.5345395602566962
11960.0 0.5343627214310387
11970.0 0.5343185117246241
11980.0 0.534296406871417
11990.0 0.5341416728989665
12000.0 0.533986938926516
12010.0 0.5338985195136872
12020.0 0.5338543098072728
12030.0 0.5337879952476512
12040.0 0.5337216806880295
12050.0 0.5337216806880295
12060.0 0.5336995758348224
12070.0 0.5335448418623719
12080.0 0.533345898183507
12090.0 0.5331469545046422
12100.0 0.5330585350918133
12110.0 0.5330364302386061
12120.0 0.533014325385399
12130.0 0.5328374865597413
12140.0 0.5326385428808764
12150.0 0.5325722283212547
12160.0 0.5326164380276692
12170.0 0.5326385428808764
12180.0 0.5326164380276692
12190.0 0.5324395992020116
12200.0 0.5322848652295611
12210.0 0.5322848652295611
12220.0 0.5323290749359755
12230.0 0.5322406555231466
12240.0 0.5321301312571106
12250.0 0.5321301312571106
12260.0 0.5321301312571106
12270.0 0.5320417118442817
12280.0 0.5319311875782458
12290.000000000002 0.5318869778718314
12300.0 0.5318648730186241
12310.000000000002 0.5317322438993809
12320.0 0.5315775099269304
12330.000000000002 0.5314669856608945
12340.0 0.5314006711012728
12350.000000000002 0.5313122516884439
12360.0 0.5312238322756151
12370.000000000002 0.5310912031563718
12380.0 0.5310248885967502
12390.000000000002 0.5310690983031646
12400.0 0.5310469934499574
12410.000000000002 0.5308701546242998
12420.0 0.5306933157986421
12430.000000000002 0.5307375255050565
12440.0 0.5307817352114709
12450.000000000002 0.5306270012390205
12460.0 0.5304280575601557
12470.000000000002 0.5303617430005341
12480.0 0.5303838478537412
12490.000000000002 0.5303617430005341
12500.0 0.5302954284409124
12509.999999999998 0.5301849041748763
12520.0 0.5300743799088403
12529.999999999998 0.5299638556428042
12540.0 0.5299196459363898
12549.999999999998 0.5299196459363898
12560.0 0.5298975410831827
12569.999999999998 0.5298312265235611
12580.0 0.5296764925511105
12589.999999999998 0.5294333391658312
12600.0 0.5292786051933809
12609.999999999998 0.529300710046588
12620.0 0.5293449197530024
12629.999999999998 0.529300710046588
12640.0 0.5292122906337592
12649.999999999998 0.5291680809273448
12660.0 0.5291017663677232
12669.999999999998 0.5289249275420654
12680.0 0.5287480887164078
12689.999999999998 0.5287038790099934
12700.0 0.5286817741567863
12709.999999999998 0.5286375644503718
12720.0 0.5286154595971646
12730.0 0.5286375644503718
12740.0 0.5285933547439574
12750.0 0.5283723062118852
12760.0 0.5281954673862277
12770.0 0.5282175722394349
12780.0 0.5283502013586782
12790.0 0.5283723062118852
12800.0 0.5282838867990565
12810.0 0.5281070479733988
12820.0 0.5279302091477411
12830.0 0.5279081042945339
12840.0 0.5279523140009483
12850.0 0.52801862856057
12860.0 0.52801862856057
12870.0 0.5279523140009483
12880.0 0.5278638945881196
12890.0 0.5278638945881196
12900.0 0.5278859994413267
12910.0 0.5279081042945339
12920.0 0.5278638945881196
12930.0 0.527819684881705
12940.0 0.527797580028498
12950.0 0.5278417897349124
12960.0 0.5278638945881196
12970.0 0.527819684881705
12980.0 0.5277754751752907
12990.0 0.5278638945881196
13000.0 0.5279744188541556
13010.0 0.5279744188541556
13020.0 0.5279081042945339
13030.0 0.5278859994413267
13040.0 0.5278859994413267
13050.0 0.5279523140009483
13060.0 0.5280628382669844
13070.0 0.5281954673862277
13080.0 0.5282838867990565
13090.0 0.5283280965054709
13100.0 0.5284386207715069
13110.0 0.5287259838632007
13120.0 0.5289470323952727
13130.0 0.5289028226888584
13140.0 0.5288144032760295
13150.0 0.5288365081292367
13160.0 0.5289691372484798
13170.0 0.5291238712209304
13180.0 0.5292343954869664
13190.0 0.5292786051933809
13200.0 0.5293228148997953
13210.0 0.5294333391658312
13220.0 0.5295880731382817
13230.0 0.529720702257525
