mejiro/data/roman_filter_response/RomanSCA05-F146.ecsv
# %ECSV 1.0
# ---
# datatype:
# - {name: wavelength, unit: Angstrom, datatype: float64}
# - {name: response, datatype: float64}
# meta:
#   __serialized_columns__:
#     wavelength:
#       __class__: astropy.units.quantity.Quantity
#       unit: !astropy.units.Unit {unit: Angstrom}
#       value: !astropy.table.SerializedColumn {name: wavelength}
#   band_name: F146
#   group_name: RomanSCA05
# schema: astropy-2.0
wavelength response
[from data line 566]
14810.000000000002 0.5591643667295256
14820.0 0.5592969958487688
14830.000000000002 0.5593633104083905
14840.0 0.5594296249680122
14850.000000000002 0.559518044380841
14860.0 0.5596506735000842
14870.000000000002 0.559739092912913
14880.0 0.5598054074725347
14890.000000000002 0.5598496171789491
14900.0 0.5599380365917779
14910.000000000002 0.5600706657110212
14920.0 0.5602032948302643
14930.000000000002 0.560269609389886
14940.0 0.5603580288027149
14950.000000000002 0.5605348676283725
14960.0 0.5607117064540301
14970.000000000002 0.5608222307200662
14980.0 0.5608885452796878
14990.000000000002 0.5609106501328951
15000.0 0.5609548598393095
15009.999999999998 0.5610874889585526
15020.0 0.5612643277842103
15029.999999999998 0.5614190617566608
15040.0 0.5615737957291113
15049.999999999998 0.5617064248483545
15060.0 0.5618390539675978
15069.999999999998 0.561971683086841
15080.0 0.5620601024996698
15089.999999999998 0.5620601024996698
15100.0 0.5621043122060843
15109.999999999998 0.5622590461785347
15120.0 0.5624800947106068
15129.999999999998 0.5626790383894716
15140.0 0.5628116675087149
15149.999999999998 0.5628558772151293
15160.0 0.5628779820683365
15169.999999999998 0.5629000869215437
15180.0 0.5629664014811654
15189.999999999998 0.5630548208939942
15200.0 0.5631432403068231
15209.999999999998 0.563253764572859
15220.0 0.5633642888388951
15230.0 0.5634748131049312
15240.0 0.56356323251776
15250.0 0.5636958616370032
15260.0 0.5638505956094537
15270.0 0.5640053295819041
15280.0 0.5640937489947329
15290.0 0.5641379587011472
15300.0 0.5642263781139762
15310.0 0.5644032169396339
15320.0 0.5645800557652915
15330.0 0.564624265471706
15340.0 0.564624265471706
15350.0 0.5646684751781204
15360.0 0.5647347897377419
15370.0 0.5648011042973635
15380.0 0.5648895237101924
15390.0 0.56506636253585
15400.0 0.5652210965083005
15410.0 0.5652653062147149
15420.0 0.5652432013615077
15430.0 0.5651989916550934
15440.0 0.5652653062147149
15450.0 0.5654642498935798
15460.0 0.5656631935724447
15470.0 0.5657516129852735
15480.0 0.5658179275448951
15490.0 0.5659284518109312
15500.0 0.5659947663705528
15510.0 0.5659947663705528
15520.0 0.5659726615173456
15530.0 0.5660610809301744
15540.0 0.5661716051962105
15550.0 0.566237919755832
15560.0 0.5662600246090393
15570.0 0.5661937100494177
15580.0 0.5662158149026248
15590.0 0.5663484440218681
15600.0 0.5664810731411114
15610.0 0.5664589682879042
15620.0 0.5664589682879042
15630.0 0.5666358071135619
15640.0 0.5668347507924266
15650.0 0.5668568556456339
15660.0 0.5668347507924266
15670.0 0.5668347507924266
15680.0 0.5669452750584627
15690.0 0.5671221138841204
15700.0 0.5672326381501565
15710.0 0.5671442187373276
15720.0 0.5670557993244988
15730.0 0.5671884284437421
15740.0 0.5674094769758141
15750.0 0.5675200012418501
15760.0 0.5675421060950573
15770.0 0.5674978963886429
15780.0 0.5674536866822285
15790.0 0.5674978963886429
15800.0 0.5675642109482646
15810.0 0.5675863158014717
15820.0 0.5676526303610934
15830.0 0.5677631546271293
15840.0 0.5678736788931654
15850.0 0.5678736788931654
15860.0 0.5678736788931654
15870.0 0.5680284128656159
15880.0 0.5682273565444809
15890.0 0.5683157759573096
15900.0 0.568359985663724
15910.0 0.5683820905169312
15920.0 0.5684484050765528
15930.0 0.5686252439022105
15940.0 0.5688020827278681
15950.0 0.5688462924342825
15960.0 0.5688462924342825
15970.0 0.5688683972874898
15980.0 0.5689789215535258
15990.0 0.569199970085598
16000.0 0.5693989137644627
16010.0 0.5694873331772916
16020.0 0.569531542883706
16030.0 0.5695978574433276
16040.000000000002 0.5697304865625709
16050.0 0.5698631156818141
16060.000000000002 0.5700399545074718
16070.0 0.5702167933331295
16080.000000000002 0.5703715273055798
16090.0 0.5704820515716159
16100.000000000002 0.570592575837652
16110.0 0.5707915195165169
16120.000000000002 0.5709904631953817
16130.0 0.5710567777550034
16140.000000000002 0.571123092314625
16150.0 0.5713220359934899
16160.000000000002 0.5715651893787691
16170.0 0.5718304476172557
16180.000000000002 0.5720293912961205
16190.0 0.5721841252685709
16200.000000000002 0.5723167543878143
16210.0 0.5724493835070574
16220.000000000002 0.5726041174795078
16230.0 0.5727809563051656
16240.000000000002 0.5729577951308232
16250.0 0.573046214543652
16259.999999999998 0.5732009485161025
16270.0 0.5734441019013817
16279.999999999998 0.5736651504334539
16290.0 0.5737535698462827
16299.999999999998 0.5738198844059043
16310.0 0.5740188280847692
16319.999999999998 0.5742840863232557
16330.0 0.5745272397085349
16339.999999999998 0.5747261833873999
16350.0 0.5749030222130574
16359.999999999998 0.5750577561855079
16370.0 0.5752566998643728
16379.999999999998 0.5754777483964449
16390.0 0.5756766920753097
16400.0 0.5758314260477602
16410.0 0.575919845460589
16420.0 0.5760745794330395
16430.0 0.576339837671526
16440.0 0.5766050959100124
16450.0 0.5767156201760485
16460.0 0.5767598298824629
16470.0 0.576870354148499
16480.0 0.5770029832677422
16490.0 0.5771356123869854
16500.0 0.5773124512126431
16510.0 0.5776219191575441
16520.0 0.5778429676896161
16530.0 0.5777987579832017
16540.0 0.5777766531299945
16550.0 0.5779977016620665
16560.0 0.5783071696069675
16570.0 0.5785061132858323
16580.0 0.5786166375518683
16590.0 0.5787271618179044
16600.0 0.5789261054967694
16610.0 0.5792355734416702
16620.0 0.5794345171205351
16630.0 0.5793682025609135
16640.0 0.5793018880012918
16650.0 0.5795008316801566
16660.0 0.5798102996250576
16670.0 0.5800313481571296
16680.0 0.5801197675699585
16690.0 0.5800755578635441
16700.0 0.5800534530103368
16710.0 0.5802081869827873
16720.0 0.580385025808445
16730.0 0.5804292355148594
16740.0 0.5804734452212738
16750.0 0.5806723889001387
16760.0 0.5808934374322108
16770.0 0.5810039616982469
16780.0 0.5811144859642828
16790.0 0.5813134296431477
16800.0 0.5815344781752197
16810.0 0.581667107294463
16820.0 0.5817776315604991
16830.0 0.5819323655329496
16840.0 0.5820428897989857
16850.0 0.5821313092118144
16860.0 0.582197623771436
16870.0 0.5823081480374721
16880.0 0.5824628820099225
16890.0 0.5825955111291657
16900.0 0.5827060353952018
16910.0 0.5827944548080306
16920.0 0.5829270839272739
16930.0 0.5831923421657604
16940.0 0.5833912858446253
16950.0 0.5834133906978325
16960.0 0.5834797052574541
16970.0 0.583789173202355
16980.0 0.5840323265876343
16990.0 0.5840102217344271
17000.0 0.5839660120280126
17010.0 0.5842091654132919
17020.0 0.5845849479178145
17030.0 0.5848281013030938
17040.0 0.5849386255691298
17050.0 0.5849386255691298
17060.0 0.584960730422337
17070.0 0.585159674101202
17080.0 0.5854028274864811
17090.0 0.5855354566057244
17100.0 0.585601771165346
17110.0 0.585712295431382
17120.0 0.5858670294038325
17130.0 0.586021763376283
17140.0 0.5861322876423191
17150.0 0.5861764973487334
17160.0 0.5863091264679766
17170.0 0.586662804119292
17180.0 0.5869943769174001
17190.0 0.5870827963302289
17200.0 0.5871049011834362
17210.0 0.5872375303026794
17220.0 0.587414369128337
17230.0 0.5875248933943731
17240.0 0.5876575225136164
17250.0 0.5878564661924812
17260.0 0.5880554098713461
17270.0 0.5881217244309677
17280.0 0.5881659341373822
17290.0 0.5882764584034181
17300.0 0.5884311923758686
17310.0 0.5886301360547335
17320.0 0.5888290797335983
17330.0 0.5889838137060488
17340.0 0.5891385476784993
17350.0 0.5893153865041568
17360.0 0.5894922253298145
17370.0 0.5895806447426434
17380.0 0.5895806447426434
17390.0 0.5895364350362289
17400.0 0.5895806447426434
17410.0 0.5898459029811299
17420.0 0.5901332660728236
17430.0 0.590288000045274
17440.0 0.5903764194581028
17450.0 0.5905532582837606
17460.0 0.5906858874030038
17470.0 0.590707992256211
17480.0 0.590707992256211
17490.0 0.5907522019626253
17500.0 0.5908406213754542
17510.0 0.5908848310818686
17520.0 0.5910174602011119
17530.0 0.5912827184395983
17540.0 0.5915479766780849
17550.0 0.5916363960909137
17560.0 0.5916363960909137
17570.0 0.5916806057973281
17580.0 0.5917248155037425
17590.0 0.5918353397697785
17600.0 0.5919679688890218
17610.0 0.5921448077146795
17620.0 0.5922553319807156
17630.0 0.5922553319807156
17640.0 0.5922553319807156
17650.0 0.5923879610999587
17660.0 0.5925647999256164
17670.0 0.5926532193384452
17680.0 0.5926753241916525
17690.0 0.5926753241916525
17700.0 0.5926753241916525
17710.0 0.5926974290448597
17720.0 0.5927416387512742
17730.0 0.5928079533108958
17740.0 0.5928963727237245
17750.0 0.593051106696175
17760.0 0.5932058406686255
17770.0 0.5932721552282471
17780.0 0.5933384697878687
17790.0 0.5934932037603191
17800.0 0.5936258328795625
17810.0 0.593692147439184
17820.0 0.5936479377327696
17830.0 0.5935374134667335
17840.0 0.5934710989071119
17850.0 0.5935153086135264
17860.0 0.5936479377327696
17870.0 0.5938468814116344
17880.0 0.5940458250904993
17890.0 0.5942226639161571
17900.0 0.594333188182193
17910.0 0.5943773978886074
17920.0 0.5943773978886074
17930.0 0.594333188182193
17940.0 0.5943773978886074
17950.0 0.5945984464206796
17960.0 0.59475318039313
17970.0 0.5947310755399228
17980.0 0.5946647609803012
17990.0 0.5947310755399228
18000.0 0.5949079143655804
18010.0 0.5951510677508598
18020.0 0.5953500114297245
18030.0 0.5953721162829319
18040.0 0.5953279065765174
18050.0 0.5953500114297245
18060.0 0.5954605356957606
18070.0 0.5956152696682111
18080.0 0.5957921084938688
18090.0 0.5959689473195264
18100.0 0.5960794715855625
18110.0 0.5961015764387696
18120.0 0.596145786145184
18130.0 0.5963226249708418
18140.0 0.596565778356121
18150.0 0.5967205123285715
18160.0 0.5968310365946076
18170.0 0.5969194560074363
18180.0 0.596875246301022
18190.0 0.5966541977689498
18200.0 0.5964773589432921
18210.0 0.596565778356121
18220.0 0.5968310365946076
18230.0 0.597096294833094
18240.0 0.5974057627779948
18250.0 0.597737335576103
18260.0 0.5980468035210039
18270.0 0.5982899569062832
18280.0 0.5983783763191121
18290.0 0.5983120617594905
18300.0 0.5982678520530761
18310.0 0.5984004811723193
18320.0 0.5985552151447697
18330.0 0.5985331102915625
18340.0 0.5984889005851481
18350.0 0.5986215297043913
18360.0 0.5988646830896707
18370.0 0.5991299413281571
18380.0 0.5993730947134364
18390.0 0.5995720383923013
18400.0 0.5996825626583373
18410.0 0.5997267723647517
18420.0 0.5996825626583373
18430.0 0.5996162480987157
18440.0 0.5995720383923013
18450.0 0.5995941432455084
18460.0 0.5997046675115445
18470.0 0.5997930869243734
18480.0 0.5999478208968239
18490.0 0.6001246597224815
18500.0 0.6002130791353103
18510.0 0.6000362403096526
18520.0 0.5999036111904095
18530.0 0.6000141354564454
18540.0 0.6001688694288959
18550.0 0.6001467645756886
18560.0 0.600080450016067
18570.0 0.6001467645756886
18580.0 0.6002572888417247
18590.0 0.6003678131077608
18600.0 0.6004562325205896
18610.0 0.6005667567866256
18620.0 0.6006551761994544
18630.0 0.6006772810526616
18640.0 0.6005225470802111
18650.0 0.6001467645756886
18660.0 0.5998372966307878
18670.0 0.5998372966307878
18680.0 0.5999257160436166
18690.0 0.5999257160436166
18700.0 0.5998151917775805
18710.0 0.5996604578051301
18720.0 0.5997267723647517
18730.0 0.6001467645756886
18740.0 0.600500442227004
18750.0 0.6004341276673824
18760.0 0.6002572888417247
18770.0 0.6003457082545536
18780.0 0.6004562325205896
18790.0 0.6003457082545536
18800.0 0.6002130791353103
18810.0 0.6002572888417247
18820.0 0.6003457082545536
18830.0 0.6002572888417247
18840.0 0.6001467645756886
18850.0 0.6001688694288959
18860.0 0.6002130791353103
18870.0 0.600190974282103
18880.0 0.6001246597224815
18890.0 0.6000583451628598
18900.0 0.6001467645756886
18910.0 0.6003457082545536
18920.0 0.6003678131077608
18930.0 0.5999699257500309
18940.0 0.5995278286858868
18950.0 0.599439409273058
18960.0 0.599439409273058
18970.0 0.5992625704474003
18980.0 0.5991299413281571
18990.0 0.5993067801538148
19000.0 0.599549933539094
19010.0 0.5995720383923013
19020.0 0.5995278286858868
19030.0 0.5995941432455084
19040.0 0.5997046675115445
19050.0 0.5997930869243734
19060.0 0.5997488772179589
19070.0 0.5994836189794724
19080.0 0.5991962558877788
19090.0 0.5990857316217427
19100.0 0.5991078364749499
19110.0 0.5992625704474003
19120.0 0.5993951995666436
19130.0 0.5993951995666436
19140.0 0.5993730947134364
19150.0 0.5993730947134364
19160.0 0.5993509898602292
19170.0 0.5991299413281571
19180.0 0.598798368530049
19190.0 0.5984667957319408
19200.0 0.5984225860255264
19210.0 0.5988867879428778
19220.0 0.5993730947134364
19230.0 0.5994173044198509
19240.0 0.5992404655941932
19250.0 0.5991299413281571
19260.0 0.5989309976492921
19270.0 0.5985110054383552
19280.0 0.5982678520530761
19290.0 0.5985110054383552
19300.0 0.5989309976492921
19310.0 0.5991078364749499
19320.0 0.5989973122089138
19330.0 0.5986657394108057
19340.0 0.5984004811723193
19350.0 0.5984225860255264
19360.0 0.5985110054383552
19370.0 0.5984889005851481
19380.0 0.5984225860255264
19390.0 0.5984446908787336
19400.0 0.5985994248511841
19410.0 0.5988425782364634
19420.0 0.5989752073557068
19430.0 0.598798368530049
19440.0 0.5984889005851481
19450.0 0.5982236423466616
19460.0 0.5981352229338328
19470.0 0.5982236423466616
19480.0 0.5982899569062832
19490.0 0.59815732778704
19500.0 0.5980910132274184
19510.0 0.5982678520530761
19520.0 0.5985331102915625
19530.0 0.5985994248511841
19540.0 0.5985773199979769
19550.0 0.5986215297043913
19560.0 0.5987320539704274
19570.0 0.5988867879428778
19580.0 0.5988646830896707
19590.0 0.5986436345575986
19600.0 0.5985331102915625
19610.0 0.598798368530049
19620.0 0.5990857316217427
19630.0 0.5989752073557068
19640.0 0.5987320539704274
19650.0 0.5987762636768418
19660.0 0.5989531025024994
19670.0 0.5990857316217427
19680.0 0.5991962558877788
19690.0 0.5992846753006076
19700.0 0.5992846753006076
19710.0 0.5991520461813643
19720.0 0.5990857316217427
19730.0 0.5991962558877788
19740.0 0.5992625704474003
19750.0 0.5990857316217427
19760.0 0.5988646830896707
19770.0 0.5988646830896707
19780.0 0.5989973122089138
19790.0 0.5991299413281571
19800.0 0.5991962558877788
19810.0 0.5992183607409859
19820.0 0.5992404655941932
19830.0 0.5992625704474003
19840.0 0.5992404655941932
19850.0 0.5991078364749499
19860.0 0.5989531025024994
19870.0 0.5988646830896707
19880.0 0.598687844264013
19890.0 0.59815732778704
19900.0 0.5969636657138507
19910.0 0.5944879221546435
19920.0 0.5895364350362289
19930.0 0.5803187112488234
19940.0 0.5644474266460483
19950.0 0.5394026279622819
19960.0 0.5029296201703892
19970.0 0.4541663139952892
19980.0 0.39466004916148606
19990.0 0.327925497328926
20000.0 0.25882572620319483
20010.0 0.19288694908609427
20019.999999999996 0.135171177362075
20030.0 0.08875098562693887
20040.0 0.054444253449352525
20050.0 0.03112363331574842
20059.999999999996 0.01653443019899135
20070.0 0.008156690833459636
20080.0 0.0037357201920180986
20090.0 0.0015694445777117458
20099.999999999996 0.0006189358898018152
20110.0 0.00022104853207207686
20120.0 6.631455962162305e-05
20130.0 2.2104853207207685e-05
20139.999999999996 0.0
