mejiro/data/roman_filter_response/RomanSCA03-F213.ecsv
# %ECSV 1.0
# ---
# datatype:
# - {name: wavelength, unit: Angstrom, datatype: float64}
# - {name: response, datatype: float64}
# meta:
#   __serialized_columns__:
#     wavelength:
#       __class__: astropy.units.quantity.Quantity
#       unit: !astropy.units.Unit {unit: Angstrom}
#       value: !astropy.table.SerializedColumn {name: wavelength}
#   band_name: F213
#   group_name: RomanSCA03
# schema: astropy-2.0
wavelength response
19420.0 0.0
19430.0 2.2104853207207685e-05
19440.0 4.420970641441537e-05
19450.0 0.0001326291192432461
19460.0 0.0003094679449009076
19470.0 0.0007073553026306459
19480.0 0.0015252348712973302
19490.0 0.0031388891554234915
19500.0 0.006123044338396529
19510.0 0.011295579988883126
19520.0 0.019783843620450877
19530.0 0.03286991671911783
19540.0 0.05190219533052365
19550.0 0.07800802696823592
19560.0 0.11174003296243484
19570.0 0.15281085022142674
19580.0 0.1999162924059863
19590.0 0.2507795596357712
19600.0 0.3026154404066732
19610.0 0.35263872321458417
19620.0 0.39799788199577435
19630.0 0.4364603265763157
19640.0 0.4672744919471633
19650.0 0.49079405575963225
19660.0 0.5077263733163533
19670.0 0.519176687277687
19680.0 0.5264491839828582
19690.0 0.5308480497710926
19700.0 0.5332795836238854
19710.0 0.5344732456970747
19720.0 0.5350921815868764
19730.0 0.5355342786510205
19740.0 0.5357553271830927
19750.0 0.535689012623471
19760.0 0.5355563835042279
19770.0 0.5356005932106422
19780.0 0.5357553271830927
19790.0 0.5359100611555431
19800.0 0.535998480568372
19810.0 0.5360426902747863
19820.0 0.5360868999812007
19830.0 0.5361532145408224
19840.0 0.5361532145408224
19850.0 0.5360647951279935
19860.0 0.5359763757151648
19870.0 0.5359763757151648
19880.0 0.5360205854215792
19890.0 0.5359763757151648
19900.0 0.5359100611555431
19910.0 0.5359321660087504
19920.0 0.535998480568372
19930.0 0.5360868999812007
19940.0 0.5361974242472368
19950.0 0.5363300533664801
19960.0 0.5363079485132729
19970.0 0.5360647951279935
19980.0 0.5359100611555431
19990.0 0.5361532145408224
20000.0 0.5364405776325162
20010.0 0.5364184727793089
20019.999999999996 0.5361974242472368
20030.0 0.535998480568372
20040.0 0.5358658514491287
20050.0 0.5357553271830927
20059.999999999996 0.5356005932106422
20070.0 0.5353132301189485
20080.0 0.5350258670272547
20090.0 0.5348711330548044
20099.999999999996 0.5348490282015972
20110.0 0.534937447614426
20120.0 0.5349153427612188
20130.0 0.5346721893759395
20139.999999999996 0.5343627214310387
20150.0 0.5341637777521737
20160.0 0.534097463192552
20170.0 0.5340532534861376
20179.999999999996 0.53387641466048
20190.0 0.533456422449543
20200.0 0.5329922205321918
20210.0 0.5326606477340836
20219.999999999996 0.532594333174462
20230.0 0.5327269622937052
20240.0 0.5328595914129485
20250.0 0.5327490671469124
20259.999999999996 0.5325280186148403
20270.0 0.5323732846423899
20280.0 0.5322848652295611
20290.0 0.5322627603763539
20299.999999999996 0.5321964458167322
20310.0 0.5319975021378673
20320.0 0.5317322438993809
20330.0 0.5315111953673088
20339.999999999996 0.5313343565416512
20350.0 0.5311796225692007
20360.0 0.5311354128627863
20370.0 0.5312017274224079
20379.999999999996 0.5312680419820295
20390.0 0.5312238322756151
20400.0 0.5310912031563718
20410.0 0.5309806788903358
20419.999999999996 0.5309806788903358
20430.0 0.5311354128627863
20440.0 0.5313122516884439
20450.0 0.5313785662480656
20460.0 0.5313343565416512
20470.0 0.5311796225692007
20480.0 0.5309806788903358
20490.0 0.5308259449178854
20500.0 0.5308480497710926
20510.0 0.5311575177159934
20520.0 0.5314006711012728
20530.0 0.5313564613948584
20540.0 0.5313564613948584
20550.0 0.5317322438993809
20560.0 0.5320859215506961
20570.0 0.5319975021378673
20580.0 0.5318206633122097
20590.0 0.5319311875782458
20600.0 0.5322185506699395
20610.0 0.5324395992020116
20620.0 0.5325722283212547
20630.0 0.532704857440498
20640.0 0.5328374865597413
20650.0 0.5329922205321918
20660.0 0.5332574787706782
20670.0 0.5336995758348224
20680.0 0.533986938926516
20690.0 0.5339206243668945
20700.0 0.5340090437797232
20710.0 0.5347163990823539
20720.0 0.5354016495317774
20730.0 0.5354458592381918
20740.0 0.5354237543849846
20750.0 0.5359763757151648
20760.0 0.5365068921921377
20770.0 0.5363963679261017
20780.0 0.5362195291004441
20790.0 0.536528997045345
20800.0 0.5370153038159035
20810.0 0.5373026669075972
20820.0 0.5375458202928765
20830.000000000004 0.5380321270634351
20840.0 0.5384300144211648
20850.0 0.5384963289807865
20860.0 0.5385847483936153
20870.000000000004 0.5390489503109667
20880.0 0.5396015716411469
20890.0 0.5399110395860477
20900.0 0.5400215638520838
20910.000000000004 0.5401320881181197
20920.0 0.5403089269437775
20930.0 0.5405962900354712
20940.0 0.5408836531271648
20950.000000000004 0.5410604919528226
20960.0 0.5412594356316873
20970.0 0.5416131132830028
20980.0 0.5420331054939397
20990.000000000004 0.542386783145255
21000.0 0.5425636219709126
21010.0 0.5425636219709126
21020.0 0.5426078316773271
21030.000000000004 0.5429615093286424
21040.0 0.5433151869799577
21050.0 0.5434478160992009
21060.0 0.5435141306588226
21070.000000000004 0.5437351791908946
21080.0 0.5438235986037234
21090.0 0.5435362355120298
21100.0 0.5432930821267505
21110.000000000004 0.5434478160992009
21120.0 0.543779388897309
21130.0 0.5440446471357955
21140.0 0.5442435908146604
21150.000000000004 0.5445088490531469
21160.0 0.5448183169980478
21170.0 0.5451277849429488
21180.0 0.5452383092089848
21190.000000000004 0.5450835752365343
21200.0 0.5449288412640838
21210.0 0.5450614703833272
21220.0 0.545149889796156
21230.000000000004 0.5448183169980478
21240.0 0.5443983247871109
21250.0 0.544309905374282
21260.0 0.5445309539063541
21269.999999999996 0.5449288412640838
21280.0 0.5451940995025704
21290.0 0.5450835752365343
21300.0 0.5449951558237055
21309.999999999996 0.545260414062192
21320.0 0.5456361965667145
21330.0 0.5457688256859577
21340.0 0.5457688256859577
21349.999999999996 0.5457467208327506
21360.0 0.5455256723006785
21370.0 0.5450614703833272
21380.0 0.5447520024384261
21389.999999999996 0.5449509461172911
21400.0 0.5451719946493632
21410.0 0.5449730509704982
21420.0 0.5447077927320118
21429.999999999996 0.544840421851255
21440.0 0.545149889796156
21450.0 0.5453046237686063
21460.0 0.5453267286218136
21469.999999999996 0.545370938328228
21480.0 0.545370938328228
21490.0 0.545370938328228
21500.0 0.545481462594264
21509.999999999996 0.5457467208327506
21520.0 0.5458793499519938
21530.0 0.5456140917135074
21540.0 0.5452162043557776
21549.999999999996 0.5450172606769127
21560.0 0.5449067364108767
21570.0 0.5447520024384261
21580.0 0.544619373319183
21589.999999999996 0.544619373319183
21600.0 0.5447741072916334
21610.0 0.5450614703833272
21620.0 0.5452825189153993
21629.999999999996 0.5453046237686063
21640.0 0.5452162043557776
21650.0 0.5452162043557776
21660.0 0.5452825189153993
21669.999999999996 0.5453488334750207
21680.0 0.5453488334750207
21690.0 0.5451940995025704
21700.0 0.5450172606769127
21710.0 0.5449288412640838
21720.0 0.5448846315576694
21730.0 0.5447520024384261
21740.0 0.5447077927320118
21750.0 0.5448625267044622
21760.0 0.5450172606769127
21770.0 0.5450614703833272
21780.0 0.5451277849429488
21790.0 0.5454151480346424
21800.0 0.5457467208327506
21810.0 0.5459014548052009
21820.0 0.5457909305391649
21830.0 0.5454593577410568
21840.0 0.5451719946493632
21850.0 0.5451719946493632
21860.0 0.5451940995025704
21870.0 0.5449951558237055
21880.0 0.5449288412640838
21890.0 0.5452825189153993
21900.0 0.5455256723006785
21910.0 0.5452383092089848
21920.0 0.544840421851255
21930.0 0.5448846315576694
21940.0 0.5450393655301199
21950.0 0.5449730509704982
21960.0 0.5447962121448406
21970.0 0.5447741072916334
21980.0 0.5449951558237055
21990.0 0.5454372528878496
22000.0 0.5455698820070929
22010.0 0.5450835752365343
22020.0 0.5445530587595613
22030.0 0.544619373319183
22040.0 0.5451277849429488
22050.0 0.5457025111263362
22060.0 0.5458130353923721
22070.0 0.545149889796156
22080.000000000004 0.5446414781723902
22090.0 0.5450393655301199
22100.0 0.5456361965667145
22110.0 0.5455477771538857
22120.000000000004 0.5452825189153993
22130.0 0.5453930431814352
22140.0 0.5456140917135074
22150.0 0.5455477771538857
22160.000000000004 0.545481462594264
22170.0 0.5457025111263362
22180.0 0.5461003984840659
22190.0 0.5463656567225523
22200.000000000004 0.546233027603309
22210.0 0.5456140917135074
22220.0 0.5451056800897416
22230.0 0.5452825189153993
22240.000000000004 0.5459235596584082
22250.0 0.5465646004014172
22260.0 0.5467193343738677
22270.0 0.5461225033372731
22280.000000000004 0.5455477771538857
22290.0 0.5457246159795434
22300.0 0.546210922750102
22310.0 0.546431971282174
22320.000000000004 0.5463435518693451
22330.0 0.546011979071237
22340.0 0.5457688256859577
22350.0 0.5458572450987865
22360.000000000004 0.5460561887776515
22370.0 0.5460561887776515
22380.0 0.5458793499519938
22390.0 0.5456361965667145
22400.000000000004 0.5456361965667145
22410.0 0.5459677693648226
22420.0 0.5461888178968947
22430.0 0.5458351402455794
22440.000000000004 0.5453488334750207
22450.0 0.5452383092089848
22460.0 0.5453267286218136
22470.0 0.545260414062192
22480.000000000004 0.5451056800897416
22490.0 0.5449951558237055
22500.0 0.5450835752365343
22510.0 0.545481462594264
22519.999999999996 0.5458130353923721
22530.0 0.5457688256859577
22540.0 0.5456583014199218
22550.0 0.5457467208327506
22559.999999999996 0.5457025111263362
22570.0 0.5451277849429488
22580.0 0.5446414781723902
22590.0 0.544840421851255
22599.999999999996 0.5452383092089848
22610.0 0.5452825189153993
22620.0 0.5451056800897416
22630.0 0.5449288412640838
22639.999999999996 0.544619373319183
22650.0 0.5441330665486244
22660.0 0.5440446471357955
22670.0 0.5447520024384261
22679.999999999996 0.545481462594264
22690.0 0.5454151480346424
22700.0 0.5448846315576694
22710.0 0.5443762199339036
22719.999999999996 0.5440446471357955
22730.0 0.5438899131633451
22740.0 0.5437130743376875
22750.0 0.5432930821267505
22759.999999999996 0.5428730899158136
22770.0 0.5426741462369487
22780.0 0.5427183559433632
22790.0 0.542917299622228
22799.999999999996 0.5429836141818496
22810.0 0.5427404607965702
22820.0 0.5424309928516694
22830.0 0.5422762588792189
22839.999999999996 0.5422541540260117
22850.0 0.5422541540260117
22860.0 0.5422099443195973
22870.0 0.54218783946639
22879.999999999996 0.542165734613183
22890.0 0.542165734613183
22900.0 0.5421215249067685
22910.0 0.5419225812279036
22919.999999999996 0.541436274457345
22930.0 0.5405299754758496
22940.0 0.5390710551641738
22950.0 0.5369047795498675
22960.0 0.5339648340733089
22970.0 0.5301185896152547
22980.0 0.5247913199923177
22990.0 0.5172977747550742
23000.0 0.5069305986008938
23010.0 0.4930266459335602
23020.0 0.47538697307420846
23030.0 0.4537905314907666
23040.0 0.4276183852934327
23050.0 0.3966715908033419
23060.0 0.3617238178827466
23070.0 0.3240129383112503
23080.0 0.28484313842807824
23090.0 0.24540808030641975
23100.0 0.20656985322135582
23110.0 0.1694336998332469
23120.0 0.1354806453069759
23130.0 0.10570540803686715
23140.0 0.08032903655499272
23150.0 0.05930732115493822
23160.0 0.042551842423874796
23170.0 0.029708922710487126
23180.0 0.020137521271766202
23190.0 0.013240807071117404
23200.0 0.008444053925153336
23210.0 0.005216745356901014
23220.0 0.0031388891554234915
23230.0 0.0018125979629910304
23240.0 0.0010168232475315534
23250.0 0.0005526213301801921
23260.0 0.0002873630916936999
23270.0 0.0001547339724504538
23280.0 6.631455962162305e-05
23290.0 4.420970641441537e-05
23300.0 2.2104853207207685e-05
23310.0 0.0
