mejiro/data/roman_filter_response/RomanSCA11-F106.ecsv
# %ECSV 1.0
# ---
# datatype:
# - {name: wavelength, unit: Angstrom, datatype: float64}
# - {name: response, datatype: float64}
# meta:
#   __serialized_columns__:
#     wavelength:
#       __class__: astropy.units.quantity.Quantity
#       unit: !astropy.units.Unit {unit: Angstrom}
#       value: !astropy.table.SerializedColumn {name: wavelength}
#   band_name: F106
#   group_name: RomanSCA11
# schema: astropy-2.0
wavelength response
9250.0 0.0
9260.0 4.420970641441537e-05
9270.0 0.00022104853207207686
9280.0 0.0010831378071531766
9290.0 0.0043988657882343294
9300.0 0.014544993410342657
9310.0 0.0394129532684513
9320.0 0.08841941282883074
9330.0 0.16600744758612973
9340.0 0.2645729880370688
9350.0 0.3652605943958998
9360.0 0.44791064053764934
9370.0 0.5024433133998307
9380.0 0.5314448808076871
9390.0 0.5440004374293811
9400.0 0.5485319323368587
9410.0 0.5499245380889128
9420.0 0.550477159419093
9430.0 0.5509413613364443
9440.0 0.5513613535473812
9450.0 0.5516266117858678
9460.0 0.551869765171147
9470.0 0.552289757382084
9480.0 0.5527318544462282
9490.0 0.5530413223911291
9500.0 0.55335079033603
9510.0 0.5537928874001742
9520.0 0.5542349844643183
9530.0 0.554522347556012
9540.0 0.5547212912348769
9550.0 0.5549644446201561
9560.0 0.5552518077118498
9570.0 0.5555612756567507
9580.0 0.5558486387484445
9590.0 0.5560475824273093
9600.0 0.556224421252967
9610.0 0.5564896794914534
9620.0 0.55675493772994
9630.0 0.5569538814088049
9640.0 0.5571086153812553
9650.0 0.5573075590601202
9660.0 0.5574401881793634
9670.0 0.5574843978857777
9680.0 0.5575949221518138
9690.0 0.5578380755370932
9700.0 0.5581033337755796
9710.0 0.5581917531884084
9720.0 0.5582580677480301
9730.0 0.558457011426895
9740.0 0.5586559551057598
9750.0 0.5587222696653815
9760.0 0.5588106890782103
9770.0 0.5590096327570752
9780.0 0.5591864715827328
9790.0 0.55920857643594
9800.0 0.5591864715827328
9810.0 0.5593191007019761
9820.0 0.5594517298212193
9830.0 0.5594296249680122
9840.0 0.5594296249680122
9850.0 0.559518044380841
9860.0 0.5596948832064986
9870.0 0.5598275123257418
9880.0 0.5598275123257418
9890.0 0.5596948832064986
9900.0 0.5595843589404625
9910.0 0.5596948832064986
9920.0 0.5598496171789491
9930.0 0.5598496171789491
9940.0 0.5597833026193274
9950.0 0.5598054074725347
9960.0 0.5598496171789491
9970.0 0.5598717220321563
9980.0 0.5598938268853635
9990.0 0.5600264560046068
10000.0 0.5601811899770571
10009.999999999998 0.5602475045366788
10020.0 0.5602475045366788
10029.999999999998 0.5602032948302643
10040.0 0.5601590851238499
10049.999999999998 0.5601590851238499
10060.0 0.5602032948302643
10069.999999999998 0.5602475045366788
10080.0 0.560269609389886
10089.999999999998 0.5602253996834716
10100.0 0.5602032948302643
10109.999999999998 0.5602917142430932
10120.0 0.5604022385091293
10129.999999999998 0.5604464482155437
10140.0 0.5604243433623364
10149.999999999998 0.5603359239495076
10160.0 0.560269609389886
10169.999999999998 0.5603138190963004
10180.0 0.5604022385091293
10189.999999999998 0.5604243433623364
10200.0 0.5604464482155437
10209.999999999998 0.5604243433623364
10220.0 0.5604243433623364
10230.0 0.5604464482155437
10240.0 0.5604464482155437
10250.0 0.5604243433623364
10260.0 0.5603580288027149
10270.0 0.5602917142430932
10280.0 0.560269609389886
10290.0 0.5603359239495076
10300.0 0.560380133655922
10310.0 0.5602917142430932
10320.0 0.5602032948302643
10330.0 0.5601590851238499
10340.0 0.5601811899770571
10350.0 0.5601590851238499
10360.0 0.5601148754174355
10370.0 0.5600485608578138
10380.0 0.5599822462981923
10390.0 0.5598717220321563
10400.0 0.5597611977661203
10410.0 0.5596285686468769
10420.0 0.5595622540872554
10430.0 0.5596064637936697
10440.0 0.5595843589404625
10450.0 0.5593854152615977
10460.0 0.5591422618763184
10470.0 0.5590317376102824
10480.0 0.5590317376102824
10490.0 0.5590538424634895
10500.0 0.558987527903868
10510.0 0.5587664793717959
10520.0 0.5585454308397239
10530.0 0.5584349065736878
10540.0 0.5584128017204805
10550.0 0.5583685920140661
10560.0 0.5583022774544445
10570.0 0.5581696483352013
10580.0 0.5579707046563364
10590.0 0.5576391318582282
10600.0 0.5573738736197418
10610.0 0.5572412445004986
10620.0 0.5571749299408769
10630.0 0.5570644056748408
10640.0 0.5568654619959761
10650.0 0.5565780989042823
10660.0 0.5562907358125886
10670.0 0.5560917921337237
10680.0 0.5559149533080661
10690.0 0.5557160096292012
10700.0 0.5554949610971291
10710.0 0.5553402271246787
10720.0 0.5552075980054354
10730.0 0.555052864032985
10740.0 0.5549202349137418
10750.0 0.5548097106477057
10760.0 0.5546770815284625
10770.0 0.5544339281431832
10780.0 0.5541465650514894
10790.0 0.5538592019597958
10800.0 0.5536823631341381
10810.0 0.5536160485745165
10820.0 0.5535276291616877
10830.0 0.5532623709232012
10840.0 0.5529971126847146
10850.0 0.5528865884186785
10860.0 0.5527981690058498
10870.0 0.5525771204737777
10880.0 0.5523118622352913
10890.0 0.5521129185564264
10900.0 0.5519581845839758
10910.0 0.5517813457583183
10920.0 0.5516045069326606
10930.0 0.5513834584005886
10940.0 0.5511845147217237
10950.0 0.551007675896066
10960.0 0.5508529419236156
10970.0 0.5506318933915435
10980.0 0.5506318933915435
10990.0 0.551007675896066
11000.0 0.5513613535473812
11010.0 0.5513171438409669
11020.0 0.5510739904556876
11030.0 0.5509634661896516
11040.000000000002 0.5509192564832371
11050.0 0.55089715163003
11060.000000000002 0.5508750467768228
11070.0 0.5508750467768228
11080.000000000002 0.5507866273639939
11090.0 0.5506097885383362
11100.000000000002 0.5504550545658858
11110.0 0.550477159419093
11120.000000000002 0.5505434739787146
11130.0 0.5504992642723002
11140.000000000002 0.5504550545658858
11150.0 0.5505434739787146
11160.000000000002 0.5505655788319218
11170.0 0.5503887400062641
11180.000000000002 0.5502340060338137
11190.0 0.5502782157402281
11200.000000000002 0.550366635153057
11210.0 0.5503224254466424
11220.000000000002 0.5502340060338137
11230.0 0.5502782157402281
11240.000000000002 0.5503003205934354
11250.0 0.5501234817677777
11259.999999999998 0.5499024332357055
11270.0 0.5498140138228768
11279.999999999998 0.5498140138228768
11290.0 0.5498140138228768
11299.999999999998 0.549836118676084
11310.0 0.5498803283824983
11319.999999999998 0.5499024332357055
11330.0 0.5498803283824983
11339.999999999998 0.5498140138228768
11350.0 0.5497919089696696
11359.999999999998 0.5497698041164624
11370.0 0.5497034895568408
11379.999999999998 0.5496592798504263
11390.0 0.5497034895568408
11399.999999999998 0.5497919089696696
11410.0 0.5498803283824983
11419.999999999998 0.5499024332357055
11430.0 0.5498140138228768
11439.999999999998 0.5497476992632552
11450.0 0.5497698041164624
11459.999999999998 0.549836118676084
11470.0 0.5498582235292911
11480.0 0.549836118676084
11490.0 0.5497919089696696
11500.0 0.5497698041164624
11510.0 0.5497919089696696
11520.0 0.5497698041164624
11530.0 0.5497034895568408
11540.0 0.5496813847036335
11550.0 0.5497698041164624
11560.0 0.549836118676084
11570.0 0.5497476992632552
11580.0 0.5496592798504263
11590.0 0.5496813847036335
11600.0 0.5497476992632552
11610.0 0.5498140138228768
11620.0 0.5497919089696696
11630.0 0.5497034895568408
11640.0 0.5496150701440119
11650.0 0.5496150701440119
11660.0 0.5496371749972191
11670.0 0.5496371749972191
11680.0 0.5496592798504263
11690.0 0.5497698041164624
11700.0 0.5498140138228768
11710.0 0.5497034895568408
11720.0 0.5495266507311831
11730.0 0.5494603361715614
11740.0 0.5494603361715614
11750.0 0.5494603361715614
11760.0 0.5494382313183542
11770.0 0.549416126465147
11780.0 0.5494382313183542
11790.0 0.5495708604375975
11800.0 0.5496813847036335
11810.0 0.5496592798504263
11820.0 0.5495929652908047
11830.0 0.5495929652908047
11840.0 0.5496150701440119
11850.0 0.5495487555843903
11860.0 0.5494382313183542
11870.0 0.5493277070523183
11880.0 0.5492834973459038
11890.0 0.549305602199111
11900.0 0.5492392876394894
11910.0 0.5488192954285525
11920.0 0.547824577034228
11930.0 0.5454151480346424
11940.0 0.539513152228318
11950.0 0.526847071340588
11960.0 0.5032390881152902
11970.0 0.46466611926871276
11980.0 0.40905030859937824
11990.0 0.33851372201517854
12000.0 0.2600414931295912
12010.0 0.18344817676661657
12020.0 0.11777465788800257
12030.0 0.06830399641027175
12040.0 0.03558881366360438
12050.0 0.016578639905405763
12060.0 0.00687460934744159
12070.0 0.0025420581188288836
12080.0 0.000839984421873892
12090.0 0.00024315338527928454
12100.0 6.631455962162305e-05
12110.0 2.2104853207207685e-05
12120.0 0.0
