mejiro/data/roman_filter_response/RomanSCA11-Grism_1stOrder.ecsv
# %ECSV 1.0
# ---
# datatype:
# - {name: wavelength, unit: Angstrom, datatype: float64}
# - {name: response, datatype: float64}
# meta:
#   __serialized_columns__:
#     wavelength:
#       __class__: astropy.units.quantity.Quantity
#       unit: !astropy.units.Unit {unit: Angstrom}
#       value: !astropy.table.SerializedColumn {name: wavelength}
#   band_name: Grism_1stOrder
#   group_name: RomanSCA11
# schema: astropy-2.0
wavelength response
[from data line 546]
15390.0 0.43608454407179326
15400.0 0.4357750761268923
15410.0 0.4353771887691626
15420.0 0.43491298685181123
15430.0 0.43447088978766707
15440.0 0.4340730024299373
15450.0 0.4337856393382436
15460.0 0.43349827624654996
15470.0 0.4331445985952346
15480.0 0.43274671123750486
15490.0 0.43237092873298233
15500.0 0.4319951462284598
15510.0 0.43153094431110844
15520.0 0.4310667423937571
15530.0 0.4306909598892345
15540.0 0.43031517738471203
15550.0 0.4299172900269823
15560.0 0.42947519296283815
15570.0 0.4289888861922796
15580.0 0.42852468427492824
15590.0 0.4281710066236129
15600.0 0.4278173289722976
15610.0 0.4273531270549462
15620.0 0.42688892513759485
15630.0 0.4265573523394867
15640.0 0.4262478843945858
15650.0 0.4258057873304416
15660.0 0.42531948055988306
15670.0 0.4248552786425317
15680.0 0.424457391284802
15690.0 0.4241258184866939
15700.0 0.4237500359821713
15710.0 0.42321951950519837
15720.0 0.4226890030282253
15730.0 0.42231322052370285
15740.0 0.4220037525788019
15750.0 0.4216058652210722
15760.0 0.4211416633037208
15770.0 0.4206332516799551
15780.0 0.42014694490939647
15790.0 0.41970484784525236
15800.0 0.4192627507811082
15810.0 0.41882065371696403
15820.0 0.41837855665281987
15830.0 0.41800277414829734
15840.0 0.41758278193736037
15850.0 0.417118580020009
15860.0 0.41665437810265765
15870.0 0.4162785955981351
15880.0 0.4159249179468198
15890.0 0.4155270305890901
15900.0 0.4150849335249459
15910.0 0.41462073160759455
15920.0 0.4141786345434504
15930.0 0.4138249568921351
15940.0 0.4134712792408198
15950.0 0.4130291821766756
15960.0 0.41256498025932425
15970.0 0.4121007783419729
15980.0 0.4117028909842432
15990.0 0.41137131818613504
16000.0 0.4110176405348197
16010.0 0.41061975317708993
16020.0 0.41015555125973857
16030.0 0.40973555904880166
16040.000000000002 0.4093376716910719
16050.0 0.4089618891865494
16060.000000000002 0.4086082115352341
16070.0 0.40825453388391875
16080.000000000002 0.4078787513793962
16090.0 0.40748086402166644
16100.000000000002 0.4070829766639367
16110.0 0.40675140386582864
16120.000000000002 0.4063977262145133
16130.0 0.40595562915036915
16140.000000000002 0.4055356369394322
16150.0 0.40518195928811684
16160.000000000002 0.40487249134321596
16170.0 0.40456302339831507
16180.000000000002 0.40423145060020693
16190.0 0.4038556680956844
16200.000000000002 0.4034577807379547
16210.0 0.4030819982334321
16220.000000000002 0.40270621572890963
16230.0 0.4023525380775943
16240.000000000002 0.4019767555730718
16250.0 0.4015567633621348
16259.999999999998 0.4011809808576123
16270.0 0.40084940805950414
16279.999999999998 0.40053994011460325
16290.0 0.40009784305045915
16299.999999999998 0.399655745986315
16310.0 0.39930206833499965
16319.999999999998 0.3989926003900987
16330.0 0.3986831324451978
16339.999999999998 0.3983294547938825
16350.0 0.39795367228935996
16359.999999999998 0.39757788978483743
16370.0 0.3972242121335221
16379.999999999998 0.3968705344822068
16390.0 0.3965168568308915
16400.0 0.3961410743263689
16410.0 0.3956989772622248
16420.0 0.39530108990449503
16430.0 0.39499162195959414
16440.0 0.39466004916148606
16450.0 0.3942400569505491
16460.0 0.3937979598864049
16470.0 0.39335586282226076
16480.0 0.39295797546453104
16490.0 0.39253798325359407
16500.0 0.39216220074907154
16510.0 0.39185273280417066
16520.0 0.39149905515285527
16530.0 0.3909906435290895
16540.0 0.3904601270521165
16550.0 0.3901064494008012
16560.0 0.38979698145590036
16570.0 0.3894211989513778
16580.0 0.38900120674044086
16590.0 0.3885591096762967
16600.0 0.3881833271717742
16610.0 0.38787385922687323
16620.0 0.3874980767223507
16630.0 0.3869454553921705
16640.0 0.3863928340619903
16650.0 0.3860170515574678
16660.0 0.3857075836125669
16670.0 0.3853539059612516
16680.0 0.3848897040439002
16690.0 0.3843591875669272
16700.0 0.3838286710899542
16710.0 0.3834307837322245
16720.0 0.3830328963744947
16730.0 0.38254658960393617
16740.0 0.3820602828333776
16750.0 0.3816845003288551
16760.0 0.3813087178243326
16770.0 0.38086662076018846
16780.0 0.3804466285492515
16790.0 0.38004874119152177
16800.0 0.3796729586869992
16810.0 0.37925296647606227
16820.0 0.3788329742651253
16830.0 0.3784129820541884
16840.0 0.3779708849900442
16850.0 0.37750668307269286
16860.0 0.3770424811553415
16870.0 0.37660038409119734
16880.0 0.3762024967334676
16890.0 0.37576039966932345
16900.0 0.3753183026051793
16910.0 0.3748762055410351
16920.0 0.3744562133300982
16930.0 0.37412464053199007
16940.0 0.37372675317426035
16950.0 0.37324044640370174
16960.0 0.3727762444863504
16970.0 0.3724667765414495
16980.0 0.37211309889013416
16990.0 0.3715825824131612
17000.0 0.3710520659361882
17010.0 0.3707204931380801
17020.0 0.3704552348995936
17030.0 0.37010155724827826
17040.0 0.3696594601841341
17050.0 0.36915104856036834
17060.0 0.368686846643017
17070.0 0.36831106413849446
17080.0 0.36793528163397193
17090.0 0.3675373942762422
17100.0 0.36707319235889085
17110.0 0.3666532001479539
17120.0 0.36623320793701697
17130.0 0.3658353205792872
17140.0 0.3654153283683503
17150.0 0.36492902159779167
17160.0 0.36450902938685475
17170.0 0.3642437711483682
17180.0 0.36395640805667456
17190.0 0.3634922061393232
17200.0 0.36300589936876465
17210.0 0.3625859071578277
17220.0 0.36221012465330515
17230.0 0.361768027589161
17240.0 0.361348035378224
17250.0 0.3609722528737015
17260.0 0.36059647036917897
17270.0 0.3601322684518276
17280.0 0.35966806653447625
17290.0 0.3592259694703321
17300.0 0.35882808211260236
17310.0 0.35845229960807984
17320.0 0.35805441225035006
17330.0 0.3576565248926204
17340.0 0.3572365326816834
17350.0 0.3568386453239537
17360.0 0.35644075796622393
17370.0 0.35599866090207977
17380.0 0.355490249278314
17390.0 0.35495973280134097
17400.0 0.3544734260307824
17410.0 0.35411974837946714
17420.0 0.353788175581359
17430.0 0.3533681833704221
17440.0 0.3529260863062779
17450.0 0.35250609409534095
17460.0 0.35208610188440403
17470.0 0.35157769026063823
17480.0 0.3510692786368725
17490.0 0.35058297186631393
17500.0 0.35011876994896257
17510.0 0.34963246317840396
17520.0 0.34919036611425985
17530.0 0.3488366884629445
17540.0 0.34846090595842194
17550.0 0.34801880889427783
17560.0 0.34748829241730483
17570.0 0.3469798807935391
17580.0 0.3464935740229804
17590.0 0.34602937210562906
17600.0 0.34560937989469215
17610.0 0.34516728283054804
17620.0 0.3447251857664039
17630.0 0.3441946692894309
17640.0 0.3436862576656651
17650.0 0.3432441606015209
17660.0 0.342824168390584
17670.0 0.34233786162002544
17680.0 0.34182944999625964
17690.0 0.3413210383724939
17700.0 0.3407905218955209
17710.0 0.34028211027175514
17720.0 0.33979580350119654
17730.0 0.3393094967306379
17740.0 0.33884529481328657
17750.0 0.33840319774914246
17760.0 0.3379832055382055
17770.0 0.33749689876764694
17780.0 0.3370326968502956
17790.0 0.3365905997861514
17800.0 0.33614850272200725
17810.0 0.3356843008046559
17820.0 0.3351316794744757
17830.0 0.33457905814429556
17840.0 0.33402643681411537
17850.0 0.33354013004355676
17860.0 0.3330980329794126
17870.0 0.3327001456216829
17880.0 0.33230225826395315
17890.0 0.33190437090622343
17900.0 0.33146227384207927
17910.0 0.3309980719247279
17920.0 0.3304896603009621
17930.0 0.3299591438239891
17940.0 0.32949494190663775
17950.0 0.3291191594021152
17960.0 0.3287212720443855
17970.0 0.3282128604206197
17980.0 0.3276823439436467
17990.0 0.32721814202629534
18000.0 0.3268423595217728
18010.0 0.32648868187045754
18020.0 0.326112899365935
18030.0 0.3256265925953764
18040.0 0.32514028582481785
18050.0 0.3246760839074665
18060.0 0.3242560916965296
18070.0 0.3238582043387998
18080.0 0.3234824218342773
18090.0 0.32310663932975475
18100.0 0.3226866471188178
18110.0 0.3222445500546736
18120.0 0.3218024529905295
18130.0 0.3214266704860069
18140.0 0.3210950976878988
18150.0 0.3206972103301691
18160.0 0.3202993229724394
18170.0 0.31987933076150243
18180.0 0.3194151288441511
18190.0 0.31881829780755644
18200.0 0.31826567647737625
18210.0 0.3178677891196465
18220.0 0.31753621632153844
18230.0 0.3172267483766375
18240.0 0.3169393852849438
18250.0 0.3166520221932501
18260.0 0.3163646591015564
18270.0 0.3160330863034483
18280.0 0.3156351989457185
18290.0 0.31514889217515996
18300.0 0.3146625854046014
18310.0 0.3142868029000789
18320.0 0.31391102039555635
18330.0 0.313446818478205
18340.0 0.3129605117076464
18350.0 0.31258472920312386
18360.0 0.3122531564050158
18370.0 0.3119436884601149
18380.0 0.31161211566200675
18390.0 0.3112584380106914
18400.0 0.3108605506529617
18410.0 0.3104405584420248
18420.0 0.3099542516714661
18430.0 0.30946794490090757
18440.0 0.308981638130349
18450.0 0.30853954106620485
18460.0 0.3081416537084751
18470.0 0.3077437663507454
18480.0 0.3073458789930157
18490.0 0.30699220134170035
18500.0 0.3065722091307634
18510.0 0.30604169265379044
18520.0 0.30551117617681744
18530.0 0.3051132888190877
18540.0 0.30471540146135795
18550.0 0.3042511995440066
18560.0 0.30376489277344804
18570.0 0.30332279570930387
18580.0 0.30292490835157415
18590.0 0.3025270209938444
18600.0 0.30210702878290746
18610.0 0.3016870365719705
18620.0 0.3012670443610335
18630.0 0.3008249472968894
18640.0 0.3002723259667092
18650.0 0.29963128522370014
18660.0 0.29901234933389836
18670.0 0.2985260425633398
18680.0 0.29812815520561003
18690.0 0.2976639532882587
18700.0 0.29713343681128573
18710.0 0.29660292033431274
18720.0 0.29616082327016857
18730.0 0.2958955650316821
18740.0 0.2956082019399884
18750.0 0.2950997903162226
18760.0 0.29454716898604244
18770.0 0.29412717677510547
18780.0 0.2937292894173757
18790.0 0.29319877294040275
18800.0 0.29266825646342975
18810.0 0.2922261593992856
18820.0 0.2917840623351415
18830.0 0.2912756507113757
18840.0 0.2907672390876099
18850.0 0.2902809323170513
18860.0 0.28981673039969996
18870.0 0.28930831877593416
18880.0 0.2887778022989612
18890.0 0.288225180968781
18900.0 0.287694664491808
18910.0 0.2872083577212494
18920.0 0.28658942183144764
18930.0 0.2857052277031593
18940.0 0.284710509308835
18950.0 0.2837821054741323
18960.0 0.2827652822266007
18970.0 0.2814832007405827
18980.0 0.28000217557569973
18990.0 0.2784106261447808
19000.0 0.2765096087689609
19010.0 0.27414438947578973
19020.0 0.27131496826526713
19030.0 0.2680213451373932
19040.0 0.2641751006793391
19050.0 0.2596878154782759
19060.0 0.2544268604149605
19070.0 0.24834802578297832
19080.0 0.24147341643553677
19090.0 0.23386934693225733
19100.0 0.22553581727314
19110.0 0.21642861775177044
19120.0 0.20654774836814863
19130.0 0.19595952368189612
19140.0 0.18473025825263462
19150.0 0.17301468605281453
19160.0 0.16092333134847195
19170.0 0.14852250869922845
19180.0 0.1360332666371561
19190.0 0.12358823428149818
19200.0 0.11143056501753394
19210.0 0.09971499281771387
19220.0 0.08844151768203795
19230.0 0.07769855902333501
19240.0 0.0675966411076411
19250.0 0.05826839305419946
19260.0 0.04973591971621729
19270.0 0.04204343080010902
19280.0 0.03516882145266743
19290.0 0.029178406233514146
19300.0 0.02393955602340592
19310.0 0.01945227082234276
19320.0 0.015628131217495834
19330.0 0.012422927502450718
19340.0 0.00974824026437859
19350.0 0.007581964650072236
19360.0 0.005835681246702829
19370.0 0.004443075494648745
19380.0 0.003337832834288361
19390.0 0.0024978484124144685
19400.0 0.001834702816198238
19410.0 0.001326291192432461
19420.0 0.0009726135411171382
19430.0 0.0006852504494234382
19440.0 0.0004863067705585691
19450.0 0.00033157279810811527
19460.0 0.00022104853207207686
19470.0 0.0001547339724504538
19480.0 0.00011052426603603843
19490.0 6.631455962162305e-05
19500.0 4.420970641441537e-05
19510.0 2.2104853207207685e-05
19520.0 2.2104853207207685e-05
19530.0 2.2104853207207685e-05
19540.0 0.0
