mejiro/data/roman_filter_response/RomanSCA02-Prism.ecsv
# %ECSV 1.0
# ---
# datatype:
# - {name: wavelength, unit: Angstrom, datatype: float64}
# - {name: response, datatype: float64}
# meta:
#   __serialized_columns__:
#     wavelength:
#       __class__: astropy.units.quantity.Quantity
#       unit: !astropy.units.Unit {unit: Angstrom}
#       value: !astropy.table.SerializedColumn {name: wavelength}
#   band_name: Prism
#   group_name: RomanSCA02
# schema: astropy-2.0
wavelength response
7520.0 0.0
7530.0 4.420970641441537e-05
7540.0 0.00035367765131532296
7550.0 0.001901017375819861
7560.0 0.007869327741765936
7570.0 0.025464790894703253
7580.0 0.06503247813560502
7590.0 0.1329164823349398
7600.0 0.22160115340225703
7610.0 0.310042671084295
7620.0 0.3774624733662784
7630.0 0.4167649023686937
7640.0 0.43422773640238777
7650.0 0.44012973220871227
7660.0 0.44163286222680237
7670.0 0.44222969326339695
7680.0 0.4431138873916852
7690.0 0.44399808151997355
7700.0 0.4445064931437393
7710.0 0.4447717513822259
7720.0 0.4451254290335412
7730.0 0.4455675260976853
7740.0 0.44612014742786554
7750.0 0.4467832930240817
7760.0 0.4475348580331268
7770.0 0.44822010848255023
7780.0 0.44864010069348714
7790.0 0.44912640746404575
7800.0 0.44992218217950525
7810.0 0.45071795689496474
7820.0 0.4512484733719377
7830.0 0.4516021510232531
7840.0 0.45195582867456835
7850.0 0.4523537160322981
7860.0 0.45272949853682054
7870.0 0.4531937004541719
7880.0 0.45383474119718104
7890.0 0.4546084110594333
7900.0 0.45544839548130717
7910.0 0.4562662750499738
7920.0 0.4569294206461901
7930.0 0.4577251953616495
7940.0 0.45889675258163154
7950.0 0.45989147097595584
7960.0 0.46037777774651445
7970.0 0.46137249614083886
7980.0 0.4636492960211812
7990.0 0.46526295030530734
8000.0 0.46442296588343346
8010.0 0.46285352130572177
8020.000000000001 0.462566158214028
8030.000000000001 0.4634061426359019
8040.000000000001 0.4647545386815416
8050.000000000001 0.46608082987397403
8060.000000000001 0.4670755482682984
8070.000000000001 0.467893427836965
8080.000000000001 0.4687997268184606
8090.000000000001 0.4695291869742984
8100.000000000001 0.46986075977240654
8110.000000000001 0.470126018010893
8120.000000000001 0.4706344296346589
8129.999999999999 0.4711207364052174
8139.999999999999 0.47138599464370384
8149.999999999999 0.4716733577353976
8159.999999999999 0.47231439847840656
8169.999999999999 0.47311017319386606
8179.999999999999 0.4737954236432896
8189.999999999999 0.4743701498266769
8200.0 0.47494487601006435
8210.0 0.4756964410191094
8220.0 0.47677957882626254
8230.0 0.4779290311930374
8240.0 0.47883533017453284
8250.0 0.4792111126790554
8260.0 0.4790784835598122
8270.0 0.47927742723867706
8280.0 0.4804931941650735
8290.0 0.4817089610914698
8300.0 0.4818194853575059
8310.0 0.48148791255939777
8320.0 0.4815321222658122
8330.0 0.4818194853575059
8340.0 0.48204053388957796
8350.0 0.48235000183447896
8360.0 0.48294683287107354
8370.0 0.4835878736140825
8380.0 0.4840741803846411
8390.0 0.48429522891671317
8400.0 0.48422891435709153
8410.0 0.48436154347633475
8420.0 0.4849804793661366
8430.0 0.4855331006963168
8440.0 0.4855773104027312
8450.0 0.4858646734944249
8460.0 0.487146754980443
8470.0 0.48856146558570424
8480.0 0.4891804014755061
8490.0 0.48944565971399256
8500.0 0.4899540713377583
8510.0 0.4906393217871817
8520.0 0.4913466770898124
8530.0 0.4920982420988575
8540.0 0.49287191196110974
8550.0 0.4934908478509116
8560.0 0.49384452550222696
8570.0 0.4942645177131639
8580.0 0.4951487118414522
8590.0 0.49636447876784856
8600.0 0.49762445540065936
8610.0 0.4985749640885694
8620.0 0.4989949562995063
8630.0 0.49952547277647924
8640.0 0.5008296591157045
8650.0 0.5025096279594523
8660.0 0.5041011773903713
8670.0 0.5054716782892181
8680.0 0.5066653403624074
8690.0 0.5075937441971101
8700.0 0.5083453092061552
8710.0 0.5091852936280291
8720.0 0.5104452702608399
8730.0 0.5119041905725156
8740.0 0.5132967963245696
8750.0 0.5144462486913445
8760.0 0.515242023406804
8770.0 0.5161262175350922
8780.0 0.5174304038743176
8790.0 0.518867219332786
8800.0 0.5200829862591824
8810.0 0.5212545434791644
8820.0 0.5225366249651825
8830.0 0.5235976579191285
8840.0 0.5241502792493087
8850.0 0.5245923763134528
8860.0 0.5253881510289122
8870.0 0.5263828694232366
8880.0 0.5273775878175609
8890.0 0.5282838867990565
8900.0 0.5291238712209304
8910.0 0.5298091216703538
8920.0 0.5303617430005341
8930.0 0.5309585740371286
8940.0 0.5317322438993809
8950.0 0.5323732846423899
8960.0 0.5325501234680475
8970.0 0.5325501234680475
8980.0 0.5326385428808764
8990.0 0.5328153817065341
9000.0 0.5330364302386061
9010.0 0.5331690593578493
9020.0 0.5331469545046422
9030.0 0.5329480108257773
9040.0 0.5326827525872908
9050.0 0.5323953894955972
9060.0 0.5321522361103178
9070.0 0.5319311875782458
9080.0 0.5316659293397592
9090.0 0.5313122516884439
9100.0 0.530892259477507
9110.0 0.5304280575601557
9120.0 0.5300080653492186
9130.0 0.5296322828446961
9140.0 0.5292786051933809
9150.0 0.5288365081292367
9160.0 0.5283059916522637
9170.0 0.5277312654688763
9180.0 0.5272007489919033
9190.0 0.526847071340588
9200.0 0.5265376033956871
9210.0 0.5261176111847502
9220.0 0.525675514120606
9230.0 0.525366046175705
9240.0 0.5251228927904258
9250.0 0.5249018442583537
9260.0 0.5247250054326961
9270.0 0.52461448116666
9280.0 0.5245481666070384
9290.0 0.5245039569006239
9300.0 0.5245260617538312
9310.0 0.5246586908730744
9320.0 0.5248134248455248
9330.0 0.5249239491115608
9340.0 0.5250565782308042
9350.0 0.5253439413224978
9360.0 0.525675514120606
9370.0 0.5260291917719213
9380.0 0.5263828694232366
9390.0 0.5268249664873809
9400.0 0.5272007489919033
9410.0 0.5274881120835969
9420.0 0.527819684881705
9430.0 0.5282617819458493
9440.0 0.5287259838632007
9450.0 0.5290133469548943
9460.0 0.5293228148997953
9470.0 0.5298091216703538
9480.0 0.5303175332941196
9490.0 0.5306933157986421
9500.0 0.5310912031563718
9510.0 0.5316217196333448
9520.0 0.5321522361103178
9530.0 0.5325501234680475
9540.0 0.5328595914129485
9550.0 0.5332132690642638
9560.0 0.5336332612752007
9570.0 0.5340753583393449
9580.0 0.5344953505502819
9590.0 0.53482692334839
9600.0 0.535158496146498
9610.0 0.5355563835042279
9620.0 0.5359763757151648
9630.0 0.5363079485132729
9640.0 0.536639521311381
9650.0 0.5369931989626963
9660.0 0.5373026669075972
9670.0 0.5375237154396694
9680.0 0.5377889736781558
9690.0 0.5382089658890927
9700.0 0.5386289581000296
9710.0 0.5388942163385162
9720.0 0.5391373697237954
9730.0 0.5394910473751108
9740.0 0.5398668298796333
9750.0 0.5401099832649126
9760.0 0.5403531366501919
9770.0 0.5407289191547144
9780.0 0.5410825968060298
9790.0 0.5412594356316873
9800.0 0.5414141696041378
9810.0 0.5417015326958315
9820.0 0.5419888957875253
9830.0 0.5421436297599757
9840.0 0.5422762588792189
9850.0 0.5425415171177055
9860.0 0.5428509850626063
9870.0 0.5431162433010928
9880.0 0.5432709772735432
9890.0 0.5432709772735432
9900.0 0.5432930821267505
9910.0 0.5435362355120298
9920.0 0.5438014937505163
9930.0 0.5439120180165523
9940.0 0.5439562277229667
9950.0 0.5440667519890028
9960.0 0.5442214859614533
9970.0 0.544309905374282
9980.0 0.544420429640318
9990.0 0.544619373319183
10000.0 0.5448183169980478
10009.999999999998 0.5449509461172911
10020.0 0.5449730509704982
10029.999999999998 0.5449730509704982
10040.0 0.5449509461172911
10049.999999999998 0.5449730509704982
10060.0 0.5450172606769127
10069.999999999998 0.5450835752365343
10080.0 0.5451056800897416
10089.999999999998 0.5450614703833272
10100.0 0.5450172606769127
10109.999999999998 0.5450614703833272
10120.0 0.545149889796156
10129.999999999998 0.545149889796156
10140.0 0.5450835752365343
10149.999999999998 0.5449509461172911
10160.0 0.544840421851255
10169.999999999998 0.544840421851255
10180.0 0.544840421851255
10189.999999999998 0.5448183169980478
10200.0 0.5447520024384261
10209.999999999998 0.5446635830255974
10220.0 0.5445751636127686
10230.0 0.5445088490531469
10240.0 0.5444425344935253
10250.0 0.5443320102274892
10260.0 0.5441772762550389
10270.0 0.5440004374293811
10280.0 0.5438678083101379
10290.0 0.5438457034569307
10300.0 0.543779388897309
10310.0 0.5436025500716514
10320.0 0.5434036063927865
10330.0 0.543248872420336
10340.0 0.5431604530075073
10350.0 0.543027823888264
10360.0 0.5428730899158136
10370.0 0.5426962510901558
10380.0 0.5424973074112911
10390.0 0.5422983637324261
10400.0 0.5420773152003541
10410.0 0.5418341618150748
10420.0 0.5416573229894172
10430.0 0.5415910084297955
10440.0 0.5414583793105523
10450.0 0.5411268065124442
10460.0 0.540795233714336
10470.0 0.540574185182264
10480.0 0.5404857657694351
10490.0 0.5403973463566063
10500.0 0.5402426123841558
10510.0 0.5399110395860477
10520.0 0.5396015716411469
10530.0 0.5394026279622819
10540.0 0.5392921036962459
10550.0 0.5391594745770026
10560.0 0.538982635751345
10570.0 0.5387836920724801
10580.0 0.5384963289807865
10590.0 0.5380984416230566
10600.0 0.5377447639717414
10610.0 0.5375458202928765
10620.0 0.5374131911736333
10630.0 0.5372142474947683
10640.0 0.5369489892562819
10650.0 0.5365953116049667
10660.0 0.5362416339536512
10670.0 0.5359763757151648
10680.0 0.5357553271830927
10690.0 0.535467964091399
10700.0 0.5352027058529124
10710.0 0.5349816573208404
10720.0 0.5347827136419755
10730.0 0.5345837699631107
10740.0 0.5343627214310387
10750.0 0.5342079874585881
10760.0 0.5340090437797232
10770.0 0.5337216806880295
10780.0 0.5333680030367143
10790.0 0.5330364302386061
10800.0 0.5328153817065341
10810.0 0.5326827525872908
10820.0 0.5325280186148403
10830.0 0.5322185506699395
10840.0 0.5318869778718314
10850.0 0.5317322438993809
10860.0 0.5315775099269304
10870.0 0.5312901468352368
10880.0 0.5309806788903358
10890.0 0.5307154206518493
10900.0 0.5305164769729844
10910.0 0.5302954284409124
10920.0 0.5300522750556331
10930.0 0.5297649119639394
10940.0 0.5294996537254529
10950.0 0.5292786051933809
10960.0 0.5290354518081015
10970.0 0.5287701935696151
10980.0 0.5287038790099934
10990.0 0.5289912421016871
11000.0 0.5292565003401736
11010.0 0.5291459760741376
11020.0 0.5288365081292367
11030.0 0.528659669303579
11040.000000000002 0.5285491450375429
11050.0 0.5284386207715069
11060.000000000002 0.5283280965054709
11070.0 0.5282617819458493
11080.000000000002 0.5281070479733988
11090.0 0.5278417897349124
11100.000000000002 0.5276207412028402
11110.0 0.5275544266432186
11120.000000000002 0.5275323217900114
11130.0 0.5274217975239754
11140.000000000002 0.5272891684047322
11150.0 0.5272891684047322
11160.000000000002 0.5272228538451105
11170.0 0.5269797004598312
11180.000000000002 0.5267365470745519
11190.0 0.5267144422213448
11200.000000000002 0.5267144422213448
11210.0 0.5265818131021015
11220.000000000002 0.526427079129651
11230.0 0.5263828694232366
11240.000000000002 0.526316554863615
11250.0 0.5260734014783357
11259.999999999998 0.5257860383866421
11270.0 0.5256313044141915
11279.999999999998 0.5255428850013627
11290.0 0.5254765704417411
11299.999999999998 0.5254102558821194
11310.0 0.525366046175705
11319.999999999998 0.5253218364692906
11330.0 0.5252113122032546
11339.999999999998 0.5251007879372186
11350.0 0.5249902636711825
11359.999999999998 0.5249018442583537
11370.0 0.5247692151391105
11379.999999999998 0.5246586908730744
11390.0 0.5246365860198673
11399.999999999998 0.5246586908730744
11410.0 0.5246807957262817
11419.999999999998 0.5246365860198673
11430.0 0.5245039569006239
11439.999999999998 0.5243713277813807
11450.0 0.5243492229281735
11459.999999999998 0.5243713277813807
11470.0 0.5243271180749662
11480.0 0.5242608035153447
11490.0 0.5241723841025159
11500.0 0.5241060695428942
11510.0 0.524083964689687
11520.0 0.5240176501300654
11530.0 0.5239292307172366
11540.0 0.5238629161576149
11550.0 0.5239292307172366
11560.0 0.523973440423651
11570.0 0.5238408113044077
11580.0 0.5237302870383717
11590.0 0.5237081821851646
11600.0 0.523774496744786
11610.0 0.5237966015979933
11620.0 0.523774496744786
11630.0 0.5236639724787501
11640.0 0.5235755530659212
11650.0 0.523553448212714
11660.0 0.5235755530659212
11670.0 0.523553448212714
11680.0 0.5235755530659212
11690.0 0.5236860773319573
11700.0 0.5237302870383717
11710.0 0.5235976579191285
11720.0 0.523442923946678
11730.0 0.5233766093870564
11740.0 0.5233766093870564
11750.0 0.5233987142402635
11760.0 0.5233766093870564
11770.0 0.5233545045338491
11780.0 0.5233987142402635
11790.0 0.5235313433595068
11800.0 0.5236418676255429
11810.0 0.5236197627723356
11820.0 0.5235976579191285
11830.0 0.5236197627723356
11840.0 0.5236418676255429
11850.0 0.5235976579191285
11860.0 0.5235092385062996
11870.0 0.5234208190934708
11880.0 0.5233987142402635
11890.0 0.5234650287998852
11900.0 0.5234871336530924
11910.0 0.5233987142402635
11920.0 0.5233102948274347
11930.0 0.5233323996806419
11940.0 0.5233766093870564
11950.0 0.5232660851210204
11960.0 0.5231776657081915
11970.0 0.5231997705613987
11980.0 0.5232439802678132
11990.0 0.5231776657081915
12000.0 0.5230892462953627
12010.0 0.5230671414421554
12020.0 0.5230892462953627
12030.0 0.5230671414421554
12040.0 0.5230671414421554
12050.0 0.5231334560017771
12060.0 0.5231334560017771
12070.0 0.5230450365889483
12080.0 0.5228681977632906
12090.0 0.5227355686440474
12100.0 0.5226471492312185
12110.0 0.5226913589376329
12120.0 0.5226692540844258
12130.0 0.5225366249651825
12140.0 0.5223597861395248
12150.0 0.5223155764331103
12160.0 0.522381890992732
12170.0 0.5224261006991464
12180.0 0.5224039958459392
12190.0 0.5222492618734887
12200.0 0.5220945279010383
12210.0 0.5221166327542456
12220.0 0.5221387376074527
12230.0 0.5220724230478312
12240.0 0.5219840036350023
12250.0 0.5219618987817951
12260.0 0.5219618987817951
12270.0 0.521851374515759
12280.0 0.521740850249723
12290.000000000002 0.5217187453965157
12300.0 0.5216745356901014
12310.000000000002 0.5215419065708581
12320.0 0.5213650677452005
12330.000000000002 0.5212545434791644
12340.0 0.5211440192131285
12350.000000000002 0.5210555998002996
12360.0 0.5209450755342635
12370.000000000002 0.5208124464150203
12380.0 0.5207240270021914
12390.000000000002 0.5207461318553986
12400.0 0.5207019221489843
12410.000000000002 0.5205029784701193
12420.0 0.5203040347912545
12430.000000000002 0.5203261396444617
12440.0 0.5203482444976689
12450.000000000002 0.5201493008188041
12460.0 0.519928252286732
12470.000000000002 0.5198619377271103
12480.0 0.5198619377271103
12490.000000000002 0.5197956231674887
12500.0 0.51970720375466
12509.999999999998 0.5195745746354166
12520.0 0.5194419455161734
12529.999999999998 0.5193093163969301
12540.0 0.5192430018373085
12549.999999999998 0.5191987921308941
12560.0 0.519176687277687
12569.999999999998 0.5190661630116509
12580.0 0.5188893241859932
12589.999999999998 0.5186461708007138
12600.0 0.5184472271218491
12609.999999999998 0.5184472271218491
12620.0 0.5184693319750563
12629.999999999998 0.5184030174154347
12640.0 0.5182924931493986
12649.999999999998 0.5182261785897769
12660.0 0.5181377591769482
12669.999999999998 0.5179388154980833
12680.0 0.5177398718192184
12689.999999999998 0.5176514524063897
12700.0 0.5176293475531824
12709.999999999998 0.5175630329935608
12720.0 0.5175188232871464
12730.0 0.5175188232871464
12740.0 0.5174304038743176
12750.0 0.5172093553422454
12760.0 0.5170104116633806
12770.0 0.5170104116633806
12780.0 0.5171209359294165
12790.0 0.5171430407826239
12800.0 0.5170325165165878
12810.0 0.5168114679845157
12820.0 0.516634629158858
12830.0 0.5165904194524437
12840.0 0.516634629158858
12850.0 0.5166788388652724
12860.0 0.5166567340120652
12870.0 0.5165683145992364
12880.0 0.5164798951864076
12890.0 0.5164577903332003
12900.0 0.5164798951864076
12910.0 0.5164798951864076
12920.0 0.5164356854799932
12930.0 0.5163693709203715
12940.0 0.5163472660671643
12950.0 0.5163693709203715
12960.0 0.5163914757735788
12970.0 0.5163251612139571
12980.0 0.5163030563607499
12990.0 0.5163693709203715
13000.0 0.5164798951864076
13010.0 0.5164798951864076
13020.0 0.5164356854799932
13030.0 0.5163914757735788
13040.0 0.5163914757735788
13050.0 0.5164577903332003
13060.0 0.5165683145992364
13070.0 0.5167009437184796
13080.0 0.5167893631313084
13090.0 0.5168335728377229
13100.0 0.5169662019569661
13110.0 0.5172314601954526
13120.0 0.5174525087275247
13130.0 0.5174304038743176
13140.0 0.5173419844614886
13150.0 0.5173640893146959
13160.0 0.5175188232871464
13170.0 0.5176735572595967
13180.0 0.5177840815256328
13190.0 0.5178282912320472
13200.0 0.5178946057916689
13210.0 0.5180051300577049
13220.0 0.5181598640301553
13230.0 0.5182924931493986
