mejiro/data/roman_filter_response/RomanSCA08-F106.ecsv
# %ECSV 1.0
# ---
# datatype:
# - {name: wavelength, unit: Angstrom, datatype: float64}
# - {name: response, datatype: float64}
# meta:
#   __serialized_columns__:
#     wavelength:
#       __class__: astropy.units.quantity.Quantity
#       unit: !astropy.units.Unit {unit: Angstrom}
#       value: !astropy.table.SerializedColumn {name: wavelength}
#   band_name: F106
#   group_name: RomanSCA08
# schema: astropy-2.0
wavelength response
9210.0 0.0
9220.0 6.631455962162305e-05
9230.0 0.0002873630916936999
9240.0 0.0011936620731892152
9250.0 0.004288341522198291
9260.0 0.012865024566594873
9270.0 0.03280360215949621
9280.0 0.0713544661528664
9290.0 0.1334469988119128
9300.0 0.21673808569667136
9310.0 0.3097774128458085
9320.0 0.3963400180052338
9330.0 0.4633619329294875
9340.0 0.5066432355092001
9350.0 0.5300743799088403
9360.0 0.540795233714336
9370.0 0.5450614703833272
9380.0 0.5466751246674533
9390.0 0.5474708993829128
9400.0 0.5480014158598857
9410.0 0.548355093511201
9420.0 0.5487308760157236
9430.0 0.5492392876394894
9440.0 0.5497476992632552
9450.0 0.5500792720613633
9460.0 0.5504329497126785
9470.0 0.5509413613364443
9480.0 0.5514718778134173
9490.0 0.551869765171147
9500.0 0.5522676525288769
9510.0 0.5527981690058498
9520.0 0.5533286854828228
9530.0 0.5537044679873453
9540.0 0.553991831079039
9550.0 0.55430129902394
9560.0 0.5546770815284625
9570.0 0.5550749688861921
9580.0 0.5554507513907148
9590.0 0.5557160096292012
9600.0 0.5559591630144805
9610.0 0.5562907358125886
9620.0 0.5566223086106967
9630.0 0.5568875668491832
9640.0 0.5571307202344625
9650.0 0.5573738736197418
9660.0 0.5575728172986067
9670.0 0.5577054464178499
9680.0 0.5578601803903003
9690.0 0.5581696483352013
9700.0 0.5584791162801022
9710.0 0.5586338502525526
9720.0 0.5587443745185886
9730.0 0.5590096327570752
9740.0 0.5592527861423544
9750.0 0.5593633104083905
9760.0 0.5594959395276337
9770.0 0.5597611977661203
9780.0 0.5599822462981923
9790.0 0.5600485608578138
9800.0 0.5600706657110212
9810.0 0.5602475045366788
9820.0 0.5604022385091293
9830.0 0.5604464482155437
9840.0 0.5604685530687509
9850.0 0.5606232870412013
9860.0 0.5608222307200662
9870.0 0.5609990695457239
9880.0 0.5610432792521383
9890.0 0.5609327549861022
9900.0 0.5608664404264806
9910.0 0.5609990695457239
9920.0 0.5611759083713815
9930.0 0.5611980132245887
9940.0 0.5611759083713815
9950.0 0.5612201180777959
9960.0 0.5613085374906247
9970.0 0.561330642343832
9980.0 0.5613969569034536
9990.0 0.5615516908759041
10000.0 0.5617285297015617
10009.999999999998 0.5618169491143905
10020.0 0.5618390539675978
10029.999999999998 0.5618169491143905
10040.0 0.5617948442611833
10049.999999999998 0.5618169491143905
10060.0 0.5618611588208049
10069.999999999998 0.5619274733804266
10080.0 0.561971683086841
10089.999999999998 0.5619495782336338
10100.0 0.5619495782336338
10109.999999999998 0.5620379976464627
10120.0 0.5621706267657058
10129.999999999998 0.5622369413253274
10140.0 0.5622148364721203
10149.999999999998 0.5621485219124986
10160.0 0.5621043122060843
10169.999999999998 0.5621485219124986
10180.0 0.5622369413253274
10189.999999999998 0.5623032558849491
10200.0 0.5623253607381563
10209.999999999998 0.5623253607381563
10220.0 0.5623253607381563
10230.0 0.5623474655913635
10240.0 0.5623916752977779
10250.0 0.5623695704445707
10260.0 0.5623032558849491
10270.0 0.5622369413253274
10280.0 0.5622369413253274
10290.0 0.5623032558849491
10300.0 0.5623695704445707
10310.0 0.5623032558849491
10320.0 0.5622148364721203
10330.0 0.562192731618913
10340.0 0.5622148364721203
10350.0 0.5622148364721203
10360.0 0.5621706267657058
10370.0 0.5621264170592914
10380.0 0.5620601024996698
10390.0 0.5619937879400483
10400.0 0.5618832636740122
10410.0 0.5617727394079761
10420.0 0.5617285297015617
10430.0 0.5617727394079761
10440.0 0.5617727394079761
10450.0 0.5615737957291113
10460.0 0.5613527471970391
10470.0 0.5612643277842103
10480.0 0.5612864326374176
10490.0 0.561330642343832
10500.0 0.5612864326374176
10510.0 0.5610874889585526
10520.0 0.5608885452796878
10530.0 0.560800125866859
10540.0 0.560800125866859
10550.0 0.5607780210136518
10560.0 0.5607338113072374
10570.0 0.5606453918944085
10580.0 0.5604464482155437
10590.0 0.5601590851238499
10600.0 0.5598938268853635
10610.0 0.5598054074725347
10620.0 0.5597611977661203
10630.0 0.5596948832064986
10640.0 0.559518044380841
10650.0 0.5592527861423544
10660.0 0.5590096327570752
10670.0 0.5588327939314175
10680.0 0.5587001648121742
10690.0 0.5585233259865166
10700.0 0.5583464871608589
10710.0 0.5582138580416157
10720.0 0.5581254386287868
10730.0 0.5579928095095437
10740.0 0.5579043900967148
10750.0 0.5578380755370932
10760.0 0.5577275512710571
10770.0 0.5575286075921922
10780.0 0.5572633493537057
10790.0 0.5570423008216336
10800.0 0.5569096717023905
10810.0 0.5568875668491832
10820.0 0.5568212522895616
10830.0 0.5566002037574895
10840.0 0.5563791552254175
10850.0 0.5563128406657959
10860.0 0.5562686309593814
10870.0 0.5560917921337237
10880.0 0.5558486387484445
10890.0 0.555693904775994
10900.0 0.5555833805099579
10910.0 0.555472856243922
10920.0 0.5553402271246787
10930.0 0.555163388299021
10940.0 0.5549865494733633
10950.0 0.5548760252073274
10960.0 0.5547655009412913
10970.0 0.5545886621156336
10980.0 0.554632871822048
10990.0 0.5550749688861921
11000.0 0.555472856243922
11010.0 0.555472856243922
11020.0 0.5552960174182643
11030.0 0.5552297028586427
11040.000000000002 0.5552518077118498
11050.0 0.5552739125650571
11060.000000000002 0.5552960174182643
11070.0 0.5553402271246787
11080.000000000002 0.5553181222714715
11090.0 0.5551854931522282
11100.000000000002 0.5550749688861921
11110.0 0.5551412834458138
11120.000000000002 0.5552518077118498
11130.0 0.5552739125650571
11140.000000000002 0.5552739125650571
11150.0 0.5554065416843003
11160.000000000002 0.555472856243922
11170.0 0.5553402271246787
11180.000000000002 0.5552297028586427
11190.0 0.5553181222714715
11200.000000000002 0.555472856243922
11210.0 0.5554507513907148
11220.000000000002 0.5554286465375076
11230.0 0.5554949610971291
11240.000000000002 0.5555391708035435
11250.0 0.5554065416843003
11259.999999999998 0.5552297028586427
11270.0 0.555163388299021
11279.999999999998 0.5552075980054354
11290.0 0.5552297028586427
11299.999999999998 0.5552739125650571
11310.0 0.5553402271246787
11319.999999999998 0.5554065416843003
11330.0 0.5553844368310932
11339.999999999998 0.5553623319778859
11350.0 0.5553402271246787
11359.999999999998 0.5553402271246787
11370.0 0.5552739125650571
11379.999999999998 0.5552518077118498
11390.0 0.5552960174182643
11399.999999999998 0.5554065416843003
11410.0 0.5554949610971291
11419.999999999998 0.5554949610971291
11430.0 0.5554286465375076
11439.999999999998 0.5553402271246787
11450.0 0.5553623319778859
11459.999999999998 0.5554286465375076
11470.0 0.5554286465375076
11480.0 0.5553844368310932
11490.0 0.5553181222714715
11500.0 0.5552739125650571
11510.0 0.5552518077118498
11520.0 0.5552075980054354
11530.0 0.5550970737393994
11540.0 0.555052864032985
11550.0 0.5550970737393994
11560.0 0.5551191785926066
11570.0 0.5549865494733633
11580.0 0.5548318155009129
11590.0 0.5547876057944985
11600.0 0.5548318155009129
11610.0 0.5548097106477057
11620.0 0.554743396088084
11630.0 0.5545886621156336
11640.0 0.5544339281431832
11650.0 0.5543676135835615
11660.0 0.5543234038771471
11670.0 0.5542570893175255
11680.0 0.5542128796111111
11690.0 0.5542570893175255
11700.0 0.5542349844643183
11710.0 0.5540360407854534
11720.0 0.5537928874001742
11730.0 0.5536381534277237
11740.0 0.5535718388681021
11750.0 0.5534834194552732
11760.0 0.5533950000424444
11770.0 0.5532844757764084
11780.0 0.553240266069994
11790.0 0.5532844757764084
11800.0 0.5533065806296156
11810.0 0.5531960563635796
11820.0 0.5530634272443362
11830.0 0.5529750078315074
11840.0 0.5528644835654715
11850.0 0.5525992253269849
11860.0 0.5520023942903903
11870.0 0.5507424176575795
11880.0 0.5479572061534713
11890.0 0.5420773152003541
11900.0 0.5304501624133628
11910.0 0.5096937052517948
11920.0 0.47671326426664096
11930.0 0.4297183463481174
11940.0 0.3693499922392332
11950.0 0.29963128522370014
11960.0 0.22741472979575267
11970.0 0.16034860516508456
11980.0 0.10431280228481306
11990.0 0.06229147633791126
12000.0 0.03401936908589263
12010.0 0.016932317556721088
12020.0 0.007670384062901067
12030.0 0.0031388891554234915
12040.0 0.0011715572199820074
12050.0 0.00039788735772973834
12060.0 0.00011052426603603843
12070.0 2.2104853207207685e-05
12080.0 0.0
