mejiro/data/roman_filter_response/RomanSCA15-F146.ecsv
# %ECSV 1.0
# ---
# datatype:
# - {name: wavelength, unit: Angstrom, datatype: float64}
# - {name: response, datatype: float64}
# meta:
#   __serialized_columns__:
#     wavelength:
#       __class__: astropy.units.quantity.Quantity
#       unit: !astropy.units.Unit {unit: Angstrom}
#       value: !astropy.table.SerializedColumn {name: wavelength}
#   band_name: F146
#   group_name: RomanSCA15
# schema: astropy-2.0
wavelength response
[from data line 567]
14800.0 0.5411268065124442
14810.000000000002 0.5413036453381018
14820.0 0.541436274457345
14830.000000000002 0.5415246938701739
14840.0 0.5415910084297955
14850.000000000002 0.5417015326958315
14860.0 0.5418341618150748
14870.000000000002 0.5419446860811109
14880.0 0.5420110006407325
14890.000000000002 0.5420773152003541
14900.0 0.542165734613183
14910.000000000002 0.5423204685856333
14920.0 0.5424530977048766
14930.000000000002 0.5425415171177055
14940.0 0.5426520413837415
14950.000000000002 0.5428288802093992
14960.0 0.543027823888264
14970.000000000002 0.5431383481543001
14980.0 0.5432046627139216
14990.000000000002 0.543248872420336
15000.0 0.5433151869799577
15009.999999999998 0.5434478160992009
15020.0 0.5436467597780659
15029.999999999998 0.5438014937505163
15040.0 0.5439562277229667
15049.999999999998 0.5441109616954172
15060.0 0.5442656956678676
15069.999999999998 0.5443983247871109
15080.0 0.5445088490531469
15089.999999999998 0.5445309539063541
15100.0 0.5445751636127686
15109.999999999998 0.5447520024384261
15120.0 0.5449951558237055
15129.999999999998 0.5451940995025704
15140.0 0.5453267286218136
15149.999999999998 0.5453930431814352
15160.0 0.5454372528878496
15169.999999999998 0.545481462594264
15180.0 0.5455698820070929
15189.999999999998 0.5456583014199218
15200.0 0.5457688256859577
15209.999999999998 0.5459014548052009
15220.0 0.5460340839244443
15230.0 0.5461446081904803
15240.0 0.5462551324565164
15250.0 0.5464098664289668
15260.0 0.5465646004014172
15270.0 0.5467193343738677
15280.0 0.5468519634931109
15290.0 0.5469182780527326
15300.0 0.5470066974655614
15310.0 0.5472056411444262
15320.0 0.5473824799700839
15330.0 0.5474487945297055
15340.0 0.5474708993829128
15350.0 0.5475372139425343
15360.0 0.5476256333553632
15370.0 0.5476919479149849
15380.0 0.547824577034228
15390.0 0.5480235207130929
15400.0 0.5482003595387506
15410.0 0.548244569245165
15420.0 0.548244569245165
15430.0 0.548244569245165
15440.0 0.5483329886579938
15450.0 0.5485319323368587
15460.0 0.5487529808689308
15470.0 0.548885609988174
15480.0 0.5489740294010028
15490.0 0.5490845536670389
15500.0 0.549195077933075
15510.0 0.549195077933075
15520.0 0.5492171827862822
15530.0 0.5493277070523183
15540.0 0.5494603361715614
15550.0 0.5495487555843903
15560.0 0.5495929652908047
15570.0 0.5495708604375975
15580.0 0.5495929652908047
15590.0 0.5497698041164624
15600.0 0.5499245380889128
15610.0 0.5499245380889128
15620.0 0.5499466429421199
15630.0 0.5501455866209849
15640.0 0.550366635153057
15650.0 0.5504329497126785
15660.0 0.5504329497126785
15670.0 0.5504550545658858
15680.0 0.550587683685129
15690.0 0.5508087322172011
15700.0 0.5509192564832371
15710.0 0.5508750467768228
15720.0 0.5508087322172011
15730.0 0.5509634661896516
15740.0 0.5512066195749308
15750.0 0.5513392486941742
15760.0 0.5513834584005886
15770.0 0.5513613535473812
15780.0 0.5513613535473812
15790.0 0.5514276681070029
15800.0 0.5514939826666245
15810.0 0.5515602972262462
15820.0 0.5516266117858678
15830.0 0.5517813457583183
15840.0 0.5518918700243544
15850.0 0.5519139748775614
15860.0 0.5519581845839758
15870.0 0.5521129185564264
15880.0 0.5523118622352913
15890.0 0.5524223865013272
15900.0 0.5524887010609489
15910.0 0.5525329107673633
15920.0 0.5526213301801921
15930.0 0.5527981690058498
15940.0 0.5529750078315074
15950.0 0.5530413223911291
15960.0 0.5530634272443362
15970.0 0.5530855320975435
15980.0 0.5532181612167867
15990.0 0.5534171048956517
16000.0 0.5536160485745165
16010.0 0.5537265728405525
16020.0 0.5537707825469669
16030.0 0.5538592019597958
16040.000000000002 0.5539697262258318
16050.0 0.5541244601982823
16060.000000000002 0.5542791941707327
16070.0 0.5544560329963905
16080.000000000002 0.5546107669688408
16090.0 0.5547212912348769
16100.000000000002 0.5548318155009129
16110.0 0.5550307591797777
16120.000000000002 0.5552075980054354
16130.0 0.5552739125650571
16140.000000000002 0.5553402271246787
16150.0 0.5555391708035435
16160.000000000002 0.5557823241888228
16170.0 0.5560033727208948
16180.000000000002 0.5562023163997598
16190.0 0.5563570503722103
16200.000000000002 0.5564675746382463
16210.0 0.5566002037574895
16220.000000000002 0.5567328328767328
16230.0 0.5569096717023905
16240.000000000002 0.5570644056748408
16250.0 0.5571528250876697
16259.999999999998 0.557285454206913
16270.0 0.557506502738985
16279.999999999998 0.5577275512710571
16290.0 0.5577938658306788
16299.999999999998 0.5578601803903003
16310.0 0.558037019215958
16319.999999999998 0.5582801726012373
16330.0 0.5585012211333095
16339.999999999998 0.5587001648121742
16350.0 0.5588548987846247
16359.999999999998 0.558987527903868
16370.0 0.5591864715827328
16379.999999999998 0.5593854152615977
16390.0 0.5595622540872554
16400.0 0.5597169880597057
16410.0 0.5597833026193274
16420.0 0.5599159317385707
16430.0 0.5601590851238499
16440.0 0.5604022385091293
16450.0 0.5605127627751653
16460.0 0.5605569724815797
16470.0 0.5606453918944085
16480.0 0.5607780210136518
16490.0 0.5608664404264806
16500.0 0.5610432792521383
16510.0 0.561330642343832
16520.0 0.5615295860226968
16530.0 0.5615074811694897
16540.0 0.5614632714630752
16550.0 0.5616622151419401
16560.0 0.561971683086841
16570.0 0.5621485219124986
16580.0 0.5622369413253274
16590.0 0.5623474655913635
16600.0 0.5625464092702285
16610.0 0.562833772361922
16620.0 0.5630106111875798
16630.0 0.5629442966279581
16640.0 0.5628779820683365
16650.0 0.5630769257472014
16660.0 0.5633863936921023
16670.0 0.5636074422241744
16680.0 0.5636737567837959
16690.0 0.5636295470773816
16700.0 0.5636295470773816
16710.0 0.563784281049832
16720.0 0.5639390150222825
16730.0 0.5639832247286969
16740.0 0.5640274344351113
16750.0 0.5642263781139762
16760.0 0.5644474266460483
16770.0 0.5645800557652915
16780.0 0.5646905800313275
16790.0 0.5648895237101924
16800.0 0.5651105722422646
16810.0 0.5652432013615077
16820.0 0.565375830480751
16830.0 0.5655305644532014
16840.0 0.5656631935724447
16850.0 0.5657295081320662
16860.0 0.5658179275448951
16870.0 0.5659505566641383
16880.0 0.5661052906365888
16890.0 0.5662600246090393
16900.0 0.5663705488750753
16910.0 0.5664810731411114
16920.0 0.566657911966769
16930.0 0.5669231702052555
16940.0 0.5671442187373276
16950.0 0.5671884284437421
16960.0 0.5672768478565708
16970.0 0.5675863158014717
16980.0 0.5678736788931654
16990.0 0.5678736788931654
17000.0 0.5678736788931654
17010.0 0.5681389371316519
17020.0 0.5685368244893817
17030.0 0.5688020827278681
17040.0 0.5689347118471114
17050.0 0.5689789215535258
17060.0 0.5690452361131475
17070.0 0.5692883894984268
17080.0 0.569531542883706
17090.0 0.5697083817093637
17100.0 0.5698410108286069
17110.0 0.5699736399478502
17120.0 0.5701504787735078
17130.0 0.5703715273055798
17140.0 0.5705262612780303
17150.0 0.570592575837652
17160.0 0.5707694146633097
17170.0 0.5711451971678322
17180.0 0.5715209796723547
17190.0 0.571653608791598
17200.0 0.5717199233512196
17210.0 0.57187465732367
17220.0 0.5720957058557421
17230.0 0.5722504398281926
17240.0 0.5724272786538502
17250.0 0.5726704320391295
17260.0 0.5728914805712015
17270.0 0.5730020048372376
17280.0 0.5730904242500665
17290.0 0.573245158222517
17300.0 0.5734441019013817
17310.0 0.5736651504334539
17320.0 0.573886198965526
17330.0 0.5740630377911836
17340.0 0.5742619814700485
17350.0 0.5744830300021205
17360.0 0.5746598688277782
17370.0 0.5747703930938143
17380.0 0.5748146028002287
17390.0 0.5747924979470214
17400.0 0.5748809173598503
17410.0 0.5751461755983368
17420.0 0.5754556435432376
17430.0 0.5756324823688953
17440.0 0.5757430066349314
17450.0 0.575919845460589
17460.0 0.5760745794330395
17470.0 0.5761187891394539
17480.0 0.5761187891394539
17490.0 0.5761851036990755
17500.0 0.5762735231119044
17510.0 0.576339837671526
17520.0 0.576450361937562
17530.0 0.5767156201760485
17540.0 0.5769808784145349
17550.0 0.5770692978273638
17560.0 0.5770692978273638
17570.0 0.577091402680571
17580.0 0.5771356123869854
17590.0 0.5772240317998143
17600.0 0.5773345560658504
17610.0 0.5774892900383007
17620.0 0.5775998143043368
17630.0 0.5775777094511295
17640.0 0.5775777094511295
17650.0 0.5776882337171656
17660.0 0.5778208628364089
17670.0 0.5779092822492377
17680.0 0.5779092822492377
17690.0 0.5778650725428233
17700.0 0.5778429676896161
17710.0 0.5778650725428233
17720.0 0.5778871773960306
17730.0 0.5779092822492377
17740.0 0.5779755968088593
17750.0 0.5781082259281026
17760.0 0.5782187501941387
17770.0 0.5782629599005531
17780.0 0.5783071696069675
17790.0 0.5784176938730035
17800.0 0.5785282181390395
17810.0 0.5785503229922468
17820.0 0.5784840084326252
17830.0 0.5783734841665891
17840.0 0.5782850647537602
17850.0 0.5783071696069675
17860.0 0.5783955890197963
17870.0 0.5785503229922468
17880.0 0.5787271618179044
17890.0 0.5788818957903549
17900.0 0.5789703152031838
17910.0 0.5789924200563908
17920.0 0.5789703152031838
17930.0 0.5789040006435621
17940.0 0.5789261054967694
17950.0 0.5791250491756341
17960.0 0.5792797831480846
17970.0 0.5792355734416702
17980.0 0.5791471540288414
17990.0 0.5791913637352558
18000.0 0.5793682025609135
18010.0 0.5795892510929855
18020.0 0.5797660899186431
18030.0 0.5797881947718504
18040.0 0.579743985065436
18050.0 0.5797660899186431
18060.0 0.5798545093314721
18070.0 0.5800092433039225
18080.0 0.5801860821295801
18090.0 0.5803629209552378
18100.0 0.5804513403680667
18110.0 0.5804955500744811
18120.0 0.5805397597808954
18130.0 0.5807387034597603
18140.0 0.5809597519918324
18150.0 0.5811144859642828
18160.0 0.5812250102303189
18170.0 0.581335534496355
18180.0 0.5812913247899405
18190.0 0.5810923811110756
18200.0 0.5809376471386252
18210.0 0.5810481714046613
18220.0 0.5813134296431477
18230.0 0.5815786878816341
18240.0 0.5818881558265351
18250.0 0.5822197286246432
18260.0 0.5825513014227514
18270.0 0.5827944548080306
18280.0 0.5829049790740667
18290.0 0.582838664514445
18300.0 0.5828165596612378
18310.0 0.5829712936336884
18320.0 0.5831260276061387
18330.0 0.5831260276061387
18340.0 0.5831039227529315
18350.0 0.5832365518721748
18360.0 0.5835018101106613
18370.0 0.5837670683491477
18380.0 0.5840102217344271
18390.0 0.5842091654132919
18400.0 0.5843417945325352
18410.0 0.5844081090921568
18420.0 0.5843860042389496
18430.0 0.584319689679328
18440.0 0.5842754799729136
18450.0 0.5843417945325352
18460.0 0.584430213945364
18470.0 0.5845407382114001
18480.0 0.5846954721838504
18490.0 0.5848944158627153
18500.0 0.584960730422337
18510.0 0.5848281013030938
18520.0 0.5846954721838504
18530.0 0.5848059964498865
18540.0 0.584960730422337
18550.0 0.5849386255691298
18560.0 0.5848723110095082
18570.0 0.5849386255691298
18580.0 0.5850491498351659
18590.0 0.585159674101202
18600.0 0.5852480935140307
18610.0 0.5853365129268595
18620.0 0.5854249323396884
18630.0 0.5854470371928955
18640.0 0.5852923032204451
18650.0 0.5849165207159226
18660.0 0.5846070527710217
18670.0 0.5845849479178145
18680.0 0.5846954721838504
18690.0 0.5846733673306432
18700.0 0.5845407382114001
18710.0 0.5843860042389496
18720.0 0.5844523187985712
18730.0 0.5848281013030938
18740.0 0.585159674101202
18750.0 0.5850933595415803
18760.0 0.5848944158627153
18770.0 0.584960730422337
18780.0 0.585071254688373
18790.0 0.5849386255691298
18800.0 0.5847838915966793
18810.0 0.5848059964498865
18820.0 0.5848723110095082
18830.0 0.5847838915966793
18840.0 0.584651262477436
18850.0 0.5846291576242288
18860.0 0.584651262477436
18870.0 0.5846070527710217
18880.0 0.5845186333581928
18890.0 0.5844523187985712
18900.0 0.5844744236517784
18910.0 0.584651262477436
18920.0 0.584651262477436
18930.0 0.5842312702664991
18940.0 0.5837670683491477
18950.0 0.5836565440831117
18960.0 0.5836344392299045
18970.0 0.5834133906978325
18980.0 0.5832365518721748
18990.0 0.5833912858446253
19000.0 0.58359022952349
19010.0 0.583568124670283
19020.0 0.5835018101106613
19030.0 0.5835018101106613
19040.0 0.58359022952349
19050.0 0.5836344392299045
19060.0 0.5835460198170757
19070.0 0.5832586567253819
19080.0 0.5829270839272739
19090.0 0.5827723499548234
19100.0 0.5827723499548234
19110.0 0.5828607693676523
19120.0 0.5829491887804811
19130.0 0.5829270839272739
19140.0 0.582838664514445
19150.0 0.5828165596612378
19160.0 0.582728140248409
19170.0 0.582507091716337
19180.0 0.5821313092118144
19190.0 0.5817555267072919
19200.0 0.581667107294463
19210.0 0.5820870995054
19220.0 0.5825291965695442
19230.0 0.5825291965695442
19240.0 0.5823081480374721
19250.0 0.5821534140650216
19260.0 0.5819323655329496
19270.0 0.5814902684688054
19280.0 0.5812029053771117
19290.0 0.5814018490559765
19300.0 0.5817776315604991
19310.0 0.5819102606797423
19320.0 0.5817776315604991
19330.0 0.5814239539091838
19340.0 0.58113659081749
19350.0 0.5811144859642828
19360.0 0.5811586956706973
19370.0 0.5811144859642828
19380.0 0.581026066551454
19390.0 0.581026066551454
19400.0 0.58113659081749
19410.0 0.5813576393495621
19420.0 0.581446058762391
19430.0 0.5812913247899405
19440.0 0.5809597519918324
19450.0 0.5806944937533458
19460.0 0.5805618646341026
19470.0 0.5806281791937243
19480.0 0.5806944937533458
19490.0 0.5805618646341026
19500.0 0.5804734452212738
19510.0 0.5806502840469314
19520.0 0.5808934374322108
19530.0 0.5809597519918324
19540.0 0.5809597519918324
19550.0 0.5810039616982469
19560.0 0.5811144859642828
19570.0 0.5812471150835261
19580.0 0.5812471150835261
19590.0 0.581026066551454
19600.0 0.580915542285418
19610.0 0.5812029053771117
19620.0 0.5814902684688054
19630.0 0.5813797442027694
19640.0 0.5811808005239044
19650.0 0.5812029053771117
19660.0 0.5814018490559765
19670.0 0.581556583028427
19680.0 0.5816892121476702
19690.0 0.5817776315604991
19700.0 0.5817776315604991
19710.0 0.5816892121476702
19720.0 0.5816228975880486
19730.0 0.5817555267072919
19740.0 0.5818439461201207
19750.0 0.5816892121476702
19760.0 0.5814902684688054
19770.0 0.5815123733220126
19780.0 0.581667107294463
19790.0 0.5818218412669135
19800.0 0.5818881558265351
19810.0 0.5819323655329496
19820.0 0.5819544703861567
19830.0 0.581998680092571
19840.0 0.5819544703861567
19850.0 0.5817334218540846
19860.0 0.5813134296431477
19870.0 0.5805176549276883
19880.0 0.5787713715243189
19890.0 0.5749693367726791
19900.0 0.5676747352143006
19910.0 0.5548318155009129
19920.0 0.533986938926516
19930.0 0.5027527813447316
19940.0 0.45978094670991987
19950.0 0.40542511267339615
19960.0 0.34220523250078216
19970.0 0.2746528010995555
19980.0 0.2085592900100045
19990.0 0.1492077591486519
20000.0 0.1000907753222364
20010.0 0.062689363695641
20019.999999999996 0.03658353205792872
20030.0 0.019850158180072502
20040.0 0.009991393649657874
20050.0 0.004664124026720822
20059.999999999996 0.0020115416418558995
20070.0 0.0007957747154594767
20080.0 0.0002873630916936999
20090.0 0.00011052426603603843
20099.999999999996 2.2104853207207685e-05
20110.0 0.0
