mejiro/data/roman_filter_response/RomanSCA18-F213.ecsv
# %ECSV 1.0
# ---
# datatype:
# - {name: wavelength, unit: Angstrom, datatype: float64}
# - {name: response, datatype: float64}
# meta:
#   __serialized_columns__:
#     wavelength:
#       __class__: astropy.units.quantity.Quantity
#       unit: !astropy.units.Unit {unit: Angstrom}
#       value: !astropy.table.SerializedColumn {name: wavelength}
#   band_name: F213
#   group_name: RomanSCA18
# schema: astropy-2.0
wavelength response
19350.0 0.0
19360.0 2.2104853207207685e-05
19370.0 4.420970641441537e-05
19380.0 0.00011052426603603843
19390.0 0.0002652582384864922
19400.0 0.0005968310365946076
19410.0 0.0012820814860180457
19420.0 0.002630477531657715
19430.0 0.00506201138445056
19440.0 0.009284038347027228
19450.0 0.016224962254090442
19460.0 0.027056340325622204
19470.0 0.04303814919443336
19480.0 0.06536405093371313
19490.0 0.0948961348185426
19500.0 0.13194386879382267
19510.0 0.17597673638258038
19520.0 0.22553581727314
19530.0 0.27830010187874477
19540.0 0.33148437869528646
19550.0 0.3823255410718641
19560.0 0.42841416000889215
19570.0 0.4679597423965867
19580.0 0.4999896746938306
19590.0 0.5244376423410023
19600.0 0.5422762588792189
19610.0 0.5549202349137418
19620.0 0.5632758694260662
19630.0 0.5682052516912736
19640.0 0.5709462534889673
19650.0 0.5726483271859223
19660.0 0.5736872552866611
19670.0 0.5743061911764629
19680.0 0.5746598688277782
19690.0 0.5748588125066431
19700.0 0.5749251270662648
19710.0 0.5748588125066431
19720.0 0.5748367076534359
19730.0 0.5749914416258863
19740.0 0.5751019658919224
19750.0 0.5749693367726791
19760.0 0.5748146028002287
19770.0 0.5748588125066431
19780.0 0.5750356513323007
19790.0 0.5751903853047512
19800.0 0.5753230144239945
19810.0 0.5753672241304089
19820.0 0.5754335386900306
19830.0 0.5755219581028593
19840.0 0.5755440629560665
19850.0 0.5754556435432376
19860.0 0.575389328983616
19870.0 0.5754114338368232
19880.0 0.5754556435432376
19890.0 0.5754556435432376
19900.0 0.5754114338368232
19910.0 0.5754556435432376
19920.0 0.5755661678092737
19930.0 0.575698796928517
19940.0 0.5758535309009675
19950.0 0.5760303697266251
19960.0 0.5760524745798322
19970.0 0.5758314260477602
19980.0 0.5757209017817241
19990.0 0.5760303697266251
20000.0 0.5764061522311477
20010.0 0.5764282570843547
20019.999999999996 0.5762735231119044
20030.0 0.5761187891394539
20040.0 0.5760303697266251
20050.0 0.5759861600202106
20059.999999999996 0.5758756357541747
20070.0 0.5756545872221026
20080.0 0.5754335386900306
20090.0 0.5753451192772016
20099.999999999996 0.5754114338368232
20110.0 0.5755661678092737
20120.0 0.5756324823688953
20130.0 0.5754556435432376
20139.999999999996 0.5752124901579584
20150.0 0.5751019658919224
20160.0 0.5751019658919224
20170.0 0.5751461755983368
20179.999999999996 0.5750577561855079
20190.0 0.5747040785341926
20200.0 0.5742619814700485
20210.0 0.5740188280847692
20219.999999999996 0.5740188280847692
20230.0 0.5742619814700485
20240.0 0.5745051348553278
20250.0 0.5744830300021205
20259.999999999996 0.5743282960296701
20270.0 0.5742398766168413
20280.0 0.5742398766168413
20290.0 0.5743061911764629
20299.999999999996 0.5743282960296701
20310.0 0.5741735620572197
20320.0 0.5739746183783547
20330.0 0.5738198844059043
20339.999999999996 0.5737093601398683
20350.0 0.5736430455802466
20360.0 0.5736430455802466
20370.0 0.5737977795526972
20379.999999999996 0.5739525135251475
20390.0 0.5739525135251475
20400.0 0.573886198965526
20410.0 0.5738419892591116
20419.999999999996 0.5739083038187331
20430.0 0.574107247497598
20440.0 0.5743504008828773
20450.0 0.5744830300021205
20460.0 0.5744830300021205
20470.0 0.5743504008828773
20480.0 0.5741735620572197
20490.0 0.5740409329379764
20500.0 0.574107247497598
20510.0 0.5744388202957061
20520.0 0.5747261833873999
20530.0 0.5747040785341926
20540.0 0.5747261833873999
20550.0 0.5751461755983368
20560.0 0.5755219581028593
20570.0 0.5754114338368232
20580.0 0.5752124901579584
20590.0 0.5753672241304089
20600.0 0.5756545872221026
20610.0 0.5758756357541747
20620.0 0.5760082648734178
20630.0 0.5761408939926611
20640.0 0.5762514182586972
20650.0 0.5763840473779404
20660.0 0.5766493056164268
20670.0 0.5771135075337782
20680.0 0.577400870625472
20690.0 0.5772682415062287
20700.0 0.5773345560658504
20710.0 0.5780861210748954
20720.0 0.578793476377526
20730.0 0.5787713715243189
20740.0 0.5787271618179044
20750.0 0.5792797831480846
20760.0 0.5798102996250576
20770.0 0.5796776705058143
20780.0 0.5794124122673279
20790.0 0.5797218802122287
20800.0 0.5802081869827873
20810.0 0.5804513403680667
20820.0 0.5806944937533458
20830.000000000004 0.5811586956706973
20840.0 0.581556583028427
20850.0 0.5816007927348414
20860.0 0.5816450024412558
20870.000000000004 0.5820870995054
20880.0 0.5826618256887873
20890.0 0.5829491887804811
20900.0 0.5830376081933099
20910.000000000004 0.5831039227529315
20920.0 0.5832586567253819
20930.0 0.5835460198170757
20940.0 0.5838333829087694
20950.000000000004 0.5839881168812199
20960.0 0.5841649557068775
20970.0 0.5845186333581928
20980.0 0.584960730422337
20990.000000000004 0.5853144080736523
21000.0 0.58549124689931
21010.0 0.5854691420461028
21020.0 0.5855133517525172
21030.000000000004 0.5858670294038325
21040.0 0.5862649167615622
21050.0 0.5863975458808055
21060.0 0.5864638604404271
21070.000000000004 0.5866849089724993
21080.0 0.5867954332385352
21090.0 0.5865080701468416
21100.0 0.5862207070551478
21110.000000000004 0.5863975458808055
21120.0 0.586773328385328
21130.0 0.5870606914770218
21140.0 0.5873038448623009
21150.000000000004 0.587613312807202
21160.0 0.5879669904585172
21170.0 0.5883206681098326
21180.0 0.588475402082283
21190.000000000004 0.5882985632566253
21200.0 0.5881659341373822
21210.0 0.5883427729630397
21220.0 0.5884532972290758
21230.000000000004 0.5881217244309677
21240.0 0.5877017322200307
21250.0 0.587635417660409
21260.0 0.5879006758988956
21269.999999999996 0.588364877816247
21280.0 0.5886743457611479
21290.0 0.5886080312015262
21300.0 0.5885638214951118
21309.999999999996 0.5888732894400128
21320.0 0.5893153865041568
21330.0 0.5895143301830218
21340.0 0.5895585398894362
21349.999999999996 0.5895585398894362
21360.0 0.5893595962105713
21370.0 0.5888953942932199
21380.0 0.5886080312015262
21389.999999999996 0.5888511845868055
21400.0 0.5891385476784993
21410.0 0.5889617088528416
21420.0 0.5887185554675622
21429.999999999996 0.5889174991464272
21440.0 0.5892711767977424
21450.0 0.5894922253298145
21460.0 0.5895585398894362
21469.999999999996 0.589646959302265
21480.0 0.5896911690086795
21490.0 0.5897353787150938
21500.0 0.5898901126875443
21509.999999999996 0.5902216854856525
21520.0 0.5903985243113101
21530.0 0.5901553709260308
21540.0 0.589757483568301
21549.999999999996 0.5895806447426434
21560.0 0.5894922253298145
21570.0 0.5893595962105713
21580.0 0.5892490719445354
21589.999999999996 0.5892932816509497
21600.0 0.5894922253298145
21610.0 0.5898459029811299
21620.0 0.5901111612196164
21629.999999999996 0.5901553709260308
21640.0 0.5901111612196164
21650.0 0.5901332660728236
21660.0 0.5902216854856525
21669.999999999996 0.5903322097516884
21680.0 0.5903764194581028
21690.0 0.5902216854856525
21700.0 0.590066951513202
21710.0 0.5900006369535803
21720.0 0.5899564272471659
21730.0 0.5898459029811299
21740.0 0.5898237981279226
21750.0 0.5900006369535803
21760.0 0.5901774757792381
21770.0 0.5902437903388597
21780.0 0.5903543146048956
21790.0 0.5906637825497966
21800.0 0.5910395650543191
21810.0 0.5912164038799768
21820.0 0.5911058796139408
21830.0 0.5907522019626253
21840.0 0.5904427340177245
21850.0 0.5904427340177245
21860.0 0.5904648388709316
21870.0 0.5902658951920668
21880.0 0.5901995806324452
21890.0 0.5905753631369677
21900.0 0.5908406213754542
21910.0 0.5905090485773462
21920.0 0.5900890563664092
21930.0 0.5901111612196164
21940.0 0.590288000045274
21950.0 0.5901774757792381
21960.0 0.5900006369535803
21970.0 0.5899564272471659
21980.0 0.5901774757792381
21990.0 0.5906195728433822
22000.0 0.5907522019626253
22010.0 0.5901995806324452
22020.0 0.5896027495958506
22030.0 0.5896248544490579
22040.0 0.5901553709260308
22050.0 0.5907522019626253
22060.0 0.5908406213754542
22070.0 0.5900890563664092
22080.000000000004 0.5894922253298145
22090.0 0.5899122175407515
22100.0 0.5905090485773462
22110.0 0.5903764194581028
22120.000000000004 0.5900448466599947
22130.0 0.5901332660728236
22140.0 0.5903322097516884
22150.0 0.5902216854856525
22160.000000000004 0.5901111612196164
22170.0 0.5903101048984812
22180.0 0.5906858874030038
22190.0 0.5909511456414903
22200.000000000004 0.5907743068158327
22210.0 0.590066951513202
22220.0 0.5894701204766074
22230.0 0.5896248544490579
22240.000000000004 0.590288000045274
22250.0 0.5909511456414903
22260.0 0.5910837747607335
22270.0 0.5903985243113101
22280.000000000004 0.589757483568301
22290.0 0.5898901126875443
22300.0 0.5903985243113101
22310.0 0.5906195728433822
22320.000000000004 0.5904869437241389
22330.0 0.5901111612196164
22340.0 0.5898237981279226
22350.0 0.5899122175407515
22360.000000000004 0.5901111612196164
22370.0 0.5901111612196164
22380.0 0.5898901126875443
22390.0 0.589646959302265
22400.000000000004 0.5896248544490579
22410.0 0.5900006369535803
22420.0 0.5902437903388597
22430.0 0.5898459029811299
22440.000000000004 0.5893374913573641
22450.0 0.5892490719445354
22460.0 0.5893374913573641
22470.0 0.5893153865041568
22480.000000000004 0.5891606525317064
22490.0 0.5890722331188776
22500.0 0.5892048622381209
22510.0 0.5896690641554723
22519.999999999996 0.590066951513202
22530.0 0.590066951513202
22540.0 0.5900006369535803
22550.0 0.5901553709260308
22559.999999999996 0.5901553709260308
22570.0 0.5896027495958506
22580.0 0.5891385476784993
22590.0 0.5894259107701929
22599.999999999996 0.5899343223939587
22610.0 0.5900448466599947
22620.0 0.5899343223939587
22630.0 0.5898016932747155
22639.999999999996 0.5895585398894362
22650.0 0.589116442825292
22660.0 0.5890943379720849
22670.0 0.5899343223939587
22679.999999999996 0.590818516522247
22690.0 0.5908406213754542
22700.0 0.5903322097516884
22710.0 0.5898459029811299
22719.999999999996 0.5895806447426434
22730.0 0.5894922253298145
22740.0 0.5893817010637785
22750.0 0.589005918559256
22759.999999999996 0.5886301360547335
22770.0 0.5884975069354902
22780.0 0.5886301360547335
22790.0 0.5888953942932199
22799.999999999996 0.5890280234124632
22810.0 0.5888069748803911
22820.0 0.5884532972290758
22830.0 0.5882543535502109
22839.999999999996 0.5880775147245533
22850.0 0.5877459419264451
22860.0 0.5871491108898506
22870.0 0.5861543924955261
22879.999999999996 0.5845628430646073
22890.0 0.5821313092118144
22900.0 0.5784397987262108
22910.0 0.5729577951308232
22919.999999999996 0.5650884673890573
22930.0 0.5542791941707327
22940.0 0.5399110395860477
22950.0 0.5215861162772726
22960.0 0.49917179512516396
22970.0 0.4726459712765147
22980.0 0.4420086447313249
22990.0 0.40748086402166644
23000.0 0.3696594601841341
23010.0 0.32949494190663775
23020.0 0.28833570523481705
23030.0 0.24748593650789724
23040.0 0.2079624589734099
23050.0 0.17071578131926496
23060.0 0.13685114620582278
23070.0 0.10714222349533566
23080.0 0.08192058598591168
23090.0 0.06114202397113646
23100.0 0.044452859799694655
23110.0 0.031410996407442125
23120.0 0.021596441583441907
23130.0 0.014478678850721035
23140.0 0.009438772319477682
23150.0 0.005968310365946075
23160.0 0.0036915104856036834
23170.0 0.0022104853207207684
23180.0 0.0012820814860180457
23190.0 0.0007294601558378536
23200.0 0.00039788735772973834
23210.0 0.00022104853207207686
23220.0 0.00011052426603603843
23230.0 6.631455962162305e-05
23240.0 2.2104853207207685e-05
23250.0 2.2104853207207685e-05
23260.0 0.0
