mejiro/data/roman_filter_response/RomanSCA02-F146.ecsv
# %ECSV 1.0
# ---
# datatype:
# - {name: wavelength, unit: Angstrom, datatype: float64}
# - {name: response, datatype: float64}
# meta:
#   __serialized_columns__:
#     wavelength:
#       __class__: astropy.units.quantity.Quantity
#       unit: !astropy.units.Unit {unit: Angstrom}
#       value: !astropy.table.SerializedColumn {name: wavelength}
#   band_name: F146
#   group_name: RomanSCA02
# schema: astropy-2.0
wavelength response
[from data line 566]
14820.0 0.5518476603179399
14830.000000000002 0.5519802894371831
14840.0 0.5521129185564264
14850.000000000002 0.552289757382084
14860.0 0.5524665962077416
14870.000000000002 0.5526213301801921
14880.0 0.5527539592994354
14890.000000000002 0.5528644835654715
14900.0 0.5530192175379218
14910.000000000002 0.5532181612167867
14920.0 0.5533950000424444
14930.000000000002 0.5535276291616877
14940.0 0.5536823631341381
14950.000000000002 0.5539034116662102
14960.0 0.5541465650514894
14970.000000000002 0.55430129902394
14980.0 0.554411823289976
14990.000000000002 0.5544781378495975
15000.0 0.5545665572624264
15009.999999999998 0.554743396088084
15020.0 0.5549644446201561
15029.999999999998 0.555163388299021
15040.0 0.5553402271246787
15049.999999999998 0.5555170659503363
15060.0 0.555693904775994
15069.999999999998 0.5558486387484445
15080.0 0.5559591630144805
15089.999999999998 0.5560033727208948
15100.0 0.5560696872805165
15109.999999999998 0.5562686309593814
15120.0 0.5565117843446606
15129.999999999998 0.5567328328767328
15140.0 0.5568875668491832
15149.999999999998 0.5569538814088049
15160.0 0.5569980911152193
15169.999999999998 0.5570423008216336
15180.0 0.5571086153812553
15189.999999999998 0.5572191396472913
15200.0 0.5573296639133274
15209.999999999998 0.5574622930325707
15220.0 0.5575728172986067
15230.0 0.5576833415646427
15240.0 0.5578159706838859
15250.0 0.5579485998031292
15260.0 0.5581033337755796
15270.0 0.5582580677480301
15280.0 0.5583685920140661
15290.0 0.5584349065736878
15300.0 0.5585233259865166
15310.0 0.5587001648121742
15320.0 0.558877003637832
15330.0 0.5589433181974536
15340.0 0.5589433181974536
15350.0 0.558987527903868
15360.0 0.5590538424634895
15370.0 0.5591201570231111
15380.0 0.5592306812891472
15390.0 0.5594296249680122
15400.0 0.5595843589404625
15410.0 0.5596285686468769
15420.0 0.5596064637936697
15430.0 0.5595843589404625
15440.0 0.5596506735000842
15450.0 0.5598496171789491
15460.0 0.5600706657110212
15470.0 0.5601811899770571
15480.0 0.5602475045366788
15490.0 0.5603580288027149
15500.0 0.5604464482155437
15510.0 0.5604464482155437
15520.0 0.5604464482155437
15530.0 0.5605348676283725
15540.0 0.5606674967476157
15550.0 0.5607559161604445
15560.0 0.5607559161604445
15570.0 0.5607338113072374
15580.0 0.5607559161604445
15590.0 0.5609106501328951
15600.0 0.5610432792521383
15610.0 0.5610432792521383
15620.0 0.5610653841053455
15630.0 0.5612643277842103
15640.0 0.5614632714630752
15650.0 0.5615295860226968
15660.0 0.5615074811694897
15670.0 0.5615295860226968
15680.0 0.5616622151419401
15690.0 0.5618611588208049
15700.0 0.5619937879400483
15710.0 0.5619053685272193
15720.0 0.5618611588208049
15730.0 0.5620158927932554
15740.0 0.5622369413253274
15750.0 0.5623695704445707
15760.0 0.5623916752977779
15770.0 0.5623695704445707
15780.0 0.5623695704445707
15790.0 0.5624358850041924
15800.0 0.562502199563814
15810.0 0.5625464092702285
15820.0 0.5626348286830573
15830.0 0.5627674578023005
15840.0 0.5629000869215437
15850.0 0.562922191774751
15860.0 0.5629442966279581
15870.0 0.5630990306004086
15880.0 0.5633200791324806
15890.0 0.5634306033985167
15900.0 0.5634969179581383
15910.0 0.5635190228113456
15920.0 0.5636074422241744
15930.0 0.5638063859030392
15940.0 0.5639832247286969
15950.0 0.5640495392883185
15960.0 0.5640716441415258
15970.0 0.5641158538479402
15980.0 0.5642263781139762
15990.0 0.5644474266460483
16000.0 0.5646684751781204
16010.0 0.5647568945909491
16020.0 0.5648232091505708
16030.0 0.5649116285633996
16040.000000000002 0.5650442576826429
16050.0 0.565176886801886
16060.000000000002 0.5653537256275437
16070.0 0.5655526693064087
16080.000000000002 0.5657074032788592
16090.0 0.5658179275448951
16100.000000000002 0.5659505566641383
16110.0 0.5661495003430033
16120.000000000002 0.5663484440218681
16130.0 0.5664147585814897
16140.000000000002 0.5665031779943186
16150.0 0.5666800168199763
16160.000000000002 0.5669452750584627
16170.0 0.5671884284437421
16180.000000000002 0.5673873721226069
16190.0 0.5675421060950573
16200.000000000002 0.5676747352143006
16210.0 0.5677852594803366
16220.000000000002 0.5679399934527871
16230.0 0.5681389371316519
16240.000000000002 0.5682936711041023
16250.0 0.5683820905169312
16259.999999999998 0.5685147196361744
16270.0 0.5687578730214538
16279.999999999998 0.5689789215535258
16290.0 0.5690452361131475
16299.999999999998 0.5691115506727691
16310.0 0.5692883894984268
16319.999999999998 0.569531542883706
16330.0 0.5697525914157782
16339.999999999998 0.5699515350946429
16350.0 0.5701062690670934
16359.999999999998 0.5702388981863367
16370.0 0.5704378418652015
16379.999999999998 0.5706367855440664
16390.0 0.570813624369724
16400.0 0.5709462534889673
16410.0 0.571012568048589
16420.0 0.571123092314625
16430.0 0.5713662456999042
16440.0 0.5716093990851836
16450.0 0.5716978184980124
16460.0 0.5717199233512196
16470.0 0.5718083427640485
16480.0 0.5719188670300844
16490.0 0.5720072864429132
16500.0 0.5721620204153638
16510.0 0.5724272786538502
16520.0 0.5726041174795078
16530.0 0.5725378029198863
16540.0 0.5724714883602646
16550.0 0.5726704320391295
16560.0 0.5729356902776159
16570.0 0.5730904242500665
16580.0 0.5731567388096881
16590.0 0.573245158222517
16600.0 0.5733998921949673
16610.0 0.5736651504334539
16620.0 0.5738198844059043
16630.0 0.5737093601398683
16640.0 0.5735988358738322
16650.0 0.5737535698462827
16660.0 0.5740409329379764
16670.0 0.5742177717636341
16680.0 0.5742619814700485
16690.0 0.5741735620572197
16700.0 0.5741293523508052
16710.0 0.5742398766168413
16720.0 0.5743725057360844
16730.0 0.5743725057360844
16740.0 0.5743725057360844
16750.0 0.5745272397085349
16760.0 0.5747040785341926
16770.0 0.5747924979470214
16780.0 0.5748809173598503
16790.0 0.5750356513323007
16800.0 0.5752124901579584
16810.0 0.5753230144239945
16820.0 0.5754114338368232
16830.0 0.5755219581028593
16840.0 0.5756103775156881
16850.0 0.5756545872221026
16860.0 0.575698796928517
16870.0 0.5757872163413458
16880.0 0.575919845460589
16890.0 0.5760082648734178
16900.0 0.5760966842862467
16910.0 0.5761629988458683
16920.0 0.5762956279651116
16930.0 0.5765387813503908
16940.0 0.5767156201760485
16950.0 0.5767377250292558
16960.0 0.5768040395888774
16970.0 0.577091402680571
16980.0 0.5773345560658504
16990.0 0.577290346359436
17000.0 0.5772461366530215
17010.0 0.577511394891508
17020.0 0.5778650725428233
17030.0 0.5781303307813098
17040.0 0.5782408550473458
17050.0 0.5782408550473458
17060.0 0.5783071696069675
17070.0 0.5785061132858323
17080.0 0.5787492666711116
17090.0 0.5789040006435621
17100.0 0.5789924200563908
17110.0 0.5791250491756341
17120.0 0.5792797831480846
17130.0 0.5794787268269496
17140.0 0.5796113559461927
17150.0 0.5796776705058143
17160.0 0.5798324044782648
17170.0 0.5802081869827873
17180.0 0.5805618646341026
17190.0 0.5806944937533458
17200.0 0.5807387034597603
17210.0 0.5808934374322108
17220.0 0.5810923811110756
17230.0 0.5812471150835261
17240.0 0.5814018490559765
17250.0 0.5816450024412558
17260.0 0.5818660509733279
17270.0 0.581976575239364
17280.0 0.5820428897989857
17290.0 0.5821755189182288
17300.0 0.5823744625970937
17310.0 0.5825955111291657
17320.0 0.5828165596612378
17330.0 0.5829933984868955
17340.0 0.5831702373125531
17350.0 0.5833912858446253
17360.0 0.583568124670283
17370.0 0.5836786489363189
17380.0 0.5837228586427333
17390.0 0.5837007537895261
17400.0 0.5837670683491477
17410.0 0.5840323265876343
17420.0 0.5843638993857424
17430.0 0.5845186333581928
17440.0 0.5846291576242288
17450.0 0.5848059964498865
17460.0 0.584960730422337
17470.0 0.5850049401287514
17480.0 0.5850049401287514
17490.0 0.585071254688373
17500.0 0.5851375692479946
17510.0 0.5852038838076163
17520.0 0.5853365129268595
17530.0 0.585601771165346
17540.0 0.5858449245506253
17550.0 0.5859333439634541
17560.0 0.5859333439634541
17570.0 0.5859554488166613
17580.0 0.5859996585230757
17590.0 0.5860880779359047
17600.0 0.5861986022019406
17610.0 0.5863533361743911
17620.0 0.5864638604404271
17630.0 0.5864417555872199
17640.0 0.5864196507340127
17650.0 0.586552279853256
17660.0 0.5866849089724993
17670.0 0.586773328385328
17680.0 0.586773328385328
17690.0 0.5867291186789136
17700.0 0.5867070138257063
17710.0 0.5867291186789136
17720.0 0.5867512235321207
17730.0 0.586773328385328
17740.0 0.5868396429449496
17750.0 0.5869722720641929
17760.0 0.5871049011834362
17770.0 0.5871491108898506
17780.0 0.587193320596265
17790.0 0.5873259497155082
17800.0 0.5874364739815443
17810.0 0.5874806836879587
17820.0 0.587414369128337
17830.0 0.5873038448623009
17840.0 0.5872154254494721
17850.0 0.5872375303026794
17860.0 0.5873480545687154
17870.0 0.5875248933943731
17880.0 0.5877017322200307
17890.0 0.5878785710456884
17900.0 0.5879890953117245
17910.0 0.5880112001649316
17920.0 0.5879890953117245
17930.0 0.5879448856053101
17940.0 0.5879890953117245
17950.0 0.5881880389905892
17960.0 0.588364877816247
17970.0 0.5883427729630397
17980.0 0.5882764584034181
17990.0 0.5883427729630397
18000.0 0.5885417166419047
18010.0 0.5887848700271839
18020.0 0.5889838137060488
18030.0 0.5890280234124632
18040.0 0.589005918559256
18050.0 0.5890501282656704
18060.0 0.5891827573849137
18070.0 0.5893595962105713
18080.0 0.5895585398894362
18090.0 0.589757483568301
18100.0 0.5898901126875443
18110.0 0.5899564272471659
18120.0 0.5900227418067876
18130.0 0.5902437903388597
18140.0 0.5905090485773462
18150.0 0.590707992256211
18160.0 0.5908406213754542
18170.0 0.5909732504946975
18180.0 0.5909953553479047
18190.0 0.5907964116690397
18200.0 0.5906858874030038
18210.0 0.590818516522247
18220.0 0.5911279844671479
18230.0 0.5914374524120489
18240.0 0.591769025210157
18250.0 0.5921669125678867
18260.0 0.592520590219202
18270.0 0.5928079533108958
18280.0 0.5929405824301389
18290.0 0.5929184775769317
18300.0 0.5929405824301389
18310.0 0.5931174212557966
18320.0 0.5933163649346614
18330.0 0.5933384697878687
18340.0 0.5933605746410758
18350.0 0.5935374134667335
18360.0 0.5938247765584272
18370.0 0.5941342445033282
18380.0 0.5944216075950218
18390.0 0.5946647609803012
18400.0 0.5948415998059587
18410.0 0.5949079143655804
18420.0 0.5949300192187876
18430.0 0.5949079143655804
18440.0 0.5948858095123732
18450.0 0.5949742289252021
18460.0 0.5951068580444453
18470.0 0.5952615920168958
18480.0 0.5954384308425534
18490.0 0.5956594793746255
18500.0 0.5957921084938688
18510.0 0.5956594793746255
18520.0 0.5955489551085894
18530.0 0.5957036890810399
18540.0 0.5958805279066975
18550.0 0.5959026327599048
18560.0 0.5958805279066975
18570.0 0.5959468424663192
18580.0 0.5961015764387696
18590.0 0.5962342055580129
18600.0 0.596344729824049
18610.0 0.5964773589432921
18620.0 0.5965878832093282
18630.0 0.5966320929157427
18640.0 0.5964994637964994
18650.0 0.596145786145184
18660.0 0.5958584230534905
18670.0 0.5958584230534905
18680.0 0.5959689473195264
18690.0 0.5959689473195264
18700.0 0.5958805279066975
18710.0 0.5957478987874544
18720.0 0.595814213347076
18730.0 0.5962342055580129
18740.0 0.5965878832093282
18750.0 0.5965215686497066
18760.0 0.596344729824049
18770.0 0.5964331492368777
18780.0 0.596565778356121
18790.0 0.5964331492368777
18800.0 0.5963005201176346
18810.0 0.596344729824049
18820.0 0.5964110443836707
18830.0 0.5963226249708418
18840.0 0.5962121007048057
18850.0 0.5962121007048057
18860.0 0.5962563104112201
18870.0 0.5962121007048057
18880.0 0.5961236812919769
18890.0 0.5960573667323552
18900.0 0.5961015764387696
18910.0 0.5963005201176346
18920.0 0.5963005201176346
18930.0 0.5958805279066975
18940.0 0.5954163259893462
18950.0 0.5953058017233102
18960.0 0.595283696870103
18970.0 0.5950626483380309
18980.0 0.5949079143655804
18990.0 0.5950626483380309
19000.0 0.5952615920168958
19010.0 0.5952615920168958
19020.0 0.5951731726040669
19030.0 0.5951952774572742
19040.0 0.595283696870103
19050.0 0.5953279065765174
19060.0 0.5952173823104813
19070.0 0.5949300192187876
19080.0 0.5945984464206796
19090.0 0.5944216075950218
19100.0 0.5944216075950218
19110.0 0.5945321318610579
19120.0 0.5945984464206796
19130.0 0.5945542367142652
19140.0 0.5944879221546435
19150.0 0.5944437124482291
19160.0 0.5943552930354002
19170.0 0.594112139650121
19180.0 0.5937142522923913
19190.0 0.5933384697878687
19200.0 0.5932500503750399
19210.0 0.5936479377327696
19220.0 0.5940900347969138
19230.0 0.5940679299437065
19240.0 0.5938468814116344
19250.0 0.593692147439184
19260.0 0.5934268892006975
19270.0 0.5929626872833462
19280.0 0.5926753241916525
19290.0 0.5928521630173101
19300.0 0.5932279455218327
19310.0 0.5933605746410758
19320.0 0.5931837358154183
19330.0 0.5928079533108958
19340.0 0.5924984853659948
19350.0 0.5924542756595804
19360.0 0.592520590219202
19370.0 0.5924321708063731
19380.0 0.5923216465403371
19390.0 0.59229954168713
19400.0 0.592410065953166
19410.0 0.5926090096320308
19420.0 0.5926974290448597
19430.0 0.5924984853659948
19440.0 0.5921669125678867
19450.0 0.5918574446229858
19460.0 0.5917248155037425
19470.0 0.591769025210157
19480.0 0.5917911300633641
19490.0 0.591658500944121
19500.0 0.5915479766780849
19510.0 0.5917027106505354
19520.0 0.5919237591826074
19530.0 0.5919679688890218
19540.0 0.5919458640358146
19550.0 0.5919458640358146
19560.0 0.5920563883018506
19570.0 0.5921669125678867
19580.0 0.5921448077146795
19590.0 0.5919016543294002
19600.0 0.591769025210157
19610.0 0.5920342834486435
19620.0 0.59229954168713
19630.0 0.5921669125678867
19640.0 0.5919237591826074
19650.0 0.5919458640358146
19660.0 0.5921227028614723
19670.0 0.5922553319807156
19680.0 0.5923437513935443
19690.0 0.5924321708063731
19700.0 0.592410065953166
19710.0 0.5922774368339226
19720.0 0.5922111222743011
19730.0 0.5923216465403371
19740.0 0.5923879610999587
19750.0 0.5922111222743011
19760.0 0.591990073742229
19770.0 0.591990073742229
19780.0 0.5921227028614723
19790.0 0.5922553319807156
19800.0 0.5923216465403371
19810.0 0.5923216465403371
19820.0 0.5923437513935443
19830.0 0.5923658562467516
19840.0 0.5923658562467516
19850.0 0.5922111222743011
19860.0 0.5920784931550579
19870.0 0.5920784931550579
19880.0 0.5920784931550579
19890.0 0.591990073742229
19900.0 0.591879549476193
19910.0 0.5917248155037425
19920.0 0.5913932427056343
19930.0 0.5904427340177245
19940.0 0.5880554098713461
19950.0 0.5826839305419946
19960.0 0.5718525524704628
19970.0 0.5523339670884985
19980.0 0.5212324386259573
19990.0 0.47642590117494726
20000.0 0.4174943625245316
20010.0 0.34724513903202553
20019.999999999996 0.2718896944486545
20030.0 0.1990099934244908
20040.0 0.13532591133452546
20050.0 0.08505947514133518
20059.999999999996 0.049227508092451515
20070.0 0.026105831637712275
20080.0 0.012688185740937212
20090.0 0.005614632714630752
20099.999999999996 0.002276799880342392
20110.0 0.000839984421873892
20120.0 0.0002873630916936999
20130.0 8.841941282883074e-05
20139.999999999996 2.2104853207207685e-05
20150.0 0.0
