mejiro/data/roman_filter_response/RomanSCA06-Prism.ecsv
# %ECSV 1.0
# ---
# datatype:
# - {name: wavelength, unit: Angstrom, datatype: float64}
# - {name: response, datatype: float64}
# meta:
#   __serialized_columns__:
#     wavelength:
#       __class__: astropy.units.quantity.Quantity
#       unit: !astropy.units.Unit {unit: Angstrom}
#       value: !astropy.table.SerializedColumn {name: wavelength}
#   band_name: Prism
#   group_name: RomanSCA06
# schema: astropy-2.0
wavelength response
[from data line 573]
13220.0 0.5335890515687863
13230.0 0.5337437855412368
13240.0 0.53387641466048
13250.0 0.533986938926516
13260.0 0.5341195680457593
13270.0 0.5342743020182097
13280.0 0.5343848262842458
13290.0 0.5344290359906602
13300.0 0.534517455403489
13310.0 0.5347163990823539
13320.0 0.534937447614426
13330.0 0.5351363912932908
13340.0 0.5352690204125341
13350.0 0.5353132301189485
13360.0 0.5354237543849846
13370.0 0.5356226980638494
13380.0 0.5357995368895071
13390.0 0.5357995368895071
13400.0 0.5357553271830927
13410.0 0.5358216417427143
13420.0 0.5359763757151648
13430.0 0.5361532145408224
13440.0 0.5363300533664801
13450.0 0.5364626824857233
13460.0 0.5365953116049667
13470.0 0.536750045577417
13480.0 0.5368826746966602
13490.0 0.5369710941094891
13500.0 0.5370153038159035
13510.0 0.5370816183755251
13520.0 0.5371037232287323
13530.0 0.5371037232287323
13540.000000000002 0.5371479329351468
13550.0 0.5372363523479756
13560.000000000002 0.5373247717608044
13570.0 0.53728056205439
13580.000000000002 0.5372363523479756
13590.0 0.5373689814672189
13600.000000000002 0.5375016105864621
13610.0 0.5375016105864621
13620.000000000002 0.5374131911736333
13630.0 0.5373468766140116
13640.000000000002 0.5373247717608044
13650.0 0.5373247717608044
13660.000000000002 0.5373689814672189
13670.0 0.5375016105864621
13680.000000000002 0.5376121348524981
13690.0 0.5376563445589125
13700.000000000002 0.5376342397057053
13710.0 0.5376121348524981
13720.000000000002 0.537590029999291
13730.0 0.537590029999291
13740.000000000002 0.5376342397057053
13750.0 0.5376784494121197
13759.999999999998 0.5377447639717414
13770.0 0.5377889736781558
13779.999999999998 0.5377889736781558
13790.0 0.5377226591185341
13799.999999999998 0.5376563445589125
13810.0 0.5376563445589125
13819.999999999998 0.5376563445589125
13830.0 0.5376342397057053
13839.999999999998 0.5375237154396694
13850.0 0.5373689814672189
13859.999999999998 0.5372584572011828
13870.0 0.5373026669075972
13879.999999999998 0.5373689814672189
13890.0 0.5373468766140116
13899.999999999998 0.537391086320426
13910.0 0.5376121348524981
13919.999999999998 0.5378110785313629
13930.0 0.5377889736781558
13939.999999999998 0.5376563445589125
13950.0 0.5376121348524981
13959.999999999998 0.5376563445589125
13970.0 0.5378110785313629
13980.0 0.5378994979441918
13990.0 0.5378110785313629
14000.0 0.5376563445589125
14010.0 0.537590029999291
14020.0 0.5376342397057053
14030.0 0.5377226591185341
14040.0 0.5378110785313629
14050.0 0.5378110785313629
14060.0 0.5377447639717414
14070.0 0.5376563445589125
14080.0 0.5375679251460838
14090.0 0.5375016105864621
14100.0 0.537391086320426
14110.0 0.5371921426415612
14120.0 0.5370153038159035
14130.0 0.537059513522318
14140.0 0.5371479329351468
14150.0 0.5370816183755251
14160.0 0.5369489892562819
14170.0 0.5368605698434531
14180.0 0.5368826746966602
14190.0 0.5369710941094891
14200.0 0.5371037232287323
14210.0 0.5371700377883539
14220.0 0.5373247717608044
14230.0 0.5377005542653269
14240.0 0.5381647561826783
14250.0 0.5385184338339937
14260.0 0.5387394823660657
14270.0 0.5387836920724801
14280.0 0.5388279017788946
14290.0 0.538982635751345
14300.0 0.5391594745770026
14310.0 0.5392921036962459
14320.0 0.5393805231090748
14330.0 0.5394910473751108
14340.0 0.5396015716411469
14350.0 0.53973420076039
14360.0 0.5398668298796333
14370.0 0.5399773541456694
14380.0 0.540043668705291
14390.0 0.540043668705291
14400.0 0.5400878784117054
14410.0 0.540264717237363
14420.0 0.5404636609162279
14430.0 0.540574185182264
14440.0 0.5406183948886784
14450.0 0.5406183948886784
14460.0 0.5406183948886784
14470.0 0.5406626045950927
14480.0 0.5407731288611288
14490.0 0.5409057579803721
14500.0 0.5410604919528226
14510.0 0.5411931210720657
14520.0 0.5412815404848946
14530.0 0.5412815404848946
14540.0 0.5412594356316873
14550.0 0.5413478550445162
14560.0 0.5414583793105523
14570.0 0.5415025890169667
14580.0 0.5415689035765884
14590.0 0.5417015326958315
14600.0 0.5418120569618675
14610.0 0.5418562666682819
14620.0 0.5418562666682819
14630.0 0.5419225812279036
14640.0 0.5419888957875253
14650.0 0.5419888957875253
14660.0 0.5419888957875253
14670.0 0.5420773152003541
14680.0 0.5422320491728045
14690.0 0.5423425734388405
14700.0 0.542386783145255
14710.0 0.5423425734388405
14720.0 0.5423204685856333
14730.0 0.5424309928516694
14740.0 0.5425857268241199
14750.0 0.5426520413837415
14760.0 0.5426962510901558
14770.0 0.5427404607965702
14780.0 0.5428288802093992
14790.000000000002 0.5428951947690207
14800.0 0.5429836141818496
14810.000000000002 0.5431162433010928
14820.0 0.5432046627139216
14830.000000000002 0.543248872420336
14840.0 0.5432709772735432
14850.000000000002 0.5433593966863721
14860.0 0.5434478160992009
14870.000000000002 0.5435141306588226
14880.0 0.5435362355120298
14890.000000000002 0.543558340365237
14900.0 0.5436246549248586
14910.000000000002 0.5437351791908946
14920.0 0.5438235986037234
14930.000000000002 0.5438899131633451
14940.0 0.5439562277229667
14950.000000000002 0.54408885684221
14960.0 0.5442656956678676
14970.000000000002 0.5443541150806965
14980.0 0.5443762199339036
14990.000000000002 0.5443983247871109
15000.0 0.5444425344935253
15009.999999999998 0.5445530587595613
15020.0 0.5447077927320118
15029.999999999998 0.5448625267044622
15040.0 0.5449951558237055
15049.999999999998 0.5451277849429488
15060.0 0.545260414062192
15069.999999999998 0.5453930431814352
15080.0 0.545481462594264
15089.999999999998 0.5455035674474713
15100.0 0.5455477771538857
15109.999999999998 0.5457025111263362
15120.0 0.5459456645116154
15129.999999999998 0.5461446081904803
15140.0 0.5462772373097234
15149.999999999998 0.5463435518693451
15160.0 0.5463656567225523
15169.999999999998 0.546431971282174
15180.0 0.5464982858417956
15189.999999999998 0.5465867052546245
15200.0 0.5466972295206605
15209.999999999998 0.5468298586399037
15220.0 0.546962487759147
15230.0 0.5470951168783902
15240.0 0.5472056411444262
15250.0 0.5473603751168767
15260.0 0.5475372139425343
15270.0 0.5476919479149849
15280.0 0.547824577034228
15290.0 0.5478908915938497
15300.0 0.5480014158598857
15310.0 0.5482003595387506
15320.0 0.5483993032176155
15330.0 0.548465617777237
15340.0 0.5484877226304443
15350.0 0.5485540371900659
15360.0 0.548664561456102
15370.0 0.5487529808689308
15380.0 0.548885609988174
15390.0 0.5490845536670389
15400.0 0.5492613924926966
15410.0 0.5493277070523183
15420.0 0.5493277070523183
15430.0 0.5493277070523183
15440.0 0.549416126465147
15450.0 0.5496371749972191
15460.0 0.5498582235292911
15470.0 0.5499908526485344
15480.0 0.5500792720613633
15490.0 0.5502119011806065
15500.0 0.5503003205934354
15510.0 0.5503224254466424
15520.0 0.5503445302998498
15530.0 0.5504329497126785
15540.0 0.5505655788319218
15550.0 0.5506761030979579
15560.0 0.5506982079511651
15570.0 0.5506761030979579
15580.0 0.5506982079511651
15590.0 0.5508529419236156
15600.0 0.551007675896066
15610.0 0.551007675896066
15620.0 0.5510297807492731
15630.0 0.5512066195749308
15640.0 0.5514276681070029
15650.0 0.5514939826666245
15660.0 0.5514718778134173
15670.0 0.5514939826666245
15680.0 0.5516266117858678
15690.0 0.5518255554647327
15700.0 0.5519360797307687
15710.0 0.551869765171147
15720.0 0.5518034506115255
15730.0 0.5519581845839758
15740.0 0.552179233116048
15750.0 0.5523118622352913
15760.0 0.5523339670884985
15770.0 0.552289757382084
15780.0 0.552289757382084
15790.0 0.5523339670884985
15800.0 0.5524223865013272
15810.0 0.5524665962077416
15820.0 0.5525329107673633
15830.0 0.5526655398866065
15840.0 0.5527760641526426
15850.0 0.5527760641526426
15860.0 0.5528202738590571
15870.0 0.5529750078315074
15880.0 0.5531518466571652
15890.0 0.5532844757764084
15900.0 0.5533286854828228
15910.0 0.55335079033603
15920.0 0.5534392097488587
15930.0 0.5536160485745165
15940.0 0.5537928874001742
15950.0 0.5538592019597958
15960.0 0.553881306813003
15970.0 0.5539034116662102
15980.0 0.5540139359322462
15990.0 0.5542349844643183
16000.0 0.5544339281431832
16010.0 0.5545444524092192
16020.0 0.5545886621156336
16030.0 0.5546770815284625
16040.000000000002 0.5548097106477057
16050.0 0.5549644446201561
16060.000000000002 0.5551191785926066
16070.0 0.5553181222714715
16080.000000000002 0.5554949610971291
16090.0 0.5555833805099579
16100.000000000002 0.5557160096292012
16110.0 0.5559149533080661
16120.000000000002 0.5561138969869309
16130.0 0.5562023163997598
16140.000000000002 0.5562686309593814
16150.0 0.5564675746382463
16160.000000000002 0.5567328328767328
16170.0 0.5569759862620121
16180.000000000002 0.5571749299408769
16190.0 0.5573517687665346
16200.000000000002 0.5574843978857777
16210.0 0.5576170270050211
16220.000000000002 0.5577717609774715
16230.0 0.5579707046563364
16240.000000000002 0.5581254386287868
16250.0 0.5582359628948229
16259.999999999998 0.5583906968672734
16270.0 0.5586338502525526
16279.999999999998 0.5588548987846247
16290.0 0.5589433181974536
16299.999999999998 0.5590317376102824
16310.0 0.55920857643594
16319.999999999998 0.5594738346744266
16330.0 0.5597169880597057
16339.999999999998 0.5599380365917779
16350.0 0.5600927705642283
16359.999999999998 0.560269609389886
16370.0 0.5604685530687509
16379.999999999998 0.560689601600823
16390.0 0.5608885452796878
16400.0 0.5610432792521383
16410.0 0.561131698664967
16420.0 0.5612864326374176
16430.0 0.5615516908759041
16440.0 0.5617948442611833
16450.0 0.5619053685272193
16460.0 0.561971683086841
16470.0 0.5620822073528771
16480.0 0.5622148364721203
16490.0 0.5623253607381563
16500.0 0.562502199563814
16510.0 0.5628116675087149
16520.0 0.563032716040787
16530.0 0.5629885063343726
16540.0 0.5629664014811654
16550.0 0.5631874500132374
16560.0 0.5634969179581383
16570.0 0.5636737567837959
16580.0 0.563784281049832
16590.0 0.5638948053158681
16600.0 0.5640937489947329
16610.0 0.5644032169396339
16620.0 0.5645800557652915
16630.0 0.5645137412056699
16640.0 0.5644474266460483
16650.0 0.564646370324913
16660.0 0.564955838269814
16670.0 0.565176886801886
16680.0 0.5652432013615077
16690.0 0.5651989916550934
16700.0 0.5651989916550934
16710.0 0.5653316207743366
16720.0 0.5655084595999942
16730.0 0.5655526693064087
16740.0 0.5655747741596159
16750.0 0.5657737178384807
16760.0 0.5659726615173456
16770.0 0.5660831857833817
16780.0 0.5661937100494177
16790.0 0.5663926537282825
16800.0 0.5665915974071474
16810.0 0.5667242265263907
16820.0 0.5668347507924266
16830.0 0.56696737991167
16840.0 0.567077904177706
16850.0 0.5671442187373276
16860.0 0.5672105332969491
16870.0 0.5673210575629852
16880.0 0.5674536866822285
16890.0 0.5675863158014717
16900.0 0.5676747352143006
16910.0 0.5677631546271293
16920.0 0.5678957837463727
16930.0 0.5681389371316519
16940.0 0.5683157759573096
16950.0 0.5683378808105168
16960.0 0.5684041953701384
16970.0 0.5686915584618322
16980.0 0.5689347118471114
16990.0 0.5688905021406969
17000.0 0.5688462924342825
17010.0 0.5690894458195619
17020.0 0.56942101861767
17030.0 0.5696641720029493
17040.0 0.5697525914157782
17050.0 0.5697525914157782
17060.0 0.5697746962689852
17070.0 0.5699515350946429
17080.0 0.5701725836267151
17090.0 0.5703052127459584
17100.0 0.5703715273055798
17110.0 0.5704599467184088
17120.0 0.570592575837652
17130.0 0.5707473098101024
17140.0 0.5708578340761384
17150.0 0.5708799389293456
17160.0 0.5709904631953817
17170.0 0.5713220359934899
17180.0 0.571653608791598
17190.0 0.5717199233512196
17200.0 0.5717199233512196
17210.0 0.5718525524704628
17220.0 0.5720072864429132
17230.0 0.5721178107089493
17240.0 0.5722283349749853
17250.0 0.5724272786538502
17260.0 0.5726041174795078
17270.0 0.5726704320391295
17280.0 0.5726925368923368
17290.0 0.5727809563051656
17300.0 0.5729356902776159
17310.0 0.5731125291032736
17320.0 0.5732893679289314
17330.0 0.5734441019013817
17340.0 0.5735767310206251
17350.0 0.5737535698462827
17360.0 0.573886198965526
17370.0 0.5739746183783547
17380.0 0.5739746183783547
17390.0 0.5739083038187331
17400.0 0.5739525135251475
17410.0 0.5741956669104268
17420.0 0.5744609251489133
17430.0 0.5745935542681566
17440.0 0.5746819736809854
17450.0 0.5748367076534359
17460.0 0.5749693367726791
17470.0 0.5749914416258863
17480.0 0.5749693367726791
17490.0 0.5750135464790935
17500.0 0.5750798610387151
17510.0 0.5751240707451295
17520.0 0.5752345950111656
17530.0 0.5754777483964449
17540.0 0.5757209017817241
17550.0 0.5758093211945531
17560.0 0.5758093211945531
17570.0 0.5758314260477602
17580.0 0.5758756357541747
17590.0 0.5759640551670034
17600.0 0.5760966842862467
17610.0 0.5762514182586972
17620.0 0.5763619425247333
17630.0 0.576339837671526
17640.0 0.576339837671526
17650.0 0.5764724667907692
17660.0 0.5766272007632197
17670.0 0.5767156201760485
17680.0 0.5767377250292558
17690.0 0.5767156201760485
17700.0 0.5767156201760485
17710.0 0.5767377250292558
17720.0 0.5767819347356702
17730.0 0.5768261444420846
17740.0 0.5768924590017062
17750.0 0.5770471929741566
17760.0 0.5772019269466071
17770.0 0.5772682415062287
17780.0 0.5773345560658504
17790.0 0.5774671851850935
17800.0 0.5775998143043368
17810.0 0.5776440240107512
17820.0 0.5776219191575441
17830.0 0.577511394891508
17840.0 0.5774450803318864
17850.0 0.5774892900383007
17860.0 0.5776219191575441
17870.0 0.5777987579832017
17880.0 0.5779755968088593
17890.0 0.578152435634517
17900.0 0.5782408550473458
17910.0 0.5782629599005531
17920.0 0.5781966453409314
17930.0 0.5780640162216881
17940.0 0.577931387102445
17950.0 0.5778429676896161
17960.0 0.5775334997447151
17970.0 0.5767819347356702
17980.0 0.5755882726624809
17990.0 0.5739746183783547
18000.0 0.5716978184980124
18010.0 0.56847050992976
18020.0 0.5638063859030392
18030.0 0.557285454206913
18040.0 0.5486203517496876
18050.0 0.5375237154396694
18060.0 0.5236197627723356
18070.0 0.5065990258027857
18080.0 0.4862183511457403
18090.0 0.4623893193883704
18100.0 0.4351340353838833
18110.0 0.4047840719303871
18120.0 0.37186994550485486
18130.0 0.33709901140991716
18140.0 0.30122283465461913
18150.0 0.26499298024800577
18160.0 0.22935995687798696
18170.0 0.19514164411322946
18180.0 0.1630896069627783
18190.0 0.1338006764632281
18200.0 0.10771694967872306
18210.0 0.08508157999454238
18220.0 0.06591667226389332
18230.0 0.05002328280791099
18240.0 0.037202467947730536
18250.0 0.02710055003203662
18260.0 0.019319641703099518
18270.0 0.013461855603189481
18280.0 0.009195618934198397
18290.0 0.006123044338396529
18300.0 0.004000978430504592
18310.0 0.0025641629720360914
18320.0 0.0015915494309189533
18330.0 0.0009726135411171382
18340.0 0.0005747261833873998
18350.0 0.00033157279810811527
18360.0 0.00019894367886486917
18370.0 0.00011052426603603843
18380.0 6.631455962162305e-05
18390.0 2.2104853207207685e-05
18400.0 2.2104853207207685e-05
18410.0 0.0
