mejiro/data/roman_filter_response/RomanSCA11-Grism_1stOrder.ecsv
# %ECSV 1.0
# ---
# datatype:
# - {name: wavelength, unit: Angstrom, datatype: float64}
# - {name: response, datatype: float64}
# meta:
#   __serialized_columns__:
#     wavelength:
#       __class__: astropy.units.quantity.Quantity
#       unit: !astropy.units.Unit {unit: Angstrom}
#       value: !astropy.table.SerializedColumn {name: wavelength}
#   band_name: Grism_1stOrder
#   group_name: RomanSCA11
# schema: astropy-2.0
wavelength response
9930.0 0.0
9940.0 0.00011052426603603843
9950.0 0.0007957747154594767
9960.0 0.0043325512286127065
9970.0 0.01684389814389226
9980.0 0.04712754703776679
9990.0 0.09730556381812823
10000.0 0.15438029479913848
10009.999999999998 0.19912051769052685
10020.0 0.22359059019090574
10029.999999999998 0.23338304016169875
10040.0 0.23691981667485199
10049.999999999998 0.2387103097846358
10060.0 0.24023554465593314
10069.999999999998 0.24171656982081602
10080.0 0.24317549013249176
10089.999999999998 0.24461230559096026
10100.0 0.24604912104942875
10109.999999999998 0.24755225106751885
10120.0 0.2490332762324018
10129.999999999998 0.2505143013972847
10140.0 0.25195111685575317
10149.999999999998 0.25334372260780724
10160.0 0.25475843321306857
10169.999999999998 0.2562394583779515
10180.0 0.2576983786896272
10189.999999999998 0.2591572990013029
10200.0 0.26059411445977143
10209.999999999998 0.2620309299182399
10220.0 0.2634677453767084
10230.0 0.2649045608351769
10240.0 0.2663413762936454
10250.0 0.26775608689890673
10260.0 0.2691486926509608
10270.0 0.2705412984030149
10280.0 0.27195600900827616
10290.0 0.27341492931995187
10300.0 0.2748517447784204
10310.0 0.2762222456772673
10320.0 0.2775927465761141
10330.0 0.2789853523281682
10340.0 0.2804000629334295
10350.0 0.2817926686854836
10360.0 0.2831631695843304
10370.0 0.2845336704831773
10380.0 0.28590417138202423
10390.0 0.2872525674276639
10400.0 0.28857885862009636
10410.0 0.2899051498125288
10420.0 0.2912535458581685
10430.0 0.29264615161022256
10440.0 0.29401665250906944
10450.0 0.2952987339950875
10460.0 0.2965366057746911
10470.0 0.29784079211391634
10480.0 0.2992112930127632
10490.0 0.3005817939116101
10500.0 0.30190808510404255
10510.0 0.3031459568836462
10520.0 0.3043838286632498
10530.0 0.30566591014926786
10540.0 0.30699220134170035
10550.0 0.3083184925341328
10560.0 0.30962267887335804
10570.0 0.3108826555061689
10580.0 0.3120984224325653
10590.0 0.31324787479934013
10600.0 0.3143973271661149
10610.0 0.31565730379892576
10620.0 0.3169393852849438
10630.0 0.3181772570645474
10640.0 0.3193709191377367
10650.0 0.3204982666513042
10660.0 0.32162561416487184
10670.0 0.322819276238061
10680.0 0.3240129383112503
10690.0 0.32516239067802505
10700.0 0.3263118430447998
10710.0 0.3275055051179891
10720.0 0.3286991671911783
10730.0 0.3298707244111603
10740.0 0.3310422816311423
10750.0 0.3322359437043315
10760.0 0.33340750092431354
10770.0 0.3345127435846739
10780.0 0.33557377653861986
10790.0 0.33665691434577305
10800.0 0.33778426185934063
10810.0 0.3389779239325299
10820.0 0.3401273762993047
10830.0 0.34118840925325067
10840.0 0.3422494422071966
10850.0 0.3433767897207642
10860.0 0.3445483469407462
10870.0 0.34560937989469215
10880.0 0.34662620314222375
10890.0 0.3476872360961697
10900.0 0.3487703739033229
10910.0 0.349853511710476
10920.0 0.350914544664422
10930.0 0.35195347276516076
10940.0 0.3529702960126923
10950.0 0.35403132896663825
10960.0 0.3550923619205843
10970.0 0.3560870803149086
10980.0 0.3572365326816834
10990.0 0.3586291384337375
11000.0 0.3599996393325844
11010.0 0.3611048819929447
11020.0 0.3620774955340619
11030.0 0.3631164236348007
11040.000000000002 0.364221666295161
11050.0 0.36530480410231425
11060.000000000002 0.3663879419094674
11070.0 0.36749318456982777
11080.000000000002 0.36855421752377376
11090.0 0.3695047262116837
11100.000000000002 0.370499444606008
11110.0 0.3716046872663684
11120.000000000002 0.37270992992672874
11130.0 0.37374885802746755
11140.000000000002 0.37480989098141354
11150.0 0.37591513364177387
11160.000000000002 0.37699827144892706
11170.0 0.3779266752836298
11180.000000000002 0.3788550791183325
11190.0 0.37993821692548574
11200.000000000002 0.38104345958584607
11210.0 0.3820381779801704
11220.000000000002 0.38301079152128753
11230.0 0.38404971962202633
11240.000000000002 0.3850886477227651
11250.0 0.3859728418510534
11259.999999999998 0.3868128262729273
11270.0 0.3877633349608372
11279.999999999998 0.38875805335516156
11290.0 0.3897527717494859
11299.999999999998 0.39074749014381027
11310.0 0.39174220853813463
11319.999999999998 0.39273692693245893
11330.0 0.39368743562036884
11339.999999999998 0.39461583945507156
11350.0 0.39554424328977433
11359.999999999998 0.39647264712447705
11370.0 0.3973789461059726
11379.999999999998 0.3982852450874681
11390.0 0.3992578586285852
11399.999999999998 0.40025257702290956
11410.0 0.4012472954172339
11419.999999999998 0.40217569925193664
11430.0 0.4030377885270177
11439.999999999998 0.4038777729488916
11450.0 0.4048061767835943
11459.999999999998 0.40575668547150423
11470.0 0.40666298445299975
11480.0 0.4075471785812881
11490.0 0.40838716300316197
11500.0 0.40924925227824305
11510.0 0.4101334464065314
11520.0 0.41097343082840526
11530.0 0.41179131039707195
11540.0 0.4126312948189459
11550.0 0.4135596986536486
11560.0 0.4144438927819369
11570.0 0.4152175626441892
11580.0 0.4159691276532342
11590.0 0.4168091120751081
11600.0 0.4177154110566036
11610.0 0.41855539547847753
11620.0 0.41935117019393703
11630.0 0.4200806303497749
11640.0 0.4208321953588199
11650.0 0.4216279700742794
11660.0 0.4224237447897389
11670.0 0.42321951950519837
11680.0 0.4240152942206578
11690.0 0.4248773834957389
11700.0 0.4256731582111984
11710.0 0.42633630380741466
11720.0 0.42697734455042363
11730.0 0.4276625949998471
11740.0 0.42841416000889215
11750.0 0.42914362016473
11760.0 0.42987308032056787
11770.0 0.4305804356231985
11780.0 0.4313320006322436
11790.0 0.4321498802009103
11800.0 0.4329456549163697
11810.0 0.4336309053657932
11820.0 0.43429405096200935
11830.0 0.4349793014114328
11840.0 0.4356866567140635
11850.0 0.4363276974570725
11860.0 0.4369024236404599
11870.0 0.4374992546770545
11880.0 0.43814029542006355
11890.0 0.43882554586948697
11900.0 0.4395107963189104
11910.0 0.4400413127958834
11920.0 0.4405939341260636
11930.0 0.4412570797222798
11940.0 0.44189812046528887
11950.0 0.44240653208905456
11960.0 0.4429370485660276
11970.0 0.44355598445582944
11980.0 0.44419702519883847
11990.0 0.44472754167581136
12000.0 0.44521384844637
12010.0 0.4457885746297574
12020.0 0.4463633008131448
12030.0 0.44691592214332493
12040.0 0.44746854347350523
12050.0 0.4480653745100998
12060.0 0.44861799584028
12070.0 0.4490600929044241
12080.0 0.4494579802621539
12090.0 0.44987797247309086
12100.0 0.4503421743904422
12110.0 0.4508726908674151
12120.0 0.4513811024911809
12130.0 0.45175688499570343
12140.0 0.45213266750022596
12150.0 0.4525968694175773
12160.0 0.45312738589455037
12170.0 0.45365790237152326
12180.0 0.4541221042888746
12190.0 0.45447578194019
12200.0 0.45482945959150534
12210.0 0.45531576636206395
12220.0 0.45580207313262244
12230.0 0.4561999604903522
12240.0 0.45657574299487474
12250.0 0.4570399449122261
12260.0 0.4574820419763702
12270.0 0.4578357196276856
12280.0 0.4581893972790009
12290.000000000002 0.45860938948993785
12300.0 0.45900727684766757
12310.000000000002 0.4593167447925685
12320.0 0.45960410788426226
12330.000000000002 0.45993568068237034
12340.0 0.46026725348047837
12350.000000000002 0.46062093113179375
12360.0 0.46093039907669464
12370.000000000002 0.46123986702159553
12380.0 0.46157143981970367
12390.000000000002 0.4619914320306406
12400.0 0.4623672145351631
12410.000000000002 0.46258826306723516
12420.0 0.4628314164525145
12430.000000000002 0.46325140866345144
12440.0 0.4636492960211812
12450.000000000002 0.46389244940646046
12460.0 0.4640913930853253
12470.000000000002 0.46442296588343346
12480.0 0.464798748387956
12490.000000000002 0.4651524260392713
12500.0 0.46546189398417226
12509.999999999998 0.4657271522226587
12520.0 0.465970305607938
12529.999999999998 0.46625766869963176
12540.0 0.46656713664453264
12549.999999999998 0.4669208142958479
12560.0 0.4672744919471633
12569.999999999998 0.467561855038857
12580.0 0.4677607987177218
12589.999999999998 0.4679155326901723
12600.0 0.4681144763690372
12609.999999999998 0.46846815402035247
12620.0 0.46886604137808224
12629.999999999998 0.4691534044697759
12640.0 0.4693965578550552
12649.999999999998 0.4697060257999561
12660.0 0.4699712840384426
12669.999999999998 0.4701481228641003
12680.0 0.47030285683655076
12689.999999999998 0.4705681150750372
12700.0 0.4708775830199381
12709.999999999998 0.47114284125842465
12720.0 0.4714302043501183
12730.0 0.4717617771482264
12740.0 0.472027035386713
12750.0 0.47211545479954176
12760.0 0.47224808391878503
12770.0 0.4725796567168931
12780.0 0.4729554392214157
12790.0 0.47326490716631653
12800.0 0.47346385084518144
12810.0 0.4735743751112174
12820.0 0.4736848993772535
12830.0 0.4739280527625328
12840.0 0.4742375207074337
12850.0 0.4745248837991274
12860.0 0.4747901420376139
12870.0 0.4749669808632715
12880.0 0.47512171483572196
12890.0 0.475342763367794
12900.0 0.4755859167530733
12910.0 0.47582907013835263
12920.0 0.4760059089640103
12930.0 0.47618274778966796
12940.0 0.47635958661532557
12950.0 0.4766027400006049
12960.0 0.4768016836794698
12970.0 0.476934312798713
12980.0 0.4770890467711635
12990.0 0.4773322001564428
13000.0 0.4775974583949293
13010.0 0.47775219236737976
13020.0 0.47786271663341573
13030.0 0.4779732408994518
13040.0 0.4781279748719022
13050.0 0.47830481369755995
13060.0 0.47854796708283914
13070.0 0.4787690156149113
13080.0 0.4789679592937761
13090.0 0.4791226932662266
13100.0 0.4793216369450915
13110.0 0.4796753145964068
13120.0 0.47996267768810047
13130.0 0.4800068873945149
13140.0 0.4799847825413077
13150.0 0.4800953068073437
13160.0 0.4802942504862086
13170.0 0.4804931941650735
13180.0 0.48062582328431674
13190.0 0.4807142426971456
13200.0 0.48080266210997435
13210.0 0.48093529122921763
13220.0 0.4810900252016681
13230.0 0.48124475917411846
13240.0 0.4813773882933618
13250.0 0.48148791255939777
13260.0 0.48159843682543385
13270.0 0.4817310659446771
13280.0 0.4818194853575059
13290.0 0.48186369506392035
13300.0 0.48190790477033474
13310.0 0.48204053388957796
13320.0 0.4822394775684429
13330.0 0.4823721066876861
13340.0 0.48243842124730774
13350.0 0.48246052610051493
13360.0 0.4824826309537222
13370.0 0.48263736492617254
13380.0 0.4827257843390015
13390.0 0.4826594697793798
13400.0 0.482571050366551
13410.0 0.48254894551334376
13420.0 0.48263736492617254
13430.0 0.4827257843390015
13440.0 0.4828142037518303
13450.0 0.4828584134582447
13460.0 0.48288051831145185
13470.0 0.4829247280178663
13480.0 0.48294683287107354
13490.0 0.4829247280178663
13500.0 0.4829026231646591
13510.0 0.48283630860503746
13520.0 0.4827478891922086
13530.0 0.4826594697793798
13540.000000000002 0.482571050366551
13550.0 0.48254894551334376
13560.000000000002 0.4825047358069293
13570.0 0.48235000183447896
13580.000000000002 0.48219526786202843
13590.0 0.48219526786202843
13600.000000000002 0.48219526786202843
13610.0 0.48204053388957796
13620.000000000002 0.48184159021071316
13630.0 0.4816426465318483
13640.000000000002 0.48148791255939777
13650.0 0.4813331785869474
13660.000000000002 0.4812226543209113
13670.0 0.4812005494677041
13680.000000000002 0.4811563397612897
13690.0 0.48104581549525366
13700.000000000002 0.48086897666959594
13710.0 0.48067003299073113
13720.000000000002 0.4804931941650735
13730.0 0.48031635533941575
13740.000000000002 0.4801837262201725
13750.0 0.48007320195413655
13759.999999999998 0.4799405728348932
13770.0 0.47980794371565
13779.999999999998 0.47963110488999233
13790.0 0.47938795150471303
13799.999999999998 0.47914479811943383
13810.0 0.4789458544405689
13819.999999999998 0.4787690156149113
13830.0 0.47854796708283914
13839.999999999998 0.4782606039911455
13850.0 0.4779069263398301
13859.999999999998 0.4776195632481364
13870.0 0.47744272442247876
13879.999999999998 0.4772879904500283
13890.0 0.4770448370647491
13899.999999999998 0.47686799823909143
13910.0 0.47686799823909143
13919.999999999998 0.47682378853267693
13930.0 0.47658063514739774
13939.999999999998 0.47622695749608235
13950.0 0.4759616992575959
13959.999999999998 0.47578486043193824
13970.0 0.47567433616590216
13980.0 0.4755196021934517
13990.0 0.4752101342485508
14000.0 0.47483435174402827
14010.0 0.4745248837991274
14020.0 0.47430383526705533
14030.0 0.47414910129460486
14040.0 0.4739722624689472
14050.0 0.47370700423046064
14060.0 0.4733754314323526
14070.0 0.4730438586342445
14080.0 0.4727122858361364
14090.0 0.4724028178912355
14100.0 0.472027035386713
14110.0 0.47158493832256876
14120.0 0.4711649461116318
14130.0 0.4709217927263525
14140.0 0.4707228490474877
14150.0 0.4703912762493796
14160.0 0.46999338889164977
14170.0 0.4696397112403345
14180.0 0.46937445300184805
14190.0 0.46917550932298313
14200.0 0.4689986704973255
14210.0 0.46875551711204616
14220.0 0.46862288799280294
14230.0 0.46864499284601013
14240.0 0.46875551711204616
14250.0 0.46877762196525335
14260.0 0.4686670976992174
14270.0 0.4684018394607309
14280.0 0.4681586860754516
14290.0 0.46798184724979397
14300.0 0.46782711327734344
14310.0 0.4676281695984786
14320.0 0.46740712106640653
14330.0 0.4671860725343345
14340.0 0.46698712885546956
14350.0 0.46681029002981195
14360.0 0.46661134635094703
14370.0 0.466390297818875
14380.0 0.4661250395803884
14390.0 0.4658376764886948
14400.0 0.4655503133970011
14410.0 0.4653734745713434
14420.0 0.4652408454521001
14430.0 0.46501979692002804
14440.0 0.46473243382833435
14450.0 0.46442296588343346
14460.0 0.46411349793853257
14470.0 0.4638261348468389
14480.0 0.4636050863147668
14490.0 0.4634061426359019
14500.0 0.46320719895703705
14510.0 0.46300825527817213
14520.0 0.46276510189289294
14530.0 0.4624335290947848
14540.0 0.46210195629667666
14550.0 0.46185880291139736
14560.0 0.4616377543793253
14570.0 0.4613503912876316
14580.0 0.4610851330491451
14590.0 0.46086408451707306
14600.0 0.46064303598500095
14610.0 0.46033356804010006
14620.0 0.4600241000951992
14630.0 0.4597588418567126
14640.0 0.4594935836182262
14650.0 0.4591399059669109
14660.0 0.45880833316880276
14670.0 0.45856517978352346
14680.0 0.45836623610465854
14690.0 0.45812308271937924
14700.0 0.45781361477447835
14710.0 0.4574599371231631
14720.0 0.4571062594718477
14730.0 0.4568631060865685
14740.0 0.45664205755449633
14750.0 0.4563767993160099
14760.0 0.456067331371109
14770.0 0.45575786342620805
14780.0 0.45549260518772156
14790.000000000002 0.45520524209602786
14800.0 0.4549178790043341
14810.000000000002 0.4546747256190549
14820.0 0.45440946738056837
14830.000000000002 0.4540999994356675
14840.0 0.45376842663755934
14850.000000000002 0.45348106354586565
14860.0 0.4531937004541719
14870.000000000002 0.45288423250927107
14880.0 0.45255265971116293
14890.000000000002 0.4522210869130548
14900.0 0.45188951411494666
14910.000000000002 0.4516242558764602
14920.0 0.45133689278476646
14930.000000000002 0.4510053199866584
14940.0 0.4506958520417575
14950.000000000002 0.4504526986564782
14960.0 0.450209545271199
14970.000000000002 0.449900077326298
14980.0 0.4495463996749827
14990.000000000002 0.4491706171704602
15000.0 0.4488169395191449
15009.999999999998 0.44852957642745117
15020.0 0.44828642304217187
15029.999999999998 0.4480211648036854
15040.0 0.4477338017119917
15049.999999999998 0.447446438620298
15060.0 0.44715907552860423
15069.999999999998 0.44687171243691054
15080.0 0.4465401396388024
15089.999999999998 0.44614225228107274
15100.0 0.44576646977655016
15109.999999999998 0.4455012115380637
15120.0 0.44528016300599166
15129.999999999998 0.44503700962071235
15140.0 0.44472754167581136
15149.999999999998 0.4443738640244961
15160.0 0.4439759766667664
15169.999999999998 0.4436001941622439
15180.0 0.4432244116577213
15189.999999999998 0.4428928388596132
15200.0 0.4425612660615051
15209.999999999998 0.44222969326339695
15220.0 0.44192022531849606
15230.0 0.4415886525203879
15240.0 0.4412570797222798
15250.0 0.4409476117773789
15260.0 0.440638143832478
15270.0 0.44032867588757707
15280.0 0.439997103089469
15290.0 0.4396213205849464
15300.0 0.43926764293363113
15310.0 0.43898027984193744
15320.0 0.4386929167502437
15330.0 0.43829502939251397
15340.0 0.43787503718157705
15350.0 0.43747714982384733
15360.0 0.437123472172532
15370.0 0.4367255848148022
