mejiro/data/roman_filter_response/RomanSCA14-Prism.ecsv
# %ECSV 1.0
# ---
# datatype:
# - {name: wavelength, unit: Angstrom, datatype: float64}
# - {name: response, datatype: float64}
# meta:
#   __serialized_columns__:
#     wavelength:
#       __class__: astropy.units.quantity.Quantity
#       unit: !astropy.units.Unit {unit: Angstrom}
#       value: !astropy.table.SerializedColumn {name: wavelength}
#   band_name: Prism
#   group_name: RomanSCA14
# schema: astropy-2.0
wavelength response
[from data line 573]
13240.0 0.5255207801481555
13250.0 0.5256534092673988
13260.0 0.5257639335334348
13270.0 0.5259186675058852
13280.0 0.5260512966251285
13290.0 0.5260955063315429
13300.0 0.5261839257443717
13310.0 0.5263828694232366
13320.0 0.5266260228085159
13330.0 0.5268249664873809
13340.0 0.526957595606624
13350.0 0.5270239101662456
13360.0 0.5271123295790744
13370.0 0.5273333781111466
13380.0 0.5275323217900114
13390.0 0.5275323217900114
13400.0 0.5274881120835969
13410.0 0.5275544266432186
13420.0 0.5277312654688763
13430.0 0.5279302091477411
13440.0 0.5281070479733988
13450.0 0.5282617819458493
13460.0 0.5283944110650926
13470.0 0.5285270401843357
13480.0 0.5286817741567863
13490.0 0.5287701935696151
13500.0 0.5288365081292367
13510.0 0.5289028226888584
13520.0 0.5289470323952727
13530.0 0.5289470323952727
13540.000000000002 0.5289912421016871
13550.0 0.5291017663677232
13560.000000000002 0.529190185780552
13570.0 0.5291459760741376
13580.000000000002 0.5291238712209304
13590.0 0.5292565003401736
13600.000000000002 0.5293891294594169
13610.0 0.5293891294594169
13620.000000000002 0.529300710046588
13630.0 0.5292565003401736
13640.000000000002 0.5292343954869664
13650.0 0.5292343954869664
13660.000000000002 0.5292786051933809
13670.0 0.529411234312624
13680.000000000002 0.5295217585786601
13690.0 0.5295659682850745
13700.000000000002 0.5295438634318673
13710.0 0.5295217585786601
13720.000000000002 0.5294775488722457
13730.0 0.5294775488722457
13740.000000000002 0.5295217585786601
13750.0 0.5295659682850745
13759.999999999998 0.529610177991489
13770.0 0.5296543876979034
13779.999999999998 0.5296322828446961
13790.0 0.5295659682850745
13799.999999999998 0.5294775488722457
13810.0 0.5294775488722457
13819.999999999998 0.5294554440190384
13830.0 0.529411234312624
13839.999999999998 0.529300710046588
13850.0 0.5291238712209304
13859.999999999998 0.5290133469548943
13870.0 0.5290133469548943
13879.999999999998 0.5290575566613088
13890.0 0.5290133469548943
13899.999999999998 0.5290133469548943
13910.0 0.5292122906337592
13919.999999999998 0.5293891294594169
13930.0 0.5293228148997953
13939.999999999998 0.5291680809273448
13950.0 0.5290796615145159
13959.999999999998 0.5291017663677232
13970.0 0.5292122906337592
13980.0 0.5292565003401736
13990.0 0.5291238712209304
14000.0 0.5289249275420654
14010.0 0.5288144032760295
14020.0 0.5287922984228223
14030.0 0.5288365081292367
14040.0 0.528880717835651
14050.0 0.5288144032760295
14060.0 0.5286817741567863
14070.0 0.5285491450375429
14080.0 0.5284165159182996
14090.0 0.5283059916522637
14100.0 0.5281291528266061
14110.0 0.5278638945881196
14120.0 0.5276428460560475
14130.0 0.5276207412028402
14140.0 0.5276428460560475
14150.0 0.5275102169368042
14160.0 0.5273333781111466
14170.0 0.5271786441386961
14180.0 0.5271344344322817
14190.0 0.5271786441386961
14200.0 0.5272228538451105
14210.0 0.5272449586983178
14220.0 0.5273333781111466
14230.0 0.5276428460560475
14240.0 0.5280407334137771
14250.0 0.5283502013586782
14260.0 0.5284828304779213
14270.0 0.5285049353311285
14280.0 0.5284828304779213
14290.0 0.5285933547439574
14300.0 0.5287259838632007
14310.0 0.5287922984228223
14320.0 0.5288365081292367
14330.0 0.5289028226888584
14340.0 0.5289912421016871
14350.0 0.5290796615145159
14360.0 0.529190185780552
14370.0 0.5292565003401736
14380.0 0.529300710046588
14390.0 0.5292786051933809
14400.0 0.529300710046588
14410.0 0.5294333391658312
14420.0 0.529610177991489
14430.0 0.529720702257525
14440.0 0.5297649119639394
14450.0 0.5297428071107322
14460.0 0.5297649119639394
14470.0 0.5298091216703538
14480.0 0.5299196459363898
14490.0 0.5300743799088403
14500.0 0.530251218734498
14510.0 0.5304059527069485
14520.0 0.5305164769729844
14530.0 0.5305385818261917
14540.0 0.5305606866793988
14550.0 0.5306933157986421
14560.0 0.5308480497710926
14570.0 0.5309364691839213
14580.0 0.5310469934499574
14590.0 0.5312238322756151
14600.0 0.5314006711012728
14610.0 0.5315111953673088
14620.0 0.5315775099269304
14630.0 0.5317101390461737
14640.0 0.531842768165417
14650.0 0.5319090827250386
14660.0 0.5319975021378673
14670.0 0.5321522361103178
14680.0 0.5323732846423899
14690.0 0.5325722283212547
14700.0 0.5326827525872908
14710.0 0.5327269622937052
14720.0 0.5327932768533268
14730.0 0.5329922205321918
14740.0 0.533235373917471
14750.0 0.5333901078899214
14760.0 0.5335227370091647
14770.0 0.533655366128408
14780.0 0.5338322049540656
14790.000000000002 0.533986938926516
14800.0 0.5341637777521737
14810.000000000002 0.5343848262842458
14820.0 0.5345616651099034
14830.000000000002 0.5346942942291467
14840.0 0.5348048184951827
14850.000000000002 0.5349595524676333
14860.0 0.5351363912932908
14870.000000000002 0.5352911252657414
14880.0 0.5354016495317774
14890.000000000002 0.5355121737978135
14900.0 0.5356448029170566
14910.000000000002 0.5358216417427143
14920.0 0.535998480568372
14930.000000000002 0.5361311096876151
14940.0 0.5362637388068585
14950.000000000002 0.5364847873389306
14960.0 0.5367058358710026
14970.000000000002 0.5368605698434531
14980.0 0.5369710941094891
14990.000000000002 0.5370374086691108
15000.0 0.5371258280819395
15009.999999999998 0.5373026669075972
15020.0 0.5375016105864621
15029.999999999998 0.5377005542653269
15040.0 0.5378773930909846
15049.999999999998 0.5380321270634351
15060.0 0.5382089658890927
15069.999999999998 0.5383636998615432
15080.0 0.5384742241275792
15089.999999999998 0.5385184338339937
15100.0 0.5385847483936153
15109.999999999998 0.5387836920724801
15120.0 0.5390268454577594
15129.999999999998 0.5392257891366243
15140.0 0.5393805231090748
15149.999999999998 0.5394689425219036
15160.0 0.539513152228318
15169.999999999998 0.5395573619347324
15180.0 0.5396457813475612
15189.999999999998 0.53973420076039
15200.0 0.5398668298796333
15209.999999999998 0.5399994589988765
15220.0 0.5401099832649126
15230.0 0.5402205075309486
15240.0 0.5403531366501919
15250.0 0.5404857657694351
15260.0 0.5406626045950927
15270.0 0.5408173385675432
15280.0 0.5409278628335792
15290.0 0.5409941773932009
15300.0 0.5410825968060298
15310.0 0.5412815404848946
15320.0 0.5414583793105523
15330.0 0.5415025890169667
15340.0 0.5415246938701739
15350.0 0.5415689035765884
15360.0 0.5416573229894172
15370.0 0.5417236375490387
15380.0 0.5418341618150748
15390.0 0.5420331054939397
15400.0 0.54218783946639
15410.0 0.5422320491728045
15420.0 0.5422320491728045
15430.0 0.5422099443195973
15440.0 0.5422762588792189
15450.0 0.5424752025580838
15460.0 0.5426962510901558
15470.0 0.5428067753561919
15480.0 0.5428730899158136
15490.0 0.5429836141818496
15500.0 0.5430941384478857
15510.0 0.5430941384478857
15520.0 0.5430941384478857
15530.0 0.5431825578607145
15540.0 0.5433151869799577
15550.0 0.5434036063927865
15560.0 0.5434257112459938
15570.0 0.5433815015395793
15580.0 0.5434036063927865
15590.0 0.543558340365237
15600.0 0.5437130743376875
15610.0 0.5437130743376875
15620.0 0.5437130743376875
15630.0 0.5439120180165523
15640.0 0.5441109616954172
15650.0 0.5441772762550389
15660.0 0.5441551714018316
15670.0 0.544199381108246
15680.0 0.544309905374282
15690.0 0.5445088490531469
15700.0 0.5446414781723902
15710.0 0.5445530587595613
15720.0 0.5445088490531469
15730.0 0.5446635830255974
15740.0 0.5448846315576694
15750.0 0.5450172606769127
15760.0 0.5450393655301199
15770.0 0.5450172606769127
15780.0 0.5450172606769127
15790.0 0.5450835752365343
15800.0 0.545149889796156
15810.0 0.5452162043557776
15820.0 0.5452825189153993
15830.0 0.5454151480346424
15840.0 0.5455477771538857
15850.0 0.5455698820070929
15860.0 0.5455919868603001
15870.0 0.5457467208327506
15880.0 0.5459677693648226
15890.0 0.5460782936308587
15900.0 0.5461446081904803
15910.0 0.5461667130436875
15920.0 0.5462772373097234
15930.0 0.5464540761353812
15940.0 0.5466309149610389
15950.0 0.5467193343738677
15960.0 0.5467414392270749
15970.0 0.5467856489334892
15980.0 0.5468961731995253
15990.0 0.5471172217315974
16000.0 0.5473382702636695
16010.0 0.5474266896764983
16020.0 0.5474930042361199
16030.0 0.547603528502156
16040.000000000002 0.5477361576213993
16050.0 0.5478908915938497
16060.000000000002 0.5480677304195074
16070.0 0.5482666740983723
16080.000000000002 0.5484214080708226
16090.0 0.5485319323368587
16100.000000000002 0.548664561456102
16110.0 0.548885609988174
16120.000000000002 0.5490845536670389
16130.0 0.5491729730798677
16140.000000000002 0.5492613924926966
16150.0 0.5494603361715614
16160.000000000002 0.5497034895568408
16170.0 0.5499687477953272
16180.000000000002 0.5501676914741921
16190.0 0.5503445302998498
16200.000000000002 0.550477159419093
16210.0 0.5506097885383362
16220.000000000002 0.5507645225107867
16230.0 0.5509634661896516
16240.000000000002 0.5511403050153092
16250.0 0.5512508292813452
16259.999999999998 0.5513834584005886
16270.0 0.5516266117858678
16279.999999999998 0.551869765171147
16290.0 0.5519581845839758
16299.999999999998 0.5520244991435975
16310.0 0.5522234428224625
16319.999999999998 0.5524665962077416
16330.0 0.552709749593021
16339.999999999998 0.5529086932718859
16350.0 0.5530855320975435
16359.999999999998 0.553240266069994
16370.0 0.5534392097488587
16379.999999999998 0.5536381534277237
16390.0 0.5538370971065886
16400.0 0.553991831079039
16410.0 0.5540802504918679
16420.0 0.5542128796111111
16430.0 0.5544560329963905
16440.0 0.5546991863816696
16450.0 0.5548097106477057
16460.0 0.5548539203541201
16470.0 0.5549644446201561
16480.0 0.5550749688861921
16490.0 0.5551854931522282
16500.0 0.5553623319778859
16510.0 0.5556275902163723
16520.0 0.5558486387484445
16530.0 0.5557823241888228
16540.0 0.5557381144824084
16550.0 0.5559591630144805
16560.0 0.5562465261061742
16570.0 0.5564012600786247
16580.0 0.5564896794914534
16590.0 0.5566002037574895
16600.0 0.5567770425831472
16610.0 0.5570423008216336
16620.0 0.5571970347940841
16630.0 0.5571307202344625
16640.0 0.5570423008216336
16650.0 0.5572191396472913
16660.0 0.557506502738985
16670.0 0.5577054464178499
16680.0 0.5577496561242643
16690.0 0.5576833415646427
16700.0 0.5576612367114355
16710.0 0.5577938658306788
16720.0 0.5579485998031292
16730.0 0.5579707046563364
16740.0 0.5579928095095437
16750.0 0.558147543481994
16760.0 0.5583464871608589
16770.0 0.558457011426895
16780.0 0.5585454308397239
16790.0 0.5587001648121742
16800.0 0.5588991084910391
16810.0 0.5590317376102824
16820.0 0.5591201570231111
16830.0 0.5592306812891472
16840.0 0.5593412055551833
16850.0 0.5594075201148049
16860.0 0.5594738346744266
16870.0 0.5595622540872554
16880.0 0.5596948832064986
16890.0 0.5598275123257418
16900.0 0.5599159317385707
16910.0 0.5600043511513995
16920.0 0.5601369802706427
16930.0 0.560380133655922
16940.0 0.560579077334787
16950.0 0.560601182187994
16960.0 0.5606674967476157
16970.0 0.5609548598393095
16980.0 0.5611980132245887
16990.0 0.5611759083713815
17000.0 0.5611538035181743
17010.0 0.5613969569034536
17020.0 0.5617727394079761
17030.0 0.5620379976464627
17040.0 0.5621485219124986
17050.0 0.5621485219124986
17060.0 0.5622148364721203
17070.0 0.5624137801509851
17080.0 0.5626569335362644
17090.0 0.5628116675087149
17100.0 0.562922191774751
17110.0 0.5630548208939942
17120.0 0.5632095548664445
17130.0 0.5633863936921023
17140.0 0.5635411276645527
17150.0 0.5635853373709672
17160.0 0.5637400713434176
17170.0 0.5641158538479402
17180.0 0.5644695314992554
17190.0 0.5646021606184987
17200.0 0.564646370324913
17210.0 0.5648011042973635
17220.0 0.5650000479762285
17230.0 0.5651326770954717
17240.0 0.5653095159211293
17250.0 0.5655305644532014
17260.0 0.5657516129852735
17270.0 0.5658400323981023
17280.0 0.5659284518109312
17290.0 0.5660610809301744
17300.0 0.566237919755832
17310.0 0.5664589682879042
17320.0 0.566657911966769
17330.0 0.5668568556456339
17340.0 0.5670336944712915
17350.0 0.5672326381501565
17360.0 0.5674094769758141
17370.0 0.5675200012418501
17380.0 0.5675421060950573
17390.0 0.5675200012418501
17400.0 0.5675863158014717
17410.0 0.5678515740399582
17420.0 0.5681610419848592
17430.0 0.5683378808105168
17440.0 0.5684484050765528
17450.0 0.5686031390490033
17460.0 0.5687578730214538
17470.0 0.5688020827278681
17480.0 0.5688020827278681
17490.0 0.5688683972874898
17500.0 0.5689347118471114
17510.0 0.5689789215535258
17520.0 0.5691115506727691
17530.0 0.5693768089112556
17540.0 0.5696199622965349
17550.0 0.5697083817093637
17560.0 0.5697083817093637
17570.0 0.5697083817093637
17580.0 0.5697746962689852
17590.0 0.5698410108286069
17600.0 0.5699736399478502
17610.0 0.5701283739203007
17620.0 0.5702167933331295
17630.0 0.5701946884799223
17640.0 0.5701946884799223
17650.0 0.5703052127459584
17660.0 0.5704378418652015
17670.0 0.5705262612780303
17680.0 0.5705262612780303
17690.0 0.5705041564248232
17700.0 0.5704820515716159
17710.0 0.5704820515716159
17720.0 0.5705041564248232
17730.0 0.5705262612780303
17740.0 0.570592575837652
17750.0 0.5707252049568953
17760.0 0.5708578340761384
17770.0 0.5709020437825529
17780.0 0.5709462534889673
17790.0 0.5710567777550034
17800.0 0.5711894068742466
17810.0 0.5712115117274538
17820.0 0.5711451971678322
17830.0 0.5710346729017961
17840.0 0.5709683583421745
17850.0 0.5709904631953817
17860.0 0.5711009874614178
17870.0 0.5712557214338682
17880.0 0.5714325602595259
17890.0 0.5715872942319763
17900.0 0.5716978184980124
17910.0 0.5717199233512196
17920.0 0.5716978184980124
17930.0 0.5716315039383907
17940.0 0.5716315039383907
17950.0 0.571764133057634
17960.0 0.5718083427640485
17970.0 0.5716093990851836
17980.0 0.5712557214338682
17990.0 0.5708357292229312
18000.0 0.570283107892751
18010.0 0.5693989137644627
18020.0 0.5679178885995798
18030.0 0.5655084595999942
18040.0 0.5620158927932554
18050.0 0.5572412445004986
18060.0 0.5508529419236156
18070.0 0.5424309928516694
18080.0 0.5315775099269304
18090.0 0.5178946057916689
18100.0 0.5010064979413622
18110.0 0.4807142426971456
18120.0 0.4570620497654333
18130.0 0.43020465311867595
18140.0 0.4003631012889456
18150.0 0.36791317678076474
18160.0 0.33354013004355676
18170.0 0.2979955260863668
18180.0 0.2621414541842759
18190.0 0.22684000361236528
18200.0 0.1929974733521303
18210.0 0.1614096381190305
18220.0 0.1325849095368317
18230.0 0.10687696525684916
18240.0 0.08450685381115497
18250.0 0.06551878490616359
18260.0 0.049780129422631714
18270.0 0.03704773397528008
18280.0 0.026990025766000583
18290.0 0.019253327143477893
18300.0 0.013439750749982273
18310.0 0.00917351408099119
18320.0 0.006123044338396529
18330.0 0.004000978430504592
18340.0 0.0025641629720360914
18350.0 0.0015915494309189533
18360.0 0.0009726135411171382
18370.0 0.0005747261833873998
18380.0 0.00033157279810811527
18390.0 0.00019894367886486917
18400.0 0.00011052426603603843
18410.0 6.631455962162305e-05
18420.0 2.2104853207207685e-05
18430.0 2.2104853207207685e-05
18440.0 0.0
