mejiro/data/roman_filter_response/RomanSCA08-Prism.ecsv
# %ECSV 1.0
# ---
# datatype:
# - {name: wavelength, unit: Angstrom, datatype: float64}
# - {name: response, datatype: float64}
# meta:
#   __serialized_columns__:
#     wavelength:
#       __class__: astropy.units.quantity.Quantity
#       unit: !astropy.units.Unit {unit: Angstrom}
#       value: !astropy.table.SerializedColumn {name: wavelength}
#   band_name: Prism
#   group_name: RomanSCA08
# schema: astropy-2.0
wavelength response
[from data line 574]
13230.0 0.5195082600757951
13240.0 0.5195966794886239
13250.0 0.5196629940482456
13260.0 0.5197293086078671
13270.0 0.5198177280206959
13280.0 0.5198840425803176
13290.0 0.5199061474335247
13300.0 0.519928252286732
13310.0 0.5200608814059752
13320.0 0.5202598250848401
13330.0 0.5204145590572905
13340.0 0.5204808736169122
13350.0 0.5205029784701193
13360.0 0.5205471881765338
13370.0 0.5207240270021914
13380.0 0.5208566561214347
13390.0 0.5208124464150203
13400.0 0.5207461318553986
13410.0 0.520790341561813
13420.0 0.5209229706810563
13430.0 0.5210777046535068
13440.0 0.52121033377275
13450.0 0.521320858038786
13460.0 0.5214313823048221
13470.0 0.5215640114240654
13480.0 0.5216745356901014
13490.0 0.521740850249723
13500.0 0.5218071648093446
13510.0 0.521851374515759
13520.0 0.5218734793689662
13530.0 0.5218734793689662
13540.000000000002 0.5218955842221735
13550.0 0.5220061084882095
13560.000000000002 0.5220945279010383
13570.0 0.5220503181946239
13580.000000000002 0.5220282133414167
13590.0 0.52216084246066
13600.000000000002 0.5223155764331103
13610.0 0.5223155764331103
13620.000000000002 0.5222492618734887
13630.0 0.5222050521670744
13640.000000000002 0.5222050521670744
13650.0 0.5222050521670744
13660.000000000002 0.5222713667266959
13670.0 0.5224261006991464
13680.000000000002 0.5225587298183897
13690.0 0.5226250443780113
13700.000000000002 0.5226250443780113
13710.0 0.5226029395248041
13720.000000000002 0.5226029395248041
13730.0 0.5226471492312185
13740.000000000002 0.5226913589376329
13750.0 0.5227797783504619
13759.999999999998 0.5228460929100833
13770.0 0.522912407469705
13779.999999999998 0.522912407469705
13790.0 0.5228681977632906
13799.999999999998 0.5228239880568762
13810.0 0.5228460929100833
13819.999999999998 0.5228681977632906
13830.0 0.5228460929100833
13839.999999999998 0.5227576734972545
13850.0 0.5226250443780113
13859.999999999998 0.5225366249651825
13870.0 0.5225587298183897
13879.999999999998 0.5226250443780113
13890.0 0.5226029395248041
13899.999999999998 0.5226471492312185
13910.0 0.5228681977632906
13919.999999999998 0.5230671414421554
13930.0 0.523022931735741
13939.999999999998 0.5228903026164978
13950.0 0.5228239880568762
13959.999999999998 0.5228681977632906
13970.0 0.5230008268825339
13980.0 0.5230450365889483
13990.0 0.5229345123229122
14000.0 0.5227576734972545
14010.0 0.5226692540844258
14020.0 0.5226471492312185
14030.0 0.5227134637908402
14040.0 0.5227576734972545
14050.0 0.5226913589376329
14060.0 0.5225808346715969
14070.0 0.5224482055523537
14080.0 0.5223155764331103
14090.0 0.5222050521670744
14100.0 0.5220282133414167
14110.0 0.5217629551029301
14120.0 0.5215419065708581
14130.0 0.521519801717651
14140.0 0.521519801717651
14150.0 0.5213871725984076
14160.0 0.5211882289195429
14170.0 0.5210334949470924
14180.0 0.5209671803874707
14190.0 0.5209892852406779
14200.0 0.5210334949470924
14210.0 0.5210334949470924
14220.0 0.5211219143599212
14230.0 0.5214092774516149
14240.0 0.5217629551029301
14250.0 0.5220282133414167
14260.0 0.52216084246066
14270.0 0.5221387376074527
14280.0 0.5221166327542456
14290.0 0.5221829473138672
14300.0 0.5222713667266959
14310.0 0.5223155764331103
14320.0 0.5223376812863176
14330.0 0.5223597861395248
14340.0 0.5224039958459392
14350.0 0.5224703104055608
14360.0 0.5225366249651825
14370.0 0.5225587298183897
14380.0 0.5225587298183897
14390.0 0.5224924152587681
14400.0 0.5224924152587681
14410.0 0.5225808346715969
14420.0 0.5227134637908402
14430.0 0.5227797783504619
14440.0 0.5227576734972545
14450.0 0.5227134637908402
14460.0 0.5226692540844258
14470.0 0.5226692540844258
14480.0 0.5227355686440474
14490.0 0.5228239880568762
14500.0 0.5229345123229122
14510.0 0.5230450365889483
14520.0 0.5231113511485699
14530.0 0.5230671414421554
14540.0 0.5230450365889483
14550.0 0.5231113511485699
14560.0 0.5231997705613987
14570.0 0.5232439802678132
14580.0 0.5232881899742275
14590.0 0.5233987142402635
14600.0 0.5235313433595068
14610.0 0.523553448212714
14620.0 0.5235755530659212
14630.0 0.5236418676255429
14640.0 0.5237081821851646
14650.0 0.5237081821851646
14660.0 0.5237302870383717
14670.0 0.5238408113044077
14680.0 0.523973440423651
14690.0 0.5241060695428942
14700.0 0.5241723841025159
14710.0 0.5241502792493087
14720.0 0.5241502792493087
14730.0 0.5242829083685518
14740.0 0.5244597471942095
14750.0 0.5245481666070384
14760.0 0.5245923763134528
14770.0 0.5246807957262817
14780.0 0.5247692151391105
14790.000000000002 0.5248797394051464
14800.0 0.5249902636711825
14810.000000000002 0.5251228927904258
14820.0 0.525255521909669
14830.000000000002 0.5253218364692906
14840.0 0.525366046175705
14850.000000000002 0.5254765704417411
14860.0 0.5255870947077771
14870.000000000002 0.525675514120606
14880.0 0.5257197238270204
14890.000000000002 0.5257639335334348
14900.0 0.5258523529462635
14910.000000000002 0.5259628772122996
14920.0 0.5260955063315429
14930.000000000002 0.5261618208911646
14940.0 0.5262502403039934
14950.000000000002 0.5264049742764438
14960.0 0.5265818131021015
14970.000000000002 0.5266702325149303
14980.0 0.5267144422213448
14990.000000000002 0.5267365470745519
15000.0 0.5267807567809664
15009.999999999998 0.5269133859002096
15020.0 0.52706811987266
15029.999999999998 0.5272007489919033
15040.0 0.5273333781111466
15049.999999999998 0.5274660072303898
15060.0 0.527598636349633
15069.999999999998 0.5277091606156691
15080.0 0.527797580028498
15089.999999999998 0.527797580028498
15100.0 0.527819684881705
15109.999999999998 0.5279744188541556
15120.0 0.5281733625330205
15129.999999999998 0.5283502013586782
15140.0 0.5284828304779213
15149.999999999998 0.5285049353311285
15160.0 0.5285270401843357
15169.999999999998 0.5285491450375429
15180.0 0.5286154595971646
15189.999999999998 0.5286817741567863
15200.0 0.5287701935696151
15209.999999999998 0.528880717835651
15220.0 0.5289691372484798
15230.0 0.5290575566613088
15240.0 0.5291459760741376
15250.0 0.5292786051933809
15260.0 0.529411234312624
15270.0 0.5295438634318673
15280.0 0.5296322828446961
15290.0 0.5296764925511105
15300.0 0.5297649119639394
15310.0 0.529941750789597
15320.0 0.5300964847620475
15330.0 0.5301185896152547
15340.0 0.5301185896152547
15350.0 0.5301627993216691
15360.0 0.5302291138812907
15370.0 0.5302954284409124
15380.0 0.5303838478537412
15390.0 0.5305606866793988
15400.0 0.5307154206518493
15410.0 0.5307596303582638
15420.0 0.5307154206518493
15430.0 0.5307154206518493
15440.0 0.5307596303582638
15450.0 0.5309585740371286
15460.0 0.5311575177159934
15470.0 0.5312459371288224
15480.0 0.5313122516884439
15490.0 0.53142277595448
15500.0 0.5315111953673088
15510.0 0.5315111953673088
15520.0 0.5315111953673088
15530.0 0.5315996147801376
15540.0 0.5317101390461737
15550.0 0.5317985584590025
15560.0 0.5318206633122097
15570.0 0.5317764536057953
15580.0 0.5317985584590025
15590.0 0.531953292431453
15600.0 0.5320859215506961
15610.0 0.5320859215506961
15620.0 0.5321080264039034
15630.0 0.5322848652295611
15640.0 0.532483808908426
15650.0 0.5325280186148403
15660.0 0.5325280186148403
15670.0 0.5325501234680475
15680.0 0.5326606477340836
15690.0 0.5328595914129485
15700.0 0.5329701156789844
15710.0 0.5329038011193629
15720.0 0.5328374865597413
15730.0 0.5329922205321918
15740.0 0.5332132690642638
15750.0 0.5333237933302999
15760.0 0.533345898183507
15770.0 0.5333237933302999
15780.0 0.5333016884770926
15790.0 0.5333680030367143
15800.0 0.5334343175963359
15810.0 0.5334785273027504
15820.0 0.5335448418623719
15830.0 0.5336774709816151
15840.0 0.5337879952476512
15850.0 0.5337879952476512
15860.0 0.5338101001008584
15870.0 0.5339648340733089
15880.0 0.5341416728989665
15890.0 0.5342521971650026
15900.0 0.534296406871417
15910.0 0.5343185117246241
15920.0 0.5343848262842458
15930.0 0.5345616651099034
15940.0 0.5347163990823539
15950.0 0.5347606087887683
15960.0 0.5347606087887683
15970.0 0.5348048184951827
15980.0 0.5348932379080116
15990.0 0.5350921815868764
16000.0 0.5352690204125341
16010.0 0.5353353349721558
16020.0 0.5353795446785702
16030.0 0.5354458592381918
16040.000000000002 0.5355563835042279
16050.0 0.5356669077702638
16060.000000000002 0.5357995368895071
16070.0 0.5359763757151648
16080.000000000002 0.536109004834408
16090.0 0.5361753193940296
16100.000000000002 0.5362637388068585
16110.0 0.5364405776325162
16120.000000000002 0.5366174164581737
16130.0 0.5366616261645882
16140.000000000002 0.5367058358710026
16150.0 0.5368605698434531
16160.000000000002 0.5370816183755251
16170.0 0.5373026669075972
16180.000000000002 0.5374795057332549
16190.0 0.537590029999291
16200.000000000002 0.5377005542653269
16210.0 0.5378110785313629
16220.000000000002 0.537921602797399
16230.0 0.5380763367698496
16240.000000000002 0.5382089658890927
16250.0 0.5382973853019216
16259.999999999998 0.5384079095679576
16270.0 0.5386289581000296
16279.999999999998 0.5388057969256873
16290.0 0.538872111485309
16299.999999999998 0.5389163211917234
16310.0 0.5390931600173811
16319.999999999998 0.5393142085494531
16330.0 0.5395352570815252
16339.999999999998 0.5397120959071829
16350.0 0.5398447250264261
16359.999999999998 0.5399994589988765
16370.0 0.5401762978245342
16379.999999999998 0.5403531366501919
16390.0 0.5405520803290567
16400.0 0.5406847094483
16410.0 0.5407731288611288
16420.0 0.5408836531271648
16430.0 0.5411489113656514
16440.0 0.5413699598977234
16450.0 0.5414804841637595
16460.0 0.5415246938701739
16470.0 0.5416352181362099
16480.0 0.5417678472554531
16490.0 0.5418783715214892
16500.0 0.5420773152003541
16510.0 0.5423646782920477
16520.0 0.5425857268241199
16530.0 0.5425636219709126
16540.0 0.5425415171177055
16550.0 0.5427846705029846
16560.0 0.5430941384478857
16570.0 0.5432930821267505
16580.0 0.5434257112459938
16590.0 0.543558340365237
16600.0 0.543779388897309
16610.0 0.54408885684221
16620.0 0.5442878005210748
16630.0 0.5442656956678676
16640.0 0.5442214859614533
16650.0 0.5444425344935253
16660.0 0.5447741072916334
16670.0 0.5450172606769127
16680.0 0.5451277849429488
16690.0 0.5451277849429488
16700.0 0.545149889796156
16710.0 0.5453267286218136
16720.0 0.5455256723006785
16730.0 0.5456140917135074
16740.0 0.5457025111263362
16750.0 0.5459235596584082
16760.0 0.5461667130436875
16770.0 0.5463214470161379
16780.0 0.5464540761353812
16790.0 0.5466972295206605
16800.0 0.5469403829059397
16810.0 0.5471172217315974
16820.0 0.5472498508508407
16830.0 0.5474266896764983
16840.0 0.5475814236489488
16850.0 0.5476919479149849
16860.0 0.5478024721810208
16870.0 0.5479572061534713
16880.0 0.548134044979129
16890.0 0.5483108838047867
16900.0 0.5484435129240299
16910.0 0.5485761420432731
16920.0 0.5487529808689308
16930.0 0.5490182391074172
16940.0 0.5492392876394894
16950.0 0.549305602199111
16960.0 0.549416126465147
16970.0 0.5497255944100479
16980.0 0.5500129575017416
16990.0 0.5500129575017416
17000.0 0.5500129575017416
17010.0 0.5502782157402281
17020.0 0.5506539982447506
17030.0 0.5509192564832371
17040.0 0.5510297807492731
17050.0 0.5510739904556876
17060.0 0.551118200162102
17070.0 0.5513392486941742
17080.0 0.5515824020794533
17090.0 0.5517150311986966
17100.0 0.5518255554647327
17110.0 0.5519360797307687
17120.0 0.5520908137032191
17130.0 0.5522676525288769
17140.0 0.55240028164812
17150.0 0.5524444913545346
17160.0 0.5525992253269849
17170.0 0.552930798125093
17180.0 0.5532844757764084
17190.0 0.5533728951892373
17200.0 0.5533950000424444
17210.0 0.5535276291616877
17220.0 0.5537044679873453
17230.0 0.5538370971065886
17240.0 0.5539697262258318
17250.0 0.5541686699046967
17260.0 0.5543455087303544
17270.0 0.5544339281431832
17280.0 0.5544781378495975
17290.0 0.5545886621156336
17300.0 0.554743396088084
17310.0 0.554942339766949
17320.0 0.5551191785926066
17330.0 0.5552739125650571
17340.0 0.5554065416843003
17350.0 0.5555833805099579
17360.0 0.5557381144824084
17370.0 0.5558265338952373
17380.0 0.5558265338952373
17390.0 0.5557823241888228
17400.0 0.5558265338952373
17410.0 0.5560696872805165
17420.0 0.556334945519003
17430.0 0.5564675746382463
17440.0 0.556555994051075
17450.0 0.5567107280235255
17460.0 0.5568433571427688
17470.0 0.5568433571427688
17480.0 0.5568433571427688
17490.0 0.5568875668491832
17500.0 0.5569538814088049
17510.0 0.5569759862620121
17520.0 0.5570865105280481
17530.0 0.5573296639133274
17540.0 0.5575728172986067
17550.0 0.5576391318582282
17560.0 0.5576391318582282
17570.0 0.5576391318582282
17580.0 0.5577054464178499
17590.0 0.5577717609774715
17600.0 0.5578822852435076
17610.0 0.558037019215958
17620.0 0.5581254386287868
17630.0 0.5581033337755796
17640.0 0.5581033337755796
17650.0 0.5582138580416157
17660.0 0.5583685920140661
17670.0 0.5584349065736878
17680.0 0.5584349065736878
17690.0 0.5584128017204805
17700.0 0.5584128017204805
17710.0 0.5584128017204805
17720.0 0.558457011426895
17730.0 0.5584791162801022
17740.0 0.5585454308397239
17750.0 0.5587001648121742
17760.0 0.5588106890782103
17770.0 0.558877003637832
17780.0 0.5589212133442464
17790.0 0.5590317376102824
17800.0 0.5591643667295256
17810.0 0.5591864715827328
17820.0 0.5591422618763184
17830.0 0.5590317376102824
17840.0 0.5589212133442464
17850.0 0.5589212133442464
17860.0 0.558987527903868
17870.0 0.5590538424634895
17880.0 0.559098052169904
17890.0 0.5590317376102824
17900.0 0.5588106890782103
17910.0 0.5583243823076517
17920.0 0.5575507124453994
17930.0 0.5564012600786247
17940.0 0.5548539203541201
17950.0 0.5528202738590571
17960.0 0.5499245380889128
17970.0 0.5458130353923721
17980.0 0.5403531366501919
17990.0 0.5334343175963359
18000.0 0.5247913199923177
18010.0 0.514070466186822
18020.0 0.5008959736753261
18030.0 0.4850467939257583
18040.0 0.46645661237849656
18050.0 0.4451917435931627
18060.0 0.42138481668900013
18070.0 0.3952126704916662
18080.0 0.3669405632396476
18090.0 0.3370326968502956
18100.0 0.3059532732409616
18110.0 0.2743433331546546
18120.0 0.24284391733438362
18130.0 0.21216238108277935
18140.0 0.18278503117040035
18150.0 0.15517606951459795
18160.0 0.12977759317951632
18170.0 0.10689907011005637
18180.0 0.08665102457225413
18190.0 0.06907766627252401
18200.0 0.05420110006407324
18210.0 0.041822382268036945
18220.0 0.03176467405875744
18230.0 0.02369640263812664
18240.0 0.017374414620865242
18250.0 0.012533451768486758
18260.0 0.008864046136090282
18270.0 0.0061672540448109445
18280.0 0.004199922109369461
18290.0 0.0028294212105225837
18300.0 0.0018568076694054454
18310.0 0.0011936620731892152
18320.0 0.0007515650090450613
18330.0 0.00046420191735136135
18340.0 0.0002873630916936999
18350.0 0.00017683882565766148
18360.0 0.00011052426603603843
18370.0 6.631455962162305e-05
18380.0 4.420970641441537e-05
18390.0 2.2104853207207685e-05
18400.0 0.0
