mejiro/data/roman_filter_response/RomanSCA13-F213.ecsv
# %ECSV 1.0
# ---
# datatype:
# - {name: wavelength, unit: Angstrom, datatype: float64}
# - {name: response, datatype: float64}
# meta:
#   __serialized_columns__:
#     wavelength:
#       __class__: astropy.units.quantity.Quantity
#       unit: !astropy.units.Unit {unit: Angstrom}
#       value: !astropy.table.SerializedColumn {name: wavelength}
#   band_name: F213
#   group_name: RomanSCA13
# schema: astropy-2.0
wavelength response
19430.0 0.0
19440.0 2.2104853207207685e-05
19450.0 4.420970641441537e-05
19460.0 0.0001326291192432461
19470.0 0.0003094679449009076
19480.0 0.0007073553026306459
19490.0 0.0015252348712973302
19500.0 0.0031167843022162837
19510.0 0.006078834631982113
19520.0 0.011229265429261504
19530.0 0.019651214501207635
19540.0 0.03267097304025296
19550.0 0.05157062253241553
19560.0 0.07749961534447015
19570.0 0.11096636310018258
19580.0 0.15163929300144474
19590.0 0.1981921138558241
19600.0 0.24848065490222163
19610.0 0.29980812404935786
19620.0 0.34907984184822377
19630.0 0.393377967675468
19640.0 0.43097832298092825
19650.0 0.4612619718748028
19660.0 0.48429522891671317
19670.0 0.5007191348496686
19680.0 0.5117715614532723
19690.0 0.5187566950667499
19700.0 0.5228903026164978
19710.0 0.5251007879372186
19720.0 0.5262723451572006
19730.0 0.5269797004598312
19740.0 0.5273554829643538
19750.0 0.5273333781111466
19760.0 0.5272007489919033
19770.0 0.5272449586983178
19780.0 0.5273775878175609
19790.0 0.5275102169368042
19800.0 0.5275765314964258
19810.0 0.527598636349633
19820.0 0.5276207412028402
19830.0 0.5276649509092547
19840.0 0.5276649509092547
19850.0 0.5275544266432186
19860.0 0.5274439023771825
19870.0 0.5274217975239754
19880.0 0.5274439023771825
19890.0 0.5273775878175609
19900.0 0.5273112732579394
19910.0 0.5273112732579394
19920.0 0.5273775878175609
19930.0 0.5274439023771825
19940.0 0.5275544266432186
19950.0 0.5276649509092547
19960.0 0.5276428460560475
19970.0 0.5273996926707681
19980.0 0.5272449586983178
19990.0 0.5274881120835969
20000.0 0.5277754751752907
20010.0 0.5277533703220836
20019.999999999996 0.5275544266432186
20030.0 0.5273554829643538
20040.0 0.5272228538451105
20050.0 0.5271344344322817
20059.999999999996 0.5269797004598312
20070.0 0.5267144422213448
20080.0 0.5264491839828582
20090.0 0.526316554863615
20099.999999999996 0.526316554863615
20110.0 0.5264049742764438
20120.0 0.5264049742764438
20130.0 0.5261839257443717
20139.999999999996 0.5258965626526781
20150.0 0.5257418286802276
20160.0 0.525675514120606
20170.0 0.5256534092673988
20179.999999999996 0.5255207801481555
20190.0 0.5251228927904258
20200.0 0.5246807957262817
20210.0 0.5243934326345879
20219.999999999996 0.5243492229281735
20230.0 0.5245039569006239
20240.0 0.5246586908730744
20250.0 0.5245923763134528
20259.999999999996 0.5243934326345879
20270.0 0.5242608035153447
20280.0 0.5241944889557231
20290.0 0.5242165938089303
20299.999999999996 0.5241723841025159
20310.0 0.523973440423651
20320.0 0.523752391891579
20330.0 0.523553448212714
20339.999999999996 0.5233987142402635
20350.0 0.5232881899742275
20360.0 0.5232439802678132
20370.0 0.5233545045338491
20379.999999999996 0.523442923946678
20390.0 0.5233987142402635
20400.0 0.5232881899742275
20410.0 0.5231997705613987
20419.999999999996 0.523221875414606
20430.0 0.5233766093870564
20440.0 0.523553448212714
20450.0 0.5236639724787501
20460.0 0.5236197627723356
20470.0 0.5234871336530924
20480.0 0.5232881899742275
20490.0 0.5231334560017771
20500.0 0.5231776657081915
20510.0 0.5234650287998852
20520.0 0.5237081821851646
20530.0 0.5236639724787501
20540.0 0.5236639724787501
20550.0 0.5240397549832726
20560.0 0.5243713277813807
20570.0 0.5242829083685518
20580.0 0.524083964689687
20590.0 0.5242165938089303
20600.0 0.5244818520474167
20610.0 0.5246807957262817
20620.0 0.5247913199923177
20630.0 0.5249239491115608
20640.0 0.5250344733775969
20650.0 0.5251671024968402
20660.0 0.5254102558821194
20670.0 0.5258302480930565
20680.0 0.5260955063315429
20690.0 0.5259849820655069
20700.0 0.5260512966251285
20710.0 0.5267365470745519
20720.0 0.5273996926707681
20730.0 0.5273996926707681
20740.0 0.5273554829643538
20750.0 0.5278859994413267
20760.0 0.5283723062118852
20770.0 0.5282617819458493
20780.0 0.5280407334137771
20790.0 0.5283059916522637
20800.0 0.5287701935696151
20810.0 0.5290133469548943
20820.0 0.5292343954869664
20830.000000000004 0.5296764925511105
20840.0 0.5300522750556331
20850.0 0.5300964847620475
20860.0 0.5301406944684619
20870.000000000004 0.5305606866793988
20880.0 0.5310912031563718
20890.0 0.5313564613948584
20900.0 0.5314448808076871
20910.000000000004 0.5315111953673088
20920.0 0.5316659293397592
20930.0 0.5319311875782458
20940.0 0.5321743409635251
20950.000000000004 0.5323290749359755
20960.0 0.532483808908426
20970.0 0.5328153817065341
20980.0 0.5332132690642638
20990.000000000004 0.5335227370091647
21000.0 0.5336774709816151
21010.0 0.5336332612752007
21020.0 0.5336774709816151
21030.000000000004 0.533986938926516
21040.0 0.5343406165778314
21050.0 0.5344290359906602
21060.0 0.5344732456970747
21070.000000000004 0.5346721893759395
21080.0 0.5347385039355611
21090.0 0.5344511408438675
21100.0 0.5341858826053809
21110.000000000004 0.5343185117246241
21120.0 0.5346279796695251
21130.0 0.5348711330548044
21140.0 0.535047971880462
21150.000000000004 0.5352911252657414
21160.0 0.5356005932106422
21170.0 0.535887956302336
21180.0 0.5359763757151648
21190.000000000004 0.5357995368895071
21200.0 0.5356448029170566
21210.0 0.5357774320362999
21220.0 0.5358216417427143
21230.000000000004 0.5354900689446062
21240.0 0.5350700767336692
21250.0 0.5349816573208404
21260.0 0.5351806009997053
21269.999999999996 0.5355563835042279
21280.0 0.5357995368895071
21290.0 0.5357111174766783
21300.0 0.5356005932106422
21309.999999999996 0.5358658514491287
21320.0 0.5362195291004441
21330.0 0.5363521582196873
21340.0 0.5363521582196873
21349.999999999996 0.5363079485132729
21360.0 0.5360868999812007
21370.0 0.5356226980638494
21380.0 0.5353132301189485
21389.999999999996 0.5355121737978135
21400.0 0.5357332223298854
21410.0 0.5355121737978135
21420.0 0.5352690204125341
21429.999999999996 0.5354016495317774
21440.0 0.535689012623471
21450.0 0.5358216417427143
21460.0 0.5358658514491287
21469.999999999996 0.535887956302336
21480.0 0.5359100611555431
21490.0 0.5359100611555431
21500.0 0.535998480568372
21509.999999999996 0.5362637388068585
21520.0 0.5363963679261017
21530.0 0.5361311096876151
21540.0 0.5357332223298854
21549.999999999996 0.5355342786510205
21560.0 0.5354458592381918
21570.0 0.5352911252657414
21580.0 0.535158496146498
21589.999999999996 0.535158496146498
21600.0 0.5353132301189485
21610.0 0.5356005932106422
21620.0 0.5358216417427143
21629.999999999996 0.5358437465959215
21640.0 0.5357553271830927
21650.0 0.5357553271830927
21660.0 0.5358216417427143
21669.999999999996 0.535887956302336
21680.0 0.535887956302336
21690.0 0.5357332223298854
21700.0 0.5355563835042279
21710.0 0.5354900689446062
21720.0 0.5354237543849846
21730.0 0.5353132301189485
21740.0 0.5352690204125341
21750.0 0.5354016495317774
21760.0 0.5355563835042279
21770.0 0.5355784883574349
21780.0 0.5356669077702638
21790.0 0.5359321660087504
21800.0 0.5362637388068585
21810.0 0.5363963679261017
21820.0 0.5362858436600656
21830.0 0.5359321660087504
21840.0 0.5356669077702638
21850.0 0.5356448029170566
21860.0 0.5356448029170566
21870.0 0.5354458592381918
21880.0 0.5353795446785702
21890.0 0.5357111174766783
21900.0 0.5359542708619575
21910.0 0.5356448029170566
21920.0 0.5352469155593269
21930.0 0.5352690204125341
21940.0 0.5354016495317774
21950.0 0.5353132301189485
21960.0 0.5351363912932908
21970.0 0.5350921815868764
21980.0 0.5352911252657414
21990.0 0.535689012623471
22000.0 0.5357995368895071
22010.0 0.5352911252657414
22020.0 0.5347385039355611
22030.0 0.5347827136419755
22040.0 0.5352469155593269
22050.0 0.5357995368895071
22060.0 0.5358658514491287
22070.0 0.5351806009997053
22080.000000000004 0.5346279796695251
22090.0 0.5350037621740477
22100.0 0.5355342786510205
22110.0 0.5354237543849846
22120.000000000004 0.5351142864400836
22130.0 0.5352027058529124
22140.0 0.5353795446785702
22150.0 0.5352690204125341
22160.000000000004 0.535158496146498
22170.0 0.5353574398253629
22180.0 0.535689012623471
22190.0 0.5359100611555431
22200.000000000004 0.5357332223298854
22210.0 0.5350700767336692
22220.0 0.5345395602566962
22230.0 0.5346721893759395
22240.000000000004 0.5352469155593269
22250.0 0.5358216417427143
22260.0 0.5359321660087504
22270.0 0.5352911252657414
22280.000000000004 0.5346942942291467
22290.0 0.5347827136419755
22300.0 0.5352248107061197
22310.0 0.5354016495317774
22320.000000000004 0.5352469155593269
22330.0 0.5348711330548044
22340.0 0.5345837699631107
22350.0 0.5346279796695251
22360.000000000004 0.5347606087887683
22370.0 0.5347163990823539
22380.0 0.5344732456970747
22390.0 0.5341858826053809
22400.000000000004 0.5341195680457593
22410.0 0.5344069311374531
22420.0 0.5345837699631107
22430.0 0.5341637777521737
22440.000000000004 0.5336332612752007
22450.0 0.5334785273027504
22460.0 0.5335006321559574
22470.0 0.5333901078899214
22480.000000000004 0.5331911642110566
22490.0 0.533014325385399
22500.0 0.5330364302386061
22510.0 0.5333680030367143
22519.999999999996 0.533655366128408
22530.0 0.5335448418623719
22540.0 0.5333901078899214
22550.0 0.5334343175963359
22559.999999999996 0.5333016884770926
22570.0 0.532704857440498
22580.0 0.5321743409635251
22590.0 0.5323069700827683
22599.999999999996 0.5326385428808764
22610.0 0.5326164380276692
22620.0 0.5323953894955972
22630.0 0.5321522361103178
22639.999999999996 0.5317985584590025
22650.0 0.5312680419820295
22660.0 0.531113308009579
22670.0 0.5317322438993809
22679.999999999996 0.5323953894955972
22690.0 0.5322627603763539
22700.0 0.5316659293397592
22710.0 0.5310912031563718
22719.999999999996 0.5306933157986421
22730.0 0.53047226726657
22740.0 0.5302291138812907
22750.0 0.5297428071107322
22759.999999999996 0.5292565003401736
22770.0 0.5289912421016871
22780.0 0.5289470323952727
22790.0 0.5290354518081015
22799.999999999996 0.5290133469548943
22810.0 0.5287038790099934
22820.0 0.5283059916522637
22830.0 0.5280628382669844
22839.999999999996 0.5279523140009483
22850.0 0.5278417897349124
22860.0 0.5277091606156691
22870.0 0.5275765314964258
22879.999999999996 0.5274439023771825
22890.0 0.5273775878175609
22900.0 0.5272449586983178
22910.0 0.5270018053130384
22919.999999999996 0.5265376033956871
22930.0 0.5257639335334348
22940.0 0.5245481666070384
22950.0 0.5228460929100833
22960.0 0.5206577124425699
22970.0 0.5178946057916689
22980.0 0.5141588855996507
22990.0 0.5088316159767137
23000.0 0.5012275464734343
23010.0 0.49077195090642506
23020.0 0.4771774661839923
23030.0 0.46009041465482076
23040.0 0.43871502160345094
23050.0 0.41252077055290987
23060.0 0.3819718634205488
23070.0 0.3479967040410706
23080.0 0.31161211566200675
23090.0 0.273857026384096
23100.0 0.23543879150996905
23110.0 0.19744054884677906
23120.0 0.16158647694468817
23130.0 0.1291586572897145
23140.0 0.10062129179920938
23150.0 0.0762396387116593
23160.0 0.056168431999514726
23170.0 0.040252937690325195
23180.0 0.028028953866739346
23190.0 0.018943859198576985
23200.0 0.012422927502450718
23210.0 0.007891432594973144
23220.0 0.004885172558792899
23230.0 0.0029178406233514144
23240.0 0.001702073696954992
23250.0 0.0009505086879099305
23260.0 0.0005084116237657767
23270.0 0.0002652582384864922
23280.0 0.0001326291192432461
23290.0 6.631455962162305e-05
23300.0 2.2104853207207685e-05
23310.0 2.2104853207207685e-05
23320.0 0.0
