mejiro/data/roman_filter_response/RomanSCA03-Grism_1stOrder.ecsv
# %ECSV 1.0
# ---
# datatype:
# - {name: wavelength, unit: Angstrom, datatype: float64}
# - {name: response, datatype: float64}
# meta:
#   __serialized_columns__:
#     wavelength:
#       __class__: astropy.units.quantity.Quantity
#       unit: !astropy.units.Unit {unit: Angstrom}
#       value: !astropy.table.SerializedColumn {name: wavelength}
#   band_name: Grism_1stOrder
#   group_name: RomanSCA03
# schema: astropy-2.0
wavelength response
[from data line 545]
15360.0 0.4242805524591443
15370.0 0.4239047699546218
15380.0 0.42355109230330645
15390.0 0.42326372921161276
15400.0 0.4229542612667119
15410.0 0.4225563739089821
15420.0 0.42211427684483793
15430.0 0.4216721797806938
15440.0 0.42129639727617124
15450.0 0.4210090341844776
15460.0 0.42072167109278386
15470.0 0.4203679934414685
15480.0 0.419992210936946
15490.0 0.4196385332856307
15500.0 0.4192627507811082
15510.0 0.41882065371696403
15520.0 0.41840066150602706
15530.0 0.41802487900150453
15540.0 0.4176712013501892
15550.0 0.4172954188456667
15560.0 0.4168754266347297
15570.0 0.41638911986417115
15580.0 0.4159691276532342
15590.0 0.41563755485512616
15600.0 0.415305982057018
15610.0 0.41484178013966666
15620.0 0.4144217879287297
15630.0 0.41411231998382875
15640.0 0.4138249568921351
15650.0 0.41340496468119814
15660.0 0.4129407627638468
15670.0 0.41252077055290987
15680.0 0.41216709290159453
15690.0 0.4118576249566936
15700.0 0.41148184245217106
15710.0 0.41097343082840526
15720.0 0.4104871240578467
15730.0 0.4101334464065314
15740.0 0.40986818816804493
15750.0 0.4094924056635224
15760.0 0.40907241345258544
15770.0 0.4085861066820269
15780.0 0.4081219047646755
15790.0 0.40770191255373855
15800.0 0.40730402519600883
15810.0 0.40688403298507186
15820.0 0.4064640407741349
15830.0 0.40611036312281956
15840.0 0.40573458061829704
15850.0 0.40529248355415287
15860.0 0.40485038649000876
15870.0 0.40449670883869343
15880.0 0.40418724089379254
15890.0 0.40381145838927
15900.0 0.40339146617833305
15910.0 0.4029493691141889
15920.0 0.40255148175645916
15930.0 0.40219780410514383
15940.0 0.40186623130703575
15950.0 0.4014462390960988
15960.0 0.4010041420319546
15970.0 0.4005620449678105
15980.0 0.40016415761008073
15990.0 0.3998546896651798
16000.0 0.39954522172027895
16010.0 0.399125229509342
16020.0 0.39870523729840507
16030.0 0.3983073499406753
16040.000000000002 0.3979094625829456
16050.0 0.39755578493163024
16060.000000000002 0.3972021072803149
16070.0 0.3968484296289996
16080.000000000002 0.39649475197768425
16090.0 0.3960968646199545
16100.000000000002 0.3956989772622248
16110.0 0.39538950931732386
16120.000000000002 0.39503583166600853
16130.0 0.39461583945507156
16140.000000000002 0.3941958472441347
16150.0 0.39384216959281937
16160.000000000002 0.3935548065011256
16170.0 0.39324533855622473
16180.000000000002 0.39291376575811665
16190.0 0.39253798325359407
16200.000000000002 0.39214009589586435
16210.0 0.3917643133913418
16220.000000000002 0.39138853088681924
16230.0 0.3910348532355039
16240.000000000002 0.39065907073098144
16250.0 0.3902611833732517
16259.999999999998 0.38986329601552194
16270.0 0.38955382807062106
16279.999999999998 0.3892222552725129
16290.0 0.38880226306157595
16299.999999999998 0.3883601659974318
16310.0 0.3880064883461165
16319.999999999998 0.3876970204012156
16330.0 0.3873654476031075
16339.999999999998 0.38701176995179215
16350.0 0.3866359874472696
16359.999999999998 0.3862602049427471
16370.0 0.38590652729143177
16379.999999999998 0.38557495449332363
16390.0 0.3851991719888011
16400.0 0.3848233894842786
16410.0 0.38440339727334166
16420.0 0.38400550991561194
16430.0 0.3836739371175038
16440.0 0.38336446917260286
16450.0 0.38294447696166595
16460.0 0.3824802750443146
16470.0 0.3820602828333776
16480.0 0.3816623954756479
16490.0 0.3812424032647109
16500.0 0.38086662076018846
16510.0 0.3805792576684947
16520.0 0.3802255800171794
16530.0 0.37969506354020643
16540.0 0.37918665191644063
16550.0 0.3788329742651253
16560.0 0.3785456111734316
16570.0 0.3781698286689091
16580.0 0.37774983645797217
16590.0 0.3773298442470352
16600.0 0.37695406174251267
16610.0 0.3766445937976117
16620.0 0.3762688112930892
16630.0 0.37573829481611626
16640.0 0.37518567348593607
16650.0 0.37483199583462073
16660.0 0.3745225278897198
16670.0 0.3741688502384045
16680.0 0.37372675317426035
16690.0 0.37319623669728735
16700.0 0.37268782507352155
16710.0 0.37228993771579183
16720.0 0.37191415521126936
16730.0 0.3714278484407107
16740.0 0.37096364652335934
16750.0 0.37058786401883687
16760.0 0.37023418636752153
16770.0 0.36981419415658456
16780.0 0.36937209709244045
16790.0 0.3690184194411251
16800.0 0.36864263693660254
16810.0 0.3682447495788728
16820.0 0.36782475736793585
16830.0 0.36740476515699894
16840.0 0.36698477294606197
16850.0 0.3665426758819178
16860.0 0.3661005788177737
16870.0 0.3656805866068368
16880.0 0.3652605943958998
16890.0 0.3648627070381701
16900.0 0.3644206099740259
16910.0 0.36400061776308895
16920.0 0.36360273040535923
16930.0 0.3632490527540439
16940.0 0.36289537510272857
16950.0 0.36240906833217
16960.0 0.36196697126802585
16970.0 0.36165750332312496
16980.0 0.3613259305250168
16990.0 0.3608175189012511
17000.0 0.3603091072774853
17010.0 0.3599775344793772
17020.0 0.35971227624089064
17030.0 0.35938070344278256
17040.0 0.3589607112318456
17050.0 0.35847440446128703
17060.0 0.3580102025439357
17070.0 0.3576565248926204
17080.0 0.35730284724130507
17090.0 0.3569049598835753
17100.0 0.3564628628194311
17110.0 0.3560649754617014
17120.0 0.35566708810397163
17130.0 0.3552692007462419
17140.0 0.3548713133885122
17150.0 0.35440711147116083
17160.0 0.35400922411343105
17170.0 0.3537439658749446
17180.0 0.35345660278325086
17190.0 0.35303661057231395
17200.0 0.3525724086549626
17210.0 0.3521745212972328
17220.0 0.3517987387927103
17230.0 0.35137874658177337
17240.0 0.35098085922404365
17250.0 0.3506271815727283
17260.0 0.3502513990682058
17270.0 0.3498314068572688
17280.0 0.34936720493991746
17290.0 0.34894721272898055
17300.0 0.34857143022445797
17310.0 0.34821775257314264
17320.0 0.34784197006862017
17330.0 0.34744408271089045
17340.0 0.34706830020636786
17350.0 0.34669251770184534
17360.0 0.3463167351973228
17370.0 0.34587463813317865
17380.0 0.3454104362158273
17390.0 0.34490202459206154
17400.0 0.3444378226747102
17410.0 0.34410624987660204
17420.0 0.3437967819317011
17430.0 0.34339889457397144
17440.0 0.34297890236303447
17450.0 0.34260311985851194
17460.0 0.34218312764757497
17470.0 0.3417189257302236
17480.0 0.34123261895966506
17490.0 0.3407905218955209
17500.0 0.34034842483137673
17510.0 0.33988422291402537
17520.0 0.33946423070308845
17530.0 0.3391326579049803
17540.0 0.3388010851068722
17550.0 0.338358988042728
17560.0 0.33787268127216946
17570.0 0.3374084793548181
17580.0 0.33696638229067394
17590.0 0.3365242852265298
17600.0 0.33610429301559286
17610.0 0.3357064056578631
17620.0 0.33528641344692617
17630.0 0.3348001066763676
17640.0 0.334313799905809
17650.0 0.3338938076948721
17660.0 0.33351802519034957
17670.0 0.3330759281262054
17680.0 0.33258962135564685
17690.0 0.33210331458508824
17700.0 0.3316170078145297
17710.0 0.33113070104397113
17720.0 0.3306664991266198
17730.0 0.3302022972092684
17740.0 0.32976020014512425
17750.0 0.32936231278739453
17760.0 0.32896442542966475
17770.0 0.3285223283655206
17780.0 0.32805812644816923
17790.0 0.3276381342372323
17800.0 0.32724024687950254
17810.0 0.3267760449621512
17820.0 0.32626763333838543
17830.0 0.32573711686141243
17840.0 0.3252066003844395
17850.0 0.32474239846708813
17860.0 0.32432240625615116
17870.0 0.32392451889842144
17880.0 0.3235487363938989
17890.0 0.32317295388937634
17900.0 0.3227529616784394
17910.0 0.32228875976108806
17920.0 0.32178034813732226
17930.0 0.3212719365135565
17940.0 0.32082983944941235
17950.0 0.3204540569448898
17960.0 0.32005616958716004
17970.0 0.3195698628166015
17980.0 0.31903934633962855
17990.0 0.3185972492754844
18000.0 0.3181993619177546
18010.0 0.3178677891196465
18020.0 0.31746990176191675
18030.0 0.3170056998445654
18040.0 0.31651939307400684
18050.0 0.3160330863034483
18060.0 0.3156130940925113
18070.0 0.3152152067347816
18080.0 0.31483942423025907
18090.0 0.31444153687252935
18100.0 0.3140215446615924
18110.0 0.313557342744241
18120.0 0.3131152456800969
18130.0 0.31273946317557433
18140.0 0.312385785524259
18150.0 0.3119878981665293
18160.0 0.3115679059555923
18170.0 0.3111479137446554
18180.0 0.3106616069740968
18190.0 0.3100647759375022
18200.0 0.309512154607322
18210.0 0.3090921623963851
18220.0 0.30876058959827696
18230.0 0.3084290168001688
18240.0 0.3080974440020607
18250.0 0.30781008091036705
18260.0 0.3075006129654661
18270.0 0.30716904016735797
18280.0 0.30674904795642105
18290.0 0.30624063633265525
18300.0 0.3057543295620967
18310.0 0.305356442204367
18320.0 0.3049585548466372
18330.0 0.30449435292928584
18340.0 0.3040080461587273
18350.0 0.30361015880099756
18360.0 0.3032785860028895
18370.0 0.30294701320478135
18380.0 0.302593335553466
18390.0 0.3022396579021507
18400.0 0.3018417705444209
18410.0 0.3013996734802768
18420.0 0.3009133667097182
18430.0 0.30042705993915964
18440.0 0.2999407531686011
18450.0 0.2994986561044569
18460.0 0.2991007687467272
18470.0 0.2986807765357902
18480.0 0.2983049940312677
18490.0 0.2979513163799524
18500.0 0.29753132416901545
18510.0 0.29700080769204246
18520.0 0.29647029121506946
18530.0 0.29607240385733974
18540.0 0.29569662135281716
18550.0 0.2952324194354658
18560.0 0.29474611266490724
18570.0 0.29432612045397033
18580.0 0.2939282330962406
18590.0 0.2935303457385109
18600.0 0.2931324583807811
18610.0 0.2927345710230514
18620.0 0.2923366836653216
18630.0 0.2918945866011775
18640.0 0.2913640701242045
18650.0 0.2907451342344027
18660.0 0.2901483031978081
18670.0 0.28968410128045674
18680.0 0.28930831877593416
18690.0 0.2888441168585828
18700.0 0.28835781008802425
18710.0 0.2878272936110513
18720.0 0.28742940625332153
18730.0 0.2871862528680422
18740.0 0.2868988897763486
18750.0 0.28641258300579
18760.0 0.28590417138202423
18770.0 0.28548417917108726
18780.0 0.28510839666656473
18790.0 0.284599985042799
18800.0 0.2840915734190331
18810.0 0.283649476354889
18820.0 0.2832294841439521
18830.0 0.2827210725201863
18840.0 0.2821905560432133
18850.0 0.28170424927265475
18860.0 0.28119583764888895
18870.0 0.2806432163187088
18880.0 0.28000217557569973
18890.0 0.2793169251262763
18900.0 0.27860956982364565
18910.0 0.27788010966780785
18920.0 0.27690749612669063
18930.0 0.2755812049342582
18940.0 0.2740559700629609
18950.0 0.2724202109256275
18960.0 0.27051919354980763
18970.0 0.26817607910984365
18980.0 0.2654350773121499
18990.0 0.26234039786314084
19000.0 0.2587152019371588
19010.0 0.25438265070854604
19020.0 0.24934274417730268
19030.0 0.24361758719663593
19040.0 0.23714086520692404
19050.0 0.22986836850175274
19060.0 0.2217337825215003
19070.0 0.21275921211937399
19080.0 0.2030330767082026
19090.0 0.1926880054072294
19100.0 0.1817682079228688
19110.0 0.17040631337436404
19120.0 0.15862442661492235
19130.0 0.14655517676378696
19140.0 0.13437540264661552
19150.0 0.12223983823585852
19160.0 0.11028111265075914
19170.0 0.0986318550105607
19180.0 0.08740258958129918
19190.0 0.0767701551886323
19200.0 0.06684507609859604
19210.0 0.05771577172401927
19220.0 0.049360137211694764
19230.0 0.04175606770841532
19240.0 0.03496987777380256
19250.0 0.028979462554649275
19260.0 0.02378482205095547
19270.0 0.01929753684989231
19280.0 0.015517606951459794
19290.0 0.012334508089621889
19300.0 0.009704030557964174
19310.0 0.007559859796865028
19320.0 0.0058135763934956215
19330.0 0.004420970641441537
19340.0 0.003337832834288361
19350.0 0.0024757435592072607
19360.0 0.001834702816198238
19370.0 0.001326291192432461
19380.0 0.0009505086879099305
19390.0 0.0006852504494234382
19400.0 0.0004863067705585691
19410.0 0.00033157279810811527
19420.0 0.00022104853207207686
19430.0 0.0001547339724504538
19440.0 0.00011052426603603843
19450.0 6.631455962162305e-05
19460.0 4.420970641441537e-05
19470.0 2.2104853207207685e-05
19480.0 2.2104853207207685e-05
19490.0 2.2104853207207685e-05
19500.0 0.0
