mejiro/data/roman_filter_response/RomanSCA15-F213.ecsv
# %ECSV 1.0
# ---
# datatype:
# - {name: wavelength, unit: Angstrom, datatype: float64}
# - {name: response, datatype: float64}
# meta:
#   __serialized_columns__:
#     wavelength:
#       __class__: astropy.units.quantity.Quantity
#       unit: !astropy.units.Unit {unit: Angstrom}
#       value: !astropy.table.SerializedColumn {name: wavelength}
#   band_name: F213
#   group_name: RomanSCA15
# schema: astropy-2.0
wavelength response
19390.0 0.0
19400.0 2.2104853207207685e-05
19410.0 4.420970641441537e-05
19420.0 8.841941282883074e-05
19430.0 0.00022104853207207686
19440.0 0.0004863067705585691
19450.0 0.0010389281007387612
19460.0 0.0021441707610991454
19470.0 0.004155712402955045
19480.0 0.007692488916108274
19490.0 0.01357237986922552
19500.0 0.022812208509838332
19510.0 0.03658353205792872
19520.0 0.056013698027064275
19530.0 0.0819869005455333
19540.0 0.11485681726465112
19550.0 0.15431398023951687
19560.0 0.19916472739694124
19570.0 0.24744172680148283
19580.0 0.2966471300407272
19590.0 0.3440399353169804
19600.0 0.3874538670159363
19610.0 0.42534158541309025
19620.0 0.4565094284352531
19630.0 0.48051529901828066
19640.0 0.4980886573180107
19650.0 0.5105115848204614
19660.0 0.518867219332786
19670.0 0.5241502792493087
19680.0 0.5273112732579394
19690.0 0.5291017663677232
19700.0 0.5300301702024259
19710.0 0.5303838478537412
19720.0 0.5305606866793988
19730.0 0.5307817352114709
19740.0 0.530892259477507
19750.0 0.5307817352114709
19760.0 0.5306048963858132
19770.0 0.5306270012390205
19780.0 0.5307817352114709
19790.0 0.530892259477507
19800.0 0.5309806788903358
19810.0 0.531002783743543
19820.0 0.5310469934499574
19830.0 0.5310912031563718
19840.0 0.5310912031563718
19850.0 0.5309806788903358
19860.0 0.530892259477507
19870.0 0.5308701546242998
19880.0 0.530892259477507
19890.0 0.5308480497710926
19900.0 0.5308038400646782
19910.0 0.5308038400646782
19920.0 0.5308480497710926
19930.0 0.5309364691839213
19940.0 0.5310690983031646
19950.0 0.5311796225692007
19960.0 0.5311575177159934
19970.0 0.5309143643307143
19980.0 0.5307817352114709
19990.0 0.5310248885967502
20000.0 0.5313122516884439
20010.0 0.5312901468352368
20019.999999999996 0.5310912031563718
20030.0 0.530892259477507
20040.0 0.5307596303582638
20050.0 0.5306712109454349
20059.999999999996 0.5305385818261917
20070.0 0.5302733235877052
20080.0 0.5300080653492186
20090.0 0.5298754362299755
20099.999999999996 0.5298533313767682
20110.0 0.5299638556428042
20120.0 0.5299638556428042
20130.0 0.529720702257525
20139.999999999996 0.5294333391658312
20150.0 0.5292786051933809
20160.0 0.5292343954869664
20170.0 0.5292122906337592
20179.999999999996 0.5290575566613088
20190.0 0.528659669303579
20200.0 0.5282175722394349
20210.0 0.5279081042945339
20219.999999999996 0.5278638945881196
20230.0 0.52801862856057
20240.0 0.5281733625330205
20250.0 0.5280849431201916
20259.999999999996 0.5278859994413267
20270.0 0.5277533703220836
20280.0 0.5277091606156691
20290.0 0.5277091606156691
20299.999999999996 0.5276649509092547
20310.0 0.5274660072303898
20320.0 0.5272228538451105
20330.0 0.5270239101662456
20339.999999999996 0.5268691761937953
20350.0 0.5267586519277592
20360.0 0.5267144422213448
20370.0 0.5268028616341736
20379.999999999996 0.5268912810470023
20390.0 0.526847071340588
20400.0 0.5267365470745519
20410.0 0.5266481276617231
20419.999999999996 0.5266481276617231
20430.0 0.5268028616341736
20440.0 0.5270018053130384
20450.0 0.5270902247258673
20460.0 0.5270460150194529
20470.0 0.5269133859002096
20480.0 0.5266923373681375
20490.0 0.5265376033956871
20500.0 0.5265818131021015
20510.0 0.5268691761937953
20520.0 0.5271344344322817
20530.0 0.52706811987266
20540.0 0.52706811987266
20550.0 0.5274439023771825
20560.0 0.527797580028498
20570.0 0.5276870557624619
20580.0 0.5275102169368042
20590.0 0.5276207412028402
20600.0 0.5278859994413267
20610.0 0.5280849431201916
20620.0 0.5281954673862277
20630.0 0.5283280965054709
20640.0 0.5284386207715069
20650.0 0.5285712498907502
20660.0 0.5288144032760295
20670.0 0.5292343954869664
20680.0 0.5294996537254529
20690.0 0.5293891294594169
20700.0 0.5294554440190384
20710.0 0.5301406944684619
20720.0 0.5308038400646782
20730.0 0.5308038400646782
20740.0 0.5307596303582638
20750.0 0.5312901468352368
20760.0 0.5317764536057953
20770.0 0.5316659293397592
20780.0 0.5314448808076871
20790.0 0.5317101390461737
20800.0 0.5321743409635251
20810.0 0.5323953894955972
20820.0 0.5326385428808764
20830.000000000004 0.5330806399450205
20840.0 0.5334343175963359
20850.0 0.5334785273027504
20860.0 0.5335227370091647
20870.000000000004 0.5339427292201017
20880.0 0.5344511408438675
20890.0 0.5347163990823539
20900.0 0.5348048184951827
20910.000000000004 0.5348490282015972
20920.0 0.5350037621740477
20930.0 0.5352469155593269
20940.0 0.5354900689446062
20950.000000000004 0.5356226980638494
20960.0 0.5357774320362999
20970.0 0.5360868999812007
20980.0 0.5364847873389306
20990.000000000004 0.5367942552838314
21000.0 0.5369268844030747
21010.0 0.5368605698434531
21020.0 0.5368826746966602
21030.000000000004 0.5371921426415612
21040.0 0.5375016105864621
21050.0 0.537590029999291
21060.0 0.5376121348524981
21070.000000000004 0.5377889736781558
21080.0 0.5378331833845702
21090.0 0.5375237154396694
21100.0 0.5372363523479756
21110.000000000004 0.5373468766140116
21120.0 0.5376563445589125
21130.0 0.5378773930909846
21140.0 0.5380321270634351
21150.000000000004 0.5382752804487143
21160.0 0.5385405386872009
21170.0 0.5388057969256873
21180.0 0.5388942163385162
21190.000000000004 0.5386731678064441
21200.0 0.5384963289807865
21210.0 0.5386068532468224
21220.0 0.5386510629532368
21230.000000000004 0.5382973853019216
21240.0 0.5378552882377774
21250.0 0.5377226591185341
21260.0 0.537921602797399
21269.999999999996 0.5382752804487143
21280.0 0.5385184338339937
21290.0 0.5383858047147504
21300.0 0.5382752804487143
21309.999999999996 0.5385184338339937
21320.0 0.5388500066321017
21330.0 0.538982635751345
21340.0 0.5389605308981378
21349.999999999996 0.5389163211917234
21360.0 0.5386731678064441
21370.0 0.5382089658890927
21380.0 0.5378773930909846
21389.999999999996 0.5380542319166423
21400.0 0.5382752804487143
21410.0 0.5380542319166423
21420.0 0.5377889736781558
21429.999999999996 0.537921602797399
21440.0 0.5382089658890927
21450.0 0.5383636998615432
21460.0 0.5384079095679576
21469.999999999996 0.5384300144211648
21480.0 0.5384521192743721
21490.0 0.5384521192743721
21500.0 0.5385626435404081
21509.999999999996 0.5388279017788946
21520.0 0.5389605308981378
21530.0 0.5387173775128585
21540.0 0.5383194901551287
21549.999999999996 0.538142651329471
21560.0 0.5380542319166423
21570.0 0.537921602797399
21580.0 0.5378110785313629
21589.999999999996 0.5378110785313629
21600.0 0.5379879173570207
21610.0 0.5382973853019216
21620.0 0.5385405386872009
21629.999999999996 0.5385847483936153
21640.0 0.5385405386872009
21650.0 0.5385405386872009
21660.0 0.5386289581000296
21669.999999999996 0.5387394823660657
21680.0 0.5387615872192729
21690.0 0.5386289581000296
21700.0 0.5384963289807865
21710.0 0.5384300144211648
21720.0 0.5384079095679576
21730.0 0.5383194901551287
21740.0 0.5382973853019216
21750.0 0.5384521192743721
21760.0 0.5386510629532368
21770.0 0.5386952726596512
21780.0 0.5388057969256873
21790.0 0.5391152648705883
21800.0 0.5394689425219036
21810.0 0.5396236764943539
21820.0 0.5395352570815252
21830.0 0.5392257891366243
21840.0 0.5389605308981378
21850.0 0.538982635751345
21860.0 0.5390268454577594
21870.0 0.5388500066321017
21880.0 0.5387836920724801
21890.0 0.5391373697237954
21900.0 0.5394026279622819
21910.0 0.5391152648705883
21920.0 0.5387394823660657
21930.0 0.5387836920724801
21940.0 0.5389384260449306
21950.0 0.538872111485309
21960.0 0.5386952726596512
21970.0 0.5386731678064441
21980.0 0.5388942163385162
21990.0 0.5392921036962459
22000.0 0.5394247328154892
22010.0 0.5389163211917234
22020.0 0.5383858047147504
22030.0 0.5384300144211648
22040.0 0.5388942163385162
22050.0 0.5394468376686964
22060.0 0.5395352570815252
22070.0 0.5388500066321017
22080.000000000004 0.5382973853019216
22090.0 0.5386731678064441
22100.0 0.5392257891366243
22110.0 0.5390931600173811
22120.000000000004 0.5388057969256873
22130.0 0.538872111485309
22140.0 0.5390489503109667
22150.0 0.5389384260449306
22160.000000000004 0.5388279017788946
22170.0 0.5390268454577594
22180.0 0.5393584182558675
22190.0 0.5395794667879396
22200.000000000004 0.5394026279622819
22210.0 0.5387394823660657
22220.0 0.5382089658890927
22230.0 0.538341595008336
22240.000000000004 0.5389163211917234
22250.0 0.539513152228318
22260.0 0.5396236764943539
22270.0 0.538982635751345
22280.000000000004 0.5383858047147504
22290.0 0.5384963289807865
22300.0 0.5389384260449306
22310.0 0.5391152648705883
22320.000000000004 0.538982635751345
22330.0 0.5386289581000296
22340.0 0.538341595008336
22350.0 0.5384079095679576
22360.000000000004 0.5385626435404081
22370.0 0.5385184338339937
22380.0 0.5383194901551287
22390.0 0.5380542319166423
22400.000000000004 0.5380100222102279
22410.0 0.538341595008336
22420.0 0.5385405386872009
22430.0 0.5381647561826783
22440.000000000004 0.5376563445589125
22450.0 0.5375458202928765
22460.0 0.5376121348524981
22470.0 0.5375458202928765
22480.000000000004 0.537391086320426
22490.0 0.53728056205439
22500.0 0.5373689814672189
22510.0 0.5377668688249485
22519.999999999996 0.5380984416230566
22530.0 0.5380763367698496
22540.0 0.5379658125038135
22550.0 0.5380984416230566
22559.999999999996 0.5380542319166423
22570.0 0.5375016105864621
22580.0 0.537059513522318
22590.0 0.53728056205439
22599.999999999996 0.5377005542653269
22610.0 0.5377889736781558
22620.0 0.5376342397057053
22630.0 0.5375016105864621
22639.999999999996 0.5372363523479756
22650.0 0.5367942552838314
22660.0 0.536750045577417
22670.0 0.5374795057332549
22679.999999999996 0.5382531755955071
22690.0 0.5382310707422999
22700.0 0.5377226591185341
22710.0 0.53728056205439
22719.999999999996 0.5369931989626963
22730.0 0.5368826746966602
22740.0 0.536750045577417
22750.0 0.5363742630728945
22759.999999999996 0.535998480568372
22770.0 0.5358437465959215
22780.0 0.5359321660087504
22790.0 0.5361532145408224
22799.999999999996 0.5362637388068585
22810.0 0.5360647951279935
22820.0 0.5357774320362999
22830.0 0.535689012623471
22839.999999999996 0.535689012623471
22850.0 0.535689012623471
22860.0 0.5356669077702638
22870.0 0.5356005932106422
22879.999999999996 0.5355121737978135
22890.0 0.5353795446785702
22900.0 0.5350700767336692
22910.0 0.5344069311374531
22919.999999999996 0.5331690593578493
22930.0 0.5310912031563718
22940.0 0.5278417897349124
22950.0 0.5230671414421554
22960.0 0.516524104892822
22970.0 0.5078590024355966
22980.0 0.49636447876784856
22990.0 0.48135528344015455
23000.0 0.4622345854159199
23010.0 0.4386929167502437
23020.0 0.4109292211219909
23030.0 0.3794077004485127
23040.0 0.34432729840867415
23050.0 0.3063069508922769
23060.0 0.2668497879174112
23070.0 0.22750314920858147
23080.0 0.18972595507746357
23090.0 0.15462344818441776
23100.0 0.12277035471283149
23110.0 0.09476350569929935
23120.0 0.07115552247400155
23130.0 0.05203482444976689
23140.0 0.03700352426886566
23150.0 0.025531105454324878
23160.0 0.017109156382378747
23170.0 0.011140846016432674
23180.0 0.007029343319892045
23190.0 0.004288341522198291
23200.0 0.0025420581188288836
23210.0 0.0014589203116757072
23220.0 0.0008178795686666844
23230.0 0.0004420970641441537
23240.0 0.00022104853207207686
23250.0 0.00011052426603603843
23260.0 6.631455962162305e-05
23270.0 2.2104853207207685e-05
23280.0 2.2104853207207685e-05
23290.0 0.0
