mejiro/data/roman_filter_response/RomanSCA15-F106.ecsv
# %ECSV 1.0
# ---
# datatype:
# - {name: wavelength, unit: Angstrom, datatype: float64}
# - {name: response, datatype: float64}
# meta:
#   __serialized_columns__:
#     wavelength:
#       __class__: astropy.units.quantity.Quantity
#       unit: !astropy.units.Unit {unit: Angstrom}
#       value: !astropy.table.SerializedColumn {name: wavelength}
#   band_name: F106
#   group_name: RomanSCA15
# schema: astropy-2.0
wavelength response
9220.0 0.0
9230.0 2.2104853207207685e-05
9240.0 0.0001547339724504538
9250.0 0.0007073553026306459
9260.0 0.002873630916936999
9270.0 0.009571401438720928
9280.0 0.026592138408270845
9290.0 0.062048322952631976
9300.0 0.12239457220830895
9310.0 0.206481433808527
9320.0 0.30230597246177227
9330.0 0.3916316842720986
9340.0 0.45978094670991987
9350.0 0.5024654182530379
9360.0 0.5244155374877951
9370.0 0.533765890394444
9380.0 0.5371921426415612
9390.0 0.5384300144211648
9400.0 0.5389605308981378
9410.0 0.5392478939898314
9420.0 0.5395352570815252
9430.0 0.5399552492924621
9440.0 0.5403531366501919
9450.0 0.5406183948886784
9460.0 0.5408836531271648
9470.0 0.5413036453381018
9480.0 0.5417457424022459
9490.0 0.5420773152003541
9500.0 0.542386783145255
9510.0 0.5428509850626063
9520.0 0.5432930821267505
9530.0 0.5435804452184442
9540.0 0.5438014937505163
9550.0 0.5440446471357955
9560.0 0.5443320102274892
9570.0 0.5446635830255974
9580.0 0.5449730509704982
9590.0 0.545149889796156
9600.0 0.5453488334750207
9610.0 0.5456140917135074
9620.0 0.5458793499519938
9630.0 0.5460782936308587
9640.0 0.5462551324565164
9650.0 0.546431971282174
9660.0 0.5465867052546245
9670.0 0.5466309149610389
9680.0 0.5467414392270749
9690.0 0.5469845926123542
9700.0 0.5472498508508407
9710.0 0.5473382702636695
9720.0 0.5474045848232911
9730.0 0.547603528502156
9740.0 0.5477803673278137
9750.0 0.5478687867406424
9760.0 0.5479572061534713
9770.0 0.5481561498323362
9780.0 0.5483329886579938
9790.0 0.5483329886579938
9800.0 0.5483329886579938
9810.0 0.5484435129240299
9820.0 0.5485761420432731
9830.0 0.5485761420432731
9840.0 0.5485540371900659
9850.0 0.548664561456102
9860.0 0.5488414002817597
9870.0 0.5489740294010028
9880.0 0.5489740294010028
9890.0 0.5488414002817597
9900.0 0.5487308760157236
9910.0 0.5488635051349668
9920.0 0.5489961342542101
9930.0 0.5489961342542101
9940.0 0.5489519245477956
9950.0 0.5489740294010028
9960.0 0.5490182391074172
9970.0 0.5490403439606245
9980.0 0.5490624488138317
9990.0 0.5492171827862822
10000.0 0.5493719167587326
10009.999999999998 0.5494382313183542
10020.0 0.5494382313183542
10029.999999999998 0.549416126465147
10040.0 0.5493719167587326
10049.999999999998 0.5493719167587326
10060.0 0.549416126465147
10069.999999999998 0.5494824410247686
10080.0 0.5495266507311831
10089.999999999998 0.5495045458779758
10100.0 0.5494824410247686
10109.999999999998 0.5495708604375975
10120.0 0.5496813847036335
10129.999999999998 0.5497476992632552
10140.0 0.5497255944100479
10149.999999999998 0.5496592798504263
10160.0 0.5496150701440119
10169.999999999998 0.5496592798504263
10180.0 0.5497476992632552
10189.999999999998 0.5497919089696696
10200.0 0.5498140138228768
10209.999999999998 0.5498140138228768
10220.0 0.5498140138228768
10230.0 0.549836118676084
10240.0 0.5498582235292911
10250.0 0.549836118676084
10260.0 0.5497698041164624
10270.0 0.5497034895568408
10280.0 0.5496813847036335
10290.0 0.5497698041164624
10300.0 0.5498140138228768
10310.0 0.5497476992632552
10320.0 0.5496371749972191
10330.0 0.5496150701440119
10340.0 0.5496150701440119
10350.0 0.5495929652908047
10360.0 0.5495487555843903
10370.0 0.5494824410247686
10380.0 0.5493940216119397
10390.0 0.549305602199111
10400.0 0.5491729730798677
10410.0 0.5490403439606245
10420.0 0.5489519245477956
10430.0 0.5489961342542101
10440.0 0.5489519245477956
10450.0 0.5487308760157236
10460.0 0.548465617777237
10470.0 0.548355093511201
10480.0 0.5483329886579938
10490.0 0.5483329886579938
10500.0 0.548244569245165
10510.0 0.5480014158598857
10520.0 0.5477361576213993
10530.0 0.547603528502156
10540.0 0.5475593187957416
10550.0 0.5474708993829128
10560.0 0.5473603751168767
10570.0 0.5472056411444262
10580.0 0.546962487759147
10590.0 0.5466088101078316
10600.0 0.5462993421629307
10610.0 0.5461225033372731
10620.0 0.5460340839244443
10630.0 0.5458793499519938
10640.0 0.5456361965667145
10650.0 0.5453046237686063
10660.0 0.5449730509704982
10670.0 0.5447520024384261
10680.0 0.5445309539063541
10690.0 0.5442878005210748
10700.0 0.5440225422825884
10710.0 0.5438457034569307
10720.0 0.543668864631273
10730.0 0.5434699209524082
10740.0 0.5432930821267505
10750.0 0.5431383481543001
10760.0 0.5429615093286424
10770.0 0.5426741462369487
10780.0 0.5423646782920477
10790.0 0.5420552103471469
10800.0 0.5418341618150748
10810.0 0.5417457424022459
10820.0 0.5416131132830028
10830.0 0.541325750191309
10840.0 0.5410162822464081
10850.0 0.5408836531271648
10860.0 0.5407731288611288
10870.0 0.5405299754758496
10880.0 0.5402426123841558
10890.0 0.5400215638520838
10900.0 0.5398447250264261
10910.0 0.5396678862007684
10920.0 0.5394689425219036
10930.0 0.5392478939898314
10940.0 0.5390268454577594
10950.0 0.538872111485309
10960.0 0.5386952726596512
10970.0 0.5384742241275792
10980.0 0.5384742241275792
10990.0 0.5388500066321017
11000.0 0.539203684283417
11010.0 0.5391594745770026
11020.0 0.5389605308981378
11030.0 0.5388500066321017
11040.000000000002 0.5388500066321017
11050.0 0.5388279017788946
11060.000000000002 0.5388500066321017
11070.0 0.538872111485309
11080.000000000002 0.5388279017788946
11090.0 0.5386731678064441
11100.000000000002 0.5385626435404081
11110.0 0.5386068532468224
11120.000000000002 0.5387173775128585
11130.0 0.5387173775128585
11140.000000000002 0.5387173775128585
11150.0 0.5388500066321017
11160.000000000002 0.5389163211917234
11170.0 0.5387836920724801
11180.000000000002 0.5386731678064441
11190.0 0.5387615872192729
11200.000000000002 0.5389163211917234
11210.0 0.5388942163385162
11220.000000000002 0.538872111485309
11230.0 0.5389605308981378
11240.000000000002 0.5390268454577594
11250.0 0.5388942163385162
11259.999999999998 0.5387394823660657
11270.0 0.5386952726596512
11279.999999999998 0.5387394823660657
11290.0 0.5387836920724801
11299.999999999998 0.5388500066321017
11310.0 0.5389384260449306
11319.999999999998 0.5390047406045523
11330.0 0.5390047406045523
11339.999999999998 0.5390047406045523
11350.0 0.5390047406045523
11359.999999999998 0.5390047406045523
11370.0 0.538982635751345
11379.999999999998 0.538982635751345
11390.0 0.5390489503109667
11399.999999999998 0.5391815794302098
11410.0 0.5392699988430387
11419.999999999998 0.5393142085494531
11430.0 0.5392478939898314
11439.999999999998 0.5391815794302098
11450.0 0.5392257891366243
11459.999999999998 0.5393142085494531
11470.0 0.5393363134026603
11480.0 0.5393142085494531
11490.0 0.5392699988430387
11500.0 0.5392257891366243
11510.0 0.5392257891366243
11520.0 0.539203684283417
11530.0 0.5391152648705883
11540.0 0.5390710551641738
11550.0 0.5391373697237954
11560.0 0.5391815794302098
11570.0 0.5390489503109667
11580.0 0.5389163211917234
11590.0 0.5388942163385162
11600.0 0.5389384260449306
11610.0 0.5389384260449306
11620.0 0.538872111485309
11630.0 0.5387394823660657
11640.0 0.5386068532468224
11650.0 0.5385405386872009
11660.0 0.5385184338339937
11670.0 0.5384521192743721
11680.0 0.5384300144211648
11690.0 0.5384742241275792
11700.0 0.5384521192743721
11710.0 0.5382752804487143
11720.0 0.5380542319166423
11730.0 0.537921602797399
11740.0 0.5378552882377774
11750.0 0.5377889736781558
11760.0 0.5377005542653269
11770.0 0.5376121348524981
11780.0 0.537590029999291
11790.0 0.5376342397057053
11800.0 0.5376784494121197
11810.0 0.537590029999291
11820.0 0.5374574008800477
11830.0 0.5374131911736333
11840.0 0.5373468766140116
11850.0 0.5372142474947683
11860.0 0.5369931989626963
11870.0 0.5366616261645882
11880.0 0.5360205854215792
11890.0 0.5344953505502819
11900.0 0.5307375255050565
11910.0 0.5224703104055608
11920.0 0.5066211306559929
11930.0 0.4795647903303708
11940.0 0.43814029542006355
11950.0 0.3816623954756479
11960.0 0.31338050391858335
11970.0 0.24003660097706828
11980.0 0.1699200066038055
11990.0 0.11032532235717356
12000.0 0.0652756315208843
12010.0 0.035058297186631386
12020.0 0.017020736969549918
12030.0 0.0074272306776217815
12040.0 0.0029178406233514144
12050.0 0.0010389281007387612
12060.0 0.00033157279810811527
12070.0 8.841941282883074e-05
12080.0 2.2104853207207685e-05
12090.0 0.0
