mejiro/data/roman_filter_response/RomanSCA05-F184.ecsv
# %ECSV 1.0
# ---
# datatype:
# - {name: wavelength, unit: Angstrom, datatype: float64}
# - {name: response, datatype: float64}
# meta:
#   __serialized_columns__:
#     wavelength:
#       __class__: astropy.units.quantity.Quantity
#       unit: !astropy.units.Unit {unit: Angstrom}
#       value: !astropy.table.SerializedColumn {name: wavelength}
#   band_name: F184
#   group_name: RomanSCA05
# schema: astropy-2.0
wavelength response
16650.0 0.0
16660.0 2.2104853207207685e-05
16670.0 6.631455962162305e-05
16680.0 0.00019894367886486917
16690.0 0.0005084116237657767
16700.0 0.0011715572199820074
16710.0 0.0025641629720360914
16720.0 0.00526095506331543
16730.0 0.010168232475315534
16740.0 0.01852386698764004
16750.0 0.031853093471586276
16760.0 0.051703251651658774
16770.0 0.07935642301387559
16780.0 0.11543154344803853
16790.0 0.15946441103679626
16800.0 0.2097087423767793
16810.0 0.26329090655105075
16820.0 0.31680675616570053
16830.0 0.3667858292671971
16840.0 0.4104650192046395
16850.0 0.44614225228107274
16860.0 0.4733975362855598
16870.0 0.49296033137393863
16880.0 0.5060906141790199
16890.0 0.5143578292785157
16900.0 0.5191987921308941
16910.0 0.5218955842221735
16920.0 0.5233545045338491
16930.0 0.5242165938089303
16940.0 0.5247029005794888
16950.0 0.524835529698732
16960.0 0.5249460539647681
16970.0 0.5252334170564619
16980.0 0.5254544655885339
16990.0 0.5254323607353266
17000.0 0.5254102558821194
17010.0 0.5256313044141915
17020.0 0.5259628772122996
17030.0 0.5261839257443717
17040.0 0.5262723451572006
17050.0 0.5262723451572006
17060.0 0.526316554863615
17070.0 0.5264933936892727
17080.0 0.5266923373681375
17090.0 0.5268028616341736
17100.0 0.5268912810470023
17110.0 0.5269797004598312
17120.0 0.5271123295790744
17130.0 0.527267063551525
17140.0 0.5273554829643538
17150.0 0.5273996926707681
17160.0 0.5275102169368042
17170.0 0.527819684881705
17180.0 0.5281291528266061
17190.0 0.5282175722394349
17200.0 0.5282175722394349
17210.0 0.5283502013586782
17220.0 0.5285049353311285
17230.0 0.5286154595971646
17240.0 0.5287259838632007
17250.0 0.5289249275420654
17260.0 0.5290796615145159
17270.0 0.5291459760741376
17280.0 0.529190185780552
17290.0 0.5292786051933809
17300.0 0.5294333391658312
17310.0 0.529610177991489
17320.0 0.5297870168171466
17330.0 0.5299196459363898
17340.0 0.5300743799088403
17350.0 0.5302291138812907
17360.0 0.5303617430005341
17370.0 0.5304501624133628
17380.0 0.5304501624133628
17390.0 0.5304059527069485
17400.0 0.5304501624133628
17410.0 0.5306933157986421
17420.0 0.5309585740371286
17430.0 0.5310912031563718
17440.0 0.5311796225692007
17450.0 0.5313343565416512
17460.0 0.5314448808076871
17470.0 0.5314669856608945
17480.0 0.5314669856608945
17490.0 0.5315333002205159
17500.0 0.5315996147801376
17510.0 0.531643824486552
17520.0 0.5317543487525881
17530.0 0.5319975021378673
17540.0 0.5322185506699395
17550.0 0.5323069700827683
17560.0 0.5323069700827683
17570.0 0.5323290749359755
17580.0 0.5323953894955972
17590.0 0.532483808908426
17600.0 0.532594333174462
17610.0 0.5327490671469124
17620.0 0.5328595914129485
17630.0 0.5328595914129485
17640.0 0.5328595914129485
17650.0 0.5329922205321918
17660.0 0.5331469545046422
17670.0 0.5332132690642638
17680.0 0.533235373917471
17690.0 0.533235373917471
17700.0 0.533235373917471
17710.0 0.5332574787706782
17720.0 0.5333016884770926
17730.0 0.533345898183507
17740.0 0.5334343175963359
17750.0 0.5335890515687863
17760.0 0.5337216806880295
17770.0 0.5337879952476512
17780.0 0.5338322049540656
17790.0 0.5339648340733089
17800.0 0.534097463192552
17810.0 0.5341416728989665
17820.0 0.5341195680457593
17830.0 0.5340311486329306
17840.0 0.5339648340733089
17850.0 0.5340090437797232
17860.0 0.5341195680457593
17870.0 0.534296406871417
17880.0 0.5344732456970747
17890.0 0.5346279796695251
17900.0 0.5347385039355611
17910.0 0.5347827136419755
17920.0 0.5347606087887683
17930.0 0.5347385039355611
17940.0 0.5347827136419755
17950.0 0.5349595524676333
17960.0 0.5351142864400836
17970.0 0.5350921815868764
17980.0 0.5350258670272547
17990.0 0.5350921815868764
18000.0 0.5352469155593269
18010.0 0.535467964091399
18020.0 0.5356448029170566
18030.0 0.5356669077702638
18040.0 0.5356448029170566
18050.0 0.5356669077702638
18060.0 0.5357332223298854
18070.0 0.535887956302336
18080.0 0.5360426902747863
18090.0 0.5361974242472368
18100.0 0.5363079485132729
18110.0 0.5363079485132729
18120.0 0.5363742630728945
18130.0 0.536528997045345
18140.0 0.5367279407242098
18150.0 0.5368826746966602
18160.0 0.5369710941094891
18170.0 0.537059513522318
18180.0 0.5370153038159035
18190.0 0.5368163601370387
18200.0 0.5366616261645882
18210.0 0.536750045577417
18220.0 0.5369931989626963
18230.0 0.5372363523479756
18240.0 0.5375016105864621
18250.0 0.5377889736781558
18260.0 0.5380763367698496
18270.0 0.5382973853019216
18280.0 0.5383636998615432
18290.0 0.5383194901551287
18300.0 0.5382752804487143
18310.0 0.5384079095679576
18320.0 0.5385405386872009
18330.0 0.5385184338339937
18340.0 0.5384742241275792
18350.0 0.5385847483936153
18360.0 0.5388057969256873
18370.0 0.5390489503109667
18380.0 0.5392699988430387
18390.0 0.5394468376686964
18400.0 0.5395573619347324
18410.0 0.5395794667879396
18420.0 0.5395573619347324
18430.0 0.5394910473751108
18440.0 0.5394468376686964
18450.0 0.5394689425219036
18460.0 0.5395573619347324
18470.0 0.5396457813475612
18480.0 0.5397784104668044
18490.0 0.5399552492924621
18500.0 0.5400215638520838
18510.0 0.5398668298796333
18520.0 0.5397563056135973
18530.0 0.5398447250264261
18540.0 0.5399773541456694
18550.0 0.5399773541456694
18560.0 0.5399110395860477
18570.0 0.5399552492924621
18580.0 0.5400657735584982
18590.0 0.5401762978245342
18600.0 0.5402426123841558
18610.0 0.5403531366501919
18620.0 0.5404194512098135
18630.0 0.5404415560630207
18640.0 0.5403089269437775
18650.0 0.5399773541456694
18660.0 0.5396899910539756
18670.0 0.5396678862007684
18680.0 0.5397784104668044
18690.0 0.5397784104668044
18700.0 0.5396678862007684
18710.0 0.5395352570815252
18720.0 0.5396015716411469
18730.0 0.5399552492924621
18740.0 0.5402868220905702
18750.0 0.5402205075309486
18760.0 0.5400657735584982
18770.0 0.5401320881181197
18780.0 0.5402426123841558
18790.0 0.540154192971327
18800.0 0.5400215638520838
18810.0 0.5400657735584982
18820.0 0.5401320881181197
18830.0 0.5400657735584982
18840.0 0.5399773541456694
18850.0 0.5399773541456694
18860.0 0.5400215638520838
18870.0 0.5399994589988765
18880.0 0.539933144439255
18890.0 0.5398889347328405
18900.0 0.5399552492924621
18910.0 0.5401320881181197
18920.0 0.540154192971327
18930.0 0.5398005153200117
18940.0 0.5394026279622819
18950.0 0.5393363134026603
18960.0 0.5393363134026603
18970.0 0.5391594745770026
18980.0 0.5390489503109667
18990.0 0.539203684283417
19000.0 0.5394247328154892
19010.0 0.5394468376686964
19020.0 0.5394026279622819
19030.0 0.5394689425219036
19040.0 0.5395794667879396
19050.0 0.5396457813475612
19060.0 0.5396015716411469
19070.0 0.5393805231090748
19080.0 0.5391152648705883
19090.0 0.5390047406045523
19100.0 0.5390268454577594
19110.0 0.5391594745770026
19120.0 0.5392921036962459
19130.0 0.5392921036962459
19140.0 0.5392699988430387
19150.0 0.5392699988430387
19160.0 0.5392478939898314
19170.0 0.5390489503109667
19180.0 0.5387615872192729
19190.0 0.5384521192743721
19200.0 0.5384079095679576
19210.0 0.5388279017788946
19220.0 0.5392699988430387
19230.0 0.5393142085494531
19240.0 0.5391594745770026
19250.0 0.5390489503109667
19260.0 0.538872111485309
19270.0 0.5384963289807865
19280.0 0.5382752804487143
19290.0 0.5384963289807865
19300.0 0.538872111485309
19310.0 0.5390268454577594
19320.0 0.5389384260449306
19330.0 0.5386289581000296
19340.0 0.5383858047147504
19350.0 0.5384079095679576
19360.0 0.5384963289807865
19370.0 0.5384742241275792
19380.0 0.5384079095679576
19390.0 0.5384300144211648
19400.0 0.5385626435404081
19410.0 0.5387836920724801
19420.0 0.5388942163385162
19430.0 0.5387615872192729
19440.0 0.5384742241275792
19450.0 0.5382531755955071
19460.0 0.538142651329471
19470.0 0.5382310707422999
19480.0 0.5382973853019216
19490.0 0.5381868610358855
19500.0 0.5380984416230566
19510.0 0.5382752804487143
19520.0 0.5384963289807865
19530.0 0.5385626435404081
19540.0 0.5385626435404081
19550.0 0.5386068532468224
19560.0 0.5386952726596512
19570.0 0.5388279017788946
19580.0 0.5388279017788946
19590.0 0.5386068532468224
19600.0 0.5384963289807865
19610.0 0.5387615872192729
19620.0 0.5390047406045523
19630.0 0.5388942163385162
19640.0 0.5386952726596512
19650.0 0.5387173775128585
19660.0 0.538872111485309
19670.0 0.5390047406045523
19680.0 0.5391152648705883
19690.0 0.5391815794302098
19700.0 0.5391815794302098
19710.0 0.5390710551641738
19720.0 0.5390047406045523
19730.0 0.5390931600173811
19740.0 0.5391594745770026
19750.0 0.5390047406045523
19760.0 0.5388057969256873
19770.0 0.5388057969256873
19780.0 0.5389384260449306
19790.0 0.5390268454577594
19800.0 0.5390710551641738
19810.0 0.5390489503109667
19820.0 0.538982635751345
19830.0 0.5388942163385162
19840.0 0.5386510629532368
19850.0 0.538142651329471
19860.0 0.5373689814672189
19870.0 0.5363521582196873
19880.0 0.5347827136419755
19890.0 0.5323511797891827
19900.0 0.5287922984228223
19910.0 0.5238408113044077
19920.0 0.5170325165165878
19930.0 0.5078811072888038
19940.0 0.49596659141011884
19950.0 0.48080266210997435
19960.0 0.4619472223242262
19970.0 0.4391792235208023
19980.0 0.4128081336446035
19990.0 0.3832981546129813
20000.0 0.35087033495800757
20010.0 0.31598887659703384
20019.999999999996 0.2797148124840061
20030.0 0.24319759498569898
20040.0 0.20745404734964412
20050.0 0.1734567831169587
20059.999999999996 0.14204578670951656
20070.0 0.11377367945749797
20080.0 0.08912676813146139
20090.0 0.06823768185065011
20099.999999999996 0.051062210908649756
20110.0 0.03729088736055936
20120.0 0.026570033555063637
20130.0 0.018457552428018418
20139.999999999996 0.01251134691527955
20150.0 0.008267215099495675
20160.0 0.0053272696229370526
20170.0 0.003337832834288361
20179.999999999996 0.002033646495063107
20190.0 0.0012157669263964225
20200.0 0.0007073553026306459
20210.0 0.00039788735772973834
20219.999999999996 0.00022104853207207686
20230.0 0.00011052426603603843
20240.0 6.631455962162305e-05
20250.0 2.2104853207207685e-05
20259.999999999996 2.2104853207207685e-05
20270.0 0.0
