mejiro/data/roman_filter_response/RomanSCA05-Grism_1stOrder.ecsv
# %ECSV 1.0
# ---
# datatype:
# - {name: wavelength, unit: Angstrom, datatype: float64}
# - {name: response, datatype: float64}
# meta:
#   __serialized_columns__:
#     wavelength:
#       __class__: astropy.units.quantity.Quantity
#       unit: !astropy.units.Unit {unit: Angstrom}
#       value: !astropy.table.SerializedColumn {name: wavelength}
#   band_name: Grism_1stOrder
#   group_name: RomanSCA05
# schema: astropy-2.0
wavelength response
9910.0 0.0
9920.0 2.2104853207207685e-05
9930.0 0.00024315338527928454
9940.0 0.0015694445777117458
9950.0 0.007029343319892045
9960.0 0.023232200720775278
9970.0 0.05714104554063187
9980.0 0.10740748173382214
9990.0 0.16030439545867012
10000.0 0.1999826069656079
10009.999999999998 0.221490629136221
10020.0 0.23037678012551852
10029.999999999998 0.2337588226662213
10040.0 0.23557142062921232
10049.999999999998 0.23709665550050962
10060.0 0.23857768066539253
10069.999999999998 0.24005870583027547
10080.0 0.24153973099515838
10089.999999999998 0.24299865130683407
10100.0 0.24443546676530256
10109.999999999998 0.24593859678339272
10120.0 0.24744172680148283
10129.999999999998 0.24892275196636576
10140.0 0.2503816722780415
10149.999999999998 0.25179638288330275
10160.0 0.2532331983417712
10169.999999999998 0.25469211865344693
10180.0 0.2561731438183299
10189.999999999998 0.25765416898321275
10200.0 0.25909098444168127
10209.999999999998 0.2605277999001498
10220.0 0.2619867202118255
10230.0 0.263423535670294
10240.0 0.2648824559819697
10250.0 0.266297166587231
10260.0 0.2677118771924923
10270.0 0.26910448294454636
10280.0 0.27051919354980763
10290.0 0.27197811386148335
10300.0 0.27341492931995187
10310.0 0.27480753507200595
10320.0 0.27617803597085283
10330.0 0.2775706417229069
10340.0 0.2789853523281682
10350.0 0.2804000629334295
10360.0 0.28177056383227633
10370.0 0.2831631695843304
10380.0 0.2845115656299701
10390.0 0.2858599616756098
10400.0 0.2872083577212494
10410.0 0.2885346489136819
10420.0 0.28988304495932155
10430.0 0.29129775556458287
10440.0 0.29266825646342975
10450.0 0.2939282330962406
10460.0 0.2951882097290514
10470.0 0.29649239606827665
10480.0 0.29786289696712354
10490.0 0.2992333978659704
10500.0 0.3005817939116101
10510.0 0.3018196656912137
10520.0 0.3030354326176102
10530.0 0.3043396189568354
10540.0 0.30566591014926786
10550.0 0.30699220134170035
10560.0 0.3082742828277184
10570.0 0.30955636431373645
10580.0 0.3107721312401328
10590.0 0.31192158360690764
10600.0 0.3130710359736824
10610.0 0.31433101260649327
10620.0 0.3156130940925113
10630.0 0.316850965872115
10640.0 0.3180446279453042
10650.0 0.31917197545887177
10660.0 0.3202993229724394
10670.0 0.32149298504562857
10680.0 0.3226866471188178
10690.0 0.3238360994855926
10700.0 0.3250076567055746
10710.0 0.3261792139255566
10720.0 0.3273728759987458
10730.0 0.32854443321872784
10740.0 0.32973809529191705
10750.0 0.33093175736510627
10760.0 0.33210331458508824
10770.0 0.3332085572454487
10780.0 0.3342916950526018
10790.0 0.33535272800654775
10800.0 0.3365021803733226
10810.0 0.33769584244651185
10820.0 0.33884529481328657
10830.0 0.3399063277672326
10840.0 0.34096736072117856
10850.0 0.3421168130879534
10860.0 0.34328837030793535
10870.0 0.34434940326188135
10880.0 0.3453883313626201
10890.0 0.3464714691697732
10900.0 0.3475546069769265
10910.0 0.3486598496372868
10920.0 0.3497208825912328
10930.0 0.35075981069197154
10940.0 0.3517987387927103
10950.0 0.3528818765998635
10960.0 0.35394290955380947
10970.0 0.35495973280134097
10980.0 0.35613129002132304
10990.0 0.3575238957733771
11000.0 0.3589165015254312
11010.0 0.3600438490389988
11020.0 0.36103856743332313
11030.0 0.36209960038726907
11040.000000000002 0.3632269479008367
11050.0 0.3643321905611971
11060.000000000002 0.3654374332215575
11070.0 0.36656478073512505
11080.000000000002 0.36764791854227824
11090.0 0.36864263693660254
11100.000000000002 0.3696373553309269
11110.0 0.37076470284449453
11120.000000000002 0.37191415521126936
11130.0 0.3729972930184225
11140.000000000002 0.37405832597236843
11150.0 0.37520777833914326
11160.000000000002 0.37631302099950364
11170.0 0.3772635296874136
11180.000000000002 0.3782361432285307
11190.0 0.3793413858888911
11200.000000000002 0.3804687334024587
11210.0 0.38148555664999023
11220.000000000002 0.3825023798975218
11230.0 0.3835634128514678
11240.000000000002 0.3846244458054137
11250.0 0.38553074478690924
11259.999999999998 0.38641493891519757
11270.0 0.3873875524563147
11279.999999999998 0.3884043757038463
11290.0 0.3894211989513778
11299.999999999998 0.39043802219890933
11310.0 0.3914769502996481
11319.999999999998 0.3924937735471797
11330.0 0.3934663870882968
11339.999999999998 0.3943947909229995
11350.0 0.39536740446411667
11359.999999999998 0.3963179131520266
11370.0 0.3972242121335221
11379.999999999998 0.3981526159682248
11390.0 0.3991473343625492
11399.999999999998 0.40016415761008073
11410.0 0.4011588760044051
11419.999999999998 0.402109384692315
11430.0 0.4029714739673961
11439.999999999998 0.4038335632424772
11450.0 0.40476196707717993
11459.999999999998 0.40571247576508984
11470.0 0.40661877474658537
11480.0 0.40750296887487364
11490.0 0.4083429532967476
11500.0 0.40920504257182866
11510.0 0.410089236700117
11520.0 0.4109292211219909
11530.0 0.41172499583745037
11540.0 0.41256498025932425
11550.0 0.4134712792408198
11560.0 0.41435547336910805
11570.0 0.4151070383781531
11580.0 0.41583649853399096
11590.0 0.41665437810265765
11600.0 0.417538572230946
11610.0 0.41835645179961267
11620.0 0.4191301216618649
11630.0 0.4198374769644956
11640.0 0.42054483226712625
11650.0 0.4213185021293785
11660.0 0.42209217199163074
11670.0 0.42284373700067585
11680.0 0.4236174068629281
11690.0 0.4244352864315947
11700.0 0.42520895629384703
11710.0 0.4258278921836488
11720.0 0.4264247232202435
11730.0 0.42708786881645966
11740.0 0.4277952241190903
11750.0 0.42848047456851374
11760.0 0.4291657250179372
11770.0 0.4298288706141534
11780.0 0.4305362259167841
11790.0 0.4313098957790364
11800.0 0.4320614607880814
11810.0 0.43270250153109047
11820.0 0.43332143742089224
11830.0 0.4339845830171085
11840.0 0.4346477286133247
11850.0 0.4352224547967121
11860.0 0.4357750761268923
11870.0 0.4363055926038653
11880.0 0.4369024236404599
11890.0 0.43756556923667617
11900.0 0.43818450512647794
11910.0 0.4386929167502437
11920.0 0.43920132837400955
11930.0 0.43979815941060413
11940.0 0.4403949904471987
11950.0 0.44088129721775726
11960.0 0.4413676039883158
11970.0 0.44194233017170326
11980.0 0.44253916120829784
11990.0 0.44302546797885645
12000.0 0.4434896698962078
12010.0 0.4440201863731808
12020.0 0.44455070285015374
12030.0 0.44508121932712674
12040.0 0.44558963095089255
12050.0 0.44614225228107274
12060.0 0.44667276875804574
12070.0 0.4470927609689827
12080.0 0.44746854347350523
12090.0 0.44784432597802765
12100.0 0.4482643181889646
12110.0 0.4487948346659376
12120.0 0.449259036583289
12130.0 0.44963481908781155
12140.0 0.44996639188591964
12150.0 0.45040848895006375
12160.0 0.45091690057382955
12170.0 0.4514253121975953
12180.0 0.4518674092617395
12190.0 0.45219898205984765
12200.0 0.4525305548579558
12210.0 0.45299475677530715
12220.0 0.4534589586926585
12230.0 0.45383474119718104
12240.0 0.45421052370170356
12250.0 0.45463051591264053
12260.0 0.45505050812357745
12270.0 0.4554041857748927
12280.0 0.45573575857300086
12290.000000000002 0.4561336459307306
12300.0 0.4565094284352531
12310.000000000002 0.45681889638015405
12320.0 0.45708415461864055
12330.000000000002 0.45739362256354144
12340.0 0.4577251953616495
12350.000000000002 0.45805676815975765
12360.0 0.45836623610465854
12370.000000000002 0.4586314943431451
12380.0 0.4589630671412531
12390.000000000002 0.4593830593521901
12400.0 0.4597367370035055
12410.000000000002 0.45995778553557753
12420.0 0.4601788340676496
12430.000000000002 0.46057672142537937
12440.0 0.46097460878310903
12450.000000000002 0.4611956573151811
12460.0 0.461394600994046
12470.000000000002 0.4617040689389469
12480.0 0.4620577465902623
12490.000000000002 0.46241142424157755
12500.0 0.46269878733327124
12509.999999999998 0.46294194071855055
12520.0 0.46318509410382985
12529.999999999998 0.46345035234231635
12540.0 0.46375982028721724
12549.999999999998 0.4640913930853253
12560.0 0.46442296588343346
12569.999999999998 0.4647103289751272
12580.0 0.46490927265399207
12589.999999999998 0.4650419017732353
12600.0 0.46521874059889295
12609.999999999998 0.46557241825020823
12620.0 0.46594820075473076
12629.999999999998 0.4662134589932173
12640.0 0.46645661237849656
12649.999999999998 0.46674397547019025
12660.0 0.46698712885546956
12669.999999999998 0.4671418628279201
12680.0 0.46729659680037045
12689.999999999998 0.46753975018564975
12700.0 0.46782711327734344
12709.999999999998 0.46809237151582994
12720.0 0.4683576297543164
12730.0 0.4686670976992174
12740.0 0.4689102510844967
12750.0 0.4689986704973255
12760.0 0.4691091947633615
12770.0 0.46941866270826244
12780.0 0.46979444521278496
12790.0 0.4700818083044786
12800.0 0.4702586471301363
12810.0 0.47034706654296515
12820.0 0.470435485955794
12830.0 0.47065653448786604
12840.0 0.47094389757955973
12850.0 0.4712312606712535
12860.0 0.47145230920332554
12870.0 0.471607043175776
12880.0 0.4717617771482264
12890.0 0.4719607208270913
12900.0 0.47218176935916334
12910.0 0.47238071303802825
12920.0 0.47255755186368587
12930.0 0.47269018098292914
12940.0 0.4728449149553796
12950.0 0.47306596348745167
12960.0 0.4732428023131093
12970.0 0.47335332657914536
12980.0 0.4734859556983886
12990.0 0.47370700423046064
13000.0 0.4739280527625328
13010.0 0.4740827867349832
13020.0 0.47414910129460486
13030.0 0.4742375207074337
13040.0 0.4743480449734698
13050.0 0.47450277894592013
13060.0 0.47470172262478505
13070.0 0.4749227711568571
13080.0 0.4750775051293076
13090.0 0.4752101342485508
13100.0 0.47538697307420846
13110.0 0.4756964410191094
13120.0 0.47593959440438866
13130.0 0.47598380411080315
13140.0 0.47591748955118146
13150.0 0.4760059089640103
13160.0 0.47616064293646077
13170.0 0.47633748176211843
13180.0 0.4764480060281545
13190.0 0.47651432058777604
13200.0 0.4765585302941905
13210.0 0.47666905456022657
13220.0 0.4768016836794698
13230.0 0.476934312798713
13240.0 0.4770448370647491
13250.0 0.4771111516243707
13260.0 0.47719957103719945
13270.0 0.47731009530323554
13280.0 0.47737640986285723
13290.0 0.47737640986285723
13300.0 0.4774206195692716
13310.0 0.4775311438353076
13320.0 0.47770798266096526
13330.0 0.47781850692700134
13340.0 0.477884821486623
13350.0 0.47786271663341573
13360.0 0.477884821486623
13370.0 0.4780174506058662
13380.0 0.47810587001869503
13390.0 0.4780174506058662
13400.0 0.4779069263398301
13410.0 0.4779069263398301
13420.0 0.4779732408994518
13430.0 0.47806166031228065
13440.0 0.4781279748719022
13450.0 0.4781500797251095
13460.0 0.47819428943152387
13470.0 0.4782163942847311
13480.0 0.4782606039911455
13490.0 0.47823849913793826
13500.0 0.47819428943152387
13510.0 0.4781500797251095
13520.0 0.4780837651654878
13530.0 0.47799534575265895
13540.000000000002 0.4779290311930374
13550.0 0.4779069263398301
13560.000000000002 0.477884821486623
13570.0 0.4777300875141725
13580.000000000002 0.4775974583949293
13590.0 0.4776195632481364
13600.000000000002 0.4776195632481364
13610.0 0.47750903898210045
13620.000000000002 0.47731009530323554
13630.0 0.4771332564775779
13640.000000000002 0.4770006273583347
13650.0 0.47686799823909143
13660.000000000002 0.4768016836794698
13670.0 0.47677957882626254
13680.000000000002 0.47675747397305535
13690.0 0.47666905456022657
13700.000000000002 0.47651432058777604
13710.0 0.47635958661532557
13720.000000000002 0.47618274778966796
13730.0 0.4760501186704247
13740.000000000002 0.47593959440438866
13750.0 0.4758511749915598
13759.999999999998 0.47574065072552385
13770.0 0.47563012645948777
13779.999999999998 0.4754532876338301
13790.0 0.47525434395496524
13799.999999999998 0.4750332954228932
13810.0 0.4748564565972355
13819.999999999998 0.47467961777157786
13830.0 0.474480674092713
13839.999999999998 0.4742154158542265
13850.0 0.47390594790932555
13859.999999999998 0.47361858481763186
13870.0 0.47346385084518144
13879.999999999998 0.473309116872731
13890.0 0.4730880683406589
13899.999999999998 0.47293333436820845
13910.0 0.47291122951500125
13919.999999999998 0.472889124661794
13930.0 0.4726459712765147
13939.999999999998 0.47231439847840656
13950.0 0.4720491402399201
13959.999999999998 0.47187230141426245
13970.0 0.4717617771482264
13980.0 0.471607043175776
13990.0 0.47127547037766787
14000.0 0.47089968787314535
14010.0 0.4705681150750372
14020.0 0.47034706654296515
14030.0 0.47017022771730743
14040.0 0.4699712840384426
14050.0 0.4697060257999561
14060.0 0.46937445300184805
14070.0 0.4689986704973255
14080.0 0.46864499284601013
14090.0 0.468313420047902
14100.0 0.4679155326901723
14110.0 0.46742922591961367
14120.0 0.46700923370867675
14130.0 0.46674397547019025
14140.0 0.46650082208491095
14150.0 0.4661250395803884
14160.0 0.46570504736945145
14170.0 0.4653071600117218
14180.0 0.4649976920668209
14190.0 0.46477664353474873
14200.0 0.4645555950026767
14210.0 0.46429033676419024
14220.0 0.46411349793853257
14230.0 0.4640913930853253
14240.0 0.464157707644947
14250.0 0.46413560279173977
14260.0 0.46398086881928935
14270.0 0.46369350572759566
14280.0 0.4634061426359019
14290.0 0.46318509410382985
14300.0 0.462986150424965
14310.0 0.46276510189289294
14320.0 0.4624998436544064
14330.0 0.4622345854159199
14340.0 0.4619914320306406
14350.0 0.4617703834985685
14360.0 0.4615272301132892
14370.0 0.46128407672801003
14380.0 0.46097460878310903
14390.0 0.46064303598500095
14400.0 0.46033356804010006
14410.0 0.46013462436123514
14420.0 0.45993568068237034
14430.0 0.45969252729709104
14440.0 0.4593830593521901
14450.0 0.4590293817008748
14460.0 0.4586978089027667
14470.0 0.4583883409578658
14480.0 0.45812308271937924
14490.0 0.4579020341873072
14500.0 0.4577030905084424
14510.0 0.4574820419763702
14520.0 0.45721678373788377
14530.0 0.4568631060865685
14540.0 0.4565094284352531
14550.0 0.45624417019676666
14560.0 0.45600101681148736
14570.0 0.4557136537197936
14580.0 0.4554262906280999
14590.0 0.45520524209602786
14600.0 0.45496208871074856
14610.0 0.45465262076584767
14620.0 0.4543431528209468
14630.0 0.45407789458246023
14640.0 0.4537905314907666
14650.0 0.4534368538394512
14660.0 0.4531052810413431
14670.0 0.4528621276560639
14680.0 0.45264107912399176
14690.0 0.4524200305919197
14700.0 0.4521105626470188
14710.0 0.4517347801424963
14720.0 0.45140320734438816
14730.0 0.45116005395910885
14740.0 0.4509390054270368
14750.0 0.45067374718855036
14760.0 0.45036427924364936
14770.0 0.45007691615195566
14780.0 0.449789553060262
14790.000000000002 0.4495021899685683
14800.0 0.44923693173008183
14810.000000000002 0.44899377834480253
14820.0 0.448728520106316
14830.000000000002 0.4484190521614151
14840.0 0.44808747936330695
14850.000000000002 0.44780011627161326
14860.0 0.4475348580331268
14870.000000000002 0.4472253900882259
14880.0 0.44691592214332493
14890.000000000002 0.44656224449200965
14900.0 0.44625277654710876
14910.000000000002 0.4459875183086222
14920.0 0.44570015521692863
14930.000000000002 0.4453685824188205
14940.0 0.4450591144739195
14950.000000000002 0.4448159610886403
14960.0 0.444572807703361
14970.000000000002 0.44426333975846
14980.0 0.44393176696035197
14990.000000000002 0.44355598445582944
15000.0 0.44320230680451406
15009.999999999998 0.44291494371282036
15020.0 0.44264968547433386
15029.999999999998 0.4423844272358474
15040.0 0.44209706414415373
15049.999999999998 0.44180970105246
15060.0 0.4415002331075591
15069.999999999998 0.4412128700158654
15080.0 0.44088129721775726
15089.999999999998 0.44048340986002754
15100.0 0.440107627355505
15109.999999999998 0.4398202642638113
15120.0 0.439577110878532
15129.999999999998 0.43933395749325277
15140.0 0.4390244895483518
15149.999999999998 0.4386487070438293
15160.0 0.4382508196860996
15169.999999999998 0.43787503718157705
15180.0 0.4374992546770545
15189.999999999998 0.4371455770257392
15200.0 0.43679189937442386
15209.999999999998 0.4364824314295229
15220.0 0.43615085863141484
15230.0 0.4357971809800995
15240.0 0.4354435033287842
15250.0 0.4351340353838833
15260.0 0.4348245674389824
15270.0 0.43451509949408146
15280.0 0.4341614218427661
15290.0 0.4337635344850364
15300.0 0.43340985683372113
15310.0 0.4331224937420274
15320.0 0.4328130257971265
15330.0 0.4324151384393967
15340.0 0.4319951462284598
