mejiro/data/roman_filter_response/RomanSCA16-F184.ecsv
# %ECSV 1.0
# ---
# datatype:
# - {name: wavelength, unit: Angstrom, datatype: float64}
# - {name: response, datatype: float64}
# meta:
#   __serialized_columns__:
#     wavelength:
#       __class__: astropy.units.quantity.Quantity
#       unit: !astropy.units.Unit {unit: Angstrom}
#       value: !astropy.table.SerializedColumn {name: wavelength}
#   band_name: F184
#   group_name: RomanSCA16
# schema: astropy-2.0
wavelength response
16580.0 0.0
16590.0 2.2104853207207685e-05
16600.0 4.420970641441537e-05
16610.0 0.00011052426603603843
16620.0 0.0002652582384864922
16630.0 0.0006189358898018152
16640.0 0.0013705008988468765
16650.0 0.0028515260637297915
16660.0 0.005614632714630752
16670.0 0.010477700420216443
16680.0 0.018545971840847247
16690.0 0.0310573187561268
16700.0 0.049382242064901966
16710.0 0.07462598442753315
16720.0 0.10734116717420052
16730.0 0.14717411265358876
16740.0 0.19282063452647263
16750.0 0.24211445717854577
16760.0 0.2921377399864568
16770.0 0.3398621180608182
16780.0 0.3827234284295939
16790.0 0.4189974925426217
16800.0 0.4478664308312349
16810.0 0.4694628724146769
16820.0 0.4846489065680285
16830.0 0.4947729293369297
16840.0 0.5010949173541911
16850.0 0.504808532693002
16860.0 0.5069084937476867
16870.0 0.5080800509676687
16880.0 0.5087210917106777
16890.0 0.5090968742152002
16900.0 0.5093179227472723
16910.0 0.5094726567197227
16920.0 0.5096494955453804
16930.0 0.5099147537838669
16940.0 0.5101136974627318
16950.0 0.5101800120223533
16960.0 0.5102684314351822
16970.0 0.5105557945268758
16980.0 0.5108210527653625
16990.0 0.5108431576185696
17000.0 0.5108431576185696
17010.0 0.511108415857056
17020.0 0.5114620935083715
17030.0 0.5117273517468579
17040.0 0.5118599808661012
17050.0 0.5119041905725156
17060.0 0.5119705051321373
17070.0 0.5121915536642093
17080.0 0.5124347070494886
17090.0 0.5126115458751462
17100.0 0.5127441749943894
17110.0 0.5128768041136327
17120.0 0.5130536429392905
17130.0 0.5132525866181552
17140.0 0.5134073205906057
17150.0 0.5134736351502274
17160.0 0.513650473975885
17170.0 0.5140041516272003
17180.0 0.5143578292785157
17190.0 0.5144904583977589
17200.0 0.5145567729573804
17210.0 0.5147115069298309
17220.0 0.514932555461903
17230.0 0.5150872894343534
17240.0 0.515242023406804
17250.0 0.5154851767920832
17260.0 0.5156841204709481
17270.0 0.5158167495901913
17280.0 0.5159051690030202
17290.0 0.5160377981222634
17300.0 0.5162367418011282
17310.0 0.5164356854799932
17320.0 0.5166567340120652
17330.0 0.5168335728377229
17340.0 0.5170325165165878
17350.0 0.5172314601954526
17360.0 0.5174082990211103
17370.0 0.5175409281403536
17380.0 0.517585137846768
17390.0 0.5175630329935608
17400.0 0.5176514524063897
17410.0 0.5179167106448761
17420.0 0.5182040737365697
17430.0 0.5183809125622274
17440.0 0.5184914368282635
17450.0 0.5186682756539212
17460.0 0.5188230096263716
17470.0 0.518867219332786
17480.0 0.5188893241859932
17490.0 0.5189556387456149
17500.0 0.5190440581584437
17510.0 0.5191103727180653
17520.0 0.5192430018373085
17530.0 0.5194861552225878
17540.0 0.5197293086078671
17550.0 0.5198177280206959
17560.0 0.5198177280206959
17570.0 0.5198619377271103
17580.0 0.519928252286732
17590.0 0.5200166716995608
17600.0 0.5201271959655969
17610.0 0.5202819299380472
17620.0 0.5203703493508761
17630.0 0.5203703493508761
17640.0 0.5203703493508761
17650.0 0.5204808736169122
17660.0 0.5206356075893627
17670.0 0.5207019221489843
17680.0 0.5207240270021914
17690.0 0.5207019221489843
17700.0 0.5207019221489843
17710.0 0.5207240270021914
17720.0 0.5207461318553986
17730.0 0.5207682367086058
17740.0 0.5208345512682274
17750.0 0.5209671803874707
17760.0 0.521099809506714
17770.0 0.5211440192131285
17780.0 0.5211882289195429
17790.0 0.5212987531855788
17800.0 0.5214092774516149
17810.0 0.5214313823048221
17820.0 0.5213871725984076
17830.0 0.5212987531855788
17840.0 0.52121033377275
17850.0 0.5212324386259573
17860.0 0.5213429628919932
17870.0 0.5214755920112365
17880.0 0.5216524308368942
17890.0 0.5217850599561374
17900.0 0.5218734793689662
17910.0 0.5219176890753806
17920.0 0.5218734793689662
17930.0 0.5218292696625518
17940.0 0.5218734793689662
17950.0 0.5220282133414167
17960.0 0.5221829473138672
17970.0 0.5221387376074527
17980.0 0.5220724230478312
17990.0 0.5221166327542456
18000.0 0.5222713667266959
18010.0 0.5224924152587681
18020.0 0.5226471492312185
18030.0 0.5226692540844258
18040.0 0.5226250443780113
18050.0 0.5226471492312185
18060.0 0.5227355686440474
18070.0 0.5228681977632906
18080.0 0.523022931735741
18090.0 0.5231776657081915
18100.0 0.5232660851210204
18110.0 0.5232881899742275
18120.0 0.5233545045338491
18130.0 0.5235092385062996
18140.0 0.5237081821851646
18150.0 0.5238629161576149
18160.0 0.5239513355704437
18170.0 0.5240397549832726
18180.0 0.5240176501300654
18190.0 0.5238408113044077
18200.0 0.5236860773319573
18210.0 0.523774496744786
18220.0 0.5240176501300654
18230.0 0.5242608035153447
18240.0 0.5245481666070384
18250.0 0.524835529698732
18260.0 0.525144997643633
18270.0 0.5253439413224978
18280.0 0.5254323607353266
18290.0 0.5253881510289122
18300.0 0.525366046175705
18310.0 0.5254986752949483
18320.0 0.5256534092673988
18330.0 0.5256534092673988
18340.0 0.5256313044141915
18350.0 0.5257418286802276
18360.0 0.5259628772122996
18370.0 0.5262281354507862
18380.0 0.5264491839828582
18390.0 0.5266260228085159
18400.0 0.5267586519277592
18410.0 0.5268028616341736
18420.0 0.5267807567809664
18430.0 0.5267365470745519
18440.0 0.5266923373681375
18450.0 0.5267586519277592
18460.0 0.526847071340588
18470.0 0.526957595606624
18480.0 0.5270902247258673
18490.0 0.527267063551525
18500.0 0.5273333781111466
18510.0 0.5272228538451105
18520.0 0.5271123295790744
18530.0 0.5272007489919033
18540.0 0.5273554829643538
18550.0 0.5273554829643538
18560.0 0.5273112732579394
18570.0 0.5273775878175609
18580.0 0.5274881120835969
18590.0 0.527598636349633
18600.0 0.5276870557624619
18610.0 0.5277754751752907
18620.0 0.5278638945881196
18630.0 0.5278859994413267
18640.0 0.5277754751752907
18650.0 0.5274439023771825
18660.0 0.5271786441386961
18670.0 0.5271786441386961
18680.0 0.527267063551525
18690.0 0.527267063551525
18700.0 0.5271786441386961
18710.0 0.5270460150194529
18720.0 0.5271123295790744
18730.0 0.5274881120835969
18740.0 0.527797580028498
18750.0 0.5277533703220836
18760.0 0.527598636349633
18770.0 0.5276870557624619
18780.0 0.5277754751752907
18790.0 0.5276870557624619
18800.0 0.5275544266432186
18810.0 0.5276207412028402
18820.0 0.5276870557624619
18830.0 0.5276207412028402
18840.0 0.5275323217900114
18850.0 0.5275323217900114
18860.0 0.5275765314964258
18870.0 0.5275544266432186
18880.0 0.5274881120835969
18890.0 0.5274439023771825
18900.0 0.5275102169368042
18910.0 0.5276870557624619
18920.0 0.5277091606156691
18930.0 0.5273333781111466
18940.0 0.526957595606624
18950.0 0.5268691761937953
18960.0 0.5268691761937953
18970.0 0.5266923373681375
18980.0 0.5265818131021015
18990.0 0.5267365470745519
19000.0 0.5269354907534168
19010.0 0.526957595606624
19020.0 0.5269133859002096
19030.0 0.526957595606624
19040.0 0.5270460150194529
19050.0 0.5271123295790744
19060.0 0.52706811987266
19070.0 0.5268249664873809
19080.0 0.5265597082488942
19090.0 0.5264491839828582
19100.0 0.5264712888360654
19110.0 0.5265818131021015
19120.0 0.5266923373681375
19130.0 0.5266923373681375
19140.0 0.5266481276617231
19150.0 0.5266481276617231
19160.0 0.5266039179553087
19170.0 0.5264049742764438
19180.0 0.5261176111847502
19190.0 0.5257860383866421
19200.0 0.5257418286802276
19210.0 0.5261397160379573
19220.0 0.5265597082488942
19230.0 0.5266039179553087
19240.0 0.526427079129651
19250.0 0.526316554863615
19260.0 0.5261397160379573
19270.0 0.5257639335334348
19280.0 0.5255428850013627
19290.0 0.5257418286802276
19300.0 0.5261176111847502
19310.0 0.5262723451572006
19320.0 0.5261618208911646
19330.0 0.5258744577994708
19340.0 0.5256313044141915
19350.0 0.5256313044141915
19360.0 0.5257197238270204
19370.0 0.5256976189738132
19380.0 0.5256313044141915
19390.0 0.5256534092673988
19400.0 0.5257860383866421
19410.0 0.5260070869187141
19420.0 0.5261176111847502
19430.0 0.5259849820655069
19440.0 0.5257197238270204
19450.0 0.5254986752949483
19460.0 0.5254102558821194
19470.0 0.5254986752949483
19480.0 0.52556498985457
19490.0 0.5254765704417411
19500.0 0.5254102558821194
19510.0 0.5255870947077771
19520.0 0.5258302480930565
19530.0 0.5259186675058852
19540.0 0.5259186675058852
19550.0 0.5259628772122996
19560.0 0.5260955063315429
19570.0 0.5262281354507862
19580.0 0.5262502403039934
19590.0 0.5260734014783357
19600.0 0.5259849820655069
19610.0 0.5262502403039934
19620.0 0.5265376033956871
19630.0 0.5264491839828582
19640.0 0.5262723451572006
19650.0 0.526316554863615
19660.0 0.5265154985424798
19670.0 0.5266702325149303
19680.0 0.5267807567809664
19690.0 0.5268912810470023
19700.0 0.5269133859002096
19710.0 0.5268249664873809
19720.0 0.5267807567809664
19730.0 0.5268912810470023
19740.0 0.526957595606624
19750.0 0.5267807567809664
19760.0 0.5265154985424798
19770.0 0.5263828694232366
19780.0 0.5262502403039934
19790.0 0.5258965626526781
19800.0 0.5251892073500475
19810.0 0.5239955452768581
19820.0 0.52216084246066
19830.0 0.5194198406629662
19840.0 0.5153967573792544
19850.0 0.5096494955453804
19860.0 0.5018464823632361
19870.0 0.49163404018150614
19880.0 0.478525862229632
19890.0 0.4620577465902623
19900.0 0.4420307495845321
19910.0 0.4184227663592343
19920.0 0.39136642603361205
19930.0 0.36119330140577355
19940.0 0.3284339089526918
19950.0 0.29390612824303336
19960.0 0.25842783884546505
19970.0 0.22301586400751833
19980.0 0.18879755124276085
19990.0 0.1567455140923097
20000.0 0.12745658359275952
20010.0 0.10132864710184003
20019.999999999996 0.07873748712407377
20030.0 0.059815732778704
20040.0 0.04436444038686582
20050.0 0.032140456563279976
20059.999999999996 0.022723789097009502
20070.0 0.01567234092391025
20080.0 0.01052191012663086
20090.0 0.006896714200648798
20099.999999999996 0.004420970641441537
20110.0 0.002741001797693753
20120.0 0.0016578639905405763
20130.0 0.0009947183943243459
20139.999999999996 0.0005747261833873998
20150.0 0.0003094679449009076
20160.0 0.00017683882565766148
20170.0 8.841941282883074e-05
20179.999999999996 4.420970641441537e-05
20190.0 2.2104853207207685e-05
20200.0 2.2104853207207685e-05
20210.0 0.0
