mejiro/data/roman_filter_response/RomanSCA12-F106.ecsv
# %ECSV 1.0
# ---
# datatype:
# - {name: wavelength, unit: Angstrom, datatype: float64}
# - {name: response, datatype: float64}
# meta:
#   __serialized_columns__:
#     wavelength:
#       __class__: astropy.units.quantity.Quantity
#       unit: !astropy.units.Unit {unit: Angstrom}
#       value: !astropy.table.SerializedColumn {name: wavelength}
#   band_name: F106
#   group_name: RomanSCA12
# schema: astropy-2.0
wavelength response
9230.0 0.0
9240.0 4.420970641441537e-05
9250.0 0.00019894367886486917
9260.0 0.0009062989814955152
9270.0 0.0035367765131532297
9280.0 0.011516628520955204
9290.0 0.031189947875370046
9300.0 0.07108920791437992
9310.0 0.13733745297638134
9320.0 0.22743683464895986
9330.0 0.3278591827693044
9340.0 0.41959432357921633
9350.0 0.4884951510260827
9360.0 0.5310912031563718
9370.0 0.552930798125093
9380.0 0.5624579898573996
9390.0 0.5663263391686608
9400.0 0.5680284128656159
9410.0 0.5689568167003186
9420.0 0.5697525914157782
9430.0 0.5706367855440664
9440.0 0.571454665112733
9450.0 0.5721178107089493
9460.0 0.5727367465987512
9470.0 0.5735104164610034
9480.0 0.5743061911764629
9490.0 0.574947231919472
9500.0 0.5755661678092737
9510.0 0.5763177328183188
9520.0 0.5770471929741566
9530.0 0.5776219191575441
9540.0 0.5780861210748954
9550.0 0.5785724278454539
9560.0 0.5791250491756341
9570.0 0.5796776705058143
9580.0 0.5802081869827873
9590.0 0.580606074340517
9600.0 0.5809818568450396
9610.0 0.581446058762391
9620.0 0.5819102606797423
9630.0 0.5822860431842648
9640.0 0.5826397208355802
9650.0 0.5829933984868955
9660.0 0.5832807615785892
9670.0 0.5834797052574541
9680.0 0.5837228586427333
9690.0 0.5841207460004632
9700.0 0.5845186333581928
9710.0 0.5847175770370577
9720.0 0.5849165207159226
9730.0 0.5852259886608234
9740.0 0.5855354566057244
9750.0 0.585712295431382
9760.0 0.5858891342570397
9770.0 0.5861986022019406
9780.0 0.5864859652936343
9790.0 0.5865743847064632
9800.0 0.5866406992660848
9810.0 0.5868396429449496
9820.0 0.5870606914770218
9830.0 0.5871270060366434
9840.0 0.587193320596265
9850.0 0.5873701594219226
9860.0 0.587613312807202
9870.0 0.5878122564860667
9880.0 0.5879006758988956
9890.0 0.5878122564860667
9900.0 0.5877680467796523
9910.0 0.5879669904585172
9920.0 0.5881880389905892
9930.0 0.5882543535502109
9940.0 0.5882543535502109
9950.0 0.5883427729630397
9960.0 0.588475402082283
9970.0 0.5885417166419047
9980.0 0.5886522409079407
9990.0 0.5888953942932199
10000.0 0.589116442825292
10009.999999999998 0.5892932816509497
10020.0 0.5893595962105713
10029.999999999998 0.5894038059169857
10040.0 0.5894480156234001
10049.999999999998 0.5895364350362289
10060.0 0.5896690641554723
10069.999999999998 0.5898459029811299
10080.0 0.5899564272471659
10089.999999999998 0.5900227418067876
10100.0 0.5901111612196164
10109.999999999998 0.590288000045274
10120.0 0.5905090485773462
10129.999999999998 0.5906637825497966
10140.0 0.5907522019626253
10149.999999999998 0.5907743068158327
10160.0 0.5908406213754542
10169.999999999998 0.5909953553479047
10180.0 0.5911721941735624
10189.999999999998 0.5913269281460128
10200.0 0.591459557265256
10209.999999999998 0.5915700815312921
10220.0 0.5916806057973281
10230.0 0.5918132349165713
10240.0 0.5919458640358146
10250.0 0.5920121785954362
10260.0 0.5920784931550579
10270.0 0.5921005980082651
10280.0 0.5921890174210939
10290.0 0.5923658562467516
10300.0 0.5925426950724092
10310.0 0.5925647999256164
10320.0 0.5925647999256164
10330.0 0.5926311144852381
10340.0 0.5927416387512742
10350.0 0.592830058164103
10360.0 0.5928963727237245
10370.0 0.5929184775769317
10380.0 0.5929405824301389
10390.0 0.5929405824301389
10400.0 0.5929184775769317
10410.0 0.5928742678705173
10420.0 0.5928963727237245
10430.0 0.5930068969897606
10440.0 0.5930732115493822
10450.0 0.5929405824301389
10460.0 0.5927416387512742
10470.0 0.5927195338980669
10480.0 0.5927858484576886
10490.0 0.5928742678705173
10500.0 0.5928742678705173
10510.0 0.5926974290448597
10520.0 0.592520590219202
10530.0 0.5924542756595804
10540.0 0.5924763805127876
10550.0 0.5924763805127876
10560.0 0.5924542756595804
10570.0 0.5923658562467516
10580.0 0.5921669125678867
10590.0 0.5918574446229858
10600.0 0.5915921863844993
10610.0 0.5914816621184633
10620.0 0.591459557265256
10630.0 0.5913711378524272
10640.0 0.5911721941735624
10650.0 0.5908848310818686
10660.0 0.590597467990175
10670.0 0.5903985243113101
10680.0 0.5902437903388597
10690.0 0.5900227418067876
10700.0 0.5898237981279226
10710.0 0.5896690641554723
10720.0 0.5895364350362289
10730.0 0.5893817010637785
10740.0 0.589226967091328
10750.0 0.589116442825292
10760.0 0.5889838137060488
10770.0 0.5887406603207695
10780.0 0.5884311923758686
10790.0 0.5881659341373822
10800.0 0.5879669904585172
10810.0 0.5879227807521028
10820.0 0.5878122564860667
10830.0 0.5875469982475803
10840.0 0.5872596351558865
10850.0 0.5871712157430578
10860.0 0.5870827963302289
10870.0 0.5868396429449496
10880.0 0.5865743847064632
10890.0 0.5863754410275982
10900.0 0.5862207070551478
10910.0 0.5860659730826974
10920.0 0.5858891342570397
10930.0 0.5856680857249676
10940.0 0.5854691420461028
10950.0 0.5853144080736523
10960.0 0.585159674101202
10970.0 0.584960730422337
10980.0 0.5850049401287514
10990.0 0.5854249323396884
11000.0 0.585822819697418
11010.0 0.585822819697418
11020.0 0.5856238760185533
11030.0 0.5855354566057244
11040.000000000002 0.5855354566057244
11050.0 0.5855575614589316
11060.000000000002 0.5855796663121388
11070.0 0.5856238760185533
11080.000000000002 0.585601771165346
11090.0 0.5854470371928955
11100.000000000002 0.5853365129268595
11110.0 0.5854249323396884
11120.000000000002 0.5855575614589316
11130.0 0.5855575614589316
11140.000000000002 0.585601771165346
11150.0 0.5857344002845892
11160.000000000002 0.585822819697418
11170.0 0.5856901905781748
11180.000000000002 0.5855796663121388
11190.0 0.585712295431382
11200.000000000002 0.5858670294038325
11210.0 0.5858891342570397
11220.000000000002 0.5858670294038325
11230.0 0.5859775536698686
11240.000000000002 0.5860438682294901
11250.0 0.5859112391102469
11259.999999999998 0.5857565051377965
11270.0 0.585712295431382
11279.999999999998 0.5857786099910036
11290.0 0.5858449245506253
11299.999999999998 0.5859112391102469
11310.0 0.586021763376283
11319.999999999998 0.5860880779359047
11330.0 0.5861101827891118
11339.999999999998 0.5861101827891118
11350.0 0.5861322876423191
11359.999999999998 0.5861322876423191
11370.0 0.5861101827891118
11379.999999999998 0.5861101827891118
11390.0 0.5861986022019406
11399.999999999998 0.5863312313211838
11410.0 0.5864638604404271
11419.999999999998 0.5865080701468416
11430.0 0.5864417555872199
11439.999999999998 0.5863975458808055
11450.0 0.5864417555872199
11459.999999999998 0.5865301750000487
11470.0 0.5865743847064632
11480.0 0.586552279853256
11490.0 0.5865080701468416
11500.0 0.5864859652936343
11510.0 0.5864859652936343
11520.0 0.5864638604404271
11530.0 0.5863754410275982
11540.0 0.5863533361743911
11550.0 0.5864196507340127
11560.0 0.5864859652936343
11570.0 0.5863533361743911
11580.0 0.5861986022019406
11590.0 0.5861986022019406
11600.0 0.586242811908355
11610.0 0.5862649167615622
11620.0 0.5861986022019406
11630.0 0.5860438682294901
11640.0 0.5859112391102469
11650.0 0.5858670294038325
11660.0 0.5858449245506253
11670.0 0.5857786099910036
11680.0 0.5857565051377965
11690.0 0.5858007148442109
11700.0 0.5858007148442109
11710.0 0.585601771165346
11720.0 0.5853586177800667
11730.0 0.5852259886608234
11740.0 0.585159674101202
11750.0 0.5850933595415803
11760.0 0.5850049401287514
11770.0 0.5848944158627153
11780.0 0.5848723110095082
11790.0 0.5849165207159226
11800.0 0.584960730422337
11810.0 0.5848502061563009
11820.0 0.5847175770370577
11830.0 0.584651262477436
11840.0 0.5846070527710217
11850.0 0.5844523187985712
11860.0 0.5842533751197063
11870.0 0.5840323265876343
11880.0 0.5837670683491477
11890.0 0.5833028664317964
11900.0 0.581998680092571
11910.0 0.5786166375518683
11920.0 0.5712336165806611
11930.0 0.5567991474363544
11940.0 0.531113308009579
11950.0 0.49035195869548814
11960.0 0.4331445985952346
11970.0 0.3618122372955754
11980.0 0.282588443400943
11990.0 0.20438147275384225
12000.0 0.1357680083986696
12010.0 0.08234057819684863
12020.0 0.04535915878119017
12030.0 0.022591159977766253
12040.0 0.010146127622108328
12050.0 0.004089397843333422
12060.0 0.001481025164882915
12070.0 0.0004863067705585691
12080.0 0.0001326291192432461
12090.0 4.420970641441537e-05
12100.0 0.0
