mejiro/data/roman_filter_response/RomanSCA04-Grism_1stOrder.ecsv
# %ECSV 1.0
# ---
# datatype:
# - {name: wavelength, unit: Angstrom, datatype: float64}
# - {name: response, datatype: float64}
# meta:
#   __serialized_columns__:
#     wavelength:
#       __class__: astropy.units.quantity.Quantity
#       unit: !astropy.units.Unit {unit: Angstrom}
#       value: !astropy.table.SerializedColumn {name: wavelength}
#   band_name: Grism_1stOrder
#   group_name: RomanSCA04
# schema: astropy-2.0
wavelength response
9900.0 0.0
9910.0 2.2104853207207685e-05
9920.0 0.00022104853207207686
9930.0 0.001127347513567592
9940.0 0.004642019173513614
9950.0 0.014766041942414734
9960.0 0.036937209709244044
9970.0 0.07358705632679438
9980.0 0.11952094129137195
9990.0 0.16324434093522877
10000.0 0.19494270043436457
10009.999999999998 0.21273710726616676
10020.0 0.22080537868679756
10029.999999999998 0.22423163093391477
10040.0 0.2260884386033202
10049.999999999998 0.22756946376820314
10060.0 0.2289841743734644
10069.999999999998 0.2303988849787257
10080.0 0.2317914907307798
10089.999999999998 0.23316199162962667
10100.0 0.23453249252847352
10109.999999999998 0.23596930798694202
10120.0 0.23738401859220334
10129.999999999998 0.23879872919746464
10140.0 0.2401692300963115
10149.999999999998 0.24151762614195119
10160.0 0.24286602218759085
10169.999999999998 0.24428073279285212
10180.0 0.24569544339811342
10189.999999999998 0.2470880491501675
10200.0 0.2484585500490144
10209.999999999998 0.2498290509478613
10220.0 0.25122165669991536
10230.0 0.25259215759876225
10240.0 0.2539847633508163
10250.0 0.25533315939645596
10260.0 0.25668155544209564
10270.0 0.2580078466345281
10280.0 0.25935624268016777
10290.0 0.26077095328542904
10300.0 0.2621414541842759
10310.0 0.2634677453767084
10320.0 0.26479403656914086
10330.0 0.2661203277615733
10340.0 0.2674908286604202
10350.0 0.26883922470605986
10360.0 0.2701655158984923
10370.0 0.2714918070909248
10380.0 0.27279599343015004
10390.0 0.2741001797693753
10400.0 0.27538226125539333
10410.0 0.2766643427414114
10420.0 0.2779685290806367
10430.0 0.2793390299794835
10440.0 0.280665321171916
10450.0 0.28188108809831236
10460.0 0.2830968550247088
10470.0 0.2843568316575197
10480.0 0.2856831228499521
10490.0 0.2870315188955918
10500.0 0.28831360038160986
10510.0 0.28952936730800627
10520.0 0.2907230293811955
10530.0 0.2919609011607991
10540.0 0.29326508750002434
10550.0 0.29454716898604244
10560.0 0.29580714561885324
10570.0 0.2970450173984569
10580.0 0.29823867947164606
10590.0 0.2993439221320065
10600.0 0.3004933744987813
10610.0 0.3017091414251777
10620.0 0.30294701320478135
10630.0 0.304184884984385
10640.0 0.3053343373511598
10650.0 0.30643958001152016
10660.0 0.30756692752508774
10670.0 0.30871637989186257
10680.0 0.30988793711184454
10690.0 0.3110152846254121
10700.0 0.3121426321389797
10710.0 0.3132920845057545
10720.0 0.31446364172573654
10730.0 0.3156130940925113
10740.0 0.31676254645928614
10750.0 0.3179341036792681
10760.0 0.31908355604604294
10770.0 0.32016669385319607
10780.0 0.3212056219539349
10790.0 0.32226665490788087
10800.0 0.32337189756824125
10810.0 0.324521349935016
10820.0 0.32567080230179085
10830.0 0.3266876255493224
10840.0 0.32772655365006115
10850.0 0.32883179631042153
10860.0 0.3299591438239891
10870.0 0.3309980719247279
10880.0 0.3319927903190522
10890.0 0.33303171841979096
10900.0 0.33409275137373695
10910.0 0.33515378432768295
10920.0 0.33617060757521444
10930.0 0.33716532596953885
10940.0 0.3381821492170704
10950.0 0.33919897246460196
10960.0 0.34021579571213345
10970.0 0.34118840925325067
10980.0 0.342293651913611
10990.0 0.3436199431060435
11000.0 0.34494623429847593
11010.0 0.34600726725242187
11020.0 0.3469356710871246
11030.0 0.347930389481449
11040.000000000002 0.34899142243539494
11050.0 0.3500303505361337
11060.000000000002 0.3510692786368725
11070.0 0.3521303115908184
11080.000000000002 0.3531250299851428
11090.0 0.35403132896663825
11100.000000000002 0.35498183765454827
11110.0 0.356020765755287
11120.000000000002 0.35708179870923296
11130.0 0.35807651710355726
11140.000000000002 0.3590491306446745
11150.0 0.3601101635986204
11160.000000000002 0.36112698684615196
11170.0 0.36198907612123304
11180.000000000002 0.3628732702495214
11190.0 0.3638900934970529
11200.000000000002 0.36492902159779167
11210.0 0.3658574254324944
11220.000000000002 0.3667637244139899
11230.0 0.36775844280831427
11240.000000000002 0.3687089514962242
11250.0 0.36954893591809806
11259.999999999998 0.37034471063355756
11270.0 0.37120679990863864
11279.999999999998 0.37213520374334136
11290.0 0.3730636075780441
11299.999999999998 0.37399201141274685
11310.0 0.37492041524744957
11319.999999999998 0.3758488190821523
11330.0 0.37673301321044056
11339.999999999998 0.3775951024855217
11350.0 0.3784571917606028
11359.999999999998 0.37931928103568385
11370.0 0.3801592654575578
11379.999999999998 0.3809992498794317
11390.0 0.3819055488609272
11399.999999999998 0.3828339526956299
11410.0 0.38374025167712544
11419.999999999998 0.3846023409522065
11430.0 0.385398115667666
11439.999999999998 0.3861938903831255
11450.0 0.38705597965820654
11459.999999999998 0.38794017378649487
11470.0 0.38878015820836875
11480.0 0.38957593292382825
11490.0 0.39037170763928775
11500.0 0.39116748235474724
11510.0 0.39198536192341393
11520.0 0.3927811366388734
11530.0 0.3935327016479184
11540.0 0.39430637151017073
11550.0 0.3951684607852518
11560.0 0.3959863403539185
11570.0 0.3967158005097563
11580.0 0.39740105095917977
11590.0 0.3981968256746392
11600.0 0.3990147052433059
11610.0 0.3998104799587654
11620.0 0.4005620449678105
11630.0 0.4012472954172339
11640.0 0.40193254586665733
11650.0 0.40268411087570244
11660.0 0.40343567588474744
11670.0 0.40416513604058535
11680.0 0.4049167010496304
11690.0 0.40571247576508984
11700.0 0.40648614562734214
11710.0 0.4071050815171439
11720.0 0.40767980770053136
11730.0 0.4083429532967476
11740.0 0.40905030859937824
11750.0 0.40975766390200885
11760.0 0.4104429143514323
11770.0 0.41110605994764854
11780.0 0.4118134152502792
11790.0 0.41258708511253145
11800.0 0.41336075497478375
11810.0 0.4140017957177927
11820.0 0.41464283646080174
11830.0 0.415305982057018
11840.0 0.41599123250644143
11850.0 0.41658806354303607
11860.0 0.41716278972642346
11870.0 0.41773751590981084
11880.0 0.4183343469464055
11890.0 0.4190195973958289
11900.0 0.4196827429920451
11910.0 0.4202132594690181
11920.0 0.4207437759459911
11930.0 0.42138481668900013
11940.0 0.42202585743200915
11950.0 0.4225342690557749
11960.0 0.4230647855327479
11970.0 0.42368372142254973
11980.0 0.4243026573123515
11990.0 0.4248331737893245
12000.0 0.42534158541309025
12010.0 0.4259163115964777
12020.0 0.4264910377798651
12030.0 0.42704365911004527
12040.0 0.4276183852934327
12050.0 0.4282152163300273
12060.0 0.4287899425134147
12070.0 0.42925414443076604
12080.0 0.429674136641703
12090.0 0.4300941288526399
12100.0 0.4305804356231985
12110.0 0.43113305695337867
12120.0 0.4316635734303517
12130.0 0.4320614607880814
12140.0 0.43245934814581116
12150.0 0.4329456549163697
12160.0 0.43349827624654996
12170.0 0.4340508975767301
12180.0 0.43453720434728865
12190.0 0.43491298685181123
12200.0 0.43528876935633376
12210.0 0.4357971809800995
12220.0 0.4363055926038653
12230.0 0.4367255848148022
12240.0 0.437123472172532
12250.0 0.43758767408988336
12260.0 0.4380518760072347
12270.0 0.43842765851175725
12280.0 0.43880344101627977
12290.000000000002 0.43922343322721674
12300.0 0.43964342543815366
12310.000000000002 0.43997499823626174
12320.0 0.4402844661811627
12330.000000000002 0.4405939341260636
12340.0 0.4409476117773789
12350.000000000002 0.44130128942869423
12360.0 0.44163286222680237
12370.000000000002 0.44192022531849606
12380.0 0.4422517981166042
12390.000000000002 0.44267179032754117
12400.0 0.44302546797885645
12410.000000000002 0.4432465165109285
12420.0 0.4434675650430006
12430.000000000002 0.44386545240073033
12440.0 0.44424123490525286
12450.000000000002 0.4444622834373249
12460.0 0.4446391222629826
12470.000000000002 0.44492648535467627
12480.0 0.44528016300599166
12490.000000000002 0.44558963095089255
12500.0 0.44583278433617185
12509.999999999998 0.4460538328682439
12520.0 0.44625277654710876
12529.999999999998 0.4464738250791808
12540.0 0.4467390833176673
12549.999999999998 0.4470043415561539
12560.0 0.4472917046478475
12569.999999999998 0.4475127531799196
12580.0 0.44764538229916284
12589.999999999998 0.4477116968587844
12600.0 0.44784432597802765
12609.999999999998 0.4481095842165142
12620.0 0.44839694730820795
12629.999999999998 0.44859589098707275
12640.0 0.4487506249595232
12649.999999999998 0.44894956863838814
12660.0 0.44912640746404575
12669.999999999998 0.4492148268768746
12680.0 0.4492811414364963
12689.999999999998 0.44943587540894664
12700.0 0.44963481908781155
12709.999999999998 0.44981165791346917
12720.0 0.44998849673912683
12730.0 0.4501874404179917
12740.0 0.4503421743904422
12750.0 0.4503421743904422
12760.0 0.45036427924364936
12770.0 0.4505632229225143
12780.0 0.45085058601420797
12790.0 0.4510495296930729
12800.0 0.4511379491059017
12810.0 0.4511158442526944
12820.0 0.4511379491059017
12830.0 0.4512484733719377
12840.0 0.45144741705080255
12850.0 0.45164636072966746
12860.0 0.4518010947021178
12870.0 0.4518674092617395
12880.0 0.4519116189681539
12890.0 0.4520442480873971
12900.0 0.4521768772066404
12910.0 0.4523095063258836
12920.0 0.4523979257387125
12930.0 0.4524642402983341
12940.0 0.45255265971116293
12950.0 0.4527073936836134
12960.0 0.4528400228028566
12970.0 0.45288423250927107
12980.0 0.4529505470688927
12990.0 0.45312738589455037
13000.0 0.453304224720208
13010.0 0.4533926441330368
13020.0 0.45341474898624406
13030.0 0.45348106354586565
13040.0 0.4535473781054873
13050.0 0.45368000722473056
13060.0 0.4538568460503882
13070.0 0.45403368487604584
13080.0 0.4541884188484963
13090.0 0.45427683826132514
13100.0 0.4544315722337756
13110.0 0.4547410401786765
13120.0 0.4549841935639558
13130.0 0.45500629841716295
13140.0 0.45496208871074856
13150.0 0.4550284032703702
13160.0 0.45518313724282067
13170.0 0.45535997606847833
13180.0 0.4554705003345144
13190.0 0.455536814894136
13200.0 0.45560312945375764
13210.0 0.45573575857300086
13220.0 0.4558683876922441
13230.0 0.45600101681148736
13240.0 0.4561336459307306
13250.0 0.4562220653435594
13260.0 0.45633258960959544
13270.0 0.4564431138756315
13280.0 0.45653153328846036
13290.0 0.4565536381416675
13300.0 0.4566199527012892
13310.0 0.4567525818205324
13320.0 0.4569294206461901
13330.0 0.45708415461864055
13340.0 0.45715046917826213
13350.0 0.4571725740314694
13360.0 0.45721678373788377
13370.0 0.457349412857127
13380.0 0.4574599371231631
13390.0 0.4574157274167487
13400.0 0.45732730800391985
13410.0 0.45732730800391985
13420.0 0.4574157274167487
13430.0 0.45752625168278466
13440.0 0.4575925662424063
13450.0 0.4576588808020279
13460.0 0.4577030905084424
13470.0 0.4577473002148568
13480.0 0.4577915099212712
13490.0 0.4577915099212712
13500.0 0.45776940506806396
13510.0 0.4577251953616495
13520.0 0.4576588808020279
13530.0 0.45757046138919905
13540.000000000002 0.45750414682957746
13550.0 0.45750414682957746
13560.000000000002 0.4574820419763702
13570.0 0.45732730800391985
13580.000000000002 0.45721678373788377
13590.0 0.45721678373788377
13600.000000000002 0.45721678373788377
13610.0 0.45708415461864055
13620.000000000002 0.45688521093977563
13630.0 0.45673047696732516
13640.000000000002 0.45657574299487474
13650.0 0.4564431138756315
13660.000000000002 0.45635469446280263
13670.0 0.45633258960959544
13680.000000000002 0.4563104847563882
13690.0 0.4561999604903522
13700.000000000002 0.45604522651790175
13710.0 0.4558683876922441
13720.000000000002 0.45569154886658647
13730.0 0.455536814894136
13740.000000000002 0.4554262906280999
13750.0 0.45531576636206395
13759.999999999998 0.45520524209602786
13770.0 0.45507261297678464
13779.999999999998 0.454895774151127
13790.0 0.4546747256190549
13799.999999999998 0.4544315722337756
13810.0 0.45425473340811795
13819.999999999998 0.45407789458246023
13830.0 0.4538789509035954
13839.999999999998 0.45359158781190173
13850.0 0.45328211986700084
13859.999999999998 0.45299475677530715
13870.0 0.4528179179496495
13879.999999999998 0.452663183977199
13890.0 0.45244213544512696
13899.999999999998 0.4522652966194692
13910.0 0.45224319176626204
13919.999999999998 0.45219898205984765
13930.0 0.45195582867456835
13939.999999999998 0.4516242558764602
13950.0 0.45135899763797377
13959.999999999998 0.4511821588123161
13970.0 0.45107163454628
13980.0 0.45091690057382955
13990.0 0.45060743262892866
14000.0 0.45023165012440614
14010.0 0.44992218217950525
14020.0 0.4497011336474332
14030.0 0.4495463996749827
14040.0 0.4493474559961178
14050.0 0.44908219775763136
14060.0 0.44877272981273036
14070.0 0.4484190521614151
14080.0 0.44808747936330695
14090.0 0.4477780114184061
14100.0 0.44742433376709073
14110.0 0.4469601318497394
14120.0 0.44656224449200965
14130.0 0.44631909110673035
14140.0 0.4460980425746583
14150.0 0.44576646977655016
14160.0 0.4453685824188205
14170.0 0.44499279991429797
14180.0 0.44472754167581136
14190.0 0.4445064931437393
14200.0 0.4443296543180817
14210.0 0.4440865009328024
14220.0 0.4439096621071447
14230.0 0.44393176696035197
14240.0 0.4440201863731808
14250.0 0.4440201863731808
14260.0 0.4438875572539376
14270.0 0.443622299015451
14280.0 0.4433570407769646
14290.0 0.4431802019513069
14300.0 0.44302546797885645
14310.0 0.4428044194467844
14320.0 0.44258337091471234
14330.0 0.44236232238264017
14340.0 0.4421412738505681
14350.0 0.44194233017170326
14360.0 0.4417433864928384
14370.0 0.44152233796076634
14380.0 0.4412570797222798
14390.0 0.4409697166305861
14400.0 0.4406823535388924
14410.0 0.44050551471323474
14420.0 0.4403507807407843
14430.0 0.44015183706191946
14440.0 0.4398644739702257
14450.0 0.4395550060253248
14460.0 0.43924553808042394
14470.0 0.43898027984193744
14480.0 0.4387592313098654
14490.0 0.43856028763100047
14500.0 0.43838344880534286
14510.0 0.43820660997968514
14520.0 0.4379634565944059
14530.0 0.43765398864950494
14540.0 0.43734452070460406
14550.0 0.4371013673193248
14560.0 0.4368803187872527
14570.0 0.43663716540197345
14580.0 0.4363719071634869
14590.0 0.4361729634846221
14600.0 0.4359740198057572
14610.0 0.4356866567140635
14620.0 0.4353992936223698
14630.0 0.4351561402370905
14640.0 0.43491298685181123
14650.0 0.4346035189069103
14660.0 0.43429405096200935
14670.0 0.4340730024299373
14680.0 0.4338961636042797
14690.0 0.4336751150722076
14700.0 0.43340985683372113
14710.0 0.4330561791824058
14720.0 0.43274671123750486
14730.0 0.4325256627054328
14740.0 0.43234882387977513
14750.0 0.43208356564128864
14760.0 0.43181830740280214
14770.0 0.43155304916431564
14780.0 0.43128779092582914
14790.000000000002 0.43104463754054984
14800.0 0.4308014841552706
14810.000000000002 0.4305804356231985
14820.0 0.4303372822379192
14830.000000000002 0.43004991914622553
14840.0 0.4297404512013246
14850.000000000002 0.42949729781604534
14860.0 0.42923203957755884
14870.000000000002 0.42896678133907234
14880.0 0.42865731339417146
14890.000000000002 0.4283478454492705
14900.0 0.4280604823575769
14910.000000000002 0.4278173289722976
14920.0 0.427552070733811
14930.000000000002 0.4272647076421174
14940.0 0.42697734455042363
14950.000000000002 0.4267341911651444
14960.0 0.4265352474862795
14970.000000000002 0.4262478843945858
14980.0 0.4259163115964777
14990.000000000002 0.42558473879836956
15000.0 0.4252531660002614
15009.999999999998 0.424987907761775
15020.0 0.42474475437649567
15029.999999999998 0.4245016009912164
15040.0 0.4242363427527299
15049.999999999998 0.42397108451424337
15060.0 0.4237058262757569
15069.999999999998 0.42341846318406323
15080.0 0.4231089952391623
15089.999999999998 0.4227332127346398
15100.0 0.4224016399365317
15109.999999999998 0.4221363816980452
15120.0 0.4219153331659731
15129.999999999998 0.421694284633901
15140.0 0.4214069215422073
15149.999999999998 0.421053243890892
15160.0 0.42067746138636947
15169.999999999998 0.42032378373505414
15180.0 0.4199701060837388
15189.999999999998 0.4196385332856307
15200.0 0.4193290653407298
15209.999999999998 0.4190195973958289
15220.0 0.418710129450928
15230.0 0.41837855665281987
15240.0 0.418069088707919
15250.0 0.41775962076301804
15260.0 0.41747225767132434
15270.0 0.41718489457963065
15280.0 0.4168533217815225
15290.0 0.41649964413020724
15300.0 0.4161459664788919
15310.0 0.4158807082404054
15320.0 0.4155933451487117
15330.0 0.4152175626441892
