mejiro/data/roman_filter_response/RomanSCA11-F087.ecsv
# %ECSV 1.0
# ---
# datatype:
# - {name: wavelength, unit: Angstrom, datatype: float64}
# - {name: response, datatype: float64}
# meta:
#   __serialized_columns__:
#     wavelength:
#       __class__: astropy.units.quantity.Quantity
#       unit: !astropy.units.Unit {unit: Angstrom}
#       value: !astropy.table.SerializedColumn {name: wavelength}
#   band_name: F087
#   group_name: RomanSCA11
# schema: astropy-2.0
wavelength response
7530.0 0.0
7540.0 2.2104853207207685e-05
7550.0 8.841941282883074e-05
7560.0 0.0005747261833873998
7570.0 0.002630477531657715
7580.0 0.00972613541117138
7590.0 0.028979462554649275
7600.0 0.06996186040081233
7610.0 0.138685849022021
7620.0 0.22940416658440138
7630.0 0.32368136551314214
7640.0 0.4007609886466753
7650.0 0.4503421743904422
7660.0 0.47560802160628063
7670.0 0.4862846657053619
7680.0 0.49077195090642506
7690.0 0.493004541080353
7700.0 0.4941539934471278
7710.0 0.49492766330938004
7720.0 0.4957013331716324
7730.0 0.4965634224467134
7740.0 0.49749182628141614
7750.0 0.4985086495289477
7760.0 0.49961389218930813
7770.0 0.500564400877218
7780.0 0.5012054416202271
7790.0 0.5018685872164433
7800.0 0.5028412007575604
7810.0 0.5037917094454704
7820.0 0.5043664356288577
7830.0 0.5047201132801731
7840.0 0.5050516860782812
7850.0 0.5053390491699749
7860.0 0.5056043074084614
7870.0 0.5059137753533622
7880.0 0.5063558724175065
7890.0 0.5069084937476867
7900.0 0.5075053247842812
7910.0 0.508013736408047
7920.0 0.5083232043529479
7930.0 0.5087431965638849
7940.0 0.5095168664261371
7950.0 0.5100473829031101
7960.0 0.5099589634902812
7970.0 0.5104231654076327
7980.0 0.5122136585174165
7990.0 0.5132525866181552
8000.0 0.511528408067993
8010.0 0.5089421402427498
8020.000000000001 0.5077484781695606
8030.000000000001 0.5077484781695606
8040.000000000001 0.5082789946465335
8050.000000000001 0.5087653014170921
8060.000000000001 0.508853720829921
8070.000000000001 0.5087431965638849
8080.000000000001 0.5087210917106777
8090.000000000001 0.5085000431786055
8100.000000000001 0.5078590024355966
8110.000000000001 0.5071516471329659
8120.000000000001 0.5067095500688218
8129.999999999999 0.5062895578578849
8139.999999999999 0.5056264122616686
8149.999999999999 0.505029581225074
8159.999999999999 0.5048527423994164
8169.999999999999 0.5048969521058307
8179.999999999999 0.5048527423994164
8189.999999999999 0.5047422181333803
8200.0 0.5046980084269659
8210.0 0.5048969521058307
8220.0 0.5055158879956326
8230.0 0.5062895578578849
8240.0 0.5068642840412723
8250.0 0.5069748083073082
8260.0 0.5066211306559929
8270.0 0.506731654922029
8280.0 0.5079916315548397
8290.0 0.5092958178940651
8300.0 0.5095389712793443
8310.0 0.5093621324536867
8320.0 0.5096716003985876
8330.0 0.510246326581975
8340.0 0.5108431576185696
8350.0 0.5115947226276146
8360.0 0.5126557555815606
8370.0 0.5138273128015427
8380.0 0.5148662409022814
8390.0 0.5156399107645336
8400.0 0.5161704272415067
8410.0 0.5168998873973445
8420.0 0.5181819688833625
8430.0 0.5194198406629662
8440.0 0.5200829862591824
8450.0 0.5210334949470924
8460.0 0.5230450365889483
8470.0 0.5251892073500475
8480.0 0.5264933936892727
8490.0 0.5273775878175609
8500.0 0.5285049353311285
8510.0 0.5298091216703538
8520.0 0.531113308009579
8530.0 0.5324174943488043
8540.0 0.5337216806880295
8550.0 0.5348490282015972
8560.0 0.5356226980638494
8570.0 0.5364626824857233
8580.0 0.5377668688249485
8590.0 0.5393584182558675
8600.0 0.5409941773932009
8610.0 0.5422541540260117
8620.0 0.5428730899158136
8630.0 0.5435804452184442
8640.0 0.5450614703833272
8650.0 0.5469403829059397
8660.0 0.548664561456102
8670.0 0.5501013769145704
8680.0 0.5512729341345525
8690.0 0.5521350234096335
8700.0 0.552709749593021
8710.0 0.55335079033603
8720.0 0.5543676135835615
8730.0 0.5555612756567507
8740.0 0.5566223086106967
8750.0 0.5573517687665346
8760.0 0.5576391318582282
8770.0 0.5579485998031292
8780.0 0.558678059958967
8790.0 0.5594738346744266
8800.0 0.5600264560046068
8810.0 0.5604685530687509
8820.0 0.5609769646925166
8830.0 0.5612422229310031
8840.0 0.5609327549861022
8850.0 0.5604906579219581
8860.0 0.5604243433623364
8870.0 0.5605569724815797
8880.0 0.5606674967476157
8890.0 0.5607117064540301
8900.0 0.5606674967476157
8910.0 0.5604906579219581
8920.0 0.5601811899770571
8930.0 0.5599380365917779
8940.0 0.5599159317385707
8950.0 0.5597833026193274
8960.0 0.55920857643594
8970.0 0.558457011426895
8980.0 0.5578822852435076
8990.0 0.5574401881793634
9000.0 0.5570865105280481
9010.0 0.5567107280235255
9020.0 0.5562465261061742
9030.0 0.5556717999227867
9040.0 0.5550307591797777
9050.0 0.5544560329963905
9060.0 0.5539476213726245
9070.0 0.5535276291616877
9080.0 0.5530855320975435
9090.0 0.5525992253269849
9100.0 0.5520687088500119
9110.0 0.5515602972262462
9120.0 0.5510960953088948
9130.0 0.5507203128043723
9140.0 0.550366635153057
9150.0 0.5499687477953272
9160.0 0.5494824410247686
9170.0 0.5489740294010028
9180.0 0.5485319323368587
9190.0 0.5482887789515795
9200.0 0.5480677304195074
9210.0 0.5477582624746065
9220.0 0.5474266896764983
9230.0 0.5472277459976335
9240.0 0.5470951168783902
9250.0 0.546962487759147
9260.0 0.5468961731995253
9270.0 0.5468740683463181
9280.0 0.5468961731995253
9290.0 0.5469182780527326
9300.0 0.5470066974655614
9310.0 0.5472056411444262
9320.0 0.5474045848232911
9330.0 0.5475593187957416
9340.0 0.5477361576213993
9350.0 0.5480456255663001
9360.0 0.5483993032176155
9370.0 0.5487750857221381
9380.0 0.5491508682266606
9390.0 0.5495708604375975
9400.0 0.5499687477953272
9410.0 0.5502340060338137
9420.0 0.5505213691255074
9430.0 0.5509634661896516
9440.0 0.5513613535473812
9450.0 0.5516266117858678
9460.0 0.551869765171147
9470.0 0.552289757382084
9480.0 0.5527318544462282
9490.0 0.5530413223911291
9500.0 0.55335079033603
9510.0 0.5537928874001742
9520.0 0.5542349844643183
9530.0 0.554522347556012
9540.0 0.5547212912348769
9550.0 0.5549644446201561
9560.0 0.5552518077118498
9570.0 0.5555612756567507
9580.0 0.5558486387484445
9590.0 0.5560475824273093
9600.0 0.556224421252967
9610.0 0.5564896794914534
9620.0 0.55675493772994
9630.0 0.5569538814088049
9640.0 0.5571086153812553
9650.0 0.5573075590601202
9660.0 0.5574401881793634
9670.0 0.5574843978857777
9680.0 0.5575949221518138
9690.0 0.5578380755370932
9700.0 0.5581033337755796
9710.0 0.5581917531884084
9720.0 0.5582580677480301
9730.0 0.558457011426895
9740.0 0.5586559551057598
9750.0 0.5587222696653815
9760.0 0.5587443745185886
9770.0 0.5585675356929309
9780.0 0.5569096717023905
9790.0 0.5500792720613633
9800.0 0.5302954284409124
9810.0 0.4860194074668754
9820.0 0.4086082115352341
9830.0 0.3034554248285471
9840.0 0.19257748114119336
9850.0 0.10174863931277697
9860.0 0.04390023846951446
9870.0 0.015252348712973304
9880.0 0.004222026962576668
9890.0 0.0009284038347027227
9900.0 0.0001547339724504538
9910.0 2.2104853207207685e-05
9920.0 0.0
