mejiro/data/roman_filter_response/RomanSCA03-F062.ecsv
# %ECSV 1.0
# ---
# datatype:
# - {name: wavelength, unit: Angstrom, datatype: float64}
# - {name: response, datatype: float64}
# meta:
#   __serialized_columns__:
#     wavelength:
#       __class__: astropy.units.quantity.Quantity
#       unit: !astropy.units.Unit {unit: Angstrom}
#       value: !astropy.table.SerializedColumn {name: wavelength}
#   band_name: F062
#   group_name: RomanSCA03
# schema: astropy-2.0
wavelength response
4720.0 0.0
4730.0 2.2104853207207685e-05
4740.0 0.0001326291192432461
4750.0 0.0006852504494234382
4760.0 0.0028294212105225837
4770.0 0.009372457759856059
4780.0 0.025089008390180724
4790.0 0.054974769926325516
4800.0 0.09995814620299315
4810.0 0.15292137448746276
4820.0 0.20243624567160798
4830.0 0.23890925346350067
4840.0 0.25997517856996954
4850.0 0.2694139508894473
4860.0 0.2725970497512852
4870.0 0.2732823002007086
4880.0 0.2732380904942942
4890.0 0.27303914681542935
4900.0 0.2728623079897717
4910.0 0.2726633643109068
4920.0 0.2724202109256275
4930.0 0.27217705754034827
4940.0 0.27202232356789774
4950.0 0.27195600900827616
4960.0 0.27202232356789774
4970.0 0.27217705754034827
4980.0 0.27237600121921307
4990.0 0.2725528400448708
5000.0 0.2726191546044924
5010.0 0.2727296788705284
5020.0 0.2729728322558077
5030.0 0.27332650990712304
5040.0 0.2737907118244744
5050.0 0.27429912344824015
5060.0 0.2748517447784204
5070.0 0.275448575815015
5080.0 0.276089616558024
5090.0 0.27681907671386186
5100.0 0.27765906113573574
5110.0 0.2785211504108168
5120.0 0.2793169251262763
5130.0 0.28017901440135745
5140.0 0.28117373279568175
5150.0 0.2822347657496277
5160.0 0.28331790355678094
5170.0 0.28444525107034846
5180.0 0.2855947034371233
5190.0 0.28678836551031256
5200.0 0.2879820275835017
5210.0 0.2892198993631054
5220.0 0.2905240857023306
5230.0 0.2918945866011775
5240.0 0.293331402059646
5250.0 0.2947903223713217
5260.0 0.296205032976583
5270.0 0.2976197435818443
5280.0 0.29905655904031275
5290.0 0.3005817939116101
5300.0 0.3022617627553579
5310.0 0.3039859413055201
5320.0 0.30566591014926786
5330.0 0.30730166928660124
5340.0 0.3090037429835562
5350.0 0.3107500263869256
5360.0 0.31256262434991666
5370.0 0.3143973271661149
5380.0 0.3162541348355204
5390.0 0.3180888376517186
5400.0 0.31990143561470963
5410.0 0.3216919287244935
5420.0 0.3235487363938989
5430.0 0.32549396347613313
5440.0 0.3275718196776107
5450.0 0.32971599043870986
5460.0 0.3318159514933946
5470.0 0.33384959798845765
5480.0 0.3357948250706919
5490.0 0.33774005215292624
5500.0 0.3397515937947821
5510.0 0.34180734514305244
5520.000000000001 0.34384099163811555
5530.000000000001 0.3459409526928003
5540.000000000001 0.3480851234538994
5550.000000000001 0.3502292942149986
5560.000000000001 0.35232925526968334
5570.000000000001 0.35440711147116083
5580.000000000001 0.35650707252584557
5590.000000000001 0.3586070335805303
5600.000000000001 0.3606627849288006
5610.000000000001 0.3627406411302781
5620.000000000001 0.3648406021849629
5629.999999999999 0.36698477294606197
5639.999999999999 0.36917315341357554
5649.999999999999 0.3714057435875035
5659.999999999999 0.37363833376143146
5669.999999999999 0.3756719802564946
5679.999999999999 0.3773298442470352
5689.999999999999 0.3790540227971974
5699.999999999999 0.3811539838518821
5709.999999999999 0.38336446917260286
5719.999999999999 0.3853539059612516
5729.999999999999 0.3871665039242426
5740.0 0.38902331159364806
5750.0 0.3909243289694679
5760.0 0.39291376575811665
5770.0 0.3948147831339365
5780.0 0.3965610665373059
5790.0 0.3982852450874681
5800.0 0.4001862624632879
5810.0 0.4020872798391078
5820.0 0.40381145838927
5830.0 0.40542511267339615
5840.0 0.40706087181072953
5850.0 0.40854189697561244
5860.0 0.4098018736084233
5870.0 0.4110176405348197
5880.0 0.4124102462868738
5890.0 0.4138470617453423
5900.0 0.415195457790982
5910.0 0.41643332957058554
5920.0 0.4176048867905676
5930.0 0.4186217100380991
5940.0 0.4194395896067658
5950.0 0.4202132594690181
5960.0 0.42109745359730644
5970.0 0.42202585743200915
5980.0 0.4229321564135046
5990.0 0.42377214083537856
6000.0 0.4245458106976308
6010.0 0.4252310611470542
6020.0 0.4258278921836488
6030.0 0.4264910377798651
6040.0 0.4273531270549462
6050.0 0.4283036357428561
6060.0 0.42920993472435165
6070.0 0.4299172900269823
6080.0 0.43044780650395525
6090.0 0.4308899035680994
6100.0 0.43139831519186517
6110.0 0.43195093652204536
6120.0 0.43248145299901836
6130.0 0.43296775976957697
6140.0 0.43336564712730663
6150.0 0.4337635344850364
6160.0 0.43413931698955893
6170.0 0.43453720434728865
6180.0 0.4348687771453968
6190.0 0.4351340353838833
6200.0 0.43528876935633376
6210.0 0.4353992936223698
6220.0 0.435531922741613
6230.0 0.4356645518608563
6240.0 0.43581928583330676
6250.0 0.43588560039292834
6260.0 0.43584139068651395
6270.0 0.43586349553972115
6280.0 0.43615085863141484
6290.0 0.4364824314295229
6300.0 0.43668137510838784
6310.0 0.43679189937442386
6320.0 0.4369466333468743
6330.0 0.43707926246611756
6340.0 0.437123472172532
6350.0 0.43721189158536083
6360.0 0.4374329401174329
6370.0 0.43765398864950494
6380.0 0.4377424080623338
6390.0 0.4377424080623338
6400.0 0.43776451291554097
6410.0 0.43787503718157705
6420.0 0.43818450512647794
6430.0 0.43844976336496444
6440.0 0.4384939730713789
6450.0 0.43840555365855005
6460.0 0.4383171342457212
6470.0 0.4383171342457212
6480.0 0.43847186821817163
6490.0 0.4387592313098654
6500.0 0.439046594401559
6510.0 0.43924553808042394
6520.0 0.43933395749325277
6530.0 0.4393118526400456
6540.0 0.43926764293363113
6550.0 0.43920132837400955
6560.0 0.43915711866759505
6570.0 0.4391792235208023
6580.0 0.43933395749325277
6590.0 0.4394444817592888
6600.0 0.4394444817592888
6610.0 0.43933395749325277
6620.0 0.43920132837400955
6630.0 0.43909080410797346
6640.0 0.43900238469514463
6650.0 0.43898027984193744
6660.0 0.43898027984193744
6670.0 0.43900238469514463
6680.0 0.438936070135523
6690.0 0.4387813361630726
6700.0 0.43858239248420766
6710.0 0.43842765851175725
6720.0 0.43840555365855005
6730.0 0.43840555365855005
6740.0 0.43840555365855005
6750.0 0.4383171342457212
6760.0 0.43816240027327075
6770.000000000001 0.4379855614476131
6780.000000000001 0.4377866177687482
6790.000000000001 0.43758767408988336
6800.000000000001 0.43738873041101844
6810.000000000001 0.4372561012917752
6820.000000000001 0.43721189158536083
6830.000000000001 0.4371455770257392
6840.000000000001 0.4369245284936671
6850.000000000001 0.43663716540197345
6860.000000000001 0.43643822172310853
6870.000000000001 0.4363498023102797
6879.999999999999 0.4363276974570725
6889.999999999999 0.4362392780442437
6899.999999999999 0.43599612465896437
6909.999999999999 0.4357308664204779
6919.999999999999 0.4355540275948202
6929.999999999999 0.4353992936223698
6939.999999999999 0.4352224547967121
6949.999999999999 0.43506772082426165
6959.999999999999 0.43504561597105446
6969.999999999999 0.43508982567746884
6979.999999999999 0.43511193053067604
6990.0 0.4351782450902977
7000.0 0.4353550839159554
7010.0 0.4354656081819914
7020.0 0.4353771887691626
7030.0 0.4352003499435049
7040.0 0.4351340353838833
7050.0 0.43508982567746884
7060.0 0.43502351111784726
7070.0 0.43502351111784726
7080.0 0.4351340353838833
7090.0 0.43533297906274815
7100.0 0.4355761324480274
7110.0 0.4357529712736851
7120.0 0.4357971809800995
7130.0 0.43581928583330676
7140.0 0.43590770524613554
7150.0 0.4362171731910365
7160.0 0.43676979452121667
7170.0 0.4373003109981896
7180.0 0.43758767408988336
7190.0 0.4377866177687482
7200.0 0.4380739808604419
7210.0 0.4383613439521356
7220.0 0.43858239248420766
7230.0 0.4387813361630726
7240.0 0.4390244895483518
7250.0 0.43924553808042394
7260.0 0.4394223769060816
7270.0 0.43964342543815366
7280.0 0.4400192079426762
7290.0 0.44048340986002754
7300.0 0.44090340207096446
7310.0 0.4412128700158654
7320.0 0.4413676039883158
7330.0 0.44154444281397354
7340.0 0.44192022531849606
7350.0 0.44251705635509064
7360.0 0.44326862136413575
7370.0 0.4439759766667664
7380.0 0.4445064931437393
7390.0 0.4448822756482619
7400.0 0.4452580581527844
7410.0 0.44570015521692863
7420.0 0.44627488140031596
7430.0 0.4467832930240817
7440.0 0.44711486582218984
7450.0 0.44746854347350523
7460.0 0.4480211648036854
7470.0 0.4485516812806583
7480.0 0.4489274637851809
7490.0 0.4495021899685683
7500.0 0.450541118069307
7510.0 0.4516242558764602
7520.0 0.45208845779381157
7530.0 0.4513811024911809
7540.0 0.44833063274858626
7550.0 0.44019604676833385
7560.0 0.4227774224410542
7570.0 0.3914327405932337
7580.0 0.34333258001434974
7590.0 0.2800242804289069
7600.0 0.2088024433952838
7610.0 0.1403658178657688
7620.0 0.08410896645342525
7630.0 0.04451917435931628
7640.0 0.020668037748739185
7650.0 0.008355634512324505
7660.0 0.0029399454765586222
7670.0 0.0009062989814955152
7680.0 0.00024315338527928454
7690.0 4.420970641441537e-05
7700.0 0.0
