mejiro/data/roman_filter_response/RomanSCA05-F146.ecsv
# %ECSV 1.0
# ---
# datatype:
# - {name: wavelength, unit: Angstrom, datatype: float64}
# - {name: response, datatype: float64}
# meta:
#   __serialized_columns__:
#     wavelength:
#       __class__: astropy.units.quantity.Quantity
#       unit: !astropy.units.Unit {unit: Angstrom}
#       value: !astropy.table.SerializedColumn {name: wavelength}
#   band_name: F146
#   group_name: RomanSCA05
# schema: astropy-2.0
wavelength response
9150.0 0.0
9160.0 4.420970641441537e-05
9170.0 0.00019894367886486917
9180.0 0.0007515650090450613
9190.0 0.002365219293171222
9200.0 0.0065872462557478905
9210.0 0.016269171960504855
9220.0 0.03558881366360438
9230.0 0.06927660995138889
9240.0 0.12055986939211072
9250.0 0.18868702697672482
9260.0 0.2677339820456995
9270.0 0.34777565550899847
9280.0 0.41855539547847753
9290.0 0.4731985926066949
9300.0 0.5100915926095245
9310.0 0.5319311875782458
9320.0 0.5432930821267505
9330.0 0.548465617777237
9340.0 0.5506761030979579
9350.0 0.5517150311986966
9360.0 0.5523339670884985
9370.0 0.5528202738590571
9380.0 0.5532844757764084
9390.0 0.5537707825469669
9400.0 0.5542128796111111
9410.0 0.5545444524092192
9420.0 0.5548981300605346
9430.0 0.5553844368310932
9440.0 0.5558707436016517
9450.0 0.5561802115465525
9460.0 0.5564896794914534
9470.0 0.5569538814088049
9480.0 0.5574622930325707
9490.0 0.5578380755370932
9500.0 0.5582138580416157
9510.0 0.5587222696653815
9520.0 0.5592306812891472
9530.0 0.5595622540872554
9540.0 0.5598496171789491
9550.0 0.5601369802706427
9560.0 0.5604906579219581
9570.0 0.5608885452796878
9580.0 0.5612643277842103
9590.0 0.5615074811694897
9600.0 0.5617727394079761
9610.0 0.5621043122060843
9620.0 0.5624358850041924
9630.0 0.5627011432426788
9640.0 0.5629442966279581
9650.0 0.5632095548664445
9660.0 0.5634306033985167
9670.0 0.5635411276645527
9680.0 0.5637179664902103
9690.0 0.5640495392883185
9700.0 0.5643811120864266
9710.0 0.5645579509120843
9720.0 0.5647126848845347
9730.0 0.5649779431230212
9740.0 0.5652432013615077
9750.0 0.5653979353339581
9760.0 0.5655526693064087
9770.0 0.5658400323981023
9780.0 0.5661052906365888
9790.0 0.5661716051962105
9800.0 0.566237919755832
9810.0 0.5664368634346969
9820.0 0.566657911966769
9830.0 0.5667242265263907
9840.0 0.566768436232805
9850.0 0.5669452750584627
9860.0 0.5672105332969491
9870.0 0.5674094769758141
9880.0 0.5674978963886429
9890.0 0.5674094769758141
9900.0 0.5673873721226069
9910.0 0.5675642109482646
9920.0 0.5677852594803366
9930.0 0.5678515740399582
9940.0 0.5678515740399582
9950.0 0.5679399934527871
9960.0 0.5680726225720303
9970.0 0.5681389371316519
9980.0 0.5682273565444809
9990.0 0.5684263002233456
10000.0 0.5686473487554177
10009.999999999998 0.568779977874661
10020.0 0.5688241875810754
10029.999999999998 0.5688462924342825
10040.0 0.5688683972874898
10049.999999999998 0.5689126069939042
10060.0 0.569001026406733
10069.999999999998 0.5691115506727691
10080.0 0.5691778652323907
10089.999999999998 0.569199970085598
10100.0 0.5692220749388051
10109.999999999998 0.5693547040580483
10120.0 0.5695094380304988
10129.999999999998 0.5695978574433276
10140.0 0.5696199622965349
10149.999999999998 0.5695757525901205
10160.0 0.5695536477369132
10169.999999999998 0.5696420671497421
10180.0 0.5697525914157782
10189.999999999998 0.5698410108286069
10200.0 0.5698852205350213
10209.999999999998 0.5699073253882285
10220.0 0.5699515350946429
10230.0 0.5699957448010573
10240.0 0.5700399545074718
10250.0 0.5700399545074718
10260.0 0.5700178496542646
10270.0 0.5699736399478502
10280.0 0.5699736399478502
10290.0 0.5700841642138863
10300.0 0.5701504787735078
10310.0 0.5701062690670934
10320.0 0.5700178496542646
10330.0 0.5700178496542646
10340.0 0.570062059360679
10350.0 0.570062059360679
10360.0 0.5700399545074718
10370.0 0.5699957448010573
10380.0 0.5699515350946429
10390.0 0.5698852205350213
10400.0 0.5697746962689852
10410.0 0.5696641720029493
10420.0 0.5696199622965349
10430.0 0.5696862768561565
10440.0 0.5696862768561565
10450.0 0.5694873331772916
10460.0 0.5692441797920124
10470.0 0.5691557603791836
10480.0 0.5691778652323907
10490.0 0.5692220749388051
10500.0 0.5691778652323907
10510.0 0.5689568167003186
10520.0 0.5687357681682466
10530.0 0.5686473487554177
10540.0 0.5686473487554177
10550.0 0.5686031390490033
10560.0 0.5685368244893817
10570.0 0.5684263002233456
10580.0 0.5682273565444809
10590.0 0.5679178885995798
10600.0 0.5676526303610934
10610.0 0.5675200012418501
10620.0 0.5674757915354357
10630.0 0.5673652672693996
10640.0 0.5671663235905348
10650.0 0.566878960498841
10660.0 0.5666137022603546
10670.0 0.5664147585814897
10680.0 0.5662600246090393
10690.0 0.5660610809301744
10700.0 0.5658400323981023
10710.0 0.5657074032788592
10720.0 0.5655747741596159
10730.0 0.5654200401871654
10740.0 0.5652874110679221
10750.0 0.5651989916550934
10760.0 0.56506636253585
10770.0 0.564845314003778
10780.0 0.5645579509120843
10790.0 0.5642926926735978
10800.0 0.5641379587011472
10810.0 0.5640937489947329
10820.0 0.5640053295819041
10830.0 0.5637400713434176
10840.0 0.5634969179581383
10850.0 0.5634084985453095
10860.0 0.5633200791324806
10870.0 0.5631211354536158
10880.0 0.5628558772151293
10890.0 0.5626790383894716
10900.0 0.5625464092702285
10910.0 0.5624137801509851
10920.0 0.5622369413253274
10930.0 0.5620379976464627
10940.0 0.5618611588208049
10950.0 0.5617285297015617
10960.0 0.5615737957291113
10970.0 0.5613748520502464
10980.0 0.5614190617566608
10990.0 0.5618169491143905
11000.0 0.5622148364721203
11010.0 0.5622148364721203
11020.0 0.5620158927932554
11030.0 0.5619274733804266
11040.000000000002 0.5619274733804266
11050.0 0.5619274733804266
11060.000000000002 0.5619495782336338
11070.0 0.5619937879400483
11080.000000000002 0.5619495782336338
11090.0 0.5617948442611833
11100.000000000002 0.5616843199951472
11110.0 0.5617506345547689
11120.000000000002 0.5618611588208049
11130.0 0.5618611588208049
11140.000000000002 0.5618832636740122
11150.0 0.5619937879400483
11160.000000000002 0.5620822073528771
11170.0 0.5619495782336338
11180.000000000002 0.5618169491143905
11190.0 0.5619053685272193
11200.000000000002 0.5620601024996698
11210.0 0.5620379976464627
11220.000000000002 0.5620158927932554
11230.0 0.5621043122060843
11240.000000000002 0.5621485219124986
11250.0 0.5620158927932554
11259.999999999998 0.5618390539675978
11270.0 0.5617948442611833
11279.999999999998 0.5618390539675978
11290.0 0.5618611588208049
11299.999999999998 0.5619274733804266
11310.0 0.5619937879400483
11319.999999999998 0.5620601024996698
11330.0 0.5620601024996698
11339.999999999998 0.5620379976464627
11350.0 0.5620379976464627
11359.999999999998 0.5620379976464627
11370.0 0.5619937879400483
11379.999999999998 0.561971683086841
11390.0 0.5620601024996698
11399.999999999998 0.5621706267657058
11410.0 0.5622811510317418
11419.999999999998 0.5623032558849491
11430.0 0.5622369413253274
11439.999999999998 0.5621706267657058
11450.0 0.5622148364721203
11459.999999999998 0.5623032558849491
11470.0 0.5623253607381563
11480.0 0.5623032558849491
11490.0 0.5622590461785347
11500.0 0.5622369413253274
11510.0 0.5622369413253274
11520.0 0.5622148364721203
11530.0 0.5621264170592914
11540.0 0.5621043122060843
11550.0 0.5621706267657058
11560.0 0.5622369413253274
11570.0 0.5621264170592914
11580.0 0.561971683086841
11590.0 0.561971683086841
11600.0 0.5620379976464627
11610.0 0.5620601024996698
11620.0 0.5619937879400483
11630.0 0.5618611588208049
11640.0 0.5617506345547689
11650.0 0.5617064248483545
11660.0 0.5617064248483545
11670.0 0.5616401102887328
11680.0 0.5616401102887328
11690.0 0.5617064248483545
11700.0 0.5617064248483545
11710.0 0.5615295860226968
11720.0 0.5613085374906247
11730.0 0.5611980132245887
11740.0 0.5611538035181743
11750.0 0.5610874889585526
11760.0 0.5610211743989311
11770.0 0.5609548598393095
11780.0 0.5609327549861022
11790.0 0.5609990695457239
11800.0 0.5610653841053455
11810.0 0.5609769646925166
11820.0 0.5608664404264806
11830.0 0.5608222307200662
11840.0 0.5607780210136518
11850.0 0.5606453918944085
11860.0 0.5604685530687509
11870.0 0.5603138190963004
11880.0 0.5602032948302643
11890.0 0.5602032948302643
11900.0 0.5601590851238499
11910.0 0.5599822462981923
11920.0 0.5598054074725347
11930.0 0.5597611977661203
11940.0 0.5597169880597057
11950.0 0.559518044380841
11960.0 0.5593412055551833
11970.0 0.5592969958487688
11980.0 0.5592748909955616
11990.0 0.5591201570231111
12000.0 0.5589433181974536
12010.0 0.5588548987846247
12020.0 0.558788584225003
12030.0 0.5587222696653815
12040.0 0.5586338502525526
12050.0 0.5586117453993454
12060.0 0.5585675356929309
12070.0 0.5583906968672734
12080.0 0.558147543481994
12090.0 0.557926494949922
12100.0 0.5577938658306788
12110.0 0.5577496561242643
12120.0 0.5576833415646427
12130.0 0.5574622930325707
12140.0 0.5572412445004986
12150.0 0.5571307202344625
12160.0 0.5571307202344625
12170.0 0.5571307202344625
12180.0 0.5570423008216336
12190.0 0.5568433571427688
12200.0 0.556644413463904
12210.0 0.5566002037574895
12220.0 0.5566002037574895
12230.0 0.5564675746382463
12240.0 0.556334945519003
12250.0 0.5562907358125886
12260.0 0.5562465261061742
12270.0 0.5560917921337237
12280.0 0.5559591630144805
12290.000000000002 0.5558928484548589
12300.0 0.5558265338952373
12310.000000000002 0.5556496950695796
12320.0 0.5554507513907148
12330.000000000002 0.5553181222714715
12340.0 0.5551854931522282
12350.000000000002 0.5550970737393994
12360.0 0.5549644446201561
12370.000000000002 0.5548097106477057
12380.0 0.5547212912348769
12390.000000000002 0.5547212912348769
12400.0 0.5546991863816696
12410.000000000002 0.5544781378495975
12420.0 0.55430129902394
12430.000000000002 0.5543234038771471
12440.0 0.5543455087303544
12450.000000000002 0.5541907747579039
12460.0 0.5539697262258318
12470.000000000002 0.5539255165194173
12480.0 0.5539476213726245
12490.000000000002 0.5539255165194173
12500.0 0.5538592019597958
12509.999999999998 0.5537707825469669
12520.0 0.5536602582809309
12529.999999999998 0.5535718388681021
12540.0 0.5535497340148948
12549.999999999998 0.5535718388681021
12560.0 0.5535939437213092
12569.999999999998 0.5535497340148948
12580.0 0.5534171048956517
12589.999999999998 0.5532181612167867
12600.0 0.5531076369507507
12609.999999999998 0.5531739515103723
12620.0 0.5532623709232012
12629.999999999998 0.5532623709232012
12640.0 0.5532181612167867
12649.999999999998 0.5532181612167867
12660.0 0.5532181612167867
12669.999999999998 0.5530855320975435
12680.0 0.5529529029783002
12689.999999999998 0.5529529029783002
12700.0 0.5529971126847146
12709.999999999998 0.5530192175379218
12720.0 0.5530413223911291
12730.0 0.5531297418039579
12740.0 0.5531518466571652
12750.0 0.5529750078315074
12760.0 0.5528423787122642
12770.0 0.5529529029783002
12780.0 0.5531297418039579
12790.0 0.553240266069994
12800.0 0.5531960563635796
12810.0 0.5530634272443362
12820.0 0.552930798125093
12830.0 0.5529750078315074
12840.0 0.5530855320975435
12850.0 0.5531960563635796
12860.0 0.5532623709232012
12870.0 0.553240266069994
12880.0 0.5531960563635796
12890.0 0.553240266069994
12900.0 0.5533286854828228
12910.0 0.5533728951892373
12920.0 0.5533950000424444
12930.0 0.5533728951892373
12940.0 0.5533950000424444
12950.0 0.553461314602066
12960.0 0.5535276291616877
12970.0 0.5535055243084804
12980.0 0.5534834194552732
12990.0 0.5536160485745165
13000.0 0.5537486776937598
13010.0 0.5537707825469669
13020.0 0.5537265728405525
13030.0 0.5536823631341381
13040.0 0.5537044679873453
13050.0 0.5537707825469669
13060.0 0.553881306813003
13070.0 0.5540139359322462
13080.0 0.5541244601982823
13090.0 0.5541465650514894
13100.0 0.5542570893175255
13110.0 0.554522347556012
13120.0 0.554743396088084
13130.0 0.5546991863816696
13140.0 0.5545665572624264
13150.0 0.5545665572624264
13160.0 0.5546991863816696
13170.0 0.5548318155009129
13180.0 0.5549202349137418
13190.0 0.5549202349137418
13200.0 0.554942339766949
13210.0 0.5550086543265706
13220.0 0.5551412834458138
13230.0 0.5552297028586427
13240.0 0.5553181222714715
13250.0 0.5553844368310932
13260.0 0.555472856243922
13270.0 0.5555612756567507
13280.0 0.5556275902163723
13290.0 0.5556275902163723
13300.0 0.5556496950695796
13310.0 0.5558044290420301
13320.0 0.5559812678676878
13330.0 0.5561360018401381
13340.0 0.5562023163997598
13350.0 0.5562023163997598
13360.0 0.5562465261061742
13370.0 0.5564233649318319
13380.0 0.556533889197868
13390.0 0.5564896794914534
13400.0 0.5563791552254175
13410.0 0.5564012600786247
13420.0 0.5565117843446606
13430.0 0.5566665183171111
13440.0 0.5567991474363544
13450.0 0.5568875668491832
13460.0 0.5569759862620121
13470.0 0.5570865105280481
13480.0 0.5571749299408769
13490.0 0.5572412445004986
13500.0 0.5572633493537057
13510.0 0.557285454206913
13520.0 0.557285454206913
13530.0 0.5572633493537057
13540.000000000002 0.5572633493537057
13550.0 0.5573517687665346
13560.000000000002 0.557395978472949
13570.0 0.5573296639133274
13580.000000000002 0.557285454206913
13590.0 0.557395978472949
13600.000000000002 0.5575286075921922
13610.0 0.5574843978857777
13620.000000000002 0.5573738736197418
13630.0 0.5573075590601202
13640.000000000002 0.5572633493537057
13650.0 0.5572412445004986
13660.000000000002 0.557285454206913
13670.0 0.557395978472949
13680.000000000002 0.5575286075921922
13690.0 0.5575507124453994
13700.000000000002 0.5575286075921922
13710.0 0.5574843978857777
13720.000000000002 0.5574401881793634
13730.0 0.5574401881793634
13740.000000000002 0.5574622930325707
13750.0 0.557506502738985
13759.999999999998 0.5575728172986067
13770.0 0.5575949221518138
13779.999999999998 0.5575728172986067
13790.0 0.557506502738985
13799.999999999998 0.5574180833261562
13810.0 0.557395978472949
13819.999999999998 0.557395978472949
13830.0 0.5573517687665346
13839.999999999998 0.5572191396472913
13850.0 0.5570423008216336
13859.999999999998 0.5569096717023905
13870.0 0.5569317765555976
13879.999999999998 0.5569759862620121
13890.0 0.5569096717023905
13899.999999999998 0.5569317765555976
13910.0 0.5571307202344625
13919.999999999998 0.5573296639133274
13930.0 0.5572633493537057
13939.999999999998 0.5570865105280481
13950.0 0.5569980911152193
13959.999999999998 0.5570201959684264
13970.0 0.5571307202344625
13980.0 0.5571749299408769
13990.0 0.5570423008216336
14000.0 0.5568212522895616
14010.0 0.5567107280235255
14020.0 0.5566886231703184
14030.0 0.5567328328767328
14040.0 0.55675493772994
14050.0 0.5566886231703184
14060.0 0.556555994051075
14070.0 0.5563791552254175
14080.0 0.556224421252967
14090.0 0.5560917921337237
14100.0 0.5559149533080661
14110.0 0.5556054853631652
14120.0 0.5553623319778859
14130.0 0.5553402271246787
14140.0 0.5553402271246787
14150.0 0.5552075980054354
14160.0 0.5549865494733633
14170.0 0.5548097106477057
14180.0 0.5547212912348769
14190.0 0.5547655009412913
14200.0 0.5547876057944985
14210.0 0.5547876057944985
14220.0 0.5548539203541201
14230.0 0.555163388299021
14240.0 0.5555612756567507
14250.0 0.5558486387484445
14260.0 0.5559812678676878
14270.0 0.5559591630144805
14280.0 0.5559149533080661
14290.0 0.5559812678676878
14300.0 0.5560917921337237
14310.0 0.5561360018401381
14320.0 0.5561581066933454
14330.0 0.5561802115465525
14340.0 0.5562465261061742
14350.0 0.5563128406657959
14360.0 0.5563791552254175
14370.0 0.5564233649318319
14380.0 0.5564012600786247
14390.0 0.5563570503722103
14400.0 0.556334945519003
14410.0 0.5564454697850391
14420.0 0.5565780989042823
14430.0 0.556644413463904
14440.0 0.556644413463904
14450.0 0.5565780989042823
14460.0 0.556533889197868
14470.0 0.556555994051075
14480.0 0.5566002037574895
14490.0 0.5567107280235255
14500.0 0.5568433571427688
14510.0 0.5569538814088049
14520.0 0.5570201959684264
14530.0 0.5569759862620121
14540.0 0.5569538814088049
14550.0 0.5570201959684264
14560.0 0.5571307202344625
14570.0 0.5571749299408769
14580.0 0.5572191396472913
14590.0 0.5573517687665346
14600.0 0.5574622930325707
14610.0 0.557506502738985
14620.0 0.557506502738985
14630.0 0.5575949221518138
14640.0 0.5576612367114355
14650.0 0.5576612367114355
14660.0 0.5576833415646427
14670.0 0.5577938658306788
14680.0 0.5579485998031292
14690.0 0.5580812289223724
14700.0 0.558147543481994
14710.0 0.5581254386287868
14720.0 0.5581254386287868
14730.0 0.5582580677480301
14740.0 0.558457011426895
14750.0 0.5585454308397239
14760.0 0.5586117453993454
14770.0 0.5587001648121742
14780.0 0.558788584225003
14790.000000000002 0.5588991084910391
