mejiro/data/roman_filter_response/RomanSCA14-Prism.ecsv
# %ECSV 1.0
# ---
# datatype:
# - {name: wavelength, unit: Angstrom, datatype: float64}
# - {name: response, datatype: float64}
# meta:
#   __serialized_columns__:
#     wavelength:
#       __class__: astropy.units.quantity.Quantity
#       unit: !astropy.units.Unit {unit: Angstrom}
#       value: !astropy.table.SerializedColumn {name: wavelength}
#   band_name: Prism
#   group_name: RomanSCA14
# schema: astropy-2.0
wavelength response
7510.0 0.0
7520.0 2.2104853207207685e-05
7530.0 0.0001326291192432461
7540.0 0.0008178795686666844
7550.0 0.004177817256162252
7560.0 0.016070228281639988
7570.0 0.04741491012946048
7580.0 0.10873377292625461
7590.0 0.19775001679167994
7600.0 0.2935524505917181
7610.0 0.37023418636752153
7620.0 0.41599123250644143
7630.0 0.43643822172310853
7640.0 0.44331283107055014
7650.0 0.4450591144739195
7660.0 0.4454127921252349
7670.0 0.4457885746297574
7680.0 0.4466506639048385
7690.0 0.4475790677395412
7700.0 0.4481095842165142
7710.0 0.44839694730820795
7720.0 0.44877272981273036
7730.0 0.449259036583289
7740.0 0.4498337627666764
7750.0 0.45051901321609983
7760.0 0.4513147879315593
7770.0 0.45202214323419
7780.0 0.45248634515154135
7790.0 0.45299475677530715
7800.0 0.4538126363439738
7810.0 0.45465262076584767
7820.0 0.4552273469492351
7830.0 0.45560312945375764
7840.0 0.45597891195828016
7850.0 0.45639890416921713
7860.0 0.4567967915269468
7870.0 0.4573052031507126
7880.0 0.4579683487469288
7890.0 0.4587641234623883
7900.0 0.45964831759067665
7910.0 0.4604661971593433
7920.0 0.4611514476087667
7930.0 0.4619914320306406
7940.0 0.46320719895703705
7950.0 0.4642240222045686
7960.0 0.4647103289751272
7970.0 0.46574925707586595
7980.0 0.4680481618094155
7990.0 0.4697060257999561
8000.0 0.46886604137808224
8010.0 0.46729659680037045
8020.000000000001 0.46700923370867675
8030.000000000001 0.4678713229837579
8040.000000000001 0.4692197190293976
8050.000000000001 0.47059021992824435
8060.000000000001 0.47158493832256876
8070.000000000001 0.47242492274444264
8080.000000000001 0.47335332657914536
8090.000000000001 0.47410489158819047
8100.000000000001 0.47443646438629855
8110.000000000001 0.4747238274779923
8120.000000000001 0.47523223910175805
8129.999999999999 0.47574065072552385
8139.999999999999 0.47598380411080315
8149.999999999999 0.47627116720249674
8159.999999999999 0.476934312798713
8169.999999999999 0.4777300875141725
8179.999999999999 0.47843744281680317
8189.999999999999 0.47903427385339775
8200.0 0.4796090000367852
8210.0 0.48038266989903744
8220.0 0.48146580770619063
8230.0 0.48263736492617254
8240.0 0.4835436639076681
8250.0 0.48394155126539784
8260.0 0.48380892214615456
8270.0 0.4840078658250195
8280.0 0.4852457376046231
8290.0 0.48648360938422675
8300.0 0.4865941336502627
8310.0 0.4862625608521547
8320.0 0.4863288754117763
8330.0 0.48661623850346997
8340.0 0.486837287035542
8350.0 0.48716885983365016
8360.0 0.48776569087024474
8370.0 0.488428836466461
8380.0 0.4889151432370196
8390.0 0.4891361917690917
8400.0 0.4890919820626773
8410.0 0.4892246111819205
8420.0 0.48984354707172234
8430.0 0.49041827325510967
8440.0 0.4904403781083169
8450.0 0.4907498460532178
8460.0 0.4920319275392359
8470.0 0.49346874299770443
8480.0 0.4941097837407134
8490.0 0.4943529371259927
8500.0 0.4948613487497585
8510.0 0.49556870405238906
8520.0 0.4962760593550197
8530.0 0.4970276243640648
8540.0 0.497801294226317
8550.0 0.4984423349693261
8560.0 0.49877390776743424
8570.0 0.49921600483157835
8580.0 0.5001001989598667
8590.0 0.5013159658862631
8600.0 0.5025980473722811
8610.0 0.5035264512069838
8620.0 0.5039464434179208
8630.0 0.504499064748101
8640.0 0.5057811462341191
8650.0 0.507483219931074
8660.0 0.5090968742152002
8670.0 0.5104894799672544
8680.0 0.5116610371872363
8690.0 0.5126115458751462
8700.0 0.5133631108841913
8710.0 0.5142252001592723
8720.0 0.5154851767920832
8730.0 0.5169662019569661
8740.0 0.5183809125622274
8750.0 0.5195524697822095
8760.0 0.5203703493508761
8770.0 0.5212545434791644
8780.0 0.5225808346715969
8790.0 0.5240397549832726
8800.0 0.5252997316160835
8810.0 0.5264933936892727
8820.0 0.527797580028498
8830.0 0.5288586129824439
8840.0 0.5294333391658312
8850.0 0.5299196459363898
8860.0 0.5307154206518493
8870.0 0.5317543487525881
8880.0 0.5327711720001197
8890.0 0.5336995758348224
8900.0 0.5345616651099034
8910.0 0.5352690204125341
8920.0 0.5358437465959215
8930.0 0.5364626824857233
8940.0 0.5372584572011828
8950.0 0.537921602797399
8960.0 0.538120546476264
8970.0 0.538120546476264
8980.0 0.5382089658890927
8990.0 0.5384300144211648
9000.0 0.5386289581000296
9010.0 0.5387615872192729
9020.0 0.5387615872192729
9030.0 0.5385847483936153
9040.0 0.5382973853019216
9050.0 0.5380321270634351
9060.0 0.5377668688249485
9070.0 0.5375458202928765
9080.0 0.53728056205439
9090.0 0.5369268844030747
9100.0 0.5365068921921377
9110.0 0.5360426902747863
9120.0 0.5356226980638494
9130.0 0.5352469155593269
9140.0 0.5348711330548044
9150.0 0.5344069311374531
9160.0 0.53387641466048
9170.0 0.5333016884770926
9180.0 0.5327711720001197
9190.0 0.5324174943488043
9200.0 0.5320859215506961
9210.0 0.5316659293397592
9220.0 0.5312238322756151
9230.0 0.5309143643307143
9240.0 0.5306491060922277
9250.0 0.5304280575601557
9260.0 0.5302733235877052
9270.0 0.5301627993216691
9280.0 0.5300964847620475
9290.0 0.5300522750556331
9300.0 0.5300964847620475
9310.0 0.5302070090280836
9320.0 0.5303838478537412
9330.0 0.5304943721197772
9340.0 0.5306491060922277
9350.0 0.5309364691839213
9360.0 0.5312680419820295
9370.0 0.5316217196333448
9380.0 0.5320196069910745
9390.0 0.5324395992020116
9400.0 0.5328374865597413
9410.0 0.5331469545046422
9420.0 0.5334785273027504
9430.0 0.5339427292201017
9440.0 0.5343848262842458
9450.0 0.5346942942291467
9460.0 0.5350258670272547
9470.0 0.5355121737978135
9480.0 0.5360205854215792
9490.0 0.5363963679261017
9500.0 0.5367942552838314
9510.0 0.5373247717608044
9520.0 0.5378773930909846
9530.0 0.5382531755955071
9540.0 0.5385847483936153
9550.0 0.5389163211917234
9560.0 0.5393363134026603
9570.0 0.5397784104668044
9580.0 0.5401984026777414
9590.0 0.5405299754758496
9600.0 0.5408394434207504
9610.0 0.5412373307784802
9620.0 0.5416573229894172
9630.0 0.5419888957875253
9640.0 0.5423204685856333
9650.0 0.5426520413837415
9660.0 0.5429615093286424
9670.0 0.5431604530075073
9680.0 0.5434257112459938
9690.0 0.5438235986037234
9700.0 0.5442435908146604
9710.0 0.5444867441999397
9720.0 0.5447298975852191
9730.0 0.5450835752365343
9740.0 0.5454372528878496
9750.0 0.5456804062731289
9760.0 0.5459235596584082
9770.0 0.5462772373097234
9780.0 0.5466309149610389
9790.0 0.5467856489334892
9800.0 0.5469182780527326
9810.0 0.5472056411444262
9820.0 0.5474930042361199
9830.0 0.5476256333553632
9840.0 0.5477582624746065
9850.0 0.5480014158598857
9860.0 0.5483108838047867
9870.0 0.5485761420432731
9880.0 0.5487087711625164
9890.0 0.5487087711625164
9900.0 0.5487308760157236
9910.0 0.5489519245477956
9920.0 0.5492171827862822
9930.0 0.549305602199111
9940.0 0.5493498119055253
9950.0 0.5494603361715614
9960.0 0.5495929652908047
9970.0 0.5496813847036335
9980.0 0.5497919089696696
9990.0 0.5499908526485344
10000.0 0.5502119011806065
10009.999999999998 0.5503224254466424
10020.0 0.550366635153057
10029.999999999998 0.550366635153057
10040.0 0.5503445302998498
10049.999999999998 0.550366635153057
10060.0 0.5504108448594714
10069.999999999998 0.550477159419093
10080.0 0.5504992642723002
10089.999999999998 0.5504550545658858
10100.0 0.5504329497126785
10109.999999999998 0.5504992642723002
10120.0 0.550587683685129
10129.999999999998 0.550587683685129
10140.0 0.5505213691255074
10149.999999999998 0.5504108448594714
10160.0 0.5503224254466424
10169.999999999998 0.5503003205934354
10180.0 0.5503224254466424
10189.999999999998 0.5503224254466424
10200.0 0.550256110887021
10209.999999999998 0.5501897963273993
10220.0 0.5501234817677777
10230.0 0.550057167208156
10240.0 0.5500129575017416
10250.0 0.5499024332357055
10260.0 0.5497476992632552
10270.0 0.5495929652908047
10280.0 0.5494824410247686
10290.0 0.5494603361715614
10300.0 0.549416126465147
10310.0 0.5492613924926966
10320.0 0.5490624488138317
10330.0 0.5489298196945884
10340.0 0.5488414002817597
10350.0 0.5487308760157236
10360.0 0.5485982468964803
10370.0 0.5484214080708226
10380.0 0.5482666740983723
10390.0 0.5480677304195074
10400.0 0.5478466818874353
10410.0 0.5476256333553632
10420.0 0.5474708993829128
10430.0 0.5474045848232911
10440.0 0.5472719557040479
10450.0 0.5469845926123542
10460.0 0.5466309149610389
10470.0 0.546431971282174
10480.0 0.5463435518693451
10490.0 0.5462772373097234
10500.0 0.5461225033372731
10510.0 0.5458351402455794
10520.0 0.5455035674474713
10530.0 0.5453267286218136
10540.0 0.5452162043557776
10550.0 0.5450835752365343
10560.0 0.5449288412640838
10570.0 0.5447520024384261
10580.0 0.5444646393467325
10590.0 0.5440667519890028
10600.0 0.5437130743376875
10610.0 0.5435141306588226
10620.0 0.5433815015395793
10630.0 0.5432046627139216
10640.0 0.5429394044754352
10650.0 0.5425857268241199
10660.0 0.5422541540260117
10670.0 0.5419888957875253
10680.0 0.5417678472554531
10690.0 0.5414804841637595
10700.0 0.5412152259252729
10710.0 0.5409941773932009
10720.0 0.540795233714336
10730.0 0.5405962900354712
10740.0 0.5403973463566063
10750.0 0.5402205075309486
10760.0 0.5400215638520838
10770.0 0.53973420076039
10780.0 0.5393805231090748
10790.0 0.5390710551641738
10800.0 0.5388279017788946
10810.0 0.5387173775128585
10820.0 0.5385405386872009
10830.0 0.5382310707422999
10840.0 0.5378994979441918
10850.0 0.5377447639717414
10860.0 0.537590029999291
10870.0 0.5373247717608044
10880.0 0.5369931989626963
10890.0 0.5367279407242098
10900.0 0.536528997045345
10910.0 0.5363079485132729
10920.0 0.5360426902747863
10930.0 0.5357774320362999
10940.0 0.5355121737978135
10950.0 0.5352911252657414
10960.0 0.535047971880462
10970.0 0.5347827136419755
10980.0 0.5346942942291467
10990.0 0.5349816573208404
11000.0 0.5352690204125341
11010.0 0.5351363912932908
11020.0 0.5348490282015972
11030.0 0.5346500845227322
11040.000000000002 0.5345395602566962
11050.0 0.5344290359906602
11060.000000000002 0.5343185117246241
11070.0 0.5342521971650026
11080.000000000002 0.534097463192552
11090.0 0.5338322049540656
11100.000000000002 0.5335890515687863
11110.0 0.5335227370091647
11120.000000000002 0.5335006321559574
11130.0 0.5333901078899214
11140.000000000002 0.5332795836238854
11150.0 0.5332574787706782
11160.000000000002 0.5332132690642638
11170.0 0.5329480108257773
11180.000000000002 0.532704857440498
11190.0 0.5326827525872908
11200.000000000002 0.5326827525872908
11210.0 0.5325501234680475
11220.000000000002 0.5323953894955972
11230.0 0.5323511797891827
11240.000000000002 0.5322848652295611
11250.0 0.5320196069910745
11259.999999999998 0.5317322438993809
11270.0 0.5315775099269304
11279.999999999998 0.5315111953673088
11290.0 0.53142277595448
11299.999999999998 0.5313564613948584
11310.0 0.5313343565416512
11319.999999999998 0.5312901468352368
11330.0 0.5311796225692007
11339.999999999998 0.5310690983031646
11350.0 0.5309585740371286
11359.999999999998 0.5308701546242998
11370.0 0.5307375255050565
11379.999999999998 0.5306270012390205
11390.0 0.5306270012390205
11399.999999999998 0.5306491060922277
11410.0 0.5306712109454349
11419.999999999998 0.5306270012390205
11430.0 0.5304943721197772
11439.999999999998 0.5303838478537412
11450.0 0.5303617430005341
11459.999999999998 0.5303838478537412
11470.0 0.5303396381473268
11480.0 0.5302733235877052
11490.0 0.5302070090280836
11500.0 0.5301406944684619
11510.0 0.5301185896152547
11520.0 0.5300743799088403
11530.0 0.5299859604960115
11540.0 0.529941750789597
11550.0 0.5300080653492186
11560.0 0.5300522750556331
11570.0 0.529941750789597
11580.0 0.5298312265235611
11590.0 0.5298312265235611
11600.0 0.5299196459363898
11610.0 0.529941750789597
11620.0 0.5299196459363898
11630.0 0.5298312265235611
11640.0 0.5297428071107322
11650.0 0.5297428071107322
11660.0 0.5297649119639394
11670.0 0.5297649119639394
11680.0 0.5298091216703538
11690.0 0.5299196459363898
11700.0 0.5299638556428042
11710.0 0.5298533313767682
11720.0 0.529720702257525
11730.0 0.5296543876979034
11740.0 0.5296764925511105
11750.0 0.5296985974043178
11760.0 0.5296985974043178
11770.0 0.5296985974043178
11780.0 0.5297428071107322
11790.0 0.5298975410831827
11800.0 0.5300080653492186
11810.0 0.5300080653492186
11820.0 0.5299859604960115
11830.0 0.5300301702024259
11840.0 0.5300743799088403
11850.0 0.5300301702024259
11860.0 0.529941750789597
11870.0 0.5298754362299755
11880.0 0.5298754362299755
11890.0 0.529941750789597
11900.0 0.5299859604960115
11910.0 0.5298975410831827
11920.0 0.5298091216703538
11930.0 0.5298754362299755
11940.0 0.5299196459363898
11950.0 0.5298091216703538
11960.0 0.529720702257525
11970.0 0.5297649119639394
11980.0 0.5298312265235611
11990.0 0.5297870168171466
12000.0 0.5296985974043178
12010.0 0.5296764925511105
12020.0 0.5296985974043178
12030.0 0.5296985974043178
12040.0 0.529720702257525
12050.0 0.5297649119639394
12060.0 0.5297870168171466
12070.0 0.5296985974043178
12080.0 0.5295438634318673
12090.0 0.5293891294594169
12100.0 0.5293228148997953
12110.0 0.5293670246062097
12120.0 0.5293670246062097
12130.0 0.5292122906337592
12140.0 0.5290575566613088
12150.0 0.5290354518081015
12160.0 0.5290796615145159
12170.0 0.5291459760741376
12180.0 0.5291238712209304
12190.0 0.5289691372484798
12200.0 0.5288365081292367
12210.0 0.5288365081292367
12220.0 0.528880717835651
12230.0 0.5288144032760295
12240.0 0.5287259838632007
12250.0 0.5287038790099934
12260.0 0.5287038790099934
12270.0 0.5286154595971646
12280.0 0.5285049353311285
12290.000000000002 0.5284607256247141
12300.0 0.5284165159182996
12310.000000000002 0.5283059916522637
12320.0 0.5281291528266061
12330.000000000002 0.5279965237073627
12340.0 0.5279081042945339
12350.000000000002 0.527819684881705
12360.0 0.5277091606156691
12370.000000000002 0.5275765314964258
12380.0 0.5274881120835969
12390.000000000002 0.5275102169368042
12400.0 0.5274660072303898
12410.000000000002 0.527267063551525
12420.0 0.52706811987266
12430.000000000002 0.5270902247258673
12440.0 0.5271123295790744
12450.000000000002 0.5269354907534168
12460.0 0.5267144422213448
12470.000000000002 0.5266260228085159
12480.0 0.5266260228085159
12490.000000000002 0.5265818131021015
12500.0 0.5264933936892727
12509.999999999998 0.5263386597168221
12520.0 0.526206030597579
12529.999999999998 0.5260955063315429
12540.0 0.5260070869187141
12549.999999999998 0.5259849820655069
12560.0 0.5259407723590925
12569.999999999998 0.5258523529462635
12580.0 0.525675514120606
12589.999999999998 0.5254102558821194
12600.0 0.5252334170564619
12609.999999999998 0.5252113122032546
12620.0 0.525255521909669
12629.999999999998 0.5251671024968402
12640.0 0.5250565782308042
12649.999999999998 0.5249902636711825
12660.0 0.5249018442583537
12669.999999999998 0.5247029005794888
12680.0 0.5245260617538312
12689.999999999998 0.5244376423410023
12700.0 0.5243934326345879
12709.999999999998 0.5243492229281735
12720.0 0.5243050132217592
12730.0 0.5243050132217592
12740.0 0.5242386986621375
12750.0 0.5239955452768581
12760.0 0.5237966015979933
12770.0 0.5238187064512005
12780.0 0.5239071258640293
12790.0 0.5239292307172366
12800.0 0.5238187064512005
12810.0 0.5236197627723356
12820.0 0.523442923946678
12830.0 0.5233987142402635
12840.0 0.523442923946678
12850.0 0.5234871336530924
12860.0 0.5234871336530924
12870.0 0.5233987142402635
12880.0 0.5233102948274347
12890.0 0.5232881899742275
12900.0 0.5233102948274347
12910.0 0.5233102948274347
12920.0 0.5232660851210204
12930.0 0.523221875414606
12940.0 0.5231997705613987
12950.0 0.523221875414606
12960.0 0.5232660851210204
12970.0 0.5231997705613987
12980.0 0.5231555608549843
12990.0 0.5232439802678132
13000.0 0.5233545045338491
13010.0 0.5233766093870564
13020.0 0.5233102948274347
13030.0 0.5232881899742275
13040.0 0.5233102948274347
13050.0 0.5233766093870564
13060.0 0.5234871336530924
13070.0 0.5236418676255429
13080.0 0.5237302870383717
13090.0 0.5237966015979933
13100.0 0.5239071258640293
13110.0 0.5241944889557231
13120.0 0.5244376423410023
13130.0 0.5244155374877951
13140.0 0.5243271180749662
13150.0 0.5243713277813807
13160.0 0.5245260617538312
13170.0 0.5247029005794888
13180.0 0.524835529698732
13190.0 0.5248797394051464
13200.0 0.5249460539647681
13210.0 0.5250786830840114
13220.0 0.5252334170564619
