mejiro/data/roman_filter_response/RomanSCA05-Prism.ecsv
# %ECSV 1.0
# ---
# datatype:
# - {name: wavelength, unit: Angstrom, datatype: float64}
# - {name: response, datatype: float64}
# meta:
#   __serialized_columns__:
#     wavelength:
#       __class__: astropy.units.quantity.Quantity
#       unit: !astropy.units.Unit {unit: Angstrom}
#       value: !astropy.table.SerializedColumn {name: wavelength}
#   band_name: Prism
#   group_name: RomanSCA05
# schema: astropy-2.0
wavelength response
7510.0 0.0
7520.0 2.2104853207207685e-05
7530.0 0.00024315338527928454
7540.0 0.0013483960456396689
7550.0 0.005968310365946075
7560.0 0.02046909406987432
7570.0 0.055306342724433626
7580.0 0.11905673937402059
7590.0 0.20805087838623876
7600.0 0.30270385981950204
7610.0 0.3796066441273776
7620.0 0.42759628044022546
7630.0 0.45076216660137913
7640.0 0.4595598981778478
7650.0 0.46241142424157755
7660.0 0.4634061426359019
7670.0 0.46429033676419024
7680.0 0.4656387328098299
7690.0 0.46700923370867675
7700.0 0.46793763754337947
7710.0 0.4686007831395957
7720.0 0.4693302432954336
7730.0 0.47010391315768585
7740.0 0.47096600243276693
7750.0 0.47189440626746965
7760.0 0.47291122951500125
7770.0 0.47377331879008233
7780.0 0.4743480449734698
7790.0 0.47494487601006435
7800.0 0.47582907013835263
7810.0 0.4766911594134337
7820.0 0.47719957103719945
7830.0 0.47750903898210045
7840.0 0.4777742972205869
7850.0 0.4780174506058662
7860.0 0.47823849913793826
7870.0 0.47850375737642475
7880.0 0.47890164473415453
7890.0 0.4794100563579203
7900.0 0.47996267768810047
7910.0 0.4804047747522446
7920.0 0.48067003299073113
7930.0 0.48106792034846085
7940.0 0.48179738050429877
7950.0 0.48228368727485726
7960.0 0.48219526786202843
7970.0 0.4826152600729654
7980.0 0.4843394386231276
7990.0 0.4853120521642447
8000.0 0.4836983978801186
8010.0 0.4812668640273257
8020.000000000001 0.48013951651375814
8030.000000000001 0.4801616213669654
8040.000000000001 0.4806921378439383
8050.000000000001 0.48117844461449694
8060.000000000001 0.4812889688805329
8070.000000000001 0.48124475917411846
8080.000000000001 0.48124475917411846
8090.000000000001 0.4810900252016681
8100.000000000001 0.48051529901828066
8110.000000000001 0.47989636312847883
8120.000000000001 0.47952058062395625
8129.999999999999 0.479166902972641
8139.999999999999 0.47859217678925353
8149.999999999999 0.4780837651654878
8159.999999999999 0.4779732408994518
8169.999999999999 0.47806166031228065
8179.999999999999 0.47806166031228065
8189.999999999999 0.4780174506058662
8200.0 0.4780174506058662
8210.0 0.4782606039911455
8220.0 0.47890164473415453
8230.0 0.4796753145964068
8240.0 0.48027214563300136
8250.0 0.48042687960545183
8260.0 0.48013951651375814
8270.0 0.48027214563300136
8280.0 0.481510017412605
8290.0 0.48279209889862307
8300.0 0.4830573571371095
8310.0 0.48294683287107354
8320.0 0.4832563008159744
8330.0 0.483853131852569
8340.0 0.4844499628891637
8350.0 0.48520152789820864
8360.0 0.48624045599894744
8370.0 0.4873899083657222
8380.0 0.48840673161325376
8390.0 0.4891804014755061
8400.0 0.489710917952479
8410.0 0.4904403781083169
8420.0 0.4917003547411278
8430.0 0.492894016814317
8440.0 0.4935792672637404
8450.0 0.4945076710984431
8460.0 0.49645289818067734
8470.0 0.49855285923536213
8480.0 0.49981283586817293
8490.0 0.5006970299964613
8500.0 0.5018243775100288
8510.0 0.5031064589960469
8520.0 0.5043885404820649
8530.0 0.505670621968083
8540.0 0.5069748083073082
8550.0 0.5080800509676687
8560.0 0.5088979305363354
8570.0 0.5097379149582092
8580.0 0.5110199964442272
8590.0 0.5126115458751462
8600.0 0.5142252001592723
8610.0 0.5154630719388761
8620.0 0.5161262175350922
8630.0 0.5168556776909301
8640.0 0.518336702855813
8650.0 0.5201935105252184
8660.0 0.5218734793689662
8670.0 0.5233102948274347
8680.0 0.5244818520474167
8690.0 0.525366046175705
8700.0 0.5259849820655069
8710.0 0.5266702325149303
8720.0 0.5277091606156691
8730.0 0.5289028226888584
8740.0 0.5299859604960115
8750.0 0.5307154206518493
8760.0 0.5310690983031646
8770.0 0.53142277595448
8780.0 0.5321743409635251
8790.0 0.533014325385399
8800.0 0.5335890515687863
8810.0 0.5340753583393449
8820.0 0.5346279796695251
8830.0 0.534937447614426
8840.0 0.5346942942291467
8850.0 0.5343627214310387
8860.0 0.5343406165778314
8870.0 0.5345395602566962
8880.0 0.5347163990823539
8890.0 0.53482692334839
8900.0 0.5348711330548044
8910.0 0.5347827136419755
8920.0 0.5345616651099034
8930.0 0.5344069311374531
8940.0 0.5344732456970747
8950.0 0.5344290359906602
8960.0 0.5339648340733089
8970.0 0.533345898183507
8980.0 0.5328816962661557
8990.0 0.5325722283212547
9000.0 0.5323290749359755
9010.0 0.532063816697489
9020.0 0.5317322438993809
9030.0 0.5312680419820295
9040.0 0.5307817352114709
9050.0 0.5303396381473268
9060.0 0.5299638556428042
9070.0 0.5296764925511105
9080.0 0.5293670246062097
9090.0 0.5290354518081015
9100.0 0.5286375644503718
9110.0 0.5282617819458493
9120.0 0.5279302091477411
9130.0 0.5277091606156691
9140.0 0.5274881120835969
9150.0 0.5272228538451105
9160.0 0.5268691761937953
9170.0 0.5264933936892727
9180.0 0.526206030597579
9190.0 0.5260734014783357
9200.0 0.5259628772122996
9210.0 0.5257860383866421
9220.0 0.52556498985457
9230.0 0.5254765704417411
9240.0 0.5254544655885339
9250.0 0.5254323607353266
9260.0 0.5254544655885339
9270.0 0.5255207801481555
9280.0 0.5256313044141915
9290.0 0.5257418286802276
9300.0 0.5258965626526781
9310.0 0.5261397160379573
9320.0 0.5264049742764438
9330.0 0.5266260228085159
9340.0 0.5268691761937953
9350.0 0.5272228538451105
9360.0 0.5276428460560475
9370.0 0.5280628382669844
9380.0 0.5284828304779213
9390.0 0.5289470323952727
9400.0 0.5293670246062097
9410.0 0.5296985974043178
9420.0 0.5300301702024259
9430.0 0.5304943721197772
9440.0 0.5309585740371286
9450.0 0.5312459371288224
9460.0 0.5315554050737232
9470.0 0.5319975021378673
9480.0 0.532483808908426
9490.0 0.5328374865597413
9500.0 0.5331911642110566
9510.0 0.5336774709816151
9520.0 0.5341637777521737
9530.0 0.5344953505502819
9540.0 0.5347606087887683
9550.0 0.535047971880462
9560.0 0.5353795446785702
9570.0 0.5357553271830927
9580.0 0.536109004834408
9590.0 0.5363521582196873
9600.0 0.5365953116049667
9610.0 0.5369047795498675
9620.0 0.5372363523479756
9630.0 0.5374795057332549
9640.0 0.5377226591185341
9650.0 0.5379658125038135
9660.0 0.5381868610358855
9670.0 0.5382973853019216
9680.0 0.5384521192743721
9690.0 0.5387836920724801
9700.0 0.5390931600173811
9710.0 0.5392478939898314
9720.0 0.5394026279622819
9730.0 0.5396457813475612
9740.0 0.5399110395860477
9750.0 0.5400657735584982
9760.0 0.5402205075309486
9770.0 0.5404857657694351
9780.0 0.5407289191547144
9790.0 0.5408173385675432
9800.0 0.5408615482739577
9810.0 0.5410604919528226
9820.0 0.5412594356316873
9830.0 0.541325750191309
9840.0 0.5413699598977234
9850.0 0.5415467987233811
9860.0 0.5417899521086604
9870.0 0.5419888957875253
9880.0 0.5420552103471469
9890.0 0.5419888957875253
9900.0 0.541966790934318
9910.0 0.5421436297599757
9920.0 0.5423425734388405
9930.0 0.5424088879984622
9940.0 0.5424088879984622
9950.0 0.5424973074112911
9960.0 0.5426078316773271
9970.0 0.5426741462369487
9980.0 0.5427625656497775
9990.0 0.5429615093286424
10000.0 0.5431604530075073
10009.999999999998 0.5432930821267505
10020.0 0.5433372918331649
10029.999999999998 0.5433593966863721
10040.0 0.5433593966863721
10049.999999999998 0.5434036063927865
10060.0 0.5434920258056153
10069.999999999998 0.5436025500716514
10080.0 0.543668864631273
10089.999999999998 0.5436909694844803
10100.0 0.5437130743376875
10109.999999999998 0.5438235986037234
10120.0 0.543978332576174
10129.999999999998 0.5440667519890028
10140.0 0.54408885684221
10149.999999999998 0.5440446471357955
10160.0 0.5440225422825884
10169.999999999998 0.5441109616954172
10180.0 0.5442214859614533
10189.999999999998 0.544309905374282
10200.0 0.5443541150806965
10209.999999999998 0.5443762199339036
10220.0 0.5443983247871109
10230.0 0.5444425344935253
10240.0 0.5445088490531469
10250.0 0.5445088490531469
10260.0 0.5444646393467325
10270.0 0.544420429640318
10280.0 0.5444425344935253
10290.0 0.5445309539063541
10300.0 0.5445972684659757
10310.0 0.5445530587595613
10320.0 0.5444867441999397
10330.0 0.5444867441999397
10340.0 0.5445088490531469
10350.0 0.5445088490531469
10360.0 0.5444867441999397
10370.0 0.5444646393467325
10380.0 0.5443983247871109
10390.0 0.5443320102274892
10400.0 0.5442435908146604
10410.0 0.5441330665486244
10420.0 0.54408885684221
10430.0 0.5441551714018316
10440.0 0.5441551714018316
10450.0 0.5439562277229667
10460.0 0.5437351791908946
10470.0 0.5436467597780659
10480.0 0.543668864631273
10490.0 0.5437130743376875
10500.0 0.543668864631273
10510.0 0.5434699209524082
10520.0 0.543248872420336
10530.0 0.5431604530075073
10540.0 0.5431604530075073
10550.0 0.5431383481543001
10560.0 0.5430720335946784
10570.0 0.5429615093286424
10580.0 0.5427625656497775
10590.0 0.5424752025580838
10600.0 0.5422099443195973
10610.0 0.5420994200535613
10620.0 0.5420331054939397
10630.0 0.5419446860811109
10640.0 0.5417678472554531
10650.0 0.5414804841637595
10660.0 0.5412152259252729
10670.0 0.5410383870996153
10680.0 0.5408836531271648
10690.0 0.5406847094483
10700.0 0.5404857657694351
10710.0 0.5403531366501919
10720.0 0.5402205075309486
10730.0 0.5400878784117054
10740.0 0.5399552492924621
10750.0 0.5398668298796333
10760.0 0.5397563056135973
10770.0 0.5395352570815252
10780.0 0.5392478939898314
10790.0 0.5390047406045523
10800.0 0.5388500066321017
10810.0 0.5388057969256873
10820.0 0.5387173775128585
10830.0 0.5384742241275792
10840.0 0.5382310707422999
10850.0 0.538142651329471
10860.0 0.5380763367698496
10870.0 0.5378773930909846
10880.0 0.5376342397057053
10890.0 0.5374574008800477
10900.0 0.5373247717608044
10910.0 0.5371921426415612
10920.0 0.5370374086691108
10930.0 0.5368384649902458
10940.0 0.5366837310177954
10950.0 0.5365511018985522
10960.0 0.5363963679261017
10970.0 0.5362195291004441
10980.0 0.5362637388068585
10990.0 0.536639521311381
11000.0 0.5370153038159035
11010.0 0.5370153038159035
11020.0 0.5368163601370387
11030.0 0.536750045577417
11040.000000000002 0.536750045577417
11050.0 0.536750045577417
11060.000000000002 0.5367721504306242
11070.0 0.5367942552838314
11080.000000000002 0.5367721504306242
11090.0 0.5366174164581737
11100.000000000002 0.536528997045345
11110.0 0.5365732067517593
11120.000000000002 0.5366837310177954
11130.0 0.5366837310177954
11140.000000000002 0.5367058358710026
11150.0 0.5368163601370387
11160.000000000002 0.5368826746966602
11170.0 0.536750045577417
11180.000000000002 0.536639521311381
11190.0 0.5367279407242098
11200.000000000002 0.5368605698434531
11210.0 0.5368605698434531
11220.000000000002 0.5368384649902458
11230.0 0.5369047795498675
11240.000000000002 0.5369489892562819
11250.0 0.5368163601370387
11259.999999999998 0.5366616261645882
11270.0 0.5366174164581737
11279.999999999998 0.5366616261645882
11290.0 0.5366837310177954
11299.999999999998 0.5367279407242098
11310.0 0.5368163601370387
11319.999999999998 0.5368826746966602
11330.0 0.5368826746966602
11339.999999999998 0.5368605698434531
11350.0 0.5368605698434531
11359.999999999998 0.5368605698434531
11370.0 0.5368163601370387
11379.999999999998 0.5367942552838314
11390.0 0.5368605698434531
11399.999999999998 0.5369710941094891
11410.0 0.5370816183755251
11419.999999999998 0.5371037232287323
11430.0 0.5370374086691108
11439.999999999998 0.5369931989626963
11450.0 0.5370374086691108
11459.999999999998 0.5371037232287323
11470.0 0.5371258280819395
11480.0 0.5371037232287323
11490.0 0.537059513522318
11500.0 0.5370374086691108
11510.0 0.5370374086691108
11520.0 0.5370153038159035
11530.0 0.5369489892562819
11540.0 0.5369047795498675
11550.0 0.5369931989626963
11560.0 0.5370374086691108
11570.0 0.5369268844030747
11580.0 0.5367942552838314
11590.0 0.5367942552838314
11600.0 0.5368384649902458
11610.0 0.5368605698434531
11620.0 0.5368163601370387
11630.0 0.5366837310177954
11640.0 0.5365732067517593
11650.0 0.5365511018985522
11660.0 0.536528997045345
11670.0 0.5364847873389306
11680.0 0.5364626824857233
11690.0 0.536528997045345
11700.0 0.536528997045345
11710.0 0.5363742630728945
11720.0 0.5361532145408224
11730.0 0.5360426902747863
11740.0 0.535998480568372
11750.0 0.5359542708619575
11760.0 0.535887956302336
11770.0 0.5358216417427143
11780.0 0.5357995368895071
11790.0 0.5358658514491287
11800.0 0.5359100611555431
11810.0 0.5358437465959215
11820.0 0.5357332223298854
11830.0 0.535689012623471
11840.0 0.5356448029170566
11850.0 0.5355342786510205
11860.0 0.5353574398253629
11870.0 0.5352027058529124
11880.0 0.5351142864400836
11890.0 0.5350921815868764
11900.0 0.5350700767336692
11910.0 0.5348932379080116
11920.0 0.5347163990823539
11930.0 0.5346721893759395
11940.0 0.5346279796695251
11950.0 0.5344511408438675
11960.0 0.5342743020182097
11970.0 0.5342300923117953
11980.0 0.5342079874585881
11990.0 0.5340753583393449
12000.0 0.5338985195136872
12010.0 0.5338101001008584
12020.0 0.533765890394444
12030.0 0.5336774709816151
12040.0 0.5336111564219935
12050.0 0.5335890515687863
12060.0 0.5335227370091647
12070.0 0.5333680030367143
12080.0 0.5331248496514349
12090.0 0.5329259059725701
12100.0 0.5327932768533268
12110.0 0.5327490671469124
12120.0 0.5326827525872908
12130.0 0.532483808908426
12140.0 0.5322627603763539
12150.0 0.5321522361103178
12160.0 0.5321522361103178
12170.0 0.5321743409635251
12180.0 0.5320859215506961
12190.0 0.5318869778718314
12200.0 0.5316880341929665
12210.0 0.5316659293397592
12220.0 0.531643824486552
12230.0 0.5315333002205159
12240.0 0.5314006711012728
12250.0 0.5313564613948584
12260.0 0.5313122516884439
12270.0 0.5311796225692007
12280.0 0.5310469934499574
12290.000000000002 0.5309806788903358
12300.0 0.5309143643307143
12310.000000000002 0.5307596303582638
12320.0 0.5305606866793988
12330.000000000002 0.5304280575601557
12340.0 0.5303175332941196
12350.000000000002 0.5302070090280836
12360.0 0.5300964847620475
12370.000000000002 0.529941750789597
12380.0 0.5298533313767682
12390.000000000002 0.5298754362299755
12400.0 0.5298312265235611
12410.000000000002 0.5296322828446961
12420.0 0.5294554440190384
12430.000000000002 0.5294775488722457
12440.0 0.5295217585786601
12450.000000000002 0.5293449197530024
12460.0 0.5291459760741376
12470.000000000002 0.5291017663677232
12480.0 0.5291238712209304
12490.000000000002 0.5291017663677232
12500.0 0.5290354518081015
12509.999999999998 0.5289470323952727
12520.0 0.5288586129824439
12529.999999999998 0.5287701935696151
12540.0 0.5287480887164078
12549.999999999998 0.5287701935696151
12560.0 0.5287922984228223
12569.999999999998 0.5287480887164078
12580.0 0.5286154595971646
12589.999999999998 0.5284386207715069
12600.0 0.5283059916522637
12609.999999999998 0.5283723062118852
12620.0 0.5284828304779213
12629.999999999998 0.5284607256247141
12640.0 0.5284165159182996
12649.999999999998 0.5284386207715069
12660.0 0.5284165159182996
12669.999999999998 0.5282838867990565
12680.0 0.5281733625330205
12689.999999999998 0.5281733625330205
12700.0 0.5282175722394349
12709.999999999998 0.5282396770926421
12720.0 0.5282617819458493
12730.0 0.5283502013586782
12740.0 0.5283502013586782
12750.0 0.5281954673862277
12760.0 0.5280849431201916
12770.0 0.5281733625330205
12780.0 0.5283502013586782
12790.0 0.5284386207715069
12800.0 0.5284165159182996
12810.0 0.5282617819458493
12820.0 0.5281512576798132
12830.0 0.5281733625330205
12840.0 0.5283059916522637
12850.0 0.5284165159182996
12860.0 0.5284607256247141
12870.0 0.5284386207715069
12880.0 0.5284165159182996
12890.0 0.5284607256247141
12900.0 0.5285270401843357
12910.0 0.5285712498907502
12920.0 0.5285933547439574
12930.0 0.5285712498907502
12940.0 0.5285933547439574
12950.0 0.528659669303579
12960.0 0.5287259838632007
12970.0 0.5287038790099934
12980.0 0.5286817741567863
12990.0 0.5287922984228223
13000.0 0.5289249275420654
13010.0 0.5289470323952727
13020.0 0.5289028226888584
13030.0 0.528880717835651
13040.0 0.528880717835651
13050.0 0.5289470323952727
13060.0 0.5290575566613088
13070.0 0.529190185780552
13080.0 0.5292786051933809
13090.0 0.5293228148997953
13100.0 0.529411234312624
13110.0 0.5296764925511105
13120.0 0.5298975410831827
13130.0 0.5298312265235611
13140.0 0.529720702257525
13150.0 0.529720702257525
13160.0 0.5298312265235611
13170.0 0.5299638556428042
13180.0 0.5300522750556331
13190.0 0.5300522750556331
13200.0 0.5300743799088403
13210.0 0.5301406944684619
13220.0 0.530251218734498
