mejiro/data/roman_filter_response/RomanSCA02-Grism_1stOrder.ecsv
# %ECSV 1.0
# ---
# datatype:
# - {name: wavelength, unit: Angstrom, datatype: float64}
# - {name: response, datatype: float64}
# meta:
#   __serialized_columns__:
#     wavelength:
#       __class__: astropy.units.quantity.Quantity
#       unit: !astropy.units.Unit {unit: Angstrom}
#       value: !astropy.table.SerializedColumn {name: wavelength}
#   band_name: Grism_1stOrder
#   group_name: RomanSCA02
# schema: astropy-2.0
wavelength response
9930.0 0.0
9940.0 0.00011052426603603843
9950.0 0.0007957747154594767
9960.0 0.004420970641441537
9970.0 0.017197575795207577
9980.0 0.048078055725676715
9990.0 0.09929500060677691
10000.0 0.15756339366097638
10009.999999999998 0.20325412524027467
10020.0 0.22823260936441936
10029.999999999998 0.23824610786728445
10040.0 0.2418491989400593
10049.999999999998 0.24370600660946473
10060.0 0.24525334633396925
10069.999999999998 0.2467785812052666
10080.0 0.24825960637014952
10089.999999999998 0.2497185266818252
10100.0 0.25119955184670817
10109.999999999998 0.2527026818647983
10120.0 0.2542058118828884
10129.999999999998 0.2556868370477713
10140.0 0.257145757359447
10149.999999999998 0.2585604679647083
10160.0 0.25997517856996954
10169.999999999998 0.2614340988816453
10180.0 0.2629151240465282
10189.999999999998 0.2643740443582039
10200.0 0.2658108598166724
10209.999999999998 0.26722557042193373
10220.0 0.2686623858804022
10230.0 0.2700770964856635
10240.0 0.271513911944132
10250.0 0.27290651769618607
10260.0 0.27427701859503295
10270.0 0.2756475194938799
10280.0 0.27704012524593397
10290.0 0.27845483585119524
10300.0 0.2798695464564565
10310.0 0.2812179425020962
10320.0 0.28254423369452863
10330.0 0.2839147345933755
10340.0 0.2852852354922224
10350.0 0.2866557363910693
10360.0 0.2880041324367089
10370.0 0.2893304236291414
10380.0 0.29065671482157385
10390.0 0.2919609011607991
10400.0 0.29324298264681714
10410.0 0.2945250641328352
10420.0 0.2958513553252677
10430.0 0.2971997513709073
10440.0 0.2985260425633398
10450.0 0.2997639143429434
10460.0 0.30095757641613263
10470.0 0.3022175530489435
10480.0 0.3035659490945831
10490.0 0.3048922402870156
10500.0 0.30617432177303366
10510.0 0.3073679838462229
10520.0 0.30856164591941204
10530.0 0.3098216225522229
10540.0 0.31110370403824095
10550.0 0.31240789037746625
10560.0 0.31366786701027705
10570.0 0.3148836339366735
10580.0 0.3160772960098627
10590.0 0.3171825386702231
10600.0 0.31830988618379064
10610.0 0.3195256531101871
10620.0 0.32076352488979076
10630.0 0.3219792918161871
10640.0 0.32315084903616914
10650.0 0.3242560916965296
10660.0 0.3253392295036827
10670.0 0.32648868187045754
10680.0 0.3276602390904395
10690.0 0.32878758660400714
10700.0 0.32991493411757467
10710.0 0.3310643864843495
10720.0 0.3322359437043315
10730.0 0.3333632912178991
10740.0 0.3345127435846739
10750.0 0.3356843008046559
10760.0 0.3368337531714307
10770.0 0.33789478612537666
10780.0 0.33893371422611546
10790.0 0.3399947471800614
10800.0 0.3410778849872146
10810.0 0.3422494422071966
10820.0 0.3433767897207642
10830.0 0.34441571782150293
10840.0 0.3454325410690345
10850.0 0.3465377837293949
10860.0 0.3476651312429625
10870.0 0.348681954490494
10880.0 0.3496766728848184
10890.0 0.35071560098555715
10900.0 0.3517766339395031
10910.0 0.3528155620402419
10920.0 0.35383238528777344
10930.0 0.35482710368209774
10940.0 0.3558439269296293
10950.0 0.3568607501771609
10960.0 0.3578554685714852
10970.0 0.35882808211260236
10980.0 0.35993332477296275
10990.0 0.36128172081860244
11000.0 0.3626080120110349
11010.0 0.3636690449649808
11020.0 0.3646195536528908
11030.0 0.3656142720472151
11040.000000000002 0.3666532001479539
11050.0 0.3677142331018998
11060.000000000002 0.36875316120263857
11070.0 0.36981419415658456
11080.000000000002 0.3708089125509089
11090.0 0.37171521153240444
11100.000000000002 0.37264361536710716
11110.0 0.37370464832105316
11120.000000000002 0.3747656812749991
11130.0 0.37576039966932345
11140.000000000002 0.37675511806364775
11150.0 0.37781615101759375
11160.000000000002 0.3788329742651253
11170.0 0.37971716839341363
11180.000000000002 0.3805792576684947
11190.0 0.38161818576923345
11200.000000000002 0.38265711386997225
11210.0 0.38358551770467497
11220.000000000002 0.3845139215393777
11230.0 0.38550863993370205
11240.000000000002 0.38648125347481915
11250.0 0.38729913304348584
11259.999999999998 0.38809490775894534
11270.0 0.38900120674044086
11279.999999999998 0.3899296105751436
11290.0 0.3908580144098463
11299.999999999998 0.3918085230977562
11310.0 0.3927590317856661
11319.999999999998 0.3937095404735761
11330.0 0.39459373460186437
11339.999999999998 0.3954558238769455
11350.0 0.3963400180052338
11359.999999999998 0.3972242121335221
11370.0 0.398064196555396
11379.999999999998 0.39892628583047707
11390.0 0.3998546896651798
11399.999999999998 0.40080519835308975
11410.0 0.40175570704099967
11419.999999999998 0.402639901169288
11430.0 0.4034577807379547
11439.999999999998 0.4042535554534141
11450.0 0.40513774958170246
11459.999999999998 0.4060661534164052
11470.0 0.40692824269148625
11480.0 0.40774612226015294
11490.0 0.4085640018288197
11500.0 0.4094039862506936
11510.0 0.41024397067256746
11520.0 0.4110618502412341
11530.0 0.4118576249566936
11540.0 0.4126533996721531
11550.0 0.4135596986536486
11560.0 0.4144217879287297
11570.0 0.41517335293777474
11580.0 0.4159028130936126
11590.0 0.4167427975154865
11600.0 0.4176048867905676
11610.0 0.4184448712124415
11620.0 0.41921854107469375
11630.0 0.4199480012305316
11640.0 0.42067746138636947
11650.0 0.42145113124862177
11660.0 0.42226901081728846
11670.0 0.42304268067954065
11680.0 0.42381635054179295
11690.0 0.42467843981687403
11700.0 0.42547421453233353
11710.0 0.42615946498175694
11720.0 0.4267784008715588
11730.0 0.42746365132098224
11740.0 0.4282152163300273
11750.0 0.42896678133907234
11760.0 0.4296962414949102
11770.0 0.43040359679754087
11780.0 0.43115516180658586
11790.0 0.4319951462284598
11800.0 0.43279092094391924
11810.0 0.4334761713933427
11820.0 0.4341614218427661
11830.0 0.4348687771453968
11840.0 0.4355761324480274
11850.0 0.4362392780442437
11860.0 0.43683610908083825
11870.0 0.4374329401174329
11880.0 0.4380960857136491
11890.0 0.43880344101627977
11900.0 0.4394886914657032
11910.0 0.44006341764909057
11920.0 0.440638143832478
11930.0 0.44130128942869423
11940.0 0.44196443502491045
11950.0 0.44251705635509064
11960.0 0.4430475728320637
11970.0 0.44371071842827986
11980.0 0.44435175917128894
11990.0 0.44490438050146913
12000.0 0.4454348969784421
12010.0 0.44600962316182946
12020.0 0.44662855905163135
12030.0 0.4472032852350187
12040.0 0.4477780114184061
12050.0 0.44839694730820795
12060.0 0.44899377834480253
12070.0 0.4494579802621539
12080.0 0.44987797247309086
12090.0 0.45032006953723497
12100.0 0.4508063763077936
12110.0 0.4513811024911809
12120.0 0.4519116189681539
12130.0 0.4523095063258836
12140.0 0.4527073936836134
12150.0 0.4531937004541719
12160.0 0.4537463217843522
12170.0 0.45432104796773953
12180.0 0.4547852498850909
12190.0 0.4551610323896134
12200.0 0.455536814894136
12210.0 0.45604522651790175
12220.0 0.4565536381416675
12230.0 0.45697363035260447
12240.0 0.45737151771033424
12250.0 0.4578357196276856
12260.0 0.4582778166918297
12270.0 0.45865359919635224
12280.0 0.4590293817008748
12290.000000000002 0.45944937391181173
12300.0 0.45984726126954145
12310.000000000002 0.4601788340676496
12320.0 0.4604661971593433
12330.000000000002 0.46077566510424417
12340.0 0.46112934275555956
12350.000000000002 0.4614609155536677
12360.0 0.4617924883517758
12370.000000000002 0.4620577465902623
12380.0 0.4623893193883704
12390.000000000002 0.4628093115993073
12400.0 0.4631629892506226
12410.000000000002 0.46338403778269466
12420.0 0.4636050863147668
12430.000000000002 0.46398086881928935
12440.0 0.46437875617701907
12450.000000000002 0.46457769985588393
12460.0 0.4647545386815416
12470.000000000002 0.4650419017732353
12480.0 0.4653955794245506
12490.000000000002 0.46570504736945145
12500.0 0.46594820075473076
12509.999999999998 0.4661692492868029
12520.0 0.466390297818875
12529.999999999998 0.46661134635094703
12540.0 0.46685449973622634
12549.999999999998 0.4671639676811272
12560.0 0.4674513307728209
12569.999999999998 0.46767237930489297
12580.0 0.4678050084241362
12589.999999999998 0.467893427836965
12600.0 0.46802605695620836
12609.999999999998 0.4682913151946948
12620.0 0.46862288799280294
12629.999999999998 0.46882183167166774
12640.0 0.4689986704973255
12649.999999999998 0.4692197190293976
12660.0 0.4693965578550552
12669.999999999998 0.469484977267884
12680.0 0.46957339668071285
12689.999999999998 0.4697502355063706
12700.0 0.4699712840384426
12709.999999999998 0.47017022771730743
12720.0 0.4703691713961723
12730.0 0.47061232478145165
12740.0 0.4707670587539021
12750.0 0.47078916360710926
12760.0 0.47083337331352365
12770.0 0.4710544218455957
12780.0 0.4713638897904967
12790.0 0.47158493832256876
12800.0 0.47169546258860484
12810.0 0.471717567441812
12820.0 0.47173967229501923
12830.0 0.47189440626746965
12840.0 0.47211545479954176
12850.0 0.4723365033316138
12860.0 0.4725133421572715
12870.0 0.4726017615701003
12880.0 0.47269018098292914
12890.0 0.4728449149553796
12900.0 0.4730217537810372
12910.0 0.47317648775348775
12920.0 0.4732870120195237
12930.0 0.4733975362855598
12940.0 0.47350806055159583
12950.0 0.4736848993772535
12960.0 0.47383963334970397
12970.0 0.47390594790932555
12980.0 0.4739943673221544
12990.0 0.4742154158542265
13000.0 0.4744143595330913
13010.0 0.4745469886523346
13020.0 0.47459119835874897
13030.0 0.47467961777157786
13040.0 0.4747901420376139
13050.0 0.47494487601006435
13060.0 0.4751438196889292
13070.0 0.47536486822100127
13080.0 0.47554170704665893
13090.0 0.47567433616590216
13100.0 0.4758511749915598
13110.0 0.47618274778966796
13120.0 0.47647011088136165
13130.0 0.47651432058777604
13140.0 0.4764922157345689
13150.0 0.47658063514739774
13160.0 0.47677957882626254
13170.0 0.4769785225051274
13180.0 0.4771332564775779
13190.0 0.4772216758904067
13200.0 0.47731009530323554
13210.0 0.47746482927568606
13220.0 0.4776416681013437
13230.0 0.47779640207379415
13240.0 0.47795113604624456
13250.0 0.4780837651654878
13260.0 0.47819428943152387
13270.0 0.47834902340397434
13280.0 0.4784595476700103
13290.0 0.478525862229632
13300.0 0.47859217678925353
13310.0 0.4787690156149113
13320.0 0.4789679592937761
13330.0 0.47914479811943383
13340.0 0.4792553223854698
13350.0 0.47927742723867706
13360.0 0.47934374179829864
13370.0 0.47952058062395625
13380.0 0.4796532097431996
13390.0 0.47963110488999233
13400.0 0.47954268547716355
13410.0 0.47958689518357794
13420.0 0.479697419449614
13430.0 0.47980794371565
13440.0 0.4799184679816861
13450.0 0.4800068873945149
13460.0 0.48007320195413655
13470.0 0.48013951651375814
13480.0 0.4802058310733798
13490.0 0.4802279359265869
13500.0 0.4802058310733798
13510.0 0.4801837262201725
13520.0 0.48013951651375814
13530.0 0.48007320195413655
13540.000000000002 0.48002899224772216
13550.0 0.48002899224772216
13560.000000000002 0.4800068873945149
13570.0 0.47987425827527164
13580.000000000002 0.47976373400923555
13590.0 0.47978583886244286
13600.000000000002 0.47980794371565
13610.0 0.479697419449614
13620.000000000002 0.4794984757707491
13630.0 0.47934374179829864
13640.000000000002 0.4792111126790554
13650.0 0.4790784835598122
13660.000000000002 0.47899006414698336
13670.0 0.47899006414698336
13680.000000000002 0.4789679592937761
13690.0 0.4788795398809473
13700.000000000002 0.47872480590849686
13710.0 0.47854796708283914
13720.000000000002 0.4783711282571815
13730.0 0.47823849913793826
13740.000000000002 0.47810587001869503
13750.0 0.4780174506058662
13759.999999999998 0.4779069263398301
13770.0 0.4777742972205869
13779.999999999998 0.4775974583949293
13790.0 0.47737640986285723
13799.999999999998 0.4771332564775779
13810.0 0.47695641765192026
13819.999999999998 0.47677957882626254
13830.0 0.4765585302941905
13839.999999999998 0.476293272055704
13850.0 0.47593959440438866
13859.999999999998 0.475652231312695
13870.0 0.4754753924870373
13879.999999999998 0.4753206585145869
13890.0 0.4750996099825148
13899.999999999998 0.4749006663036499
13910.0 0.47487856145044266
13919.999999999998 0.47483435174402827
13930.0 0.47459119835874897
13939.999999999998 0.4742375207074337
13950.0 0.47395015761573994
13959.999999999998 0.47377331879008233
13970.0 0.4736406896708391
13980.0 0.4734859556983886
13990.0 0.4731322780470733
14000.0 0.4727564955425508
14010.0 0.47242492274444264
14020.0 0.47218176935916334
14030.0 0.47200493053350573
14040.0 0.4718059868546408
14050.0 0.4715186237629472
14060.0 0.4711649461116318
14070.0 0.47078916360710926
14080.0 0.470435485955794
14090.0 0.47010391315768585
14100.0 0.4697060257999561
14110.0 0.4692197190293976
14120.0 0.46877762196525335
14130.0 0.46851236372676686
14140.0 0.46826921034148755
14150.0 0.4679155326901723
14160.0 0.46749554047923536
14170.0 0.46709765312150564
14180.0 0.4667881851766047
14190.0 0.46656713664453264
14200.0 0.4663460881124606
14210.0 0.4661029347271813
14220.0 0.46590399104831637
14230.0 0.4659260959015236
14240.0 0.4659924104611452
14250.0 0.4659924104611452
14260.0 0.4658376764886948
14270.0 0.46557241825020823
14280.0 0.4652850551585146
14290.0 0.46508611147964973
14300.0 0.46490927265399207
14310.0 0.46468822412191996
14320.0 0.4644450707366407
14330.0 0.4642019173513614
14340.0 0.46398086881928935
14350.0 0.4637819251404245
14360.0 0.4635829814615596
14370.0 0.46333982807628027
14380.0 0.4630745698377938
14390.0 0.46276510189289294
14400.0 0.4624777388011992
14410.0 0.4623008999755416
14420.0 0.4621461660030911
14430.0 0.4619472223242262
14440.0 0.46165985923253244
14450.0 0.4613503912876316
14460.0 0.4610409233427307
14470.0 0.46077566510424417
14480.0 0.4605546165721721
14490.0 0.46037777774651445
14500.0 0.46020093892085684
14510.0 0.4600241000951992
14520.0 0.459803051563127
14530.0 0.4594935836182262
14540.0 0.4592062205265324
14550.0 0.4589851719944604
14560.0 0.4587862283155955
14570.0 0.45856517978352346
14580.0 0.45832202639824415
14590.0 0.4581451875725865
14600.0 0.4579683487469288
14610.0 0.4577251953616495
14620.0 0.4574599371231631
14630.0 0.4572388885910909
14640.0 0.45701784005901885
14650.0 0.45673047696732516
14660.0 0.4564431138756315
14670.0 0.4562662750499738
14680.0 0.4561115410775234
14690.0 0.4559347022518658
14700.0 0.45569154886658647
14710.0 0.45535997606847833
14720.0 0.45507261297678464
14730.0 0.454895774151127
14740.0 0.45476314503188375
14750.0 0.4545420964998116
14760.0 0.45427683826132514
14770.0 0.4540557897292531
14780.0 0.45383474119718104
14790.000000000002 0.45361369266510887
14800.0 0.4533926441330368
14810.000000000002 0.4532158053073792
14820.0 0.4530168616285143
14830.000000000002 0.45275160339002785
14840.0 0.4524642402983341
14850.000000000002 0.45224319176626204
14860.0 0.45202214323419
14870.000000000002 0.4517789898489107
14880.0 0.451491626757217
14890.000000000002 0.45120426366552324
14900.0 0.4509390054270368
14910.000000000002 0.45071795689496474
14920.0 0.45047480350968544
14930.000000000002 0.450209545271199
14940.0 0.44992218217950525
14950.000000000002 0.44972323850064033
14960.0 0.44952429482177547
14970.000000000002 0.449259036583289
14980.0 0.44894956863838814
14990.000000000002 0.44861799584028
15000.0 0.448308527895379
15009.999999999998 0.44804326965689256
15020.0 0.4478222211248205
15029.999999999998 0.4475790677395412
15040.0 0.44731380950105476
15049.999999999998 0.44704855126256826
15060.0 0.4467832930240817
15069.999999999998 0.44651803478559526
15080.0 0.4462085668406944
15089.999999999998 0.44583278433617185
15100.0 0.4454570018316493
15109.999999999998 0.4451917435931627
15120.0 0.44499279991429797
15129.999999999998 0.44474964652901866
15140.0 0.4444622834373249
15149.999999999998 0.4440865009328024
15160.0 0.44371071842827986
15169.999999999998 0.4433349359237573
15180.0 0.442981258272442
15189.999999999998 0.4426275806211267
15200.0 0.4422960078230186
15209.999999999998 0.4419865398781177
15220.0 0.44165496708000956
15230.0 0.4413233942819014
15240.0 0.4409697166305861
15250.0 0.4406602486856852
15260.0 0.4403507807407843
15270.0 0.4400413127958834
15280.0 0.4397097399977753
15290.0 0.4393118526400456
15300.0 0.43895817498873024
15310.0 0.4386708118970365
15320.0 0.43838344880534286
15330.0 0.4379855614476131
15340.0 0.4375434643834689
15350.0 0.4371455770257392
15360.0 0.43676979452121667
15370.0 0.4363719071634869
