mejiro/data/roman_filter_response/RomanSCA15-F184.ecsv
# %ECSV 1.0
# ---
# datatype:
# - {name: wavelength, unit: Angstrom, datatype: float64}
# - {name: response, datatype: float64}
# meta:
#   __serialized_columns__:
#     wavelength:
#       __class__: astropy.units.quantity.Quantity
#       unit: !astropy.units.Unit {unit: Angstrom}
#       value: !astropy.table.SerializedColumn {name: wavelength}
#   band_name: F184
#   group_name: RomanSCA15
# schema: astropy-2.0
wavelength response
16610.0 0.0
16620.0 2.2104853207207685e-05
16630.0 4.420970641441537e-05
16640.0 0.00011052426603603843
16650.0 0.0002652582384864922
16660.0 0.0006189358898018152
16670.0 0.0013926057520540843
16680.0 0.002895735770144207
16690.0 0.005703052127459583
16700.0 0.010654539245874105
16710.0 0.01881123007933374
16720.0 0.03154362552668537
16730.0 0.05015591192715424
16740.0 0.07579754164751515
16750.0 0.10899903116474109
16760.0 0.14949512224034558
16770.0 0.1958932091222745
16780.0 0.24593859678339272
16790.0 0.29673554945355596
16800.0 0.34525570224337687
16810.0 0.38880226306157595
16820.0 0.42558473879836956
16830.0 0.4548515644447126
16840.0 0.4767353691198481
16850.0 0.49212034695206475
16860.0 0.5023327891337946
16870.0 0.5087431965638849
16880.0 0.512589441021939
16890.0 0.5147336117830381
16900.0 0.5159051690030202
16910.0 0.516524104892822
16920.0 0.5168998873973445
16930.0 0.5172535650486598
16940.0 0.517474613580732
16950.0 0.5175409281403536
16960.0 0.5176293475531824
16970.0 0.5179167106448761
16980.0 0.5181819688833625
16990.0 0.5181819688833625
17000.0 0.5181819688833625
17010.0 0.5184251222686418
17020.0 0.5187787999199572
17030.0 0.5190440581584437
17040.0 0.5191545824244796
17050.0 0.5191987921308941
17060.0 0.5192651066905157
17070.0 0.5194640503693806
17080.0 0.51970720375466
17090.0 0.5198619377271103
17100.0 0.5199724619931464
17110.0 0.5201050911123897
17120.0 0.5202598250848401
17130.0 0.5204587687637049
17140.0 0.5205913978829483
17150.0 0.5206577124425699
17160.0 0.5208124464150203
17170.0 0.5211661240663356
17180.0 0.521519801717651
17190.0 0.521630325983687
17200.0 0.5216745356901014
17210.0 0.521851374515759
17220.0 0.5220282133414167
17230.0 0.5221829473138672
17240.0 0.5223376812863176
17250.0 0.5225587298183897
17260.0 0.5227576734972545
17270.0 0.5228681977632906
17280.0 0.5229566171761194
17290.0 0.5230671414421554
17300.0 0.5232660851210204
17310.0 0.5234650287998852
17320.0 0.5236639724787501
17330.0 0.5238408113044077
17340.0 0.5240176501300654
17350.0 0.5241944889557231
17360.0 0.5243713277813807
17370.0 0.5244818520474167
17380.0 0.5245260617538312
17390.0 0.5245039569006239
17400.0 0.5245702714602456
17410.0 0.5248134248455248
17420.0 0.5251007879372186
17430.0 0.525255521909669
17440.0 0.525366046175705
17450.0 0.5255207801481555
17460.0 0.525675514120606
17470.0 0.5256976189738132
17480.0 0.5257197238270204
17490.0 0.5257639335334348
17500.0 0.5258523529462635
17510.0 0.5258965626526781
17520.0 0.5260070869187141
17530.0 0.5262502403039934
17540.0 0.5264933936892727
17550.0 0.5265597082488942
17560.0 0.5265597082488942
17570.0 0.5265818131021015
17580.0 0.5266260228085159
17590.0 0.5267144422213448
17600.0 0.5268249664873809
17610.0 0.526957595606624
17620.0 0.5270460150194529
17630.0 0.5270460150194529
17640.0 0.5270239101662456
17650.0 0.5271344344322817
17660.0 0.527267063551525
17670.0 0.5273333781111466
17680.0 0.5273333781111466
17690.0 0.5273112732579394
17700.0 0.5272891684047322
17710.0 0.5272891684047322
17720.0 0.5273112732579394
17730.0 0.5273333781111466
17740.0 0.5273996926707681
17750.0 0.5275102169368042
17760.0 0.5276207412028402
17770.0 0.5276649509092547
17780.0 0.5276870557624619
17790.0 0.527797580028498
17800.0 0.5279081042945339
17810.0 0.5279302091477411
17820.0 0.5278638945881196
17830.0 0.5277533703220836
17840.0 0.5276870557624619
17850.0 0.5276870557624619
17860.0 0.5277754751752907
17870.0 0.5279302091477411
17880.0 0.5280849431201916
17890.0 0.5282175722394349
17900.0 0.5283059916522637
17910.0 0.5283280965054709
17920.0 0.5283059916522637
17930.0 0.5282396770926421
17940.0 0.5282838867990565
17950.0 0.5284386207715069
17960.0 0.5285712498907502
17970.0 0.5285491450375429
17980.0 0.5284607256247141
17990.0 0.5285049353311285
18000.0 0.528659669303579
18010.0 0.528880717835651
18020.0 0.5290354518081015
18030.0 0.5290575566613088
18040.0 0.5290133469548943
18050.0 0.5290354518081015
18060.0 0.5291238712209304
18070.0 0.5292565003401736
18080.0 0.529411234312624
18090.0 0.5295659682850745
18100.0 0.5296764925511105
18110.0 0.5296985974043178
18120.0 0.5297428071107322
18130.0 0.5299196459363898
18140.0 0.5301185896152547
18150.0 0.5302733235877052
18160.0 0.5303617430005341
18170.0 0.5304501624133628
18180.0 0.5304280575601557
18190.0 0.530251218734498
18200.0 0.5300964847620475
18210.0 0.5301849041748763
18220.0 0.5304501624133628
18230.0 0.5306933157986421
18240.0 0.5309585740371286
18250.0 0.5312901468352368
18260.0 0.5315775099269304
18270.0 0.5317985584590025
18280.0 0.5318869778718314
18290.0 0.531842768165417
18300.0 0.5318206633122097
18310.0 0.531953292431453
18320.0 0.5321080264039034
18330.0 0.5321080264039034
18340.0 0.5320859215506961
18350.0 0.5321964458167322
18360.0 0.5324395992020116
18370.0 0.5326827525872908
18380.0 0.5329038011193629
18390.0 0.5331027447982278
18400.0 0.5332132690642638
18410.0 0.5332574787706782
18420.0 0.533235373917471
18430.0 0.5331911642110566
18440.0 0.5331469545046422
18450.0 0.5331911642110566
18460.0 0.5333016884770926
18470.0 0.5333901078899214
18480.0 0.5335227370091647
18490.0 0.5336995758348224
18500.0 0.5337879952476512
18510.0 0.5336332612752007
18520.0 0.5335227370091647
18530.0 0.5336332612752007
18540.0 0.533765890394444
18550.0 0.5337437855412368
18560.0 0.5336995758348224
18570.0 0.5337437855412368
18580.0 0.5338543098072728
18590.0 0.5339427292201017
18600.0 0.5340311486329306
18610.0 0.5341195680457593
18620.0 0.5341858826053809
18630.0 0.5342079874585881
18640.0 0.5340753583393449
18650.0 0.5337437855412368
18660.0 0.533456422449543
18670.0 0.5334343175963359
18680.0 0.5335227370091647
18690.0 0.5335006321559574
18700.0 0.5333901078899214
18710.0 0.5332574787706782
18720.0 0.5333016884770926
18730.0 0.533655366128408
18740.0 0.5339648340733089
18750.0 0.53387641466048
18760.0 0.5337216806880295
18770.0 0.5337879952476512
18780.0 0.53387641466048
18790.0 0.5337437855412368
18800.0 0.5336111564219935
18810.0 0.5336332612752007
18820.0 0.5336774709816151
18830.0 0.5336111564219935
18840.0 0.5335006321559574
18850.0 0.5334785273027504
18860.0 0.5335006321559574
18870.0 0.533456422449543
18880.0 0.5333680030367143
18890.0 0.5333016884770926
18900.0 0.533345898183507
18910.0 0.5335006321559574
18920.0 0.5334785273027504
18930.0 0.5331027447982278
18940.0 0.5326827525872908
18950.0 0.5325722283212547
18960.0 0.5325501234680475
18970.0 0.5323511797891827
18980.0 0.5321964458167322
18990.0 0.5323290749359755
19000.0 0.5325280186148403
19010.0 0.5325059137616331
19020.0 0.5324395992020116
19030.0 0.5324395992020116
19040.0 0.5325280186148403
19050.0 0.5325722283212547
19060.0 0.532483808908426
19070.0 0.5322185506699395
19080.0 0.5319311875782458
19090.0 0.5317764536057953
19100.0 0.5317764536057953
19110.0 0.5318648730186241
19120.0 0.531953292431453
19130.0 0.5319090827250386
19140.0 0.531842768165417
19150.0 0.5318206633122097
19160.0 0.5317543487525881
19170.0 0.5315333002205159
19180.0 0.5312017274224079
19190.0 0.5308480497710926
19200.0 0.5307817352114709
19210.0 0.5311575177159934
19220.0 0.5315554050737232
19230.0 0.5315554050737232
19240.0 0.5313564613948584
19250.0 0.5312238322756151
19260.0 0.531002783743543
19270.0 0.5306048963858132
19280.0 0.5303396381473268
19290.0 0.5305385818261917
19300.0 0.5308701546242998
19310.0 0.531002783743543
19320.0 0.5308701546242998
19330.0 0.5305385818261917
19340.0 0.5302733235877052
19350.0 0.530251218734498
19360.0 0.5303175332941196
19370.0 0.530251218734498
19380.0 0.5301849041748763
19390.0 0.5301849041748763
19400.0 0.5302954284409124
19410.0 0.53047226726657
19420.0 0.5305827915326061
19430.0 0.5304059527069485
19440.0 0.5301185896152547
19450.0 0.5298754362299755
19460.0 0.5297649119639394
19470.0 0.5298312265235611
19480.0 0.5298754362299755
19490.0 0.5297649119639394
19500.0 0.5296764925511105
19510.0 0.5298533313767682
19520.0 0.5300743799088403
19530.0 0.5301185896152547
19540.0 0.5301185896152547
19550.0 0.5301627993216691
19560.0 0.530251218734498
19570.0 0.5303838478537412
19580.0 0.5303838478537412
19590.0 0.5301849041748763
19600.0 0.5300743799088403
19610.0 0.5303396381473268
19620.0 0.5306048963858132
19630.0 0.5304943721197772
19640.0 0.5303175332941196
19650.0 0.5303617430005341
19660.0 0.5305164769729844
19670.0 0.5306712109454349
19680.0 0.5307817352114709
19690.0 0.5308701546242998
19700.0 0.5308701546242998
19710.0 0.5307817352114709
19720.0 0.5307375255050565
19730.0 0.5308480497710926
19740.0 0.5309143643307143
19750.0 0.5307817352114709
19760.0 0.5305827915326061
19770.0 0.5305827915326061
19780.0 0.5306933157986421
19790.0 0.5307375255050565
19800.0 0.5306933157986421
19810.0 0.53047226726657
19820.0 0.5301185896152547
19830.0 0.5295217585786601
19840.0 0.5284828304779213
19850.0 0.5268028616341736
19860.0 0.5243050132217592
19870.0 0.5208124464150203
19880.0 0.5158609592966057
19890.0 0.5089863499491641
19900.0 0.49976862616175854
19910.0 0.48783200542986643
19920.0 0.4727786003957579
19930.0 0.45425473340811795
19940.0 0.43208356564128864
19950.0 0.4063093068016845
19960.0 0.3770645860085487
19970.0 0.3448357100324399
19980.0 0.31052897785485356
19990.0 0.2751833175765285
20000.0 0.23955029420650972
20010.0 0.2044919970198783
20019.999999999996 0.1710694589705803
20030.0 0.14018897904011113
20040.0 0.1124252834118583
20050.0 0.08819836429675867
20059.999999999996 0.06764085081405552
20070.0 0.05064221869771281
20080.0 0.03704773397528008
20090.0 0.02643740443582039
20099.999999999996 0.018413342721604
20110.0 0.01251134691527955
20120.0 0.008289319952702882
20130.0 0.00534937447614426
20139.999999999996 0.003359937687495568
20150.0 0.0020557513482703147
20160.0 0.0012378717796036303
20170.0 0.0007073553026306459
20179.999999999996 0.00039788735772973834
20190.0 0.00022104853207207686
20200.0 0.00011052426603603843
20210.0 6.631455962162305e-05
20219.999999999996 2.2104853207207685e-05
20230.0 2.2104853207207685e-05
20240.0 0.0
