mejiro/data/roman_filter_response/RomanSCA10-F106.ecsv
# %ECSV 1.0
# ---
# datatype:
# - {name: wavelength, unit: Angstrom, datatype: float64}
# - {name: response, datatype: float64}
# meta:
#   __serialized_columns__:
#     wavelength:
#       __class__: astropy.units.quantity.Quantity
#       unit: !astropy.units.Unit {unit: Angstrom}
#       value: !astropy.table.SerializedColumn {name: wavelength}
#   band_name: F106
#   group_name: RomanSCA10
# schema: astropy-2.0
wavelength response
9250.0 0.0
9260.0 2.2104853207207685e-05
9270.0 0.00011052426603603843
9280.0 0.0005968310365946076
9290.0 0.002652582384864922
9300.0 0.009438772319477682
9310.0 0.027520542242973567
9320.0 0.06631455962162305
9330.0 0.13304911145418305
9340.0 0.2252263493282391
9350.0 0.3275718196776107
9360.0 0.4188427585701712
9370.0 0.4842731240635059
9380.0 0.5220061084882095
9390.0 0.5396678862007684
9400.0 0.5464098664289668
9410.0 0.5485761420432731
9420.0 0.5492834973459038
9430.0 0.5497698041164624
9440.0 0.5501676914741921
9450.0 0.5503887400062641
9460.0 0.5506097885383362
9470.0 0.5509855710428587
9480.0 0.5513834584005886
9490.0 0.551648716639075
9500.0 0.5519360797307687
9510.0 0.5523560719417057
9520.0 0.5527760641526426
9530.0 0.5530413223911291
9540.0 0.553240266069994
9550.0 0.553461314602066
9560.0 0.5537486776937598
9570.0 0.5540802504918679
9580.0 0.5543676135835615
9590.0 0.5545665572624264
9600.0 0.5547655009412913
9610.0 0.5550307591797777
9620.0 0.5553181222714715
9630.0 0.5555391708035435
9640.0 0.5557381144824084
9650.0 0.5559370581612734
9660.0 0.5561138969869309
9670.0 0.5562023163997598
9680.0 0.556334945519003
9690.0 0.5566223086106967
9700.0 0.5569096717023905
9710.0 0.5570423008216336
9720.0 0.5571528250876697
9730.0 0.557395978472949
9740.0 0.5576391318582282
9750.0 0.5577717609774715
9760.0 0.5579043900967148
9770.0 0.558147543481994
9780.0 0.5583906968672734
9790.0 0.5584349065736878
9800.0 0.5584791162801022
9810.0 0.5586559551057598
9820.0 0.5588327939314175
9830.0 0.558877003637832
9840.0 0.5589212133442464
9850.0 0.5590759473166967
9860.0 0.5592969958487688
9870.0 0.5594738346744266
9880.0 0.5595401492340482
9890.0 0.5594517298212193
9900.0 0.5593854152615977
9910.0 0.5595622540872554
9920.0 0.559739092912913
9930.0 0.5597833026193274
9940.0 0.5597611977661203
9950.0 0.5598275123257418
9960.0 0.5599159317385707
9970.0 0.5599601414449851
9980.0 0.5600264560046068
9990.0 0.5602032948302643
10000.0 0.560380133655922
10009.999999999998 0.5604685530687509
10020.0 0.5604906579219581
10029.999999999998 0.5604685530687509
10040.0 0.5604464482155437
10049.999999999998 0.5604464482155437
10060.0 0.5605127627751653
10069.999999999998 0.560579077334787
10080.0 0.560601182187994
10089.999999999998 0.560579077334787
10100.0 0.5605569724815797
10109.999999999998 0.5606453918944085
10120.0 0.5607559161604445
10129.999999999998 0.560800125866859
10140.0 0.5607559161604445
10149.999999999998 0.5606674967476157
10160.0 0.560601182187994
10169.999999999998 0.5606453918944085
10180.0 0.5607117064540301
10189.999999999998 0.5607338113072374
10200.0 0.5607338113072374
10209.999999999998 0.5607117064540301
10220.0 0.560689601600823
10230.0 0.5607117064540301
10240.0 0.5607117064540301
10250.0 0.5606674967476157
10260.0 0.560579077334787
10270.0 0.5604906579219581
10280.0 0.5604464482155437
10290.0 0.5604906579219581
10300.0 0.5605348676283725
10310.0 0.5604464482155437
10320.0 0.5603138190963004
10330.0 0.560269609389886
10340.0 0.560269609389886
10350.0 0.5602253996834716
10360.0 0.5601590851238499
10370.0 0.5600927705642283
10380.0 0.5599822462981923
10390.0 0.5598938268853635
10400.0 0.5597611977661203
10410.0 0.5596064637936697
10420.0 0.5595401492340482
10430.0 0.5595622540872554
10440.0 0.559518044380841
10450.0 0.5592969958487688
10460.0 0.5590538424634895
10470.0 0.5589433181974536
10480.0 0.5589433181974536
10490.0 0.5589654230506608
10500.0 0.5588991084910391
10510.0 0.558678059958967
10520.0 0.5584349065736878
10530.0 0.5583243823076517
10540.0 0.5583022774544445
10550.0 0.5582580677480301
10560.0 0.5581917531884084
10570.0 0.5580812289223724
10580.0 0.5578822852435076
10590.0 0.5575728172986067
10600.0 0.557285454206913
10610.0 0.5571749299408769
10620.0 0.5571307202344625
10630.0 0.5570201959684264
10640.0 0.5568433571427688
10650.0 0.556555994051075
10660.0 0.5562907358125886
10670.0 0.5561138969869309
10680.0 0.5559591630144805
10690.0 0.5557602193356157
10700.0 0.5555612756567507
10710.0 0.5554286465375076
10720.0 0.5552960174182643
10730.0 0.555163388299021
10740.0 0.5550307591797777
10750.0 0.554942339766949
10760.0 0.5548318155009129
10770.0 0.5546107669688408
10780.0 0.5543234038771471
10790.0 0.5540802504918679
10800.0 0.5539255165194173
10810.0 0.553881306813003
10820.0 0.5537928874001742
10830.0 0.5535276291616877
10840.0 0.5532844757764084
10850.0 0.5531960563635796
10860.0 0.5531297418039579
10870.0 0.5529086932718859
10880.0 0.5526434350333994
10890.0 0.5524665962077416
10900.0 0.5523339670884985
10910.0 0.552179233116048
10920.0 0.5520023942903903
10930.0 0.5517813457583183
10940.0 0.5515824020794533
10950.0 0.5514497729602101
10960.0 0.5512729341345525
10970.0 0.5510739904556876
10980.0 0.5510739904556876
10990.0 0.5514497729602101
11000.0 0.5518034506115255
11010.0 0.5517592409051111
11020.0 0.5515160875198318
11030.0 0.5514055632537957
11040.000000000002 0.5513613535473812
11050.0 0.5513171438409669
11060.000000000002 0.5512950389877598
11070.0 0.5512729341345525
11080.000000000002 0.5512066195749308
11090.0 0.551007675896066
11100.000000000002 0.5508308370704083
11110.0 0.5508529419236156
11120.000000000002 0.55089715163003
11130.0 0.5508308370704083
11140.000000000002 0.5507866273639939
11150.0 0.5508529419236156
11160.000000000002 0.5508529419236156
11170.0 0.5506539982447506
11180.000000000002 0.550477159419093
11190.0 0.5504992642723002
11200.000000000002 0.5505655788319218
11210.0 0.5504992642723002
11220.000000000002 0.5503887400062641
11230.0 0.5504108448594714
11240.000000000002 0.5503887400062641
11250.0 0.5501897963273993
11259.999999999998 0.5499466429421199
11270.0 0.549836118676084
11279.999999999998 0.5497919089696696
11290.0 0.5497698041164624
11299.999999999998 0.5497476992632552
11310.0 0.5497476992632552
11319.999999999998 0.5497476992632552
11330.0 0.5496813847036335
11339.999999999998 0.5495929652908047
11350.0 0.5495266507311831
11359.999999999998 0.5494603361715614
11370.0 0.5493498119055253
11379.999999999998 0.5492613924926966
11390.0 0.5492613924926966
11399.999999999998 0.5493277070523183
11410.0 0.5493719167587326
11419.999999999998 0.5493277070523183
11430.0 0.5492171827862822
11439.999999999998 0.5490845536670389
11450.0 0.5490845536670389
11459.999999999998 0.5491066585202462
11470.0 0.5490624488138317
11480.0 0.5489961342542101
11490.0 0.5489077148413812
11500.0 0.5488414002817597
11510.0 0.5487971905753452
11520.0 0.5487308760157236
11530.0 0.5486203517496876
11540.0 0.5485319323368587
11550.0 0.5485761420432731
11560.0 0.5485982468964803
11570.0 0.548465617777237
11580.0 0.5482887789515795
11590.0 0.5482666740983723
11600.0 0.5483108838047867
11610.0 0.5482887789515795
11620.0 0.5482224643919579
11630.0 0.5480677304195074
11640.0 0.5479351013002641
11650.0 0.5478908915938497
11660.0 0.5478687867406424
11670.0 0.5478024721810208
11680.0 0.5477803673278137
11690.0 0.547824577034228
11700.0 0.547824577034228
11710.0 0.5476698430617776
11720.0 0.5474487945297055
11730.0 0.5473161654104622
11740.0 0.5472719557040479
11750.0 0.5472277459976335
11760.0 0.5471614314380118
11770.0 0.5470951168783902
11780.0 0.547073012025183
11790.0 0.5471614314380118
11800.0 0.5472056411444262
11810.0 0.5471393265848047
11820.0 0.5470509071719758
11830.0 0.5470066974655614
11840.0 0.5469845926123542
11850.0 0.5468740683463181
11860.0 0.5467414392270749
11870.0 0.5465867052546245
11880.0 0.5464982858417956
11890.0 0.5465203906950028
11900.0 0.5464540761353812
11910.0 0.5461446081904803
11920.0 0.5454593577410568
11930.0 0.5439341228697595
11940.0 0.5399994589988765
11950.0 0.5309806788903358
11960.0 0.5132083769117408
11970.0 0.48243842124730774
11980.0 0.43526666450312657
11990.0 0.3716488969727828
12000.0 0.2963818718022406
12010.0 0.21821911086155427
12020.0 0.14684253985548065
12030.0 0.08956886519560554
12040.0 0.049227508092451515
12050.0 0.024249023968306832
12060.0 0.010654539245874105
12070.0 0.004177817256162252
12080.0 0.0014589203116757072
12090.0 0.0004420970641441537
12100.0 0.0001326291192432461
12110.0 2.2104853207207685e-05
12120.0 0.0
