mejiro/data/roman_filter_response/RomanSCA02-Prism.ecsv
# %ECSV 1.0
# ---
# datatype:
# - {name: wavelength, unit: Angstrom, datatype: float64}
# - {name: response, datatype: float64}
# meta:
#   __serialized_columns__:
#     wavelength:
#       __class__: astropy.units.quantity.Quantity
#       unit: !astropy.units.Unit {unit: Angstrom}
#       value: !astropy.table.SerializedColumn {name: wavelength}
#   band_name: Prism
#   group_name: RomanSCA02
# schema: astropy-2.0
wavelength response
[from data line 573]
13250.0 0.5185356465346779
13260.0 0.5186461708007138
13270.0 0.5187787999199572
13280.0 0.5188893241859932
13290.0 0.5189556387456149
13300.0 0.5190219533052364
13310.0 0.5191987921308941
13320.0 0.5194198406629662
13330.0 0.5196187843418311
13340.0 0.5197293086078671
13350.0 0.5197735183142815
13360.0 0.5198840425803176
13370.0 0.5200829862591824
13380.0 0.5202377202316328
13390.0 0.5202377202316328
13400.0 0.5201935105252184
13410.0 0.5202598250848401
13420.0 0.5204145590572905
13430.0 0.5205913978829483
13440.0 0.5207682367086058
13450.0 0.5208787609746419
13460.0 0.5210113900938852
13470.0 0.5211440192131285
13480.0 0.5212766483323716
13490.0 0.5213650677452005
13500.0 0.5214092774516149
13510.0 0.5214755920112365
13520.0 0.5214976968644437
13530.0 0.5214976968644437
13540.000000000002 0.521519801717651
13550.0 0.521630325983687
13560.000000000002 0.5216966405433086
13570.0 0.521630325983687
13580.000000000002 0.5216082211304798
13590.0 0.5217187453965157
13600.000000000002 0.521851374515759
13610.0 0.5218292696625518
13620.000000000002 0.521740850249723
13630.0 0.5216745356901014
13640.000000000002 0.521630325983687
13650.0 0.521630325983687
13660.000000000002 0.5216524308368942
13670.0 0.5217629551029301
13680.000000000002 0.5218734793689662
13690.0 0.5219176890753806
13700.000000000002 0.5218734793689662
13710.0 0.5218292696625518
13720.000000000002 0.5217850599561374
13730.0 0.5217850599561374
13740.000000000002 0.5217850599561374
13750.0 0.5218292696625518
13759.999999999998 0.5218734793689662
13770.0 0.5218955842221735
13779.999999999998 0.5218734793689662
13790.0 0.5217850599561374
13799.999999999998 0.5216966405433086
13810.0 0.5216524308368942
13819.999999999998 0.5216524308368942
13830.0 0.5215861162772726
13839.999999999998 0.5214534871580293
13850.0 0.5212766483323716
13859.999999999998 0.5211440192131285
13870.0 0.5211440192131285
13879.999999999998 0.5211661240663356
13890.0 0.521099809506714
13899.999999999998 0.521099809506714
13910.0 0.5212766483323716
13919.999999999998 0.5214313823048221
13930.0 0.5213650677452005
13939.999999999998 0.5211882289195429
13950.0 0.521099809506714
13959.999999999998 0.521099809506714
13970.0 0.5211882289195429
13980.0 0.5212324386259573
13990.0 0.5210777046535068
14000.0 0.5208787609746419
14010.0 0.5207461318553986
14020.0 0.5207240270021914
14030.0 0.5207461318553986
14040.0 0.5207682367086058
14050.0 0.5207019221489843
14060.0 0.520569293029741
14070.0 0.5203924542040833
14080.0 0.5202598250848401
14090.0 0.5201271959655969
14100.0 0.5199503571399391
14110.0 0.5196629940482456
14120.0 0.5194419455161734
14130.0 0.5194198406629662
14140.0 0.5194198406629662
14150.0 0.519287211543723
14160.0 0.5190882678648581
14170.0 0.5189335338924076
14180.0 0.518867219332786
14190.0 0.5188893241859932
14200.0 0.5189335338924076
14210.0 0.5189335338924076
14220.0 0.5190219533052364
14230.0 0.5193093163969301
14240.0 0.5196850989014526
14250.0 0.5199724619931464
14260.0 0.5201050911123897
14270.0 0.5201050911123897
14280.0 0.5200829862591824
14290.0 0.5201714056720113
14300.0 0.5202819299380472
14310.0 0.5203703493508761
14320.0 0.5203924542040833
14330.0 0.5204366639104978
14340.0 0.5205250833233266
14350.0 0.5206135027361554
14360.0 0.5207019221489843
14370.0 0.5207682367086058
14380.0 0.520790341561813
14390.0 0.5207682367086058
14400.0 0.520790341561813
14410.0 0.5209229706810563
14420.0 0.521099809506714
14430.0 0.5211882289195429
14440.0 0.5212324386259573
14450.0 0.52121033377275
14460.0 0.52121033377275
14470.0 0.5212545434791644
14480.0 0.5213650677452005
14490.0 0.521519801717651
14500.0 0.5216745356901014
14510.0 0.521851374515759
14520.0 0.5219618987817951
14530.0 0.5219840036350023
14540.0 0.5220061084882095
14550.0 0.5221387376074527
14560.0 0.5222713667266959
14570.0 0.522381890992732
14580.0 0.5224924152587681
14590.0 0.5226692540844258
14600.0 0.5228460929100833
14610.0 0.5229345123229122
14620.0 0.523022931735741
14630.0 0.5231776657081915
14640.0 0.5233102948274347
14650.0 0.5233766093870564
14660.0 0.523442923946678
14670.0 0.5236197627723356
14680.0 0.5238408113044077
14690.0 0.5240397549832726
14700.0 0.5241723841025159
14710.0 0.5242165938089303
14720.0 0.5242829083685518
14730.0 0.5245039569006239
14740.0 0.5247250054326961
14750.0 0.5249018442583537
14760.0 0.5250123685243898
14770.0 0.5251671024968402
14780.0 0.5253439413224978
14790.000000000002 0.5254986752949483
14800.0 0.5256976189738132
14810.000000000002 0.5258965626526781
14820.0 0.5260955063315429
14830.000000000002 0.5262281354507862
14840.0 0.5263386597168221
14850.000000000002 0.5265154985424798
14860.0 0.5266923373681375
14870.000000000002 0.526847071340588
14880.0 0.526957595606624
14890.000000000002 0.52706811987266
14900.0 0.5272007489919033
14910.000000000002 0.5273996926707681
14920.0 0.5275765314964258
14930.000000000002 0.5277091606156691
14940.0 0.5278417897349124
14950.000000000002 0.5280628382669844
14960.0 0.5282838867990565
14970.000000000002 0.5284386207715069
14980.0 0.5285270401843357
14990.000000000002 0.5285933547439574
15000.0 0.5287038790099934
15009.999999999998 0.5288586129824439
15020.0 0.5290575566613088
15029.999999999998 0.5292565003401736
15040.0 0.5294333391658312
15049.999999999998 0.5295880731382817
15060.0 0.5297649119639394
15069.999999999998 0.5299196459363898
15080.0 0.5300301702024259
15089.999999999998 0.5300522750556331
15100.0 0.5301185896152547
15109.999999999998 0.5302954284409124
15120.0 0.5305385818261917
15129.999999999998 0.5307375255050565
15140.0 0.530892259477507
15149.999999999998 0.5309585740371286
15160.0 0.531002783743543
15169.999999999998 0.5310469934499574
15180.0 0.531113308009579
15189.999999999998 0.5312017274224079
15200.0 0.5313122516884439
15209.999999999998 0.5314448808076871
15220.0 0.5315554050737232
15230.0 0.5316659293397592
15240.0 0.5317764536057953
15250.0 0.5319090827250386
15260.0 0.532063816697489
15270.0 0.5322185506699395
15280.0 0.5323069700827683
15290.0 0.5323732846423899
15300.0 0.5324617040552186
15310.0 0.5326385428808764
15320.0 0.5328153817065341
15330.0 0.5328595914129485
15340.0 0.5328595914129485
15350.0 0.5329038011193629
15360.0 0.5329701156789844
15370.0 0.5330364302386061
15380.0 0.5331469545046422
15390.0 0.5333237933302999
15400.0 0.5334785273027504
15410.0 0.5335227370091647
15420.0 0.5335006321559574
15430.0 0.5334785273027504
15440.0 0.5335448418623719
15450.0 0.5337216806880295
15460.0 0.5339206243668945
15470.0 0.5340311486329306
15480.0 0.534097463192552
15490.0 0.5342079874585881
15500.0 0.534296406871417
15510.0 0.534296406871417
15520.0 0.534296406871417
15530.0 0.5343848262842458
15540.0 0.5344953505502819
15550.0 0.5345837699631107
15560.0 0.5346058748163178
15570.0 0.5345616651099034
15580.0 0.5345837699631107
15590.0 0.5347385039355611
15600.0 0.5348711330548044
15610.0 0.5348711330548044
15620.0 0.5348711330548044
15630.0 0.5350700767336692
15640.0 0.5352690204125341
15650.0 0.5353132301189485
15660.0 0.5353132301189485
15670.0 0.5353353349721558
15680.0 0.5354458592381918
15690.0 0.5356448029170566
15700.0 0.5357553271830927
15710.0 0.535689012623471
15720.0 0.5356448029170566
15730.0 0.5357774320362999
15740.0 0.535998480568372
15750.0 0.5361311096876151
15760.0 0.5361532145408224
15770.0 0.5361311096876151
15780.0 0.5361311096876151
15790.0 0.5361753193940296
15800.0 0.5362637388068585
15810.0 0.5363079485132729
15820.0 0.5363742630728945
15830.0 0.5365068921921377
15840.0 0.536639521311381
15850.0 0.536639521311381
15860.0 0.5366837310177954
15870.0 0.5368384649902458
15880.0 0.5370153038159035
15890.0 0.5371479329351468
15900.0 0.5371921426415612
15910.0 0.5372363523479756
15920.0 0.5373247717608044
15930.0 0.5375016105864621
15940.0 0.5376563445589125
15950.0 0.5377447639717414
15960.0 0.5377447639717414
15970.0 0.5377889736781558
15980.0 0.5378994979441918
15990.0 0.538120546476264
16000.0 0.5383194901551287
16010.0 0.5384079095679576
16020.0 0.5384521192743721
16030.0 0.5385405386872009
16040.000000000002 0.5386731678064441
16050.0 0.5388057969256873
16060.000000000002 0.538982635751345
16070.0 0.5391594745770026
16080.000000000002 0.5393142085494531
16090.0 0.5394247328154892
16100.000000000002 0.5395352570815252
16110.0 0.53973420076039
16120.000000000002 0.5399110395860477
16130.0 0.5399994589988765
16140.000000000002 0.5400657735584982
16150.0 0.5402426123841558
16160.000000000002 0.5404857657694351
16170.0 0.5407068143015071
16180.000000000002 0.5409057579803721
16190.0 0.5410604919528226
16200.000000000002 0.5411710162188585
16210.0 0.5413036453381018
16220.000000000002 0.541436274457345
16230.0 0.5416131132830028
16240.000000000002 0.5417678472554531
16250.0 0.5418562666682819
16259.999999999998 0.5419888957875253
16270.0 0.5422099443195973
16279.999999999998 0.5424088879984622
16290.0 0.5424973074112911
16299.999999999998 0.5425415171177055
16310.0 0.5427183559433632
16319.999999999998 0.5429615093286424
16330.0 0.5431604530075073
16339.999999999998 0.5433593966863721
16350.0 0.5434920258056153
16359.999999999998 0.5436467597780659
16370.0 0.5438014937505163
16379.999999999998 0.5440004374293811
16390.0 0.5441772762550389
16400.0 0.544309905374282
16410.0 0.5443762199339036
16420.0 0.5444867441999397
16430.0 0.5447077927320118
16440.0 0.5449288412640838
16450.0 0.5450172606769127
16460.0 0.5450393655301199
16470.0 0.5451277849429488
16480.0 0.5452162043557776
16490.0 0.5453046237686063
16500.0 0.5454593577410568
16510.0 0.5457025111263362
16520.0 0.5458793499519938
16530.0 0.5458130353923721
16540.0 0.5457688256859577
16550.0 0.5459456645116154
16560.0 0.546210922750102
16570.0 0.5463435518693451
16580.0 0.5464098664289668
16590.0 0.5464982858417956
16600.0 0.5466530198142461
16610.0 0.5468961731995253
16620.0 0.5470288023187686
16630.0 0.5469403829059397
16640.0 0.5468298586399037
16650.0 0.5469845926123542
16660.0 0.5472498508508407
16670.0 0.5474266896764983
16680.0 0.5474487945297055
16690.0 0.5473824799700839
16700.0 0.5473382702636695
16710.0 0.5474487945297055
16720.0 0.5475593187957416
16730.0 0.5475814236489488
16740.0 0.5475814236489488
16750.0 0.547714052768192
16760.0 0.5478908915938497
16770.0 0.5479793110066785
16780.0 0.5480456255663001
16790.0 0.5482003595387506
16800.0 0.5483771983644082
16810.0 0.548465617777237
16820.0 0.5485540371900659
16830.0 0.548664561456102
16840.0 0.5487529808689308
16850.0 0.5487971905753452
16860.0 0.5488414002817597
16870.0 0.5489298196945884
16880.0 0.5490403439606245
16890.0 0.5491287633734533
16900.0 0.5492171827862822
16910.0 0.5492834973459038
16920.0 0.549416126465147
16930.0 0.5496371749972191
16940.0 0.5498140138228768
16950.0 0.549836118676084
16960.0 0.5498803283824983
16970.0 0.5501455866209849
16980.0 0.5503887400062641
16990.0 0.550366635153057
17000.0 0.5503224254466424
17010.0 0.5505655788319218
17020.0 0.55089715163003
17030.0 0.5511624098685164
17040.0 0.5512508292813452
17050.0 0.5512729341345525
17060.0 0.5513171438409669
17070.0 0.5515160875198318
17080.0 0.5517371360519038
17090.0 0.5518918700243544
17100.0 0.5519802894371831
17110.0 0.5520908137032191
17120.0 0.5522455476756696
17130.0 0.5524223865013272
17140.0 0.5525550156205705
17150.0 0.5526213301801921
17160.0 0.5527760641526426
17170.0 0.5531297418039579
17180.0 0.5534834194552732
17190.0 0.5535939437213092
17200.0 0.5536381534277237
17210.0 0.5537928874001742
17220.0 0.553991831079039
17230.0 0.5541244601982823
17240.0 0.5542791941707327
17250.0 0.5545002427028048
17260.0 0.5546991863816696
17270.0 0.5548097106477057
17280.0 0.5548760252073274
17290.0 0.5550086543265706
17300.0 0.5551854931522282
17310.0 0.5554065416843003
17320.0 0.5556054853631652
17330.0 0.5557823241888228
17340.0 0.5559591630144805
17350.0 0.5561581066933454
17360.0 0.556334945519003
17370.0 0.5564454697850391
17380.0 0.5564675746382463
17390.0 0.5564454697850391
17400.0 0.5565117843446606
17410.0 0.5567770425831472
17420.0 0.5570865105280481
17430.0 0.5572412445004986
17440.0 0.5573517687665346
17450.0 0.5575286075921922
17460.0 0.5576612367114355
17470.0 0.5577054464178499
17480.0 0.5577054464178499
17490.0 0.5577717609774715
17500.0 0.5578380755370932
17510.0 0.5579043900967148
17520.0 0.5580149143627509
17530.0 0.5582580677480301
17540.0 0.5585012211333095
17550.0 0.5585896405461382
17560.0 0.5585896405461382
17570.0 0.5586117453993454
17580.0 0.5586559551057598
17590.0 0.5587443745185886
17600.0 0.5588548987846247
17610.0 0.558987527903868
17620.0 0.559098052169904
17630.0 0.5590759473166967
17640.0 0.5590759473166967
17650.0 0.5591643667295256
17660.0 0.5593191007019761
17670.0 0.5593854152615977
17680.0 0.5593854152615977
17690.0 0.5593633104083905
17700.0 0.5593412055551833
17710.0 0.5593412055551833
17720.0 0.5593633104083905
17730.0 0.5593854152615977
17740.0 0.5594517298212193
17750.0 0.5595843589404625
17760.0 0.5597169880597057
17770.0 0.5597611977661203
17780.0 0.5598054074725347
17790.0 0.5599159317385707
17800.0 0.5600264560046068
17810.0 0.5600485608578138
17820.0 0.5600043511513995
17830.0 0.5598938268853635
17840.0 0.5598054074725347
17850.0 0.5598275123257418
17860.0 0.5599380365917779
17870.0 0.5601148754174355
17880.0 0.5602917142430932
17890.0 0.5604464482155437
17900.0 0.5605348676283725
17910.0 0.560579077334787
17920.0 0.5605569724815797
17930.0 0.5605127627751653
17940.0 0.5605569724815797
17950.0 0.5607338113072374
17960.0 0.5609106501328951
17970.0 0.5608664404264806
17980.0 0.560800125866859
17990.0 0.5608222307200662
18000.0 0.5609548598393095
18010.0 0.5610874889585526
18020.0 0.5610653841053455
18030.0 0.5607559161604445
18040.0 0.5601590851238499
18050.0 0.5592306812891472
18060.0 0.5578159706838859
18070.0 0.5556275902163723
18080.0 0.552289757382084
18090.0 0.5473824799700839
18100.0 0.5403089269437775
18110.0 0.5305827915326061
18120.0 0.5177398718192184
18130.0 0.5013822804458847
18140.0 0.48104581549525366
18150.0 0.4564652187288387
18160.0 0.4276846998530543
18170.0 0.395080041372423
18180.0 0.3592259694703321
18190.0 0.32096246856865557
18200.0 0.2815495153002043
18210.0 0.24226919115099627
18220.0 0.20422673878139183
18230.0 0.16843898143892255
18240.0 0.135812218105084
18250.0 0.10694327981647078
18260.0 0.08218584422439817
18270.0 0.06158412103528062
18280.0 0.04498337627666764
18290.0 0.03198572259082952
18300.0 0.022171167766829307
18310.0 0.014942880768072394
18320.0 0.009814554824000213
18330.0 0.006255673457639775
18340.0 0.0038904541644685527
18350.0 0.0023431144399640147
18360.0 0.0013705008988468765
18370.0 0.0007957747154594767
18380.0 0.0004420970641441537
18390.0 0.00024315338527928454
18400.0 0.0001326291192432461
18410.0 6.631455962162305e-05
18420.0 2.2104853207207685e-05
18430.0 2.2104853207207685e-05
18440.0 0.0
