mejiro/data/roman_filter_response/RomanSCA09-F087.ecsv
# %ECSV 1.0
# ---
# datatype:
# - {name: wavelength, unit: Angstrom, datatype: float64}
# - {name: response, datatype: float64}
# meta:
#   __serialized_columns__:
#     wavelength:
#       __class__: astropy.units.quantity.Quantity
#       unit: !astropy.units.Unit {unit: Angstrom}
#       value: !astropy.table.SerializedColumn {name: wavelength}
#   band_name: F087
#   group_name: RomanSCA09
# schema: astropy-2.0
wavelength response
7490.0 0.0
7500.0 6.631455962162305e-05
7510.0 0.0003094679449009076
7520.0 0.0013926057520540843
7530.0 0.0050399065312433525
7540.0 0.015208139006558888
7550.0 0.038396130020919746
7560.0 0.08169953745383961
7570.0 0.14803620192866987
7580.0 0.23141570822625726
7590.0 0.31733727264267353
7600.0 0.38988540086872914
7610.0 0.44032867588757707
7620.0 0.469484977267884
7630.0 0.4836541881737042
7640.0 0.48955618398002865
7650.0 0.491832983860371
7660.0 0.4928277022546953
7670.0 0.49377821094260527
7680.0 0.49523713125428104
7690.0 0.49671815641916395
7700.0 0.49773497966669544
7710.0 0.4984644398225333
7720.0 0.4992602145379928
7730.0 0.5001223038130739
7740.0 0.5010507076477766
7750.0 0.5020675308953082
7760.0 0.5031727735556686
7770.0 0.5041232822435785
7780.0 0.5047643229865875
7790.0 0.5054274685828037
7800.0 0.5064000821239208
7810.0 0.5073505908118308
7820.0 0.5079253169952183
7830.0 0.5082789946465335
7840.0 0.5086105674446416
7850.0 0.5088979305363354
7860.0 0.5091631887748218
7870.0 0.5094726567197227
7880.0 0.5099147537838669
7890.0 0.5104894799672544
7900.0 0.5110863110038489
7910.0 0.5115947226276146
7920.0 0.5119262954257228
7930.0 0.5123462876366598
7940.0 0.5131420623521192
7950.0 0.5136946836822994
7960.0 0.5136062642694706
7970.0 0.514070466186822
7980.0 0.5159051690030202
7990.0 0.5169440971037589
8000.0 0.5152199185535967
8010.0 0.5126557555815606
8020.000000000001 0.5114399886551642
8030.000000000001 0.5114841983615785
8040.000000000001 0.5120147148385517
8050.000000000001 0.5125452313155247
8060.000000000001 0.5126336507283534
8070.000000000001 0.5125673361687318
8080.000000000001 0.5125673361687318
8090.000000000001 0.5123683924898669
8100.000000000001 0.5117494566000652
8110.000000000001 0.5110642061506416
8120.000000000001 0.5106663187929119
8129.999999999999 0.5102684314351822
8139.999999999999 0.5096273906921731
8149.999999999999 0.509074769361993
8159.999999999999 0.5089200353895424
8169.999999999999 0.5089863499491641
8179.999999999999 0.5089863499491641
8189.999999999999 0.5089200353895424
8200.0 0.5088979305363354
8210.0 0.5091631887748218
8220.0 0.5098042295178308
8230.0 0.5106221090864975
8240.0 0.5112631498295066
8250.0 0.5114178838019571
8260.0 0.511108415857056
8270.0 0.5112631498295066
8280.0 0.5125673361687318
8290.0 0.5139378370675787
8300.0 0.5142252001592723
8310.0 0.5141146758932363
8320.0 0.5144683535445517
8330.0 0.5151093942875606
8340.0 0.5157504350305697
8350.0 0.5165683145992364
8360.0 0.517695662112804
8370.0 0.5189335338924076
8380.0 0.520038776552768
8390.0 0.5208787609746419
8400.0 0.5214534871580293
8410.0 0.5222492618734887
8420.0 0.5236197627723356
8430.0 0.5249018442583537
8440.0 0.5256313044141915
8450.0 0.5266702325149303
8460.0 0.5287480887164078
8470.0 0.5309806788903358
8480.0 0.5323511797891827
8490.0 0.5333016884770926
8500.0 0.534517455403489
8510.0 0.535887956302336
8520.0 0.53728056205439
8530.0 0.5386510629532368
8540.0 0.540043668705291
8550.0 0.5412373307784802
8560.0 0.5420994200535613
8570.0 0.543027823888264
8580.0 0.5443983247871109
8590.0 0.5460782936308587
8600.0 0.5478024721810208
8610.0 0.5491287633734533
8620.0 0.549836118676084
8630.0 0.5506318933915435
8640.0 0.5522013379692552
8650.0 0.5541686699046967
8660.0 0.5559812678676878
8670.0 0.557506502738985
8680.0 0.5587443745185886
8690.0 0.5596948832064986
8700.0 0.5603580288027149
8710.0 0.5610874889585526
8720.0 0.562192731618913
8730.0 0.5634748131049312
8740.0 0.564624265471706
8750.0 0.5654421450403726
8760.0 0.5658179275448951
8770.0 0.5661937100494177
8780.0 0.5670115896180844
8790.0 0.5678957837463727
8800.0 0.5685368244893817
8810.0 0.5690673409663546
8820.0 0.5696641720029493
8830.0 0.5699957448010573
8840.0 0.5697525914157782
8850.0 0.5693989137644627
8860.0 0.5693989137644627
8870.0 0.5696199622965349
8880.0 0.5698189059753996
8890.0 0.5699294302414357
8900.0 0.5699736399478502
8910.0 0.5698631156818141
8920.0 0.5696199622965349
8930.0 0.5694431234708771
8940.0 0.5695094380304988
8950.0 0.5694431234708771
8960.0 0.5689347118471114
8970.0 0.568249461397688
8980.0 0.5677410497739221
8990.0 0.5673652672693996
9000.0 0.567077904177706
9010.0 0.566768436232805
9020.0 0.5663705488750753
9030.0 0.5658400323981023
9040.0 0.5652653062147149
9050.0 0.5647347897377419
9060.0 0.5642926926735978
9070.0 0.5639169101690753
9080.0 0.5635411276645527
9090.0 0.5630990306004086
9100.0 0.5626348286830573
9110.0 0.5621706267657058
9120.0 0.5617506345547689
9130.0 0.561441166609868
9140.0 0.561131698664967
9150.0 0.5607780210136518
9160.0 0.5603580288027149
9170.0 0.5598938268853635
9180.0 0.559518044380841
9190.0 0.5593191007019761
9200.0 0.5591643667295256
9210.0 0.5588991084910391
9220.0 0.5586117453993454
9230.0 0.558457011426895
9240.0 0.5583906968672734
9250.0 0.5583243823076517
9260.0 0.5583022774544445
9270.0 0.5583685920140661
9280.0 0.5584349065736878
9290.0 0.5585233259865166
9300.0 0.558678059958967
9310.0 0.5589212133442464
9320.0 0.5591864715827328
9330.0 0.5594075201148049
9340.0 0.5596727783532913
9350.0 0.5600264560046068
9360.0 0.5604685530687509
9370.0 0.5608885452796878
9380.0 0.5613527471970391
9390.0 0.5618390539675978
9400.0 0.5622811510317418
9410.0 0.5626348286830573
9420.0 0.5629885063343726
9430.0 0.5634969179581383
9440.0 0.5639832247286969
9450.0 0.5642926926735978
9460.0 0.5646021606184987
9470.0 0.5650884673890573
9480.0 0.5655968790128231
9490.0 0.5659947663705528
9500.0 0.5663705488750753
9510.0 0.566878960498841
9520.0 0.5673873721226069
9530.0 0.5677410497739221
9540.0 0.5680063080124087
9550.0 0.5682936711041023
9560.0 0.5686473487554177
9570.0 0.5690452361131475
9580.0 0.5693989137644627
9590.0 0.5696641720029493
9600.0 0.5699073253882285
9610.0 0.5702167933331295
9620.0 0.5705483661312376
9630.0 0.570813624369724
9640.0 0.5710567777550034
9650.0 0.5712999311402825
9660.0 0.5714988748191475
9670.0 0.5716093990851836
9680.0 0.571764133057634
9690.0 0.5720736010025349
9700.0 0.572405173800643
9710.0 0.572515698066679
9720.0 0.572515698066679
9730.0 0.5720514961493277
9740.0 0.5693768089112556
9750.0 0.5599601414449851
9760.0 0.5354900689446062
9770.0 0.485334157017452
9780.0 0.40365672441681955
9790.0 0.29810605035240284
9800.0 0.1900796327287789
9810.0 0.1023454703493716
9820.0 0.045757046138919906
9830.0 0.01677758358427063
9840.0 0.004995696824828937
9850.0 0.0011936620731892152
9860.0 0.00024315338527928454
9870.0 4.420970641441537e-05
9880.0 0.0
