mejiro/data/roman_filter_response/RomanSCA08-Prism.ecsv
# %ECSV 1.0
# ---
# datatype:
# - {name: wavelength, unit: Angstrom, datatype: float64}
# - {name: response, datatype: float64}
# meta:
#   __serialized_columns__:
#     wavelength:
#       __class__: astropy.units.quantity.Quantity
#       unit: !astropy.units.Unit {unit: Angstrom}
#       value: !astropy.table.SerializedColumn {name: wavelength}
#   band_name: Prism
#   group_name: RomanSCA08
# schema: astropy-2.0
wavelength response
7490.0 0.0
7500.0 4.420970641441537e-05
7510.0 0.00022104853207207686
7520.0 0.0011052426603603842
7530.0 0.004553599760684784
7540.0 0.015141824446937267
7550.0 0.04080555902050539
7560.0 0.08992254284692086
7570.0 0.16432747874238193
7580.0 0.25352056143346496
7590.0 0.33811583465744877
7600.0 0.40162307792175644
7610.0 0.4395992157317392
7620.0 0.4580346633065504
7630.0 0.4655503133970011
7640.0 0.46833552490110925
7650.0 0.4694407675614696
7660.0 0.4700818083044786
7670.0 0.4709217927263525
7680.0 0.4722922936251994
7690.0 0.47370700423046064
7700.0 0.47467961777157786
7710.0 0.47536486822100127
7720.0 0.4760943283768391
7730.0 0.47686799823909143
7740.0 0.4777300875141725
7750.0 0.478636386495668
7760.0 0.4796090000367852
7770.0 0.48042687960545183
7780.0 0.48093529122921763
7790.0 0.4814437028529834
7800.0 0.4822173727152357
7810.0 0.48299104257748793
7820.0 0.4834110347884249
7830.0 0.48360997846728976
7840.0 0.4837647124397402
7850.0 0.48391944641219065
7860.0 0.48405207553143387
7870.0 0.4842510192102988
7880.0 0.4845825920084069
7890.0 0.4850467939257583
7900.0 0.48559941525593847
7910.0 0.4860415123200826
7920.0 0.4863509802649835
7930.0 0.48679307732912763
7940.0 0.4876109568977944
7950.0 0.4882519976408034
7960.0 0.48831831220042493
7970.0 0.4889372480902268
7980.0 0.4909266848788755
7990.0 0.49218666151168633
8000.0 0.4909045800256683
8010.0 0.48882672382419073
8020.000000000001 0.4881193685215601
8030.000000000001 0.48862778014532593
8040.000000000001 0.4896667082460646
8050.000000000001 0.49072774120001067
8060.000000000001 0.4914129916494341
8070.000000000001 0.491943508126407
8080.000000000001 0.49256244401620886
8090.000000000001 0.493004541080353
8100.000000000001 0.49304875078676746
8110.000000000001 0.4930266459335602
8120.000000000001 0.49324769446563227
8129.999999999999 0.4934908478509116
8139.999999999999 0.49346874299770443
8149.999999999999 0.4935129527041188
8159.999999999999 0.4939329449150558
8169.999999999999 0.4945297759516504
8179.999999999999 0.49499397786900173
8189.999999999999 0.49536976037352426
8200.0 0.4957455428780468
8210.0 0.4963202690614341
8220.0 0.49724867289613683
8230.0 0.49824339129046125
8240.0 0.4989949562995063
8250.0 0.49921600483157835
8260.0 0.4988844320334702
8270.0 0.49890653688667747
8280.0 0.5000117795470378
8290.0 0.5011170222073982
8300.0 0.5010728125009838
8310.0 0.500564400877218
8320.0 0.5004538766111819
8330.0 0.5005865057304253
8340.0 0.5006528202900469
8350.0 0.5008296591157045
8360.0 0.5012717561798486
8370.0 0.5018022726568216
8380.0 0.5021338454549298
8390.0 0.5021780551613442
8400.0 0.5019349017760649
8410.0 0.5018906920696505
8420.0 0.502354893987002
8430.0 0.5027306764915245
8440.0 0.5025538376658667
8450.0 0.5026422570786955
8460.0 0.503747499739056
8470.0 0.5049853715186595
8480.0 0.5053832588763894
8490.0 0.5053832588763894
8500.0 0.5056264122616686
8510.0 0.5060685093258128
8520.0 0.5064885015367497
8530.0 0.506952703454101
8540.0 0.5074169053714525
8550.0 0.5077263733163533
8560.0 0.5077484781695606
8570.0 0.5078368975823894
8580.0 0.5083895189125696
8590.0 0.5092516081876506
8600.0 0.5101800120223533
8610.0 0.5107547382057408
8620.0 0.5107989479121552
8630.0 0.5109536818846057
8640.0 0.5118599808661012
8650.0 0.5131862720585336
8660.0 0.5144020389849301
8670.0 0.5153967573792544
8680.0 0.5161925320947138
8690.0 0.5167230485716869
8700.0 0.5170767262230022
8710.0 0.5175188232871464
8720.0 0.5183809125622274
8730.0 0.5194419455161734
8740.0 0.5204587687637049
8750.0 0.5211882289195429
8760.0 0.5216082211304798
8770.0 0.5220945279010383
8780.0 0.5230008268825339
8790.0 0.5240618598364798
8800.0 0.5249018442583537
8810.0 0.5256976189738132
8820.0 0.5265818131021015
8830.0 0.527267063551525
8840.0 0.5274660072303898
8850.0 0.5275544266432186
8860.0 0.5279744188541556
8870.0 0.5286375644503718
8880.0 0.5292786051933809
8890.0 0.5298754362299755
8900.0 0.5303838478537412
8910.0 0.5307596303582638
8920.0 0.531002783743543
8930.0 0.5312901468352368
8940.0 0.5317764536057953
8950.0 0.5321522361103178
8960.0 0.532063816697489
8970.0 0.5317985584590025
8980.0 0.531643824486552
8990.0 0.5315996147801376
9000.0 0.5315775099269304
9010.0 0.5315111953673088
9020.0 0.5312901468352368
9030.0 0.5309364691839213
9040.0 0.53047226726657
9050.0 0.5300301702024259
9060.0 0.5296543876979034
9070.0 0.5292786051933809
9080.0 0.5289028226888584
9090.0 0.5284386207715069
9100.0 0.5279081042945339
9110.0 0.5273554829643538
9120.0 0.526847071340588
9130.0 0.5264049742764438
9140.0 0.5259628772122996
9150.0 0.5254765704417411
9160.0 0.5249018442583537
9170.0 0.5242829083685518
9180.0 0.5237302870383717
9190.0 0.5233545045338491
9200.0 0.523022931735741
9210.0 0.5225808346715969
9220.0 0.52216084246066
9230.0 0.5218292696625518
9240.0 0.5216082211304798
9250.0 0.5214092774516149
9260.0 0.5212545434791644
9270.0 0.5211661240663356
9280.0 0.5211440192131285
9290.0 0.5211440192131285
9300.0 0.5211882289195429
9310.0 0.5213650677452005
9320.0 0.5215640114240654
9330.0 0.5217187453965157
9340.0 0.5219176890753806
9350.0 0.5222492618734887
9360.0 0.5226250443780113
9370.0 0.523022931735741
9380.0 0.523442923946678
9390.0 0.5239071258640293
9400.0 0.5243271180749662
9410.0 0.5246807957262817
9420.0 0.5250344733775969
9430.0 0.5255207801481555
9440.0 0.5260070869187141
9450.0 0.526316554863615
9460.0 0.5266481276617231
9470.0 0.5271344344322817
9480.0 0.5276428460560475
9490.0 0.5280407334137771
9500.0 0.5284165159182996
9510.0 0.5289249275420654
9520.0 0.5294333391658312
9530.0 0.5297870168171466
9540.0 0.5300522750556331
9550.0 0.5303617430005341
9560.0 0.5307154206518493
9570.0 0.5310912031563718
9580.0 0.5314448808076871
9590.0 0.5317101390461737
9600.0 0.531953292431453
9610.0 0.5322627603763539
9620.0 0.5325722283212547
9630.0 0.5328374865597413
9640.0 0.5330585350918133
9650.0 0.5333016884770926
9660.0 0.5335006321559574
9670.0 0.5336111564219935
9680.0 0.533765890394444
9690.0 0.5340532534861376
9700.0 0.5343627214310387
9710.0 0.5344953505502819
9720.0 0.5346279796695251
9730.0 0.5348490282015972
9740.0 0.5350921815868764
9750.0 0.5352027058529124
9760.0 0.5353353349721558
9770.0 0.5355784883574349
9780.0 0.5357995368895071
9790.0 0.5358437465959215
9800.0 0.535887956302336
9810.0 0.5360426902747863
9820.0 0.5361974242472368
9830.0 0.5362416339536512
9840.0 0.5362637388068585
9850.0 0.5363963679261017
9860.0 0.5365953116049667
9870.0 0.536750045577417
9880.0 0.5367942552838314
9890.0 0.5366837310177954
9900.0 0.536639521311381
9910.0 0.5367721504306242
9920.0 0.5369489892562819
9930.0 0.5369710941094891
9940.0 0.5369268844030747
9950.0 0.5369931989626963
9960.0 0.537059513522318
9970.0 0.5370816183755251
9980.0 0.5371479329351468
9990.0 0.5373026669075972
10000.0 0.5374574008800477
10009.999999999998 0.5375458202928765
10020.0 0.5375679251460838
10029.999999999998 0.5375458202928765
10040.0 0.5375237154396694
10049.999999999998 0.5375458202928765
10060.0 0.537590029999291
10069.999999999998 0.5376563445589125
10080.0 0.5377005542653269
10089.999999999998 0.5376784494121197
10100.0 0.5376784494121197
10109.999999999998 0.5377668688249485
10120.0 0.5378773930909846
10129.999999999998 0.5379437076506063
10140.0 0.537921602797399
10149.999999999998 0.5378552882377774
10160.0 0.5378110785313629
10169.999999999998 0.5378773930909846
10180.0 0.5379658125038135
10189.999999999998 0.5380100222102279
10200.0 0.5380321270634351
10209.999999999998 0.5380321270634351
10220.0 0.5380321270634351
10230.0 0.5380542319166423
10240.0 0.5380984416230566
10250.0 0.5380763367698496
10260.0 0.5380321270634351
10270.0 0.5379658125038135
10280.0 0.5379437076506063
10290.0 0.5380321270634351
10300.0 0.5380763367698496
10310.0 0.5380100222102279
10320.0 0.537921602797399
10330.0 0.537921602797399
10340.0 0.537921602797399
10350.0 0.537921602797399
10360.0 0.5378994979441918
10370.0 0.5378552882377774
10380.0 0.5377889736781558
10390.0 0.5377226591185341
10400.0 0.5376121348524981
10410.0 0.5375016105864621
10420.0 0.5374574008800477
10430.0 0.5375016105864621
10440.0 0.5375016105864621
10450.0 0.5373247717608044
10460.0 0.5371037232287323
10470.0 0.5370153038159035
10480.0 0.5370374086691108
10490.0 0.5370816183755251
10500.0 0.5370374086691108
10510.0 0.5368605698434531
10520.0 0.5366616261645882
10530.0 0.5365732067517593
10540.0 0.5365732067517593
10550.0 0.5365511018985522
10560.0 0.5365068921921377
10570.0 0.5364184727793089
10580.0 0.5362416339536512
10590.0 0.5359542708619575
10600.0 0.5357111174766783
10610.0 0.5356226980638494
10620.0 0.5356005932106422
10630.0 0.5355121737978135
10640.0 0.5353574398253629
10650.0 0.5350921815868764
10660.0 0.5348490282015972
10670.0 0.5346942942291467
10680.0 0.5345616651099034
10690.0 0.5343848262842458
10700.0 0.5342300923117953
10710.0 0.534097463192552
10720.0 0.5340090437797232
10730.0 0.5338985195136872
10740.0 0.5337879952476512
10750.0 0.5337437855412368
10760.0 0.5336332612752007
10770.0 0.5334343175963359
10780.0 0.5331911642110566
10790.0 0.5329701156789844
10800.0 0.5328374865597413
10810.0 0.5328374865597413
10820.0 0.5327711720001197
10830.0 0.5325501234680475
10840.0 0.5323290749359755
10850.0 0.5322848652295611
10860.0 0.5322406555231466
10870.0 0.532063816697489
10880.0 0.531842768165417
10890.0 0.5316880341929665
10900.0 0.5315996147801376
10910.0 0.5314890905141015
10920.0 0.5313343565416512
10930.0 0.5311796225692007
10940.0 0.5310248885967502
10950.0 0.5309143643307143
10960.0 0.5308038400646782
10970.0 0.5306491060922277
10980.0 0.5306933157986421
10990.0 0.5310912031563718
11000.0 0.5314890905141015
11010.0 0.5314890905141015
11020.0 0.5313122516884439
11030.0 0.5312459371288224
11040.000000000002 0.5312680419820295
11050.0 0.5312680419820295
11060.000000000002 0.5313122516884439
11070.0 0.5313564613948584
11080.000000000002 0.5313343565416512
11090.0 0.5312017274224079
11100.000000000002 0.5310912031563718
11110.0 0.5311575177159934
11120.000000000002 0.5312680419820295
11130.0 0.5312680419820295
11140.000000000002 0.5312901468352368
11150.0 0.53142277595448
11160.000000000002 0.5314890905141015
11170.0 0.5313564613948584
11180.000000000002 0.5312459371288224
11190.0 0.5313343565416512
11200.000000000002 0.5314669856608945
11210.0 0.5314669856608945
11220.000000000002 0.53142277595448
11230.0 0.5315111953673088
11240.000000000002 0.5315554050737232
11250.0 0.5314006711012728
11259.999999999998 0.5312459371288224
11270.0 0.5312017274224079
11279.999999999998 0.5312238322756151
11290.0 0.5312459371288224
11299.999999999998 0.5312901468352368
11310.0 0.5313564613948584
11319.999999999998 0.5314006711012728
11330.0 0.5314006711012728
11339.999999999998 0.5313564613948584
11350.0 0.5313564613948584
11359.999999999998 0.5313343565416512
11370.0 0.5312901468352368
11379.999999999998 0.5312680419820295
11390.0 0.5313122516884439
11399.999999999998 0.53142277595448
11410.0 0.5314890905141015
11419.999999999998 0.5315111953673088
11430.0 0.53142277595448
11439.999999999998 0.5313564613948584
11450.0 0.5313785662480656
11459.999999999998 0.53142277595448
11470.0 0.53142277595448
11480.0 0.5314006711012728
11490.0 0.5313343565416512
11500.0 0.5312901468352368
11510.0 0.5312680419820295
11520.0 0.5312238322756151
11530.0 0.5311354128627863
11540.0 0.5310690983031646
11550.0 0.531113308009579
11560.0 0.5311354128627863
11570.0 0.531002783743543
11580.0 0.5308480497710926
11590.0 0.5308259449178854
11600.0 0.5308701546242998
11610.0 0.5308480497710926
11620.0 0.5307817352114709
11630.0 0.5306270012390205
11640.0 0.5304943721197772
11650.0 0.5304280575601557
11660.0 0.5303838478537412
11670.0 0.5303175332941196
11680.0 0.5302733235877052
11690.0 0.5302954284409124
11700.0 0.5302954284409124
11710.0 0.5300964847620475
11720.0 0.5298533313767682
11730.0 0.529720702257525
11740.0 0.5296543876979034
11750.0 0.5295659682850745
11760.0 0.5294775488722457
11770.0 0.5293891294594169
11780.0 0.5293449197530024
11790.0 0.5293891294594169
11800.0 0.529411234312624
11810.0 0.529300710046588
11820.0 0.5291680809273448
11830.0 0.5291017663677232
11840.0 0.5290354518081015
11850.0 0.5289028226888584
11860.0 0.5287259838632007
11870.0 0.5285491450375429
11880.0 0.5284165159182996
11890.0 0.5283944110650926
11900.0 0.5283502013586782
11910.0 0.5281512576798132
11920.0 0.5279523140009483
11930.0 0.5279081042945339
11940.0 0.5278417897349124
11950.0 0.5276428460560475
11960.0 0.5274660072303898
11970.0 0.5273996926707681
11980.0 0.5273775878175609
11990.0 0.5272228538451105
12000.0 0.5270460150194529
12010.0 0.5269354907534168
12020.0 0.5268691761937953
12030.0 0.5267807567809664
12040.0 0.5267144422213448
12050.0 0.5266923373681375
12060.0 0.5266260228085159
12070.0 0.5264491839828582
12080.0 0.526206030597579
12090.0 0.5260070869187141
12100.0 0.5258744577994708
12110.0 0.5258302480930565
12120.0 0.5257639335334348
12130.0 0.5255428850013627
12140.0 0.5253218364692906
12150.0 0.5252334170564619
12160.0 0.5252334170564619
12170.0 0.5252334170564619
12180.0 0.525144997643633
12190.0 0.5249460539647681
12200.0 0.5247471102859033
12210.0 0.5247029005794888
12220.0 0.5247029005794888
12230.0 0.5245702714602456
12240.0 0.5244376423410023
12250.0 0.5243934326345879
12260.0 0.5243492229281735
12270.0 0.5242165938089303
12280.0 0.5240618598364798
12290.000000000002 0.5239955452768581
12300.0 0.5239071258640293
12310.000000000002 0.523752391891579
12320.0 0.523553448212714
12330.000000000002 0.5233987142402635
12340.0 0.5232881899742275
12350.000000000002 0.5231776657081915
12360.0 0.5230450365889483
12370.000000000002 0.5228681977632906
12380.0 0.5227576734972545
12390.000000000002 0.5227576734972545
12400.0 0.5227134637908402
12410.000000000002 0.5224924152587681
12420.0 0.5222713667266959
12430.000000000002 0.5222713667266959
12440.0 0.5222934715799032
12450.000000000002 0.5220945279010383
12460.0 0.5218734793689662
12470.000000000002 0.5217850599561374
12480.0 0.5217629551029301
12490.000000000002 0.5217187453965157
12500.0 0.5216082211304798
12509.999999999998 0.5214755920112365
12520.0 0.5213429628919932
12529.999999999998 0.52121033377275
12540.0 0.5211440192131285
12549.999999999998 0.5211219143599212
12560.0 0.5210777046535068
12569.999999999998 0.5209892852406779
12580.0 0.5208124464150203
12589.999999999998 0.520569293029741
12600.0 0.5203924542040833
12609.999999999998 0.5203924542040833
12620.0 0.5204366639104978
12629.999999999998 0.5203703493508761
12640.0 0.5202598250848401
12649.999999999998 0.5202156153784258
12660.0 0.5201271959655969
12669.999999999998 0.5199503571399391
12680.0 0.5197735183142815
12689.999999999998 0.51970720375466
12700.0 0.5196850989014526
12709.999999999998 0.5196187843418311
12720.0 0.5195966794886239
12730.0 0.5195966794886239
12740.0 0.5195303649290022
12750.0 0.5193314212501374
12760.0 0.5191324775712725
12770.0 0.5191545824244796
12780.0 0.5192651066905157
12790.0 0.519287211543723
12800.0 0.5191987921308941
12810.0 0.518977743598822
12820.0 0.5188009047731644
12830.0 0.5187787999199572
12840.0 0.5188230096263716
12850.0 0.518867219332786
12860.0 0.518867219332786
12870.0 0.5187787999199572
12880.0 0.5186682756539212
12890.0 0.5186461708007138
12900.0 0.5186682756539212
12910.0 0.5186682756539212
12920.0 0.5186240659475068
12930.0 0.5185577513878851
12940.0 0.5185135416814707
12950.0 0.5185356465346779
12960.0 0.5185356465346779
12970.0 0.5184693319750563
12980.0 0.5184030174154347
12990.0 0.5184693319750563
13000.0 0.5185577513878851
13010.0 0.5185356465346779
13020.0 0.5184472271218491
13030.0 0.5183809125622274
13040.0 0.5183588077090203
13050.0 0.5184030174154347
13060.0 0.5184914368282635
13070.0 0.5185798562410924
13080.0 0.5186461708007138
13090.0 0.5186461708007138
13100.0 0.5187345902135427
13110.0 0.5189556387456149
13120.0 0.5191545824244796
13130.0 0.5190882678648581
13140.0 0.5189335338924076
13150.0 0.5189335338924076
13160.0 0.5190440581584437
13170.0 0.5191545824244796
13180.0 0.5192208969841013
13190.0 0.5192208969841013
13200.0 0.5192430018373085
13210.0 0.5193093163969301
