mejiro/data/roman_filter_response/RomanSCA13-Prism.ecsv
# %ECSV 1.0
# ---
# datatype:
# - {name: wavelength, unit: Angstrom, datatype: float64}
# - {name: response, datatype: float64}
# meta:
#   __serialized_columns__:
#     wavelength:
#       __class__: astropy.units.quantity.Quantity
#       unit: !astropy.units.Unit {unit: Angstrom}
#       value: !astropy.table.SerializedColumn {name: wavelength}
#   band_name: Prism
#   group_name: RomanSCA13
# schema: astropy-2.0
wavelength response
7520.0 0.0
7530.0 2.2104853207207685e-05
7540.0 0.0001326291192432461
7550.0 0.0008178795686666844
7560.0 0.0039125590176757605
7570.0 0.014434469144306617
7580.0 0.04188869682765856
7590.0 0.09639926483663272
7600.0 0.17898299641876061
7610.0 0.27456438168672664
7620.0 0.35911544520429606
7630.0 0.41641122471737835
7640.0 0.4462306716939015
7650.0 0.45832202639824415
7660.0 0.46241142424157755
7670.0 0.46417981249815415
7680.0 0.4658376764886948
7690.0 0.4674513307728209
7700.0 0.46857867828638855
7710.0 0.4694628724146769
7720.0 0.4703691713961723
7730.0 0.47134178493728945
7740.0 0.47238071303802825
7750.0 0.4734859556983886
7760.0 0.47463540806516347
7770.0 0.47563012645948777
7780.0 0.47633748176211843
7790.0 0.47702273221154184
7800.0 0.4780174506058662
7810.0 0.4789679592937761
7820.0 0.4795647903303708
7830.0 0.47996267768810047
7840.0 0.48031635533941575
7850.0 0.4806479281375239
7860.0 0.4809573960824249
7870.0 0.4813331785869474
7880.0 0.48184159021071316
7890.0 0.48246052610051493
7900.0 0.4831457765499384
7910.0 0.4837647124397402
7920.0 0.4842068095038844
7930.0 0.4847815356872717
7940.0 0.4857320443751817
7950.0 0.48648360938422675
7960.0 0.4866604482098844
7970.0 0.4873899083657222
7980.0 0.48944565971399256
7990.0 0.49079405575963225
8000.0 0.4895782888332358
8010.0 0.48756674719138
8020.000000000001 0.48692570644837085
8030.000000000001 0.4874562229253439
8040.000000000001 0.4885393607324971
8050.000000000001 0.48962249853965023
8060.000000000001 0.49035195869548814
8070.000000000001 0.4909266848788755
8080.000000000001 0.4915898304750917
8090.000000000001 0.4920982420988575
8100.000000000001 0.4922308712181007
8110.000000000001 0.49229718577772236
8120.000000000001 0.4926508634290377
8129.999999999999 0.4930266459335602
8139.999999999999 0.4931813799060107
8149.999999999999 0.49340242843808274
8159.999999999999 0.49404346918109177
8169.999999999999 0.49488345360296565
8179.999999999999 0.49565712346521795
8189.999999999999 0.49636447876784856
8200.0 0.4971160437768936
8210.0 0.498110762171218
8220.0 0.4995033679232721
8230.0 0.5010286027945694
8240.0 0.502354893987002
8250.0 0.503216983262083
8260.0 0.5035706609133982
8270.0 0.5043664356288577
8280.0 0.5062674530046776
8290.0 0.5082126800869119
8300.0 0.509074769361993
8310.0 0.5094726567197227
8320.0 0.5103126411415967
8330.0 0.5114178838019571
8340.0 0.5125010216091102
8350.0 0.5136946836822994
8360.0 0.5151757088471823
8370.0 0.516745153424894
8380.0 0.518115654323741
8390.0 0.5191987921308941
8400.0 0.5199945668463536
8410.0 0.5209450755342635
8420.0 0.5224261006991464
8430.0 0.5237966015979933
8440.0 0.5245481666070384
8450.0 0.5255428850013627
8460.0 0.5275765314964258
8470.0 0.5296985974043178
8480.0 0.530892259477507
8490.0 0.531643824486552
8500.0 0.5325722283212547
8510.0 0.533655366128408
8520.0 0.5346500845227322
8530.0 0.5356226980638494
8540.0 0.5365732067517593
8550.0 0.53728056205439
8560.0 0.5376121348524981
8570.0 0.5379879173570207
8580.0 0.5387836920724801
8590.0 0.5398889347328405
8600.0 0.5410162822464081
8610.0 0.5417015326958315
8620.0 0.5417899521086604
8630.0 0.541966790934318
8640.0 0.5428951947690207
8650.0 0.5442214859614533
8660.0 0.5453930431814352
8670.0 0.5463214470161379
8680.0 0.546962487759147
8690.0 0.5473382702636695
8700.0 0.5474708993829128
8710.0 0.5476919479149849
8720.0 0.5483108838047867
8730.0 0.5491287633734533
8740.0 0.5498582235292911
8750.0 0.5503003205934354
8760.0 0.550366635153057
8770.0 0.550477159419093
8780.0 0.5510518856024804
8790.0 0.5517371360519038
8800.0 0.5522013379692552
8810.0 0.5526213301801921
8820.0 0.5531076369507507
8830.0 0.5533950000424444
8840.0 0.5531297418039579
8850.0 0.5527539592994354
8860.0 0.5527760641526426
8870.0 0.5529971126847146
8880.0 0.5532181612167867
8890.0 0.5533728951892373
8900.0 0.553461314602066
8910.0 0.5533950000424444
8920.0 0.5532181612167867
8930.0 0.5530855320975435
8940.0 0.5531960563635796
8950.0 0.5531518466571652
8960.0 0.5526876447398138
8970.0 0.5520244991435975
8980.0 0.5514939826666245
8990.0 0.551118200162102
9000.0 0.5507866273639939
9010.0 0.5503887400062641
9020.0 0.5499024332357055
9030.0 0.5492613924926966
9040.0 0.5485319323368587
9050.0 0.5478687867406424
9060.0 0.5472498508508407
9070.0 0.5466751246674533
9080.0 0.5461003984840659
9090.0 0.5454372528878496
9100.0 0.5447298975852191
9110.0 0.5440225422825884
9120.0 0.5433593966863721
9130.0 0.5427846705029846
9140.0 0.5422320491728045
9150.0 0.5416131132830028
9160.0 0.5409057579803721
9170.0 0.5401762978245342
9180.0 0.5395352570815252
9190.0 0.5390710551641738
9200.0 0.5386289581000296
9210.0 0.538120546476264
9220.0 0.537590029999291
9230.0 0.5371921426415612
9240.0 0.5368826746966602
9250.0 0.5365953116049667
9260.0 0.5363742630728945
9270.0 0.5362195291004441
9280.0 0.536109004834408
9290.0 0.5360205854215792
9300.0 0.5360205854215792
9310.0 0.536109004834408
9320.0 0.5362195291004441
9330.0 0.5363079485132729
9340.0 0.5364184727793089
9350.0 0.5366616261645882
9360.0 0.5369710941094891
9370.0 0.5373026669075972
9380.0 0.5376342397057053
9390.0 0.5380321270634351
9400.0 0.5383858047147504
9410.0 0.5386289581000296
9420.0 0.5388942163385162
9430.0 0.5393142085494531
9440.0 0.5397120959071829
9450.0 0.539933144439255
9460.0 0.5401762978245342
9470.0 0.540574185182264
9480.0 0.5409941773932009
9490.0 0.5413036453381018
9500.0 0.5415910084297955
9510.0 0.5420110006407325
9520.0 0.5424088879984622
9530.0 0.5426741462369487
9540.0 0.5428509850626063
9550.0 0.5430499287414713
9560.0 0.5432930821267505
9570.0 0.5435804452184442
9580.0 0.5438235986037234
9590.0 0.543978332576174
9600.0 0.5441109616954172
9610.0 0.544309905374282
9620.0 0.5445309539063541
9630.0 0.5446856878788047
9640.0 0.5447962121448406
9650.0 0.5449288412640838
9660.0 0.5450172606769127
9670.0 0.5450172606769127
9680.0 0.5450614703833272
9690.0 0.5452383092089848
9700.0 0.5454372528878496
9710.0 0.5454593577410568
9720.0 0.545481462594264
9730.0 0.5455919868603001
9740.0 0.5457246159795434
9750.0 0.5457467208327506
9760.0 0.5457467208327506
9770.0 0.5459014548052009
9780.0 0.546011979071237
9790.0 0.5459456645116154
9800.0 0.5458572450987865
9810.0 0.5459235596584082
9820.0 0.5459677693648226
9830.0 0.5459014548052009
9840.0 0.5458130353923721
9850.0 0.5458572450987865
9860.0 0.5459456645116154
9870.0 0.546011979071237
9880.0 0.5459456645116154
9890.0 0.5457467208327506
9900.0 0.5455698820070929
9910.0 0.5456140917135074
9920.0 0.5457025111263362
9930.0 0.5456140917135074
9940.0 0.5455035674474713
9950.0 0.5454593577410568
9960.0 0.5454372528878496
9970.0 0.5453930431814352
9980.0 0.5453488334750207
9990.0 0.5454372528878496
10000.0 0.5455256723006785
10009.999999999998 0.5455256723006785
10020.0 0.5454593577410568
10029.999999999998 0.545370938328228
10040.0 0.5452825189153993
10049.999999999998 0.5452162043557776
10060.0 0.5451940995025704
10069.999999999998 0.5452162043557776
10080.0 0.5451719946493632
10089.999999999998 0.5450835752365343
10100.0 0.5450172606769127
10109.999999999998 0.5450614703833272
10120.0 0.5451277849429488
10129.999999999998 0.5451056800897416
10140.0 0.5450393655301199
10149.999999999998 0.5449067364108767
10160.0 0.5448183169980478
10169.999999999998 0.5448183169980478
10180.0 0.544840421851255
10189.999999999998 0.544840421851255
10200.0 0.5448183169980478
10209.999999999998 0.5447741072916334
10220.0 0.5447298975852191
10230.0 0.5447077927320118
10240.0 0.5446856878788047
10250.0 0.544619373319183
10260.0 0.5445088490531469
10270.0 0.5443983247871109
10280.0 0.5443320102274892
10290.0 0.5443762199339036
10300.0 0.5443762199339036
10310.0 0.5442656956678676
10320.0 0.5441330665486244
10330.0 0.5440667519890028
10340.0 0.5440225422825884
10350.0 0.543978332576174
10360.0 0.5438899131633451
10370.0 0.5438014937505163
10380.0 0.5436909694844803
10390.0 0.543558340365237
10400.0 0.5434036063927865
10410.0 0.543248872420336
10420.0 0.5431383481543001
10430.0 0.5431383481543001
10440.0 0.5430720335946784
10450.0 0.5428288802093992
10460.0 0.5425415171177055
10470.0 0.5424088879984622
10480.0 0.5423646782920477
10490.0 0.5423425734388405
10500.0 0.5422541540260117
10510.0 0.5419888957875253
10520.0 0.5417236375490387
10530.0 0.5415689035765884
10540.0 0.5415025890169667
10550.0 0.5414141696041378
10560.0 0.5412815404848946
10570.0 0.5411268065124442
10580.0 0.5408836531271648
10590.0 0.5405078706226423
10600.0 0.5401984026777414
10610.0 0.5400215638520838
10620.0 0.5399110395860477
10630.0 0.5397563056135973
10640.0 0.539513152228318
10650.0 0.5391815794302098
10660.0 0.5388500066321017
10670.0 0.5386068532468224
10680.0 0.5384079095679576
10690.0 0.538142651329471
10700.0 0.5378994979441918
10710.0 0.5377005542653269
10720.0 0.5375237154396694
10730.0 0.5373247717608044
10740.0 0.5371479329351468
10750.0 0.5369931989626963
10760.0 0.5368163601370387
10770.0 0.5365511018985522
10780.0 0.5362416339536512
10790.0 0.5359321660087504
10800.0 0.5357111174766783
10810.0 0.5356226980638494
10820.0 0.5354900689446062
10830.0 0.5352027058529124
10840.0 0.5349153427612188
10850.0 0.5347827136419755
10860.0 0.5346500845227322
10870.0 0.5344069311374531
10880.0 0.5341195680457593
10890.0 0.5338985195136872
10900.0 0.5337437855412368
10910.0 0.5335669467155791
10920.0 0.5333680030367143
10930.0 0.5331248496514349
10940.0 0.5329259059725701
10950.0 0.5327490671469124
10960.0 0.5325722283212547
10970.0 0.5323732846423899
10980.0 0.5323511797891827
10990.0 0.532704857440498
11000.0 0.5330585350918133
11010.0 0.533014325385399
11020.0 0.5327932768533268
11030.0 0.5326827525872908
11040.000000000002 0.5326606477340836
11050.0 0.5326606477340836
11060.000000000002 0.5326385428808764
11070.0 0.5326606477340836
11080.000000000002 0.532594333174462
11090.0 0.5324395992020116
11100.000000000002 0.5323069700827683
11110.0 0.5323511797891827
11120.000000000002 0.5324395992020116
11130.0 0.5324174943488043
11140.000000000002 0.5324174943488043
11150.0 0.5325280186148403
11160.000000000002 0.5325722283212547
11170.0 0.5324395992020116
11180.000000000002 0.5323069700827683
11190.0 0.5323953894955972
11200.000000000002 0.5325059137616331
11210.0 0.532483808908426
11220.000000000002 0.5324395992020116
11230.0 0.5325280186148403
11240.000000000002 0.5325501234680475
11250.0 0.5324174943488043
11259.999999999998 0.5322406555231466
11270.0 0.5321743409635251
11279.999999999998 0.5322185506699395
11290.0 0.5322406555231466
11299.999999999998 0.5322848652295611
11310.0 0.5323511797891827
11319.999999999998 0.5323953894955972
11330.0 0.5323953894955972
11339.999999999998 0.5323511797891827
11350.0 0.5323511797891827
11359.999999999998 0.5323511797891827
11370.0 0.5322848652295611
11379.999999999998 0.5322627603763539
11390.0 0.5323290749359755
11399.999999999998 0.5324395992020116
11410.0 0.5325280186148403
11419.999999999998 0.5325280186148403
11430.0 0.5324617040552186
11439.999999999998 0.5323953894955972
11450.0 0.5324174943488043
11459.999999999998 0.532483808908426
11470.0 0.532483808908426
11480.0 0.5324617040552186
11490.0 0.5323953894955972
11500.0 0.5323511797891827
11510.0 0.5323511797891827
11520.0 0.5323069700827683
11530.0 0.5322185506699395
11540.0 0.5321522361103178
11550.0 0.5322185506699395
11560.0 0.5322406555231466
11570.0 0.5321080264039034
11580.0 0.5319753972846601
11590.0 0.531953292431453
11600.0 0.5319753972846601
11610.0 0.5319753972846601
11620.0 0.5319090827250386
11630.0 0.5317543487525881
11640.0 0.5316217196333448
11650.0 0.5315775099269304
11660.0 0.5315333002205159
11670.0 0.5314890905141015
11680.0 0.5314448808076871
11690.0 0.5314890905141015
11700.0 0.5314890905141015
11710.0 0.5313122516884439
11720.0 0.5310690983031646
11730.0 0.5309585740371286
11740.0 0.530892259477507
11750.0 0.5308259449178854
11760.0 0.5307596303582638
11770.0 0.5306712109454349
11780.0 0.5306491060922277
11790.0 0.5307154206518493
11800.0 0.5307375255050565
11810.0 0.5306712109454349
11820.0 0.5305606866793988
11830.0 0.5305164769729844
11840.0 0.53047226726657
11850.0 0.5303617430005341
11860.0 0.5302070090280836
11870.0 0.5300522750556331
11880.0 0.5299638556428042
11890.0 0.5299638556428042
11900.0 0.529941750789597
11910.0 0.5297870168171466
11920.0 0.5296322828446961
11930.0 0.5296322828446961
11940.0 0.529610177991489
11950.0 0.5294554440190384
11960.0 0.5293228148997953
11970.0 0.529300710046588
11980.0 0.5293228148997953
11990.0 0.5292122906337592
12000.0 0.5291017663677232
12010.0 0.5290575566613088
12020.0 0.5290354518081015
12030.0 0.5290133469548943
12040.0 0.5289912421016871
12050.0 0.5290354518081015
12060.0 0.5290354518081015
12070.0 0.5289470323952727
12080.0 0.5287701935696151
12090.0 0.5286375644503718
12100.0 0.5285712498907502
12110.0 0.5285933547439574
12120.0 0.5286154595971646
12130.0 0.5284828304779213
12140.0 0.5283280965054709
12150.0 0.5283059916522637
12160.0 0.5283723062118852
12170.0 0.5284607256247141
12180.0 0.5284607256247141
12190.0 0.5283280965054709
12200.0 0.5282175722394349
12210.0 0.5282617819458493
12220.0 0.5283280965054709
12230.0 0.5283059916522637
12240.0 0.5282396770926421
12250.0 0.5282838867990565
12260.0 0.5283059916522637
12270.0 0.5282617819458493
12280.0 0.5281954673862277
12290.000000000002 0.5281954673862277
12300.0 0.5281954673862277
12310.000000000002 0.5281070479733988
12320.0 0.5279965237073627
12330.000000000002 0.5279302091477411
12340.0 0.5278859994413267
12350.000000000002 0.5278417897349124
12360.0 0.5277754751752907
12370.000000000002 0.5276870557624619
12380.0 0.5276649509092547
12390.000000000002 0.5277312654688763
12400.0 0.5277533703220836
12410.000000000002 0.5275765314964258
12420.0 0.5274439023771825
12430.000000000002 0.5275102169368042
12440.0 0.5275765314964258
12450.000000000002 0.5274439023771825
12460.0 0.5272891684047322
12470.000000000002 0.5272449586983178
12480.0 0.5272891684047322
12490.000000000002 0.5272891684047322
12500.0 0.5272449586983178
12509.999999999998 0.5271565392854889
12520.0 0.52706811987266
12529.999999999998 0.5269797004598312
12540.0 0.526957595606624
12549.999999999998 0.526957595606624
12560.0 0.5269797004598312
12569.999999999998 0.5269133859002096
12580.0 0.5267586519277592
12589.999999999998 0.5265597082488942
12600.0 0.5264049742764438
12609.999999999998 0.526427079129651
12620.0 0.5264933936892727
12629.999999999998 0.5264491839828582
12640.0 0.5263828694232366
12649.999999999998 0.5263386597168221
12660.0 0.5262723451572006
12669.999999999998 0.5261176111847502
12680.0 0.5259407723590925
12689.999999999998 0.5258965626526781
12700.0 0.5258744577994708
12709.999999999998 0.5258523529462635
12720.0 0.5258302480930565
12730.0 0.5258523529462635
12740.0 0.5258081432398491
12750.0 0.5255870947077771
12760.0 0.5254102558821194
12770.0 0.5254323607353266
12780.0 0.52556498985457
12790.0 0.5255870947077771
12800.0 0.5254986752949483
12810.0 0.5253218364692906
12820.0 0.525144997643633
12830.0 0.5251228927904258
12840.0 0.5251671024968402
12850.0 0.5252334170564619
12860.0 0.5252334170564619
12870.0 0.525144997643633
12880.0 0.5250786830840114
12890.0 0.5250565782308042
12900.0 0.5250786830840114
12910.0 0.5250786830840114
12920.0 0.5250565782308042
12930.0 0.5250123685243898
12940.0 0.5249681588179753
12950.0 0.5250123685243898
12960.0 0.5250344733775969
12970.0 0.5249902636711825
12980.0 0.5249460539647681
12990.0 0.5250344733775969
13000.0 0.5251228927904258
13010.0 0.525144997643633
13020.0 0.5250786830840114
13030.0 0.5250344733775969
13040.0 0.5250344733775969
13050.0 0.5251007879372186
13060.0 0.5252113122032546
13070.0 0.5253439413224978
13080.0 0.5254323607353266
13090.0 0.5254765704417411
13100.0 0.5255870947077771
13110.0 0.5258744577994708
13120.0 0.5260734014783357
13130.0 0.5260512966251285
13140.0 0.5259407723590925
13150.0 0.5259849820655069
13160.0 0.5261176111847502
13170.0 0.5262723451572006
13180.0 0.5263828694232366
13190.0 0.526427079129651
13200.0 0.5264712888360654
13210.0 0.5265818131021015
13220.0 0.5267144422213448
13230.0 0.5268691761937953
13240.0 0.5269797004598312
