mejiro/data/roman_filter_response/RomanSCA13-F106.ecsv
# %ECSV 1.0
# ---
# datatype:
# - {name: wavelength, unit: Angstrom, datatype: float64}
# - {name: response, datatype: float64}
# meta:
#   __serialized_columns__:
#     wavelength:
#       __class__: astropy.units.quantity.Quantity
#       unit: !astropy.units.Unit {unit: Angstrom}
#       value: !astropy.table.SerializedColumn {name: wavelength}
#   band_name: F106
#   group_name: RomanSCA13
# schema: astropy-2.0
wavelength response
9230.0 0.0
9240.0 2.2104853207207685e-05
9250.0 8.841941282883074e-05
9260.0 0.00046420191735136135
9270.0 0.0019894367886486917
9280.0 0.006940923907063213
9290.0 0.020292255244216656
9300.0 0.04964750030338846
9310.0 0.10254441402823646
9320.0 0.18057454584967958
9330.0 0.27478543021879875
9340.0 0.3678910719275575
9350.0 0.4433570407769646
9360.0 0.4935129527041188
9370.0 0.5208566561214347
9380.0 0.5332132690642638
9390.0 0.5379658125038135
9400.0 0.5396015716411469
9410.0 0.5401762978245342
9420.0 0.5405078706226423
9430.0 0.5409278628335792
9440.0 0.541325750191309
9450.0 0.5415689035765884
9460.0 0.5418120569618675
9470.0 0.5422099443195973
9480.0 0.5426299365305343
9490.0 0.542917299622228
9500.0 0.5432046627139216
9510.0 0.5436246549248586
9520.0 0.5440446471357955
9530.0 0.5442878005210748
9540.0 0.5444646393467325
9550.0 0.5446856878788047
9560.0 0.5449288412640838
9570.0 0.5452162043557776
9580.0 0.5454593577410568
9590.0 0.5456140917135074
9600.0 0.5457467208327506
9610.0 0.5459456645116154
9620.0 0.5461667130436875
9630.0 0.5463214470161379
9640.0 0.546431971282174
9650.0 0.5465646004014172
9660.0 0.5466530198142461
9670.0 0.5466530198142461
9680.0 0.5466972295206605
9690.0 0.5468740683463181
9700.0 0.547073012025183
9710.0 0.5470951168783902
9720.0 0.5471172217315974
9730.0 0.5472498508508407
9740.0 0.5473603751168767
9750.0 0.5473824799700839
9760.0 0.5474045848232911
9770.0 0.5475372139425343
9780.0 0.5476477382085704
9790.0 0.5475814236489488
9800.0 0.5474930042361199
9810.0 0.5475593187957416
9820.0 0.5476256333553632
9830.0 0.5475372139425343
9840.0 0.5474487945297055
9850.0 0.5474930042361199
9860.0 0.5475814236489488
9870.0 0.5476477382085704
9880.0 0.5475814236489488
9890.0 0.5473824799700839
9900.0 0.5472056411444262
9910.0 0.5472498508508407
9920.0 0.5473382702636695
9930.0 0.5472719557040479
9940.0 0.5471393265848047
9950.0 0.5470951168783902
9960.0 0.5470951168783902
9970.0 0.5470288023187686
9980.0 0.5470066974655614
9990.0 0.547073012025183
10000.0 0.5471614314380118
10009.999999999998 0.5471614314380118
10020.0 0.5471172217315974
10029.999999999998 0.5470066974655614
10040.0 0.5469182780527326
10049.999999999998 0.5468519634931109
10060.0 0.5468519634931109
10069.999999999998 0.5468519634931109
10080.0 0.5468298586399037
10089.999999999998 0.5467414392270749
10100.0 0.5466751246674533
10109.999999999998 0.5466972295206605
10120.0 0.5467635440802822
10129.999999999998 0.5467635440802822
10140.0 0.5466751246674533
10149.999999999998 0.5465646004014172
10160.0 0.5464540761353812
10169.999999999998 0.5464540761353812
10180.0 0.5464982858417956
10189.999999999998 0.5464982858417956
10200.0 0.5464540761353812
10209.999999999998 0.5464098664289668
10220.0 0.5463656567225523
10230.0 0.5463435518693451
10240.0 0.5463214470161379
10250.0 0.5462551324565164
10260.0 0.5461446081904803
10270.0 0.5460340839244443
10280.0 0.5459677693648226
10290.0 0.546011979071237
10300.0 0.546011979071237
10310.0 0.5459014548052009
10320.0 0.5457688256859577
10330.0 0.5457025111263362
10340.0 0.5456583014199218
10350.0 0.5456140917135074
10360.0 0.5455256723006785
10370.0 0.5454372528878496
10380.0 0.5453267286218136
10390.0 0.5451940995025704
10400.0 0.5450393655301199
10410.0 0.5448846315576694
10420.0 0.5447741072916334
10430.0 0.5447741072916334
10440.0 0.5447077927320118
10450.0 0.5444646393467325
10460.0 0.5441772762550389
10470.0 0.5440446471357955
10480.0 0.5440004374293811
10490.0 0.543978332576174
10500.0 0.5438678083101379
10510.0 0.5436246549248586
10520.0 0.5433372918331649
10530.0 0.5432046627139216
10540.0 0.5431383481543001
10550.0 0.5430499287414713
10560.0 0.542917299622228
10570.0 0.5427625656497775
10580.0 0.5424973074112911
10590.0 0.5421436297599757
10600.0 0.5418120569618675
10610.0 0.5416352181362099
10620.0 0.5415467987233811
10630.0 0.5413699598977234
10640.0 0.5411268065124442
10650.0 0.540795233714336
10660.0 0.5404636609162279
10670.0 0.5402426123841558
10680.0 0.5400215638520838
10690.0 0.5397784104668044
10700.0 0.539513152228318
10710.0 0.5393142085494531
10720.0 0.5391373697237954
10730.0 0.5389384260449306
10740.0 0.5387615872192729
10750.0 0.5386289581000296
10760.0 0.5384521192743721
10770.0 0.5381647561826783
10780.0 0.5378331833845702
10790.0 0.5375458202928765
10800.0 0.5373247717608044
10810.0 0.5372363523479756
10820.0 0.5371037232287323
10830.0 0.5368163601370387
10840.0 0.5365068921921377
10850.0 0.5363742630728945
10860.0 0.5362637388068585
10870.0 0.5360205854215792
10880.0 0.5357332223298854
10890.0 0.5355121737978135
10900.0 0.5353353349721558
10910.0 0.535158496146498
10920.0 0.5349595524676333
10930.0 0.5347385039355611
10940.0 0.534517455403489
10950.0 0.5343627214310387
10960.0 0.5341858826053809
10970.0 0.5339648340733089
10980.0 0.5339648340733089
10990.0 0.5343185117246241
11000.0 0.5346500845227322
11010.0 0.5346058748163178
11020.0 0.5344069311374531
11030.0 0.534296406871417
11040.000000000002 0.5342743020182097
11050.0 0.5342521971650026
11060.000000000002 0.5342521971650026
11070.0 0.5342521971650026
11080.000000000002 0.5342079874585881
11090.0 0.5340311486329306
11100.000000000002 0.5339206243668945
11110.0 0.5339648340733089
11120.000000000002 0.5340311486329306
11130.0 0.5340311486329306
11140.000000000002 0.5340311486329306
11150.0 0.5341195680457593
11160.000000000002 0.5341858826053809
11170.0 0.5340311486329306
11180.000000000002 0.5338985195136872
11190.0 0.533986938926516
11200.000000000002 0.5341195680457593
11210.0 0.534097463192552
11220.000000000002 0.5340532534861376
11230.0 0.5341195680457593
11240.000000000002 0.5341637777521737
11250.0 0.5340090437797232
11259.999999999998 0.5338322049540656
11270.0 0.5337879952476512
11279.999999999998 0.5338101001008584
11290.0 0.5338322049540656
11299.999999999998 0.53387641466048
11310.0 0.5339427292201017
11319.999999999998 0.5340090437797232
11330.0 0.533986938926516
11339.999999999998 0.5339648340733089
11350.0 0.5339648340733089
11359.999999999998 0.5339427292201017
11370.0 0.5338985195136872
11379.999999999998 0.53387641466048
11390.0 0.5339206243668945
11399.999999999998 0.5340311486329306
11410.0 0.5341195680457593
11419.999999999998 0.5341416728989665
11430.0 0.5340532534861376
11439.999999999998 0.533986938926516
11450.0 0.5340311486329306
11459.999999999998 0.5340753583393449
11470.0 0.534097463192552
11480.0 0.5340532534861376
11490.0 0.5340090437797232
11500.0 0.5339648340733089
11510.0 0.5339427292201017
11520.0 0.5338985195136872
11530.0 0.5338101001008584
11540.0 0.533765890394444
11550.0 0.5338101001008584
11560.0 0.5338543098072728
11570.0 0.5337216806880295
11580.0 0.5335669467155791
11590.0 0.5335448418623719
11600.0 0.5335890515687863
11610.0 0.5335890515687863
11620.0 0.5335006321559574
11630.0 0.5333680030367143
11640.0 0.533235373917471
11650.0 0.5331690593578493
11660.0 0.5331469545046422
11670.0 0.5330806399450205
11680.0 0.5330364302386061
11690.0 0.5330806399450205
11700.0 0.5330806399450205
11710.0 0.5329038011193629
11720.0 0.5326827525872908
11730.0 0.5325501234680475
11740.0 0.532483808908426
11750.0 0.5324174943488043
11760.0 0.5323511797891827
11770.0 0.5322627603763539
11780.0 0.5322406555231466
11790.0 0.5323069700827683
11800.0 0.5323511797891827
11810.0 0.5322627603763539
11820.0 0.5321522361103178
11830.0 0.5321080264039034
11840.0 0.532063816697489
11850.0 0.531953292431453
11860.0 0.5317985584590025
11870.0 0.5316217196333448
11880.0 0.5314669856608945
11890.0 0.5312680419820295
11900.0 0.5305606866793988
11910.0 0.5285712498907502
11920.0 0.5240397549832726
11930.0 0.5146672972234165
11940.0 0.496939204951236
11950.0 0.467031338561884
11960.0 0.42246795449615326
11970.0 0.363470101286116
11980.0 0.2939282330962406
11990.0 0.22107063692528406
12000.0 0.1532750521387781
12010.0 0.09730556381812823
12020.0 0.05621264170592915
12030.0 0.02942155961879343
12040.0 0.013903952667333633
12050.0 0.005901995806324453
12060.0 0.002254695027135184
12070.0 0.000773669862252269
12080.0 0.00024315338527928454
12090.0 6.631455962162305e-05
12100.0 2.2104853207207685e-05
12110.0 0.0
