mejiro/data/roman_filter_response/RomanSCA09-F184.ecsv
# %ECSV 1.0
# ---
# datatype:
# - {name: wavelength, unit: Angstrom, datatype: float64}
# - {name: response, datatype: float64}
# meta:
#   __serialized_columns__:
#     wavelength:
#       __class__: astropy.units.quantity.Quantity
#       unit: !astropy.units.Unit {unit: Angstrom}
#       value: !astropy.table.SerializedColumn {name: wavelength}
#   band_name: F184
#   group_name: RomanSCA09
# schema: astropy-2.0
wavelength response
16580.0 0.0
16590.0 2.2104853207207685e-05
16600.0 6.631455962162305e-05
16610.0 0.0001547339724504538
16620.0 0.00039788735772973834
16630.0 0.0008841941282883074
16640.0 0.0019231222290270686
16650.0 0.0038904541644685527
16660.0 0.007515650090450614
16670.0 0.013705008988468765
16680.0 0.02369640263812664
16690.0 0.038816122231856695
16700.0 0.0604125638152986
16710.0 0.0894362360763623
16720.0 0.12610818754711986
16730.0 0.1696989580717334
16740.0 0.21844015939362635
16750.0 0.2698339431003842
16760.0 0.32076352488979076
16770.0 0.36820053987245843
16780.0 0.4098239784616305
16790.0 0.44426333975846
16800.0 0.4710544218455957
16810.0 0.4906393217871817
16820.0 0.5041011773903713
16830.0 0.5128768041136327
16840.0 0.5182703882961913
16850.0 0.5213429628919932
16860.0 0.5230450365889483
16870.0 0.523973440423651
16880.0 0.5245039569006239
16890.0 0.5247913199923177
16900.0 0.5249681588179753
16910.0 0.5250786830840114
16920.0 0.5252334170564619
16930.0 0.5254544655885339
16940.0 0.5256534092673988
16950.0 0.525675514120606
16960.0 0.5257418286802276
16970.0 0.5260070869187141
16980.0 0.5262502403039934
16990.0 0.526206030597579
17000.0 0.5261839257443717
17010.0 0.5264049742764438
17020.0 0.5267365470745519
17030.0 0.526957595606624
17040.0 0.52706811987266
17050.0 0.52706811987266
17060.0 0.5270902247258673
17070.0 0.527267063551525
17080.0 0.5274660072303898
17090.0 0.527598636349633
17100.0 0.5276649509092547
17110.0 0.5277754751752907
17120.0 0.5278859994413267
17130.0 0.5280407334137771
17140.0 0.5281512576798132
17150.0 0.5281733625330205
17160.0 0.5282838867990565
17170.0 0.5286154595971646
17180.0 0.5289249275420654
17190.0 0.5289912421016871
17200.0 0.5290133469548943
17210.0 0.5291238712209304
17220.0 0.5292786051933809
17230.0 0.5293891294594169
17240.0 0.5294996537254529
17250.0 0.5296764925511105
17260.0 0.5298533313767682
17270.0 0.5299196459363898
17280.0 0.529941750789597
17290.0 0.5300301702024259
17300.0 0.5301849041748763
17310.0 0.5303617430005341
17320.0 0.5305164769729844
17330.0 0.5306491060922277
17340.0 0.5308038400646782
17350.0 0.5309585740371286
17360.0 0.5310912031563718
17370.0 0.5311796225692007
17380.0 0.5311796225692007
17390.0 0.531113308009579
17400.0 0.5311575177159934
17410.0 0.5313785662480656
17420.0 0.531643824486552
17430.0 0.5317764536057953
17440.0 0.5318648730186241
17450.0 0.5319975021378673
17460.0 0.5321301312571106
17470.0 0.5321301312571106
17480.0 0.5321301312571106
17490.0 0.5321743409635251
17500.0 0.5322406555231466
17510.0 0.5322627603763539
17520.0 0.5323732846423899
17530.0 0.5326164380276692
17540.0 0.5328374865597413
17550.0 0.5329038011193629
17560.0 0.5329038011193629
17570.0 0.5329259059725701
17580.0 0.5329701156789844
17590.0 0.5330585350918133
17600.0 0.5331690593578493
17610.0 0.5333016884770926
17620.0 0.5334122127431287
17630.0 0.5333901078899214
17640.0 0.5333901078899214
17650.0 0.5335006321559574
17660.0 0.533655366128408
17670.0 0.5337216806880295
17680.0 0.5337437855412368
17690.0 0.5337216806880295
17700.0 0.5337216806880295
17710.0 0.5337437855412368
17720.0 0.533765890394444
17730.0 0.5338101001008584
17740.0 0.53387641466048
17750.0 0.5340311486329306
17760.0 0.5341637777521737
17770.0 0.5342079874585881
17780.0 0.5342743020182097
17790.0 0.5343848262842458
17800.0 0.534517455403489
17810.0 0.5345616651099034
17820.0 0.534517455403489
17830.0 0.5344290359906602
17840.0 0.5343627214310387
17850.0 0.5343848262842458
17860.0 0.5344953505502819
17870.0 0.5346721893759395
17880.0 0.5348490282015972
17890.0 0.5350037621740477
17900.0 0.5351142864400836
17910.0 0.535158496146498
17920.0 0.5351363912932908
17930.0 0.5350921815868764
17940.0 0.5351363912932908
17950.0 0.5353353349721558
17960.0 0.5354900689446062
17970.0 0.535467964091399
17980.0 0.5354016495317774
17990.0 0.5354458592381918
18000.0 0.5356226980638494
18010.0 0.5358437465959215
18020.0 0.5360205854215792
18030.0 0.5360426902747863
18040.0 0.5360205854215792
18050.0 0.5360426902747863
18060.0 0.5361311096876151
18070.0 0.5362858436600656
18080.0 0.5364626824857233
18090.0 0.5366174164581737
18100.0 0.5367279407242098
18110.0 0.536750045577417
18120.0 0.5368163601370387
18130.0 0.5369931989626963
18140.0 0.5371921426415612
18150.0 0.5373468766140116
18160.0 0.5374574008800477
18170.0 0.5375458202928765
18180.0 0.5375237154396694
18190.0 0.5373247717608044
18200.0 0.5371700377883539
18210.0 0.5372584572011828
18220.0 0.5375016105864621
18230.0 0.5377668688249485
18240.0 0.5380321270634351
18250.0 0.538341595008336
18260.0 0.5386510629532368
18270.0 0.538872111485309
18280.0 0.5389605308981378
18290.0 0.5388942163385162
18300.0 0.538872111485309
18310.0 0.5390047406045523
18320.0 0.5391594745770026
18330.0 0.5391373697237954
18340.0 0.5391152648705883
18350.0 0.5392257891366243
18360.0 0.5394468376686964
18370.0 0.5396899910539756
18380.0 0.5399110395860477
18390.0 0.5401099832649126
18400.0 0.5402205075309486
18410.0 0.5402426123841558
18420.0 0.5402205075309486
18430.0 0.540154192971327
18440.0 0.5401099832649126
18450.0 0.540154192971327
18460.0 0.5402426123841558
18470.0 0.5403310317969846
18480.0 0.5404636609162279
18490.0 0.5406183948886784
18500.0 0.5406847094483
18510.0 0.5405520803290567
18520.0 0.5404194512098135
18530.0 0.5405078706226423
18540.0 0.5406404997418857
18550.0 0.5406183948886784
18560.0 0.5405520803290567
18570.0 0.5405962900354712
18580.0 0.5407068143015071
18590.0 0.540795233714336
18600.0 0.5408615482739577
18610.0 0.5409499676867865
18620.0 0.5410162822464081
18630.0 0.5410383870996153
18640.0 0.5408836531271648
18650.0 0.5405299754758496
18660.0 0.5402426123841558
18670.0 0.5402205075309486
18680.0 0.5403089269437775
18690.0 0.5402868220905702
18700.0 0.5401762978245342
18710.0 0.5400215638520838
18720.0 0.5400878784117054
18730.0 0.5404415560630207
18740.0 0.5407510240079216
18750.0 0.5406626045950927
18760.0 0.5405078706226423
18770.0 0.540574185182264
18780.0 0.5406626045950927
18790.0 0.5405520803290567
18800.0 0.5403973463566063
18810.0 0.5404415560630207
18820.0 0.5405078706226423
18830.0 0.5404194512098135
18840.0 0.5403089269437775
18850.0 0.5403089269437775
18860.0 0.5403531366501919
18870.0 0.5403089269437775
18880.0 0.5402426123841558
18890.0 0.5401762978245342
18900.0 0.5402426123841558
18910.0 0.5404194512098135
18920.0 0.5404194512098135
18930.0 0.5400657735584982
18940.0 0.5396678862007684
18950.0 0.5395794667879396
18960.0 0.5395794667879396
18970.0 0.5394026279622819
18980.0 0.5392699988430387
18990.0 0.5394247328154892
19000.0 0.5396457813475612
19010.0 0.5396678862007684
19020.0 0.5396236764943539
19030.0 0.5396678862007684
19040.0 0.5398005153200117
19050.0 0.5398668298796333
19060.0 0.5398226201732189
19070.0 0.5396015716411469
19080.0 0.5393363134026603
19090.0 0.5392257891366243
19100.0 0.5392699988430387
19110.0 0.5394026279622819
19120.0 0.5395352570815252
19130.0 0.5395352570815252
19140.0 0.539513152228318
19150.0 0.5395352570815252
19160.0 0.539513152228318
19170.0 0.5393363134026603
19180.0 0.5390489503109667
19190.0 0.5387394823660657
19200.0 0.5387173775128585
19210.0 0.5391594745770026
19220.0 0.5396015716411469
19230.0 0.5396457813475612
19240.0 0.539513152228318
19250.0 0.5394026279622819
19260.0 0.5392478939898314
19270.0 0.5388942163385162
19280.0 0.5386731678064441
19290.0 0.5388942163385162
19300.0 0.5392921036962459
19310.0 0.5394689425219036
19320.0 0.5393805231090748
19330.0 0.5390931600173811
19340.0 0.538872111485309
19350.0 0.5388942163385162
19360.0 0.5390047406045523
19370.0 0.538982635751345
19380.0 0.5389384260449306
19390.0 0.538982635751345
19400.0 0.5391373697237954
19410.0 0.5393805231090748
19420.0 0.539513152228318
19430.0 0.5393805231090748
19440.0 0.5391152648705883
19450.0 0.5388942163385162
19460.0 0.5388057969256873
19470.0 0.5388942163385162
19480.0 0.538982635751345
19490.0 0.5388942163385162
19500.0 0.5388279017788946
19510.0 0.5390268454577594
19520.0 0.5392699988430387
19530.0 0.5393363134026603
19540.0 0.5393363134026603
19550.0 0.5394026279622819
19560.0 0.539513152228318
19570.0 0.5396457813475612
19580.0 0.5396678862007684
19590.0 0.5394689425219036
19600.0 0.5393805231090748
19610.0 0.5396457813475612
19620.0 0.5399110395860477
19630.0 0.5398226201732189
19640.0 0.5396236764943539
19650.0 0.5396678862007684
19660.0 0.5398447250264261
19670.0 0.5399994589988765
19680.0 0.5401099832649126
19690.0 0.5401984026777414
19700.0 0.5401984026777414
19710.0 0.5400878784117054
19720.0 0.5400215638520838
19730.0 0.5401320881181197
19740.0 0.5401762978245342
19750.0 0.5399552492924621
19760.0 0.5396678862007684
19770.0 0.539513152228318
19780.0 0.5393142085494531
19790.0 0.5389163211917234
19800.0 0.538142651329471
19810.0 0.5368163601370387
19820.0 0.5348048184951827
19830.0 0.5318206633122097
19840.0 0.5274660072303898
19850.0 0.5212766483323716
19860.0 0.5129210138200471
19870.0 0.5020454260421009
19880.0 0.4880972636683529
19890.0 0.47065653448786604
19900.0 0.44952429482177547
19910.0 0.42474475437649567
19920.0 0.39642843741806266
19930.0 0.3649953361574133
19940.0 0.3310201767779351
19950.0 0.29536504855470913
19960.0 0.2588920407628164
19970.0 0.22266218635620302
19980.0 0.1878249377016437
19990.0 0.1553529083402556
20000.0 0.12579871960221894
20010.0 0.09960446855167783
20019.999999999996 0.07705751828032599
20030.0 0.05826839305419946
20040.0 0.043016044341226155
20050.0 0.031013109049712384
20059.999999999996 0.021795385262306777
20070.0 0.014942880768072394
20080.0 0.009991393649657874
20090.0 0.006520931696126267
20099.999999999996 0.004133607549747838
20110.0 0.0025641629720360914
20120.0 0.001547339724504538
20130.0 0.0009062989814955152
20139.999999999996 0.0005084116237657767
20150.0 0.0002873630916936999
20160.0 0.0001547339724504538
20170.0 8.841941282883074e-05
20179.999999999996 4.420970641441537e-05
20190.0 2.2104853207207685e-05
20200.0 0.0
