mejiro/data/roman_filter_response/RomanSCA03-F106.ecsv
# %ECSV 1.0
# ---
# datatype:
# - {name: wavelength, unit: Angstrom, datatype: float64}
# - {name: response, datatype: float64}
# meta:
#   __serialized_columns__:
#     wavelength:
#       __class__: astropy.units.quantity.Quantity
#       unit: !astropy.units.Unit {unit: Angstrom}
#       value: !astropy.table.SerializedColumn {name: wavelength}
#   band_name: F106
#   group_name: RomanSCA03
# schema: astropy-2.0
wavelength response
9230.0 0.0
9240.0 4.420970641441537e-05
9250.0 0.00019894367886486917
9260.0 0.0008841941282883074
9270.0 0.0034704619535316063
9280.0 0.011229265429261504
9290.0 0.03039417315991057
9300.0 0.06916608568535285
9310.0 0.1334248939587056
9320.0 0.22069485442076153
9330.0 0.31773516000040325
9340.0 0.406154572829234
9350.0 0.4722922936251994
9360.0 0.51289890896684
9370.0 0.5334122127431287
9380.0 0.5420331054939397
9390.0 0.5451940995025704
9400.0 0.5462993421629307
9410.0 0.5466751246674533
9420.0 0.5469403829059397
9430.0 0.5473161654104622
9440.0 0.5476477382085704
9450.0 0.5478466818874353
9460.0 0.5480235207130929
9470.0 0.5483771983644082
9480.0 0.5487308760157236
9490.0 0.5489740294010028
9500.0 0.5492171827862822
9510.0 0.5496150701440119
9520.0 0.5499908526485344
9530.0 0.5502340060338137
9540.0 0.5504108448594714
9550.0 0.5506097885383362
9560.0 0.5508529419236156
9570.0 0.5511624098685164
9580.0 0.5514276681070029
9590.0 0.5516045069326606
9600.0 0.5517592409051111
9610.0 0.5520244991435975
9620.0 0.552289757382084
9630.0 0.5524665962077416
9640.0 0.5526434350333994
9650.0 0.5528423787122642
9660.0 0.5529971126847146
9670.0 0.5530634272443362
9680.0 0.5531739515103723
9690.0 0.553461314602066
9700.0 0.5537486776937598
9710.0 0.5538592019597958
9720.0 0.5539697262258318
9730.0 0.5541907747579039
9740.0 0.554411823289976
9750.0 0.554522347556012
9760.0 0.5546549766752552
9770.0 0.5548981300605346
9780.0 0.5551191785926066
9790.0 0.5551854931522282
9800.0 0.5552075980054354
9810.0 0.5553844368310932
9820.0 0.5555612756567507
9830.0 0.5556054853631652
9840.0 0.5556496950695796
9850.0 0.5558044290420301
9860.0 0.5560254775741021
9870.0 0.556224421252967
9880.0 0.5562907358125886
9890.0 0.5562023163997598
9900.0 0.5561581066933454
9910.0 0.5563128406657959
9920.0 0.5565117843446606
9930.0 0.5565780989042823
9940.0 0.556555994051075
9950.0 0.556644413463904
9960.0 0.55675493772994
9970.0 0.5567991474363544
9980.0 0.5568875668491832
9990.0 0.5570644056748408
10000.0 0.557285454206913
10009.999999999998 0.557395978472949
10020.0 0.5574401881793634
10029.999999999998 0.5574401881793634
10040.0 0.5574401881793634
10049.999999999998 0.5574843978857777
10060.0 0.5575507124453994
10069.999999999998 0.5576391318582282
10080.0 0.5577054464178499
10089.999999999998 0.5577054464178499
10100.0 0.5577054464178499
10109.999999999998 0.5578380755370932
10120.0 0.5579707046563364
10129.999999999998 0.558037019215958
10140.0 0.558037019215958
10149.999999999998 0.5579928095095437
10160.0 0.5579707046563364
10169.999999999998 0.5580149143627509
10180.0 0.5581254386287868
10189.999999999998 0.5581917531884084
10200.0 0.5582138580416157
10209.999999999998 0.5582138580416157
10220.0 0.5582359628948229
10230.0 0.5582801726012373
10240.0 0.5583022774544445
10250.0 0.5583022774544445
10260.0 0.5582359628948229
10270.0 0.5581696483352013
10280.0 0.5581696483352013
10290.0 0.5582359628948229
10300.0 0.5583022774544445
10310.0 0.5582359628948229
10320.0 0.5581254386287868
10330.0 0.5581033337755796
10340.0 0.5581254386287868
10350.0 0.5581033337755796
10360.0 0.5580591240691652
10370.0 0.5579928095095437
10380.0 0.557926494949922
10390.0 0.5578380755370932
10400.0 0.5577054464178499
10410.0 0.5575728172986067
10420.0 0.557506502738985
10430.0 0.5575286075921922
10440.0 0.557506502738985
10450.0 0.557285454206913
10460.0 0.5570423008216336
10470.0 0.5569096717023905
10480.0 0.5569096717023905
10490.0 0.5569317765555976
10500.0 0.5568433571427688
10510.0 0.5566223086106967
10520.0 0.5563570503722103
10530.0 0.5562465261061742
10540.0 0.5562023163997598
10550.0 0.5561360018401381
10560.0 0.5560475824273093
10570.0 0.5559149533080661
10580.0 0.5556717999227867
10590.0 0.5553402271246787
10600.0 0.5550307591797777
10610.0 0.5548760252073274
10620.0 0.5548097106477057
10630.0 0.5546770815284625
10640.0 0.5544339281431832
10650.0 0.5541244601982823
10660.0 0.5538149922533813
10670.0 0.5535939437213092
10680.0 0.5534171048956517
10690.0 0.5531739515103723
10700.0 0.552930798125093
10710.0 0.5527539592994354
10720.0 0.5525992253269849
10730.0 0.5524223865013272
10740.0 0.5522676525288769
10750.0 0.5521350234096335
10760.0 0.5519802894371831
10770.0 0.5517150311986966
10780.0 0.5514055632537957
10790.0 0.551118200162102
10800.0 0.5509192564832371
10810.0 0.5508529419236156
10820.0 0.5507203128043723
10830.0 0.5504550545658858
10840.0 0.5501676914741921
10850.0 0.550057167208156
10860.0 0.5499466429421199
10870.0 0.5497255944100479
10880.0 0.5494382313183542
10890.0 0.5492392876394894
10900.0 0.5490624488138317
10910.0 0.5489077148413812
10920.0 0.5487087711625164
10930.0 0.5484877226304443
10940.0 0.5482887789515795
10950.0 0.548134044979129
10960.0 0.5479572061534713
10970.0 0.5477582624746065
10980.0 0.5477582624746065
10990.0 0.5481561498323362
11000.0 0.5485098274836515
11010.0 0.548465617777237
11020.0 0.5482666740983723
11030.0 0.5481561498323362
11040.000000000002 0.5481561498323362
11050.0 0.548134044979129
11060.000000000002 0.548134044979129
11070.0 0.5481561498323362
11080.000000000002 0.5481119401259218
11090.0 0.5479572061534713
11100.000000000002 0.547824577034228
11110.0 0.5478908915938497
11120.000000000002 0.5479793110066785
11130.0 0.5479793110066785
11140.000000000002 0.5479793110066785
11150.0 0.5480898352727145
11160.000000000002 0.548134044979129
11170.0 0.5480014158598857
11180.000000000002 0.5478908915938497
11190.0 0.5479793110066785
11200.000000000002 0.5481119401259218
11210.0 0.5480898352727145
11220.000000000002 0.5480456255663001
11230.0 0.548134044979129
11240.000000000002 0.5481782546855435
11250.0 0.5480456255663001
11259.999999999998 0.5478687867406424
11270.0 0.547824577034228
11279.999999999998 0.5478687867406424
11290.0 0.5478908915938497
11299.999999999998 0.5479351013002641
11310.0 0.5480235207130929
11319.999999999998 0.5480898352727145
11330.0 0.5480898352727145
11339.999999999998 0.5480677304195074
11350.0 0.5480677304195074
11359.999999999998 0.5480677304195074
11370.0 0.5480456255663001
11379.999999999998 0.5480235207130929
11390.0 0.5481119401259218
11399.999999999998 0.5482224643919579
11410.0 0.5483329886579938
11419.999999999998 0.548355093511201
11430.0 0.5483108838047867
11439.999999999998 0.548244569245165
11450.0 0.5483108838047867
11459.999999999998 0.5483771983644082
11470.0 0.5484214080708226
11480.0 0.5483993032176155
11490.0 0.548355093511201
11500.0 0.548355093511201
11510.0 0.548355093511201
11520.0 0.5483329886579938
11530.0 0.5482666740983723
11540.0 0.548244569245165
11550.0 0.5483329886579938
11560.0 0.5483993032176155
11570.0 0.5482887789515795
11580.0 0.5481782546855435
11590.0 0.5481782546855435
11600.0 0.548244569245165
11610.0 0.5482666740983723
11620.0 0.5482224643919579
11630.0 0.5481119401259218
11640.0 0.5480014158598857
11650.0 0.5479793110066785
11660.0 0.5479793110066785
11670.0 0.5479351013002641
11680.0 0.5479351013002641
11690.0 0.5480014158598857
11700.0 0.5480235207130929
11710.0 0.5478687867406424
11720.0 0.5476698430617776
11730.0 0.5475593187957416
11740.0 0.5475151090893272
11750.0 0.5474708993829128
11760.0 0.5474266896764983
11770.0 0.5473603751168767
11780.0 0.5473382702636695
11790.0 0.5474266896764983
11800.0 0.5474930042361199
11810.0 0.5474266896764983
11820.0 0.5473161654104622
11830.0 0.5472719557040479
11840.0 0.5472498508508407
11850.0 0.5471393265848047
11860.0 0.546962487759147
11870.0 0.5467635440802822
11880.0 0.5465646004014172
11890.0 0.5461446081904803
11900.0 0.5449509461172911
11910.0 0.5417899521086604
11920.0 0.5348932379080116
11930.0 0.5213871725984076
11940.0 0.4973591971621729
11950.0 0.4592062205265324
11960.0 0.4056461612054682
11970.0 0.33884529481328657
11980.0 0.26466140744989763
11990.0 0.19140592392121136
12000.0 0.12716922050106583
12010.0 0.07712383283994761
12020.0 0.04248552786425317
12030.0 0.021154344519297753
12040.0 0.009505086879099303
12050.0 0.003846244458054137
12060.0 0.0013926057520540843
12070.0 0.0004420970641441537
12080.0 0.0001326291192432461
12090.0 4.420970641441537e-05
12100.0 0.0
