mejiro/data/roman_filter_response/RomanSCA03-F146.ecsv
# %ECSV 1.0
# ---
# datatype:
# - {name: wavelength, unit: Angstrom, datatype: float64}
# - {name: response, datatype: float64}
# meta:
#   __serialized_columns__:
#     wavelength:
#       __class__: astropy.units.quantity.Quantity
#       unit: !astropy.units.Unit {unit: Angstrom}
#       value: !astropy.table.SerializedColumn {name: wavelength}
#   band_name: F146
#   group_name: RomanSCA03
# schema: astropy-2.0
wavelength response
[from data line 567]
14810.000000000002 0.5466309149610389
14820.0 0.5467635440802822
14830.000000000002 0.5468519634931109
14840.0 0.5469182780527326
14850.000000000002 0.5470288023187686
14860.0 0.5471835362912191
14870.000000000002 0.5472719557040479
14880.0 0.5473603751168767
14890.000000000002 0.5474266896764983
14900.0 0.5475151090893272
14910.000000000002 0.5476477382085704
14920.0 0.5478024721810208
14930.000000000002 0.5478908915938497
14940.0 0.5479793110066785
14950.000000000002 0.5481561498323362
14960.0 0.548355093511201
14970.000000000002 0.5484877226304443
14980.0 0.5485319323368587
14990.000000000002 0.5485761420432731
15000.0 0.5486424566028948
15009.999999999998 0.5487750857221381
15020.0 0.5489519245477956
15029.999999999998 0.5491066585202462
15040.0 0.5492613924926966
15049.999999999998 0.549416126465147
15060.0 0.5495487555843903
15069.999999999998 0.5496813847036335
15080.0 0.5497698041164624
15089.999999999998 0.5497919089696696
15100.0 0.549836118676084
15109.999999999998 0.5499908526485344
15120.0 0.5502340060338137
15129.999999999998 0.5504108448594714
15140.0 0.5505434739787146
15149.999999999998 0.5506097885383362
15160.0 0.5506318933915435
15169.999999999998 0.5506761030979579
15180.0 0.5507424176575795
15189.999999999998 0.5508087322172011
15200.0 0.5509192564832371
15209.999999999998 0.5510297807492731
15220.0 0.5511403050153092
15230.0 0.5512508292813452
15240.0 0.5513613535473812
15250.0 0.5514939826666245
15260.0 0.551648716639075
15270.0 0.5517813457583183
15280.0 0.5518918700243544
15290.0 0.5519360797307687
15300.0 0.5520244991435975
15310.0 0.5522234428224625
15320.0 0.5523781767949129
15330.0 0.5524223865013272
15340.0 0.5524223865013272
15350.0 0.5524887010609489
15360.0 0.5525550156205705
15370.0 0.5526213301801921
15380.0 0.5527318544462282
15390.0 0.5529086932718859
15400.0 0.5530634272443362
15410.0 0.5531297418039579
15420.0 0.5530855320975435
15430.0 0.5530855320975435
15440.0 0.5531518466571652
15450.0 0.55335079033603
15460.0 0.5535497340148948
15470.0 0.5536602582809309
15480.0 0.5537265728405525
15490.0 0.5538592019597958
15500.0 0.5539476213726245
15510.0 0.5539476213726245
15520.0 0.5539476213726245
15530.0 0.5540360407854534
15540.0 0.5541686699046967
15550.0 0.5542570893175255
15560.0 0.5542570893175255
15570.0 0.5542349844643183
15580.0 0.5542570893175255
15590.0 0.554411823289976
15600.0 0.5545444524092192
15610.0 0.5545444524092192
15620.0 0.5545665572624264
15630.0 0.5547655009412913
15640.0 0.5549644446201561
15650.0 0.5550307591797777
15660.0 0.5550086543265706
15670.0 0.5550307591797777
15680.0 0.555163388299021
15690.0 0.5553623319778859
15700.0 0.555472856243922
15710.0 0.5554065416843003
15720.0 0.5553623319778859
15730.0 0.5555170659503363
15740.0 0.5557381144824084
15750.0 0.5558707436016517
15760.0 0.5558928484548589
15770.0 0.5558707436016517
15780.0 0.5558707436016517
15790.0 0.5559149533080661
15800.0 0.5560033727208948
15810.0 0.5560475824273093
15820.0 0.5561138969869309
15830.0 0.5562686309593814
15840.0 0.5563791552254175
15850.0 0.5564012600786247
15860.0 0.5564233649318319
15870.0 0.5566002037574895
15880.0 0.5567991474363544
15890.0 0.5569096717023905
15900.0 0.5569759862620121
15910.0 0.5569980911152193
15920.0 0.5570865105280481
15930.0 0.557285454206913
15940.0 0.5574622930325707
15950.0 0.5575286075921922
15960.0 0.5575507124453994
15970.0 0.5575728172986067
15980.0 0.5577054464178499
15990.0 0.5579043900967148
16000.0 0.5581254386287868
16010.0 0.5582138580416157
16020.0 0.5582801726012373
16030.0 0.5583685920140661
16040.000000000002 0.5585012211333095
16050.0 0.5586338502525526
16060.000000000002 0.5588106890782103
16070.0 0.5590096327570752
16080.000000000002 0.5591643667295256
16090.0 0.5592527861423544
16100.000000000002 0.5593854152615977
16110.0 0.5595843589404625
16120.000000000002 0.5597833026193274
16130.0 0.5598496171789491
16140.000000000002 0.5599380365917779
16150.0 0.5601148754174355
16160.000000000002 0.560380133655922
16170.0 0.5606232870412013
16180.000000000002 0.5608222307200662
16190.0 0.5609769646925166
16200.000000000002 0.5610874889585526
16210.0 0.5612201180777959
16220.000000000002 0.5613748520502464
16230.0 0.5615737957291113
16240.000000000002 0.5617285297015617
16250.0 0.5618169491143905
16259.999999999998 0.5619495782336338
16270.0 0.562192731618913
16279.999999999998 0.5624137801509851
16290.0 0.562502199563814
16299.999999999998 0.5625685141234356
16310.0 0.5627453529490932
16319.999999999998 0.5629885063343726
16330.0 0.5632316597196518
16339.999999999998 0.5634306033985167
16350.0 0.5635853373709672
16359.999999999998 0.5637400713434176
16370.0 0.5639169101690753
16379.999999999998 0.5641379587011472
16390.0 0.564314797526805
16400.0 0.5644695314992554
16410.0 0.5645579509120843
16420.0 0.5646905800313275
16430.0 0.5649337334166068
16440.0 0.565176886801886
16450.0 0.5652653062147149
16460.0 0.5653316207743366
16470.0 0.5654200401871654
16480.0 0.5655526693064087
16490.0 0.5656410887192375
16500.0 0.5658179275448951
16510.0 0.5661052906365888
16520.0 0.5663042343154537
16530.0 0.5662600246090393
16540.0 0.5662158149026248
16550.0 0.5664147585814897
16560.0 0.5667242265263907
16570.0 0.5669010653520483
16580.0 0.5669894847648771
16590.0 0.5671000090309132
16600.0 0.5672768478565708
16610.0 0.5675642109482646
16620.0 0.5677410497739221
16630.0 0.5676526303610934
16640.0 0.5675863158014717
16650.0 0.5677631546271293
16660.0 0.5680505177188231
16670.0 0.568249461397688
16680.0 0.5683157759573096
16690.0 0.5682715662508953
16700.0 0.568249461397688
16710.0 0.5683820905169312
16720.0 0.5685368244893817
16730.0 0.5685810341957961
16740.0 0.5686031390490033
16750.0 0.568779977874661
16760.0 0.5689789215535258
16770.0 0.5690894458195619
16780.0 0.569199970085598
16790.0 0.5693768089112556
16800.0 0.5695757525901205
16810.0 0.5697083817093637
16820.0 0.5698189059753996
16830.0 0.5699515350946429
16840.0 0.570062059360679
16850.0 0.5701283739203007
16860.0 0.5701946884799223
16870.0 0.5703052127459584
16880.0 0.5704378418652015
16890.0 0.5705704709844448
16900.0 0.5706588903972736
16910.0 0.5707473098101024
16920.0 0.5709020437825529
16930.0 0.5711451971678322
16940.0 0.571344140846697
16950.0 0.5713662456999042
16960.0 0.5714325602595259
16970.0 0.5717199233512196
16980.0 0.5719851815897061
16990.0 0.5719630767364988
17000.0 0.5719188670300844
17010.0 0.5721841252685709
17020.0 0.5725378029198863
17030.0 0.5728030611583728
17040.0 0.5729135854244088
17050.0 0.5729135854244088
17060.0 0.5729577951308232
17070.0 0.5731788436628953
17080.0 0.5733998921949673
17090.0 0.5735546261674178
17100.0 0.5736430455802466
17110.0 0.5737756746994899
17120.0 0.5739304086719403
17130.0 0.574107247497598
17140.0 0.5742398766168413
17150.0 0.5742840863232557
17160.0 0.5744167154424988
17170.0 0.5747924979470214
17180.0 0.5751461755983368
17190.0 0.5752566998643728
17200.0 0.57527880471758
17210.0 0.5754335386900306
17220.0 0.5756103775156881
17230.0 0.5757651114881386
17240.0 0.5758977406073819
17250.0 0.5761187891394539
17260.0 0.5763177328183188
17270.0 0.5764282570843547
17280.0 0.5764724667907692
17290.0 0.5766050959100124
17300.0 0.5767819347356702
17310.0 0.5769808784145349
17320.0 0.5771798220933999
17330.0 0.5773566609190575
17340.0 0.5775334997447151
17350.0 0.5777324434235801
17360.0 0.5779092822492377
17370.0 0.5779977016620665
17380.0 0.5780198065152737
17390.0 0.5779977016620665
17400.0 0.578041911368481
17410.0 0.5783071696069675
17420.0 0.5786166375518683
17430.0 0.5787713715243189
17440.0 0.5788818957903549
17450.0 0.5790587346160125
17460.0 0.5791913637352558
17470.0 0.5792355734416702
17480.0 0.5792355734416702
17490.0 0.5792797831480846
17500.0 0.5793682025609135
17510.0 0.5794124122673279
17520.0 0.579545041386571
17530.0 0.5798102996250576
17540.0 0.5800534530103368
17550.0 0.5801418724231656
17560.0 0.5801418724231656
17570.0 0.5801639772763729
17580.0 0.5802302918359945
17590.0 0.5803187112488234
17600.0 0.5804513403680667
17610.0 0.580606074340517
17620.0 0.5807165986065531
17630.0 0.5806944937533458
17640.0 0.5806944937533458
17650.0 0.5808050180193819
17660.0 0.5809597519918324
17670.0 0.5810481714046613
17680.0 0.5810481714046613
17690.0 0.5810481714046613
17700.0 0.581026066551454
17710.0 0.5810481714046613
17720.0 0.5810702762578683
17730.0 0.5810923811110756
17740.0 0.5811808005239044
17750.0 0.5813134296431477
17760.0 0.581446058762391
17770.0 0.5814902684688054
17780.0 0.581556583028427
17790.0 0.581667107294463
17800.0 0.5817997364137063
17810.0 0.5818218412669135
17820.0 0.5817776315604991
17830.0 0.5816450024412558
17840.0 0.5815786878816341
17850.0 0.5816007927348414
17860.0 0.5816892121476702
17870.0 0.5818660509733279
17880.0 0.5820428897989857
17890.0 0.582197623771436
17900.0 0.5822860431842648
17910.0 0.5823081480374721
17920.0 0.5822860431842648
17930.0 0.5822197286246432
17940.0 0.5822639383310577
17950.0 0.5824407771567153
17960.0 0.5825955111291657
17970.0 0.5825513014227514
17980.0 0.5824628820099225
17990.0 0.5824849868631298
18000.0 0.5826618256887873
18010.0 0.5828828742208594
18020.0 0.5830376081933099
18030.0 0.5830597130465172
18040.0 0.5829933984868955
18050.0 0.5830155033401028
18060.0 0.5830818178997244
18070.0 0.5832144470189675
18080.0 0.5833912858446253
18090.0 0.5835460198170757
18100.0 0.5836344392299045
18110.0 0.5836344392299045
18120.0 0.5836786489363189
18130.0 0.5838554877619766
18140.0 0.5840544314408415
18150.0 0.5841870605600846
18160.0 0.5842754799729136
18170.0 0.5843638993857424
18180.0 0.584319689679328
18190.0 0.5840765362940487
18200.0 0.5838996974683911
18210.0 0.5839881168812199
18220.0 0.5842312702664991
18230.0 0.5844744236517784
18240.0 0.5847617867434721
18250.0 0.585071254688373
18260.0 0.5853807226332739
18270.0 0.585601771165346
18280.0 0.5856901905781748
18290.0 0.585601771165346
18300.0 0.5855575614589316
18310.0 0.5856901905781748
18320.0 0.585822819697418
18330.0 0.5858007148442109
18340.0 0.5857565051377965
18350.0 0.5858670294038325
18360.0 0.5860880779359047
18370.0 0.5863533361743911
18380.0 0.5865743847064632
18390.0 0.586773328385328
18400.0 0.586883852651364
18410.0 0.5869059575045713
18420.0 0.586883852651364
18430.0 0.5867954332385352
18440.0 0.5867512235321207
18450.0 0.586773328385328
18460.0 0.5868617477981568
18470.0 0.5869722720641929
18480.0 0.5871049011834362
18490.0 0.5872817400090938
18500.0 0.5873480545687154
18510.0 0.587193320596265
18520.0 0.5870606914770218
18530.0 0.5871712157430578
18540.0 0.5873038448623009
18550.0 0.5872817400090938
18560.0 0.5872375303026794
18570.0 0.5872817400090938
18580.0 0.587414369128337
18590.0 0.5875027885411659
18600.0 0.5875912079539947
18610.0 0.5877017322200307
18620.0 0.5877680467796523
18630.0 0.5877901516328595
18640.0 0.5876575225136164
18650.0 0.5872817400090938
18660.0 0.5869722720641929
18670.0 0.5869722720641929
18680.0 0.5870606914770218
18690.0 0.5870606914770218
18700.0 0.5869280623577784
18710.0 0.5867954332385352
18720.0 0.5868617477981568
18730.0 0.5872596351558865
18740.0 0.5875912079539947
18750.0 0.5875248933943731
18760.0 0.5873480545687154
18770.0 0.5874364739815443
18780.0 0.5875469982475803
18790.0 0.587414369128337
18800.0 0.5872817400090938
18810.0 0.5873259497155082
18820.0 0.5873922642751299
18830.0 0.5873038448623009
18840.0 0.587193320596265
18850.0 0.587193320596265
18860.0 0.5872375303026794
18870.0 0.587193320596265
18880.0 0.5871049011834362
18890.0 0.5870385866238145
18900.0 0.5871049011834362
18910.0 0.5872817400090938
18920.0 0.5872817400090938
18930.0 0.5868617477981568
18940.0 0.5864196507340127
18950.0 0.5863312313211838
18960.0 0.5863091264679766
18970.0 0.5860880779359047
18980.0 0.5859333439634541
18990.0 0.5860880779359047
19000.0 0.5863091264679766
19010.0 0.5863091264679766
19020.0 0.5862207070551478
19030.0 0.586242811908355
19040.0 0.5863533361743911
19050.0 0.5863975458808055
19060.0 0.5863091264679766
19070.0 0.586021763376283
19080.0 0.585712295431382
19090.0 0.5855575614589316
19100.0 0.5855575614589316
19110.0 0.5856680857249676
19120.0 0.5857565051377965
19130.0 0.585712295431382
19140.0 0.5856459808717605
19150.0 0.5856238760185533
19160.0 0.5855575614589316
19170.0 0.5853144080736523
19180.0 0.5849386255691298
19190.0 0.5845849479178145
19200.0 0.5844965285049857
19210.0 0.5849165207159226
19220.0 0.5853586177800667
19230.0 0.5853586177800667
19240.0 0.585159674101202
19250.0 0.5850049401287514
19260.0 0.5847838915966793
19270.0 0.5843417945325352
19280.0 0.5840544314408415
19290.0 0.5842754799729136
19300.0 0.584651262477436
19310.0 0.5847838915966793
19320.0 0.584651262477436
19330.0 0.5842975848261207
19340.0 0.5840102217344271
19350.0 0.5840102217344271
19360.0 0.5840765362940487
19370.0 0.5840323265876343
19380.0 0.5839439071748055
19390.0 0.5839439071748055
19400.0 0.5840765362940487
19410.0 0.5842975848261207
19420.0 0.5844081090921568
19430.0 0.5842533751197063
19440.0 0.5839439071748055
19450.0 0.5836786489363189
19460.0 0.583568124670283
19470.0 0.5836565440831117
19480.0 0.5837228586427333
19490.0 0.58359022952349
19500.0 0.5835239149638685
19510.0 0.5837228586427333
19520.0 0.5839881168812199
19530.0 0.5840544314408415
19540.0 0.5840544314408415
19550.0 0.5841207460004632
19560.0 0.5842533751197063
19570.0 0.5844081090921568
19580.0 0.584430213945364
19590.0 0.5842312702664991
19600.0 0.5841428508536702
19610.0 0.5844523187985712
19620.0 0.5847396818902649
19630.0 0.5846733673306432
19640.0 0.5844744236517784
19650.0 0.5845407382114001
19660.0 0.5847396818902649
19670.0 0.5849165207159226
19680.0 0.585071254688373
19690.0 0.585181778954409
19700.0 0.5852038838076163
19710.0 0.5851154643947873
19720.0 0.5850933595415803
19730.0 0.5852480935140307
19740.0 0.5853365129268595
19750.0 0.5852038838076163
19760.0 0.5850270449819586
19770.0 0.585071254688373
19780.0 0.5852480935140307
19790.0 0.5854028274864811
19800.0 0.58549124689931
19810.0 0.5855575614589316
19820.0 0.585601771165346
19830.0 0.5856680857249676
19840.0 0.5856680857249676
19850.0 0.5855575614589316
19860.0 0.5854028274864811
19870.0 0.5852701983672379
19880.0 0.5848944158627153
19890.0 0.5838996974683911
19900.0 0.5816892121476702
19910.0 0.577290346359436
19920.0 0.5690231312599402
19930.0 0.5545886621156336
19940.0 0.5314890905141015
19950.0 0.4975360359878306
19960.0 0.4515358364636314
19970.0 0.3943505812165851
19980.0 0.32936231278739453
19990.0 0.26156672800088854
20000.0 0.19631320133321145
20010.0 0.13850901019636336
20019.999999999996 0.09153619713104703
20030.0 0.05650000479762284
20040.0 0.032494134214595294
20050.0 0.017374414620865242
20059.999999999996 0.008620892750810996
20070.0 0.003956768724090175
20080.0 0.001679968843747784
20090.0 0.0006631455962162305
20099.999999999996 0.00024315338527928454
20110.0 8.841941282883074e-05
20120.0 2.2104853207207685e-05
20130.0 0.0
