mejiro/data/roman_filter_response/RomanSCA13-F184.ecsv
# %ECSV 1.0
# ---
# datatype:
# - {name: wavelength, unit: Angstrom, datatype: float64}
# - {name: response, datatype: float64}
# meta:
#   __serialized_columns__:
#     wavelength:
#       __class__: astropy.units.quantity.Quantity
#       unit: !astropy.units.Unit {unit: Angstrom}
#       value: !astropy.table.SerializedColumn {name: wavelength}
#   band_name: F184
#   group_name: RomanSCA13
# schema: astropy-2.0
wavelength response
16650.0 0.0
16660.0 2.2104853207207685e-05
16670.0 6.631455962162305e-05
16680.0 0.0001547339724504538
16690.0 0.00039788735772973834
16700.0 0.0009505086879099305
16710.0 0.0020999610546847303
16720.0 0.0043988657882343294
16730.0 0.008620892750810996
16740.0 0.015937599162396742
16750.0 0.02776369562825285
16760.0 0.04569073157929829
16770.0 0.0710449982079655
16780.0 0.10460016537650677
16790.0 0.1461572894060572
16800.0 0.19432376454456277
16810.0 0.2464691132603657
16820.0 0.29929971242559206
16830.0 0.34936720493991746
16840.0 0.39375375017999054
16850.0 0.4305141210635769
16860.0 0.4590293817008748
16870.0 0.4797416291560284
16880.0 0.49384452550222696
16890.0 0.5028190959043533
16900.0 0.5081684703804975
16910.0 0.5111526255634705
16920.0 0.5128104895540111
16930.0 0.513760998241921
16940.0 0.5142473050124796
16950.0 0.5144241438381373
16960.0 0.5145346681041734
16970.0 0.514822031195867
16980.0 0.5150430797279391
16990.0 0.5150209748747319
17000.0 0.5149988700215247
17010.0 0.5152199185535967
17020.0 0.5155514913517049
17030.0 0.5157725398837769
17040.0 0.515883064149813
17050.0 0.515883064149813
17060.0 0.5159272738562274
17070.0 0.516104112681885
17080.0 0.5163251612139571
17090.0 0.5164577903332003
17100.0 0.5165462097460293
17110.0 0.5166567340120652
17120.0 0.5167893631313084
17130.0 0.5169662019569661
17140.0 0.5170767262230022
17150.0 0.5171209359294165
17160.0 0.5172535650486598
17170.0 0.517585137846768
17180.0 0.5179167106448761
17190.0 0.5180051300577049
17200.0 0.5180493397641193
17210.0 0.5181819688833625
17220.0 0.5183588077090203
17230.0 0.5184693319750563
17240.0 0.5186240659475068
17250.0 0.5188230096263716
17260.0 0.5189998484520293
17270.0 0.5190882678648581
17280.0 0.5191545824244796
17290.0 0.5192651066905157
17300.0 0.5194198406629662
17310.0 0.5196187843418311
17320.0 0.5197956231674887
17330.0 0.5199503571399391
17340.0 0.5201050911123897
17350.0 0.5202819299380472
17360.0 0.5204366639104978
17370.0 0.5205471881765338
17380.0 0.520569293029741
17390.0 0.5205250833233266
17400.0 0.5205913978829483
17410.0 0.5208345512682274
17420.0 0.521099809506714
17430.0 0.5212324386259573
17440.0 0.5213429628919932
17450.0 0.5214755920112365
17460.0 0.5216082211304798
17470.0 0.521630325983687
17480.0 0.521630325983687
17490.0 0.5216966405433086
17500.0 0.5217629551029301
17510.0 0.5218071648093446
17520.0 0.5218955842221735
17530.0 0.5221387376074527
17540.0 0.5223597861395248
17550.0 0.5224261006991464
17560.0 0.5224261006991464
17570.0 0.5224482055523537
17580.0 0.5224924152587681
17590.0 0.5225587298183897
17600.0 0.5226692540844258
17610.0 0.5228018832036689
17620.0 0.5228903026164978
17630.0 0.5228681977632906
17640.0 0.5228460929100833
17650.0 0.5229566171761194
17660.0 0.5230671414421554
17670.0 0.5231334560017771
17680.0 0.5231334560017771
17690.0 0.5231113511485699
17700.0 0.5230892462953627
17710.0 0.5230892462953627
17720.0 0.5231113511485699
17730.0 0.5231113511485699
17740.0 0.5231776657081915
17750.0 0.5232881899742275
17760.0 0.5233987142402635
17770.0 0.523442923946678
17780.0 0.5234650287998852
17790.0 0.523553448212714
17800.0 0.5236639724787501
17810.0 0.5236860773319573
17820.0 0.5236197627723356
17830.0 0.5235092385062996
17840.0 0.5234208190934708
17850.0 0.5234208190934708
17860.0 0.5235092385062996
17870.0 0.5236418676255429
17880.0 0.5237966015979933
17890.0 0.5239292307172366
17900.0 0.5239955452768581
17910.0 0.5240176501300654
17920.0 0.523973440423651
17930.0 0.5239071258640293
17940.0 0.5239292307172366
17950.0 0.524083964689687
17960.0 0.5242165938089303
17970.0 0.5241723841025159
17980.0 0.524083964689687
17990.0 0.5241060695428942
18000.0 0.5242386986621375
18010.0 0.5244376423410023
18020.0 0.5245923763134528
18030.0 0.5245923763134528
18040.0 0.5245260617538312
18050.0 0.5245260617538312
18060.0 0.5245923763134528
18070.0 0.5247250054326961
18080.0 0.5248576345519393
18090.0 0.5249902636711825
18100.0 0.5250786830840114
18110.0 0.5250786830840114
18120.0 0.5251007879372186
18130.0 0.525255521909669
18140.0 0.5254323607353266
18150.0 0.52556498985457
18160.0 0.5256534092673988
18170.0 0.5257197238270204
18180.0 0.525675514120606
18190.0 0.5254544655885339
18200.0 0.5252997316160835
18210.0 0.525366046175705
18220.0 0.5255870947077771
18230.0 0.5258081432398491
18240.0 0.5260512966251285
18250.0 0.5263386597168221
18260.0 0.5266260228085159
18270.0 0.5268249664873809
18280.0 0.5268912810470023
18290.0 0.5268249664873809
18300.0 0.5267807567809664
18310.0 0.5268912810470023
18320.0 0.5270018053130384
18330.0 0.5269797004598312
18340.0 0.526957595606624
18350.0 0.5270460150194529
18360.0 0.5272449586983178
18370.0 0.5274881120835969
18380.0 0.5276870557624619
18390.0 0.5278417897349124
18400.0 0.5279523140009483
18410.0 0.5279744188541556
18420.0 0.5279523140009483
18430.0 0.5278638945881196
18440.0 0.527819684881705
18450.0 0.5278417897349124
18460.0 0.5279302091477411
18470.0 0.52801862856057
18480.0 0.5281291528266061
18490.0 0.5282838867990565
18500.0 0.5283502013586782
18510.0 0.5281954673862277
18520.0 0.5280849431201916
18530.0 0.5281733625330205
18540.0 0.5283059916522637
18550.0 0.5282838867990565
18560.0 0.5282175722394349
18570.0 0.5282617819458493
18580.0 0.5283502013586782
18590.0 0.5284386207715069
18600.0 0.5285270401843357
18610.0 0.5285933547439574
18620.0 0.5286817741567863
18630.0 0.5286817741567863
18640.0 0.5285491450375429
18650.0 0.5282175722394349
18660.0 0.5279302091477411
18670.0 0.5279081042945339
18680.0 0.5279965237073627
18690.0 0.5279965237073627
18700.0 0.5278859994413267
18710.0 0.5277533703220836
18720.0 0.527797580028498
18730.0 0.5281512576798132
18740.0 0.5284607256247141
18750.0 0.5283944110650926
18760.0 0.5282396770926421
18770.0 0.5283059916522637
18780.0 0.5283944110650926
18790.0 0.5282838867990565
18800.0 0.5281512576798132
18810.0 0.5281954673862277
18820.0 0.5282617819458493
18830.0 0.5281954673862277
18840.0 0.5280849431201916
18850.0 0.5281070479733988
18860.0 0.5281291528266061
18870.0 0.5281070479733988
18880.0 0.5280407334137771
18890.0 0.5279965237073627
18900.0 0.5280407334137771
18910.0 0.5282175722394349
18920.0 0.5282396770926421
18930.0 0.5278638945881196
18940.0 0.5274881120835969
18950.0 0.5273996926707681
18960.0 0.5273996926707681
18970.0 0.5272228538451105
18980.0 0.5271123295790744
18990.0 0.527267063551525
19000.0 0.5274660072303898
19010.0 0.5274881120835969
19020.0 0.5274439023771825
19030.0 0.5274881120835969
19040.0 0.527598636349633
19050.0 0.5276649509092547
19060.0 0.5276207412028402
19070.0 0.5273775878175609
19080.0 0.5271344344322817
19090.0 0.5270018053130384
19100.0 0.5270460150194529
19110.0 0.5271565392854889
19120.0 0.527267063551525
19130.0 0.5272891684047322
19140.0 0.5272449586983178
19150.0 0.527267063551525
19160.0 0.5272228538451105
19170.0 0.5270460150194529
19180.0 0.5267365470745519
19190.0 0.5264491839828582
19200.0 0.5264049742764438
19210.0 0.5268028616341736
19220.0 0.5272449586983178
19230.0 0.5272891684047322
19240.0 0.5271344344322817
19250.0 0.5270239101662456
19260.0 0.526847071340588
19270.0 0.5264933936892727
19280.0 0.5262723451572006
19290.0 0.5264712888360654
19300.0 0.526847071340588
19310.0 0.5270018053130384
19320.0 0.5269133859002096
19330.0 0.5266260228085159
19340.0 0.5264049742764438
19350.0 0.5264049742764438
19360.0 0.5264933936892727
19370.0 0.5264712888360654
19380.0 0.526427079129651
19390.0 0.5264491839828582
19400.0 0.5265818131021015
19410.0 0.5268028616341736
19420.0 0.5269354907534168
19430.0 0.5268028616341736
19440.0 0.5265376033956871
19450.0 0.5262944500104078
19460.0 0.5262281354507862
19470.0 0.5262944500104078
19480.0 0.5263607645700294
19490.0 0.5262723451572006
19500.0 0.526206030597579
19510.0 0.5263828694232366
19520.0 0.5266260228085159
19530.0 0.5266923373681375
19540.0 0.5266923373681375
19550.0 0.5267365470745519
19560.0 0.5268691761937953
19570.0 0.5270018053130384
19580.0 0.5270018053130384
19590.0 0.5268028616341736
19600.0 0.5267144422213448
19610.0 0.5269797004598312
19620.0 0.5272449586983178
19630.0 0.5271565392854889
19640.0 0.526957595606624
19650.0 0.5270018053130384
19660.0 0.5271786441386961
19670.0 0.5273112732579394
19680.0 0.5274217975239754
19690.0 0.5275102169368042
19700.0 0.5275102169368042
19710.0 0.5274217975239754
19720.0 0.5273775878175609
19730.0 0.5274881120835969
19740.0 0.5275544266432186
19750.0 0.5273996926707681
19760.0 0.5272228538451105
19770.0 0.5272449586983178
19780.0 0.5273775878175609
19790.0 0.5274881120835969
19800.0 0.5275544266432186
19810.0 0.5275544266432186
19820.0 0.5275323217900114
19830.0 0.5274881120835969
19840.0 0.5273112732579394
19850.0 0.5269354907534168
19860.0 0.5263386597168221
19870.0 0.5255428850013627
19880.0 0.5242829083685518
19890.0 0.5222271570202816
19900.0 0.5191545824244796
19910.0 0.5147336117830381
19920.0 0.5085221480318128
19930.0 0.49996756984062346
19940.0 0.48856146558570424
19950.0 0.4737954236432896
19960.0 0.4551610323896134
19970.0 0.43234882387977513
19980.0 0.40569037091188265
19990.0 0.375605665696873
20000.0 0.34235996647323264
20010.0 0.3065722091307634
20019.999999999996 0.26936974118303286
20030.0 0.2320346441160591
20040.0 0.19573847514982404
20050.0 0.16149805753185936
20059.999999999996 0.13019758539045326
20070.0 0.10245599461540762
20080.0 0.07867117256445215
20090.0 0.05888732894400128
20099.999999999996 0.04297183463481174
20110.0 0.030548907132361018
20120.0 0.021132239666090548
20130.0 0.014213420612234542
20139.999999999996 0.009284038347027228
20150.0 0.005901995806324453
20160.0 0.0036473007791892683
20170.0 0.002188380467513561
20179.999999999996 0.0012820814860180457
20190.0 0.0007294601558378536
20200.0 0.00039788735772973834
20210.0 0.00022104853207207686
20219.999999999996 0.00011052426603603843
20230.0 6.631455962162305e-05
20240.0 2.2104853207207685e-05
20250.0 2.2104853207207685e-05
20259.999999999996 0.0
