mejiro/data/roman_filter_response/RomanSCA16-F213.ecsv
# %ECSV 1.0
# ---
# datatype:
# - {name: wavelength, unit: Angstrom, datatype: float64}
# - {name: response, datatype: float64}
# meta:
#   __serialized_columns__:
#     wavelength:
#       __class__: astropy.units.quantity.Quantity
#       unit: !astropy.units.Unit {unit: Angstrom}
#       value: !astropy.table.SerializedColumn {name: wavelength}
#   band_name: F213
#   group_name: RomanSCA16
# schema: astropy-2.0
wavelength response
19340.0 0.0
19350.0 2.2104853207207685e-05
19360.0 2.2104853207207685e-05
19370.0 6.631455962162305e-05
19380.0 0.00017683882565766148
19390.0 0.00037578250452253065
19400.0 0.0007957747154594767
19410.0 0.0015915494309189533
19420.0 0.003072574595801868
19430.0 0.005636737567837959
19440.0 0.009925079090036251
19450.0 0.016733373877856218
19460.0 0.026990025766000583
19470.0 0.041711858002000904
19480.0 0.0618493792737671
19490.0 0.08802152547110101
19500.0 0.12044934512607469
19510.0 0.15871284602775118
19520.0 0.20170678551577012
19530.0 0.24755225106751885
19540.0 0.29414928162831266
19550.0 0.33924318217101634
19560.0 0.38084451590698126
19570.0 0.41733962855208107
19580.0 0.4477116968587844
19590.0 0.4716733577353976
19600.0 0.4898214422185151
19610.0 0.5031727735556686
19620.0 0.5124347070494886
19630.0 0.5182040737365697
19640.0 0.5216745356901014
19650.0 0.5238629161576149
19660.0 0.525255521909669
19670.0 0.5260512966251285
19680.0 0.5264933936892727
19690.0 0.5267586519277592
19700.0 0.5268691761937953
19710.0 0.5268028616341736
19720.0 0.5267807567809664
19730.0 0.5269133859002096
19740.0 0.5270239101662456
19750.0 0.5268912810470023
19760.0 0.5267365470745519
19770.0 0.5267586519277592
19780.0 0.5269133859002096
19790.0 0.5270460150194529
19800.0 0.5271344344322817
19810.0 0.5271786441386961
19820.0 0.5272228538451105
19830.0 0.5272891684047322
19840.0 0.5272891684047322
19850.0 0.5272007489919033
19860.0 0.5271123295790744
19870.0 0.5271344344322817
19880.0 0.5271565392854889
19890.0 0.5271344344322817
19900.0 0.5270902247258673
19910.0 0.5271123295790744
19920.0 0.5271786441386961
19930.0 0.527267063551525
19940.0 0.5273996926707681
19950.0 0.5275323217900114
19960.0 0.5275323217900114
19970.0 0.5273112732579394
19980.0 0.5271786441386961
19990.0 0.5274439023771825
20000.0 0.5277312654688763
20010.0 0.5277312654688763
20019.999999999996 0.5275544266432186
20030.0 0.5273775878175609
20040.0 0.527267063551525
20050.0 0.5271786441386961
20059.999999999996 0.52706811987266
20070.0 0.5268249664873809
20080.0 0.5265818131021015
20090.0 0.5264491839828582
20099.999999999996 0.5264712888360654
20110.0 0.5265818131021015
20120.0 0.5266039179553087
20130.0 0.5263828694232366
20139.999999999996 0.5261176111847502
20150.0 0.5259849820655069
20160.0 0.5259407723590925
20170.0 0.5259407723590925
20179.999999999996 0.5258081432398491
20190.0 0.5254544655885339
20200.0 0.5250123685243898
20210.0 0.5247471102859033
20219.999999999996 0.5247029005794888
20230.0 0.5249018442583537
20240.0 0.5250565782308042
20250.0 0.5249902636711825
20259.999999999996 0.5248134248455248
20270.0 0.5247029005794888
20280.0 0.5246807957262817
20290.0 0.5247029005794888
20299.999999999996 0.5246807957262817
20310.0 0.5245039569006239
20320.0 0.5242829083685518
20330.0 0.5241060695428942
20339.999999999996 0.523973440423651
20350.0 0.5238629161576149
20360.0 0.5238629161576149
20370.0 0.523973440423651
20379.999999999996 0.524083964689687
20390.0 0.5240618598364798
20400.0 0.5239513355704437
20410.0 0.5238850210108221
20419.999999999996 0.5239292307172366
20430.0 0.5241060695428942
20440.0 0.5243050132217592
20450.0 0.5244155374877951
20460.0 0.5243934326345879
20470.0 0.5242829083685518
20480.0 0.524083964689687
20490.0 0.5239513355704437
20500.0 0.5240176501300654
20510.0 0.5243271180749662
20520.0 0.5245923763134528
20530.0 0.5245702714602456
20540.0 0.5245702714602456
20550.0 0.5249681588179753
20560.0 0.5253218364692906
20570.0 0.525255521909669
20580.0 0.5250786830840114
20590.0 0.5252113122032546
20600.0 0.5254986752949483
20610.0 0.5256976189738132
20620.0 0.5258523529462635
20630.0 0.5259849820655069
20640.0 0.5261176111847502
20650.0 0.5262723451572006
20660.0 0.5265154985424798
20670.0 0.526957595606624
20680.0 0.5272449586983178
20690.0 0.5271565392854889
20700.0 0.5272449586983178
20710.0 0.5279302091477411
20720.0 0.5286154595971646
20730.0 0.5286375644503718
20740.0 0.5286154595971646
20750.0 0.5291459760741376
20760.0 0.5296543876979034
20770.0 0.5295438634318673
20780.0 0.5293449197530024
20790.0 0.5296543876979034
20800.0 0.5301185896152547
20810.0 0.5303617430005341
20820.0 0.5306048963858132
20830.000000000004 0.5310690983031646
20840.0 0.5314669856608945
20850.0 0.5315111953673088
20860.0 0.5315775099269304
20870.000000000004 0.5319975021378673
20880.0 0.5325280186148403
20890.0 0.5328153817065341
20900.0 0.5329259059725701
20910.000000000004 0.5329922205321918
20920.0 0.5331469545046422
20930.0 0.5334343175963359
20940.0 0.5336995758348224
20950.000000000004 0.5338543098072728
20960.0 0.5340311486329306
20970.0 0.5343627214310387
20980.0 0.5347606087887683
20990.000000000004 0.5350921815868764
21000.0 0.5352469155593269
21010.0 0.5352248107061197
21020.0 0.5352469155593269
21030.000000000004 0.5355784883574349
21040.0 0.5359321660087504
21050.0 0.5360426902747863
21060.0 0.5360868999812007
21070.000000000004 0.5362858436600656
21080.0 0.5363521582196873
21090.0 0.5360647951279935
21100.0 0.5357995368895071
21110.000000000004 0.5359321660087504
21120.0 0.5362637388068585
21130.0 0.5365068921921377
21140.0 0.5367058358710026
21150.000000000004 0.5369489892562819
21160.0 0.5372363523479756
21170.0 0.5375237154396694
21180.0 0.5376342397057053
21190.000000000004 0.5374574008800477
21200.0 0.5373026669075972
21210.0 0.5374131911736333
21220.0 0.5374795057332549
21230.000000000004 0.5371479329351468
21240.0 0.5367279407242098
21250.0 0.536639521311381
21260.0 0.5368384649902458
21269.999999999996 0.5372142474947683
21280.0 0.5374574008800477
21290.0 0.5373689814672189
21300.0 0.53728056205439
21309.999999999996 0.5375237154396694
21320.0 0.5378773930909846
21330.0 0.5380100222102279
21340.0 0.5380100222102279
21349.999999999996 0.5379658125038135
21360.0 0.5377447639717414
21370.0 0.53728056205439
21380.0 0.5369710941094891
21389.999999999996 0.5371700377883539
21400.0 0.537391086320426
21410.0 0.5371700377883539
21420.0 0.5369268844030747
21429.999999999996 0.537059513522318
21440.0 0.5373468766140116
21450.0 0.5375016105864621
21460.0 0.5375237154396694
21469.999999999996 0.5375679251460838
21480.0 0.5375679251460838
21490.0 0.5375679251460838
21500.0 0.5376784494121197
21509.999999999996 0.5379437076506063
21520.0 0.5380763367698496
21530.0 0.5378110785313629
21540.0 0.5374131911736333
21549.999999999996 0.5372142474947683
21560.0 0.5371258280819395
21570.0 0.5369710941094891
21580.0 0.5368384649902458
21589.999999999996 0.5368384649902458
21600.0 0.5370153038159035
21610.0 0.53728056205439
21620.0 0.5375237154396694
21629.999999999996 0.5375458202928765
21640.0 0.5374574008800477
21650.0 0.5374574008800477
21660.0 0.5375237154396694
21669.999999999996 0.5376121348524981
21680.0 0.5376121348524981
21690.0 0.5374574008800477
21700.0 0.53728056205439
21710.0 0.5371921426415612
21720.0 0.5371479329351468
21730.0 0.5370374086691108
21740.0 0.5369931989626963
21750.0 0.5371258280819395
21760.0 0.53728056205439
21770.0 0.5373247717608044
21780.0 0.537391086320426
21790.0 0.5376784494121197
21800.0 0.5379879173570207
21810.0 0.538120546476264
21820.0 0.5380100222102279
21830.0 0.5376784494121197
21840.0 0.537391086320426
21850.0 0.5373689814672189
21860.0 0.537391086320426
21870.0 0.5371921426415612
21880.0 0.5371037232287323
21890.0 0.5374352960268404
21900.0 0.5376784494121197
21910.0 0.5373689814672189
21920.0 0.5369489892562819
21930.0 0.5369710941094891
21940.0 0.5371037232287323
21950.0 0.5370153038159035
21960.0 0.5368384649902458
21970.0 0.5367942552838314
21980.0 0.5369710941094891
21990.0 0.5373689814672189
22000.0 0.5374795057332549
22010.0 0.5369710941094891
22020.0 0.5363963679261017
22030.0 0.5364184727793089
22040.0 0.5369047795498675
22050.0 0.5374352960268404
22060.0 0.5375016105864621
22070.0 0.5368163601370387
22080.000000000004 0.5362416339536512
22090.0 0.5366174164581737
22100.0 0.5371479329351468
22110.0 0.5370153038159035
22120.000000000004 0.5367058358710026
22130.0 0.5367942552838314
22140.0 0.5369489892562819
22150.0 0.5368384649902458
22160.000000000004 0.5367279407242098
22170.0 0.5369047795498675
22180.0 0.5372363523479756
22190.0 0.5374574008800477
22200.000000000004 0.5373026669075972
22210.0 0.536639521311381
22220.0 0.5360868999812007
22230.0 0.5362416339536512
22240.000000000004 0.5368163601370387
22250.0 0.5374131911736333
22260.0 0.5375237154396694
22270.0 0.5369047795498675
22280.000000000004 0.5363079485132729
22290.0 0.5364184727793089
22300.0 0.5368605698434531
22310.0 0.537059513522318
22320.000000000004 0.5369489892562819
22330.0 0.5365953116049667
22340.0 0.5363300533664801
22350.0 0.5363963679261017
22360.000000000004 0.5365732067517593
22370.0 0.5365511018985522
22380.0 0.5363521582196873
22390.0 0.536109004834408
22400.000000000004 0.5360868999812007
22410.0 0.5364184727793089
22420.0 0.536639521311381
22430.0 0.5362858436600656
22440.000000000004 0.5357995368895071
22450.0 0.5357111174766783
22460.0 0.5357995368895071
22470.0 0.5357553271830927
22480.000000000004 0.5356226980638494
22490.0 0.5355121737978135
22500.0 0.5356448029170566
22510.0 0.5360426902747863
22519.999999999996 0.5364184727793089
22530.0 0.5363963679261017
22540.0 0.5363300533664801
22550.0 0.5364847873389306
22559.999999999996 0.5364626824857233
22570.0 0.5359542708619575
22580.0 0.5355342786510205
22590.0 0.5357774320362999
22599.999999999996 0.5362416339536512
22610.0 0.5363300533664801
22620.0 0.5362195291004441
22630.0 0.536109004834408
22639.999999999996 0.5358658514491287
22650.0 0.535467964091399
22660.0 0.5354458592381918
22670.0 0.5362195291004441
22679.999999999996 0.5369931989626963
22690.0 0.5370153038159035
22700.0 0.5365511018985522
22710.0 0.536109004834408
22719.999999999996 0.5358658514491287
22730.0 0.5357995368895071
22740.0 0.535689012623471
22750.0 0.5353353349721558
22759.999999999996 0.5350037621740477
22770.0 0.5348711330548044
22780.0 0.5349816573208404
22790.0 0.5352248107061197
22799.999999999996 0.5353574398253629
22810.0 0.535158496146498
22820.0 0.5348711330548044
22830.0 0.5347163990823539
22839.999999999996 0.5346279796695251
22850.0 0.5344069311374531
22860.0 0.5340090437797232
22870.0 0.5333237933302999
22879.999999999996 0.5321964458167322
22890.0 0.53047226726657
22900.0 0.5277533703220836
22910.0 0.5236639724787501
22919.999999999996 0.5176514524063897
22930.0 0.5091852936280291
22940.0 0.497801294226317
22950.0 0.48299104257748793
22960.0 0.4646219095622984
22970.0 0.4425612660615051
22980.0 0.41667648295586485
22990.0 0.38703387480499934
23000.0 0.35400922411343105
23010.0 0.3183762007434123
23020.0 0.2812621522085106
23030.0 0.24388284543512237
23040.0 0.2071003696983288
23050.0 0.17188733853924695
23060.0 0.13934899461823724
23070.0 0.11039163691679518
23080.0 0.0854131527926505
23090.0 0.06452406651183923
23100.0 0.047481224689082106
23110.0 0.033953054526271
23120.0 0.023652192931712224
23130.0 0.01604812342843278
23140.0 0.01058822468625248
23150.0 0.006808294787819968
23160.0 0.004244131815783875
23170.0 0.0025641629720360914
23180.0 0.0015252348712973302
23190.0 0.0008620892750810997
23200.0 0.0004863067705585691
23210.0 0.0002652582384864922
23220.0 0.0001326291192432461
23230.0 6.631455962162305e-05
23240.0 4.420970641441537e-05
23250.0 2.2104853207207685e-05
23260.0 0.0
