mejiro/data/roman_filter_response/RomanSCA15-Prism.ecsv
# %ECSV 1.0
# ---
# datatype:
# - {name: wavelength, unit: Angstrom, datatype: float64}
# - {name: response, datatype: float64}
# meta:
#   __serialized_columns__:
#     wavelength:
#       __class__: astropy.units.quantity.Quantity
#       unit: !astropy.units.Unit {unit: Angstrom}
#       value: !astropy.table.SerializedColumn {name: wavelength}
#   band_name: Prism
#   group_name: RomanSCA15
# schema: astropy-2.0
wavelength response
[from data line 573]
13220.0 0.5055379928488397
13230.0 0.505670621968083
13240.0 0.5058032510873263
13250.0 0.5058916705001552
13260.0 0.5060021947661911
13270.0 0.5061348238854343
13280.0 0.5062232432982632
13290.0 0.5062674530046776
13300.0 0.5063337675642993
13310.0 0.5065106063899569
13320.0 0.506731654922029
13330.0 0.5069084937476867
13340.0 0.5070190180137226
13350.0 0.507063227720137
13360.0 0.5071516471329659
13370.0 0.5073505908118308
13380.0 0.5075053247842812
13390.0 0.507483219931074
13400.0 0.5074390102246596
13410.0 0.5075053247842812
13420.0 0.5076600587567317
13430.0 0.5078368975823894
13440.0 0.508013736408047
13450.0 0.5081242606740831
13460.0 0.5082568897933264
13470.0 0.5083895189125696
13480.0 0.5085221480318128
13490.0 0.5086105674446416
13500.0 0.5086768820042633
13510.0 0.5087431965638849
13520.0 0.5087874062702993
13530.0 0.5087874062702993
13540.000000000002 0.5088316159767137
13550.0 0.5089421402427498
13560.000000000002 0.5090305596555785
13570.0 0.5090084548023714
13580.000000000002 0.5089863499491641
13590.0 0.5091189790684074
13600.000000000002 0.5092737130408579
13610.0 0.5092737130408579
13620.000000000002 0.5092073984812362
13630.0 0.5091631887748218
13640.000000000002 0.5091631887748218
13650.0 0.5091631887748218
13660.000000000002 0.5092295033344435
13670.0 0.5093621324536867
13680.000000000002 0.5095168664261371
13690.0 0.5095610761325516
13700.000000000002 0.5095610761325516
13710.0 0.5095389712793443
13720.000000000002 0.5095389712793443
13730.0 0.5095610761325516
13740.000000000002 0.509605285838966
13750.0 0.5096937052517948
13759.999999999998 0.5097600198114164
13770.0 0.5098042295178308
13779.999999999998 0.5098263343710381
13790.0 0.5097600198114164
13799.999999999998 0.509715810105002
13810.0 0.509715810105002
13819.999999999998 0.5097379149582092
13830.0 0.5097379149582092
13839.999999999998 0.5096494955453804
13850.0 0.5094947615729299
13859.999999999998 0.5094063421601012
13870.0 0.5094505518665156
13879.999999999998 0.5094947615729299
13890.0 0.5094726567197227
13899.999999999998 0.5095168664261371
13910.0 0.5097379149582092
13919.999999999998 0.5099147537838669
13930.0 0.5098926489306598
13939.999999999998 0.5097600198114164
13950.0 0.5096937052517948
13959.999999999998 0.5097600198114164
13970.0 0.5098705440774525
13980.0 0.5099368586370742
13990.0 0.5098484392242453
14000.0 0.5096716003985876
14010.0 0.5095831809857587
14020.0 0.509605285838966
14030.0 0.5096716003985876
14040.0 0.509715810105002
14050.0 0.5096937052517948
14060.0 0.5095831809857587
14070.0 0.5094726567197227
14080.0 0.5093621324536867
14090.0 0.5092737130408579
14100.0 0.5091410839216146
14110.0 0.5088979305363354
14120.0 0.5086989868574704
14130.0 0.5086989868574704
14140.0 0.5087431965638849
14150.0 0.5086326722978489
14160.0 0.5084558334721911
14170.0 0.5083453092061552
14180.0 0.5083010994997408
14190.0 0.5083674140593624
14200.0 0.508433728618984
14210.0 0.5084558334721911
14220.0 0.50854425288502
14230.0 0.5088758256831281
14240.0 0.5092516081876506
14250.0 0.5095610761325516
14260.0 0.5096937052517948
14270.0 0.509715810105002
14280.0 0.509715810105002
14290.0 0.5098042295178308
14300.0 0.5099368586370742
14310.0 0.5100252780499029
14320.0 0.5100694877563173
14330.0 0.5101136974627318
14340.0 0.5102021168755606
14350.0 0.5102905362883894
14360.0 0.5103789557012183
14370.0 0.5104452702608399
14380.0 0.510467375114047
14390.0 0.5104452702608399
14400.0 0.510467375114047
14410.0 0.5106000042332903
14420.0 0.5107547382057408
14430.0 0.5108431576185696
14440.0 0.5108652624717769
14450.0 0.5108431576185696
14460.0 0.5108210527653625
14470.0 0.5108652624717769
14480.0 0.5109536818846057
14490.0 0.5110642061506416
14500.0 0.511196835269885
14510.0 0.5113515692423354
14520.0 0.5114178838019571
14530.0 0.5114178838019571
14540.0 0.5114178838019571
14550.0 0.5115063032147859
14560.0 0.5116168274808218
14570.0 0.5116831420404435
14580.0 0.5117494566000652
14590.0 0.5118820857193084
14600.0 0.5120147148385517
14610.0 0.512058924544966
14620.0 0.5121031342513804
14630.0 0.5121915536642093
14640.0 0.5122799730770381
14650.0 0.5123020779302453
14660.0 0.5123241827834525
14670.0 0.5124568119026958
14680.0 0.5126115458751462
14690.0 0.5127662798475967
14700.0 0.5128325944072183
14710.0 0.5128325944072183
14720.0 0.5128546992604255
14730.0 0.5129873283796688
14740.0 0.5131641672053264
14750.0 0.5132746914713625
14760.0 0.5133410060309841
14770.0 0.5134515302970201
14780.0 0.5135620545630561
14790.000000000002 0.5136725788290921
14800.0 0.5137831030951282
14810.000000000002 0.5139599419207859
14820.0 0.5140925710400291
14830.000000000002 0.5141588855996507
14840.0 0.5142252001592723
14850.000000000002 0.5143357244253084
14860.0 0.5144683535445517
14870.000000000002 0.5145567729573804
14880.0 0.5146451923702093
14890.000000000002 0.5146894020766237
14900.0 0.5147778214894526
14910.000000000002 0.514932555461903
14920.0 0.5150651845811463
14930.000000000002 0.515131499140768
14940.0 0.515242023406804
14950.000000000002 0.5153967573792544
14960.0 0.5155957010581192
14970.000000000002 0.5157062253241553
14980.0 0.5157725398837769
14990.000000000002 0.5157946447369842
15000.0 0.5158609592966057
15009.999999999998 0.515993588415849
15020.0 0.5161704272415067
15029.999999999998 0.5163251612139571
15040.0 0.5164798951864076
15049.999999999998 0.516634629158858
15060.0 0.5167672582781013
15069.999999999998 0.5168998873973445
15080.0 0.5169883068101734
15089.999999999998 0.5170104116633806
15100.0 0.5170767262230022
15109.999999999998 0.5172314601954526
15120.0 0.5174525087275247
15129.999999999998 0.5176514524063897
15140.0 0.5177840815256328
15149.999999999998 0.5178503960852544
15160.0 0.5178725009384616
15169.999999999998 0.5179388154980833
15180.0 0.5180051300577049
15189.999999999998 0.5180935494705337
15200.0 0.5182040737365697
15209.999999999998 0.5183145980026058
15220.0 0.5184472271218491
15230.0 0.5185577513878851
15240.0 0.5186682756539212
15250.0 0.5188009047731644
15260.0 0.5189556387456149
15270.0 0.5191103727180653
15280.0 0.5192208969841013
15290.0 0.519287211543723
15300.0 0.5193756309565518
15310.0 0.5195524697822095
15320.0 0.5197293086078671
15330.0 0.5197956231674887
15340.0 0.5198177280206959
15350.0 0.5198619377271103
15360.0 0.5199503571399391
15370.0 0.520038776552768
15380.0 0.5201493008188041
15390.0 0.5203261396444617
15400.0 0.5205029784701193
15410.0 0.5205471881765338
15420.0 0.5205471881765338
15430.0 0.5205471881765338
15440.0 0.5206135027361554
15450.0 0.5208124464150203
15460.0 0.5210334949470924
15470.0 0.5211440192131285
15480.0 0.5212324386259573
15490.0 0.5213429628919932
15500.0 0.5214534871580293
15510.0 0.5214534871580293
15520.0 0.5214755920112365
15530.0 0.5215640114240654
15540.0 0.5216966405433086
15550.0 0.5217850599561374
15560.0 0.5218292696625518
15570.0 0.5218071648093446
15580.0 0.5218292696625518
15590.0 0.5219840036350023
15600.0 0.5221387376074527
15610.0 0.5221387376074527
15620.0 0.52216084246066
15630.0 0.5223597861395248
15640.0 0.5225587298183897
15650.0 0.5226250443780113
15660.0 0.5226250443780113
15670.0 0.5226471492312185
15680.0 0.5227797783504619
15690.0 0.5229787220293266
15700.0 0.5230892462953627
15710.0 0.5230450365889483
15720.0 0.5229787220293266
15730.0 0.5231334560017771
15740.0 0.5233545045338491
15750.0 0.5234871336530924
15760.0 0.5235313433595068
15770.0 0.5235092385062996
15780.0 0.5235092385062996
15790.0 0.523553448212714
15800.0 0.5236418676255429
15810.0 0.5236860773319573
15820.0 0.523752391891579
15830.0 0.5239071258640293
15840.0 0.5240176501300654
15850.0 0.5240397549832726
15860.0 0.5240618598364798
15870.0 0.5242165938089303
15880.0 0.5244155374877951
15890.0 0.5245260617538312
15900.0 0.5245702714602456
15910.0 0.52461448116666
15920.0 0.5247029005794888
15930.0 0.5248576345519393
15940.0 0.5250344733775969
15950.0 0.5251007879372186
15960.0 0.5251228927904258
15970.0 0.525144997643633
15980.0 0.525255521909669
15990.0 0.5254544655885339
16000.0 0.5256534092673988
16010.0 0.5257418286802276
16020.0 0.5257860383866421
16030.0 0.5258744577994708
16040.000000000002 0.5259849820655069
16050.0 0.5261176111847502
16060.000000000002 0.5262723451572006
16070.0 0.5264491839828582
16080.000000000002 0.5266039179553087
16090.0 0.5266923373681375
16100.000000000002 0.5268028616341736
16110.0 0.5269797004598312
16120.000000000002 0.5271565392854889
16130.0 0.5272228538451105
16140.000000000002 0.5272891684047322
16150.0 0.5274660072303898
16160.000000000002 0.5276870557624619
16170.0 0.5279302091477411
16180.000000000002 0.5281070479733988
16190.0 0.5282396770926421
16200.000000000002 0.5283502013586782
16210.0 0.5284828304779213
16220.000000000002 0.5286154595971646
16230.0 0.5287701935696151
16240.000000000002 0.5289249275420654
16250.0 0.5290133469548943
16259.999999999998 0.5291238712209304
16270.0 0.5293449197530024
16279.999999999998 0.5295438634318673
16290.0 0.5296322828446961
16299.999999999998 0.5296764925511105
16310.0 0.5298533313767682
16319.999999999998 0.5300743799088403
16330.0 0.5302954284409124
16339.999999999998 0.53047226726657
16350.0 0.5306048963858132
16359.999999999998 0.5307596303582638
16370.0 0.5309364691839213
16379.999999999998 0.531113308009579
16390.0 0.5313122516884439
16400.0 0.53142277595448
16410.0 0.5315111953673088
16420.0 0.5316217196333448
16430.0 0.5318648730186241
16440.0 0.5320859215506961
16450.0 0.5321964458167322
16460.0 0.5322406555231466
16470.0 0.5323290749359755
16480.0 0.5324395992020116
16490.0 0.5325501234680475
16500.0 0.532704857440498
16510.0 0.5329701156789844
16520.0 0.5331690593578493
16530.0 0.5331248496514349
16540.0 0.5331027447982278
16550.0 0.5333016884770926
16560.0 0.5335890515687863
16570.0 0.5337437855412368
16580.0 0.5338322049540656
16590.0 0.5339427292201017
16600.0 0.5341195680457593
16610.0 0.5344069311374531
16620.0 0.5345837699631107
16630.0 0.534517455403489
16640.0 0.5344511408438675
16650.0 0.5346279796695251
16660.0 0.5349153427612188
16670.0 0.5351142864400836
16680.0 0.5352027058529124
16690.0 0.535158496146498
16700.0 0.535158496146498
16710.0 0.5352911252657414
16720.0 0.5354458592381918
16730.0 0.5354900689446062
16740.0 0.5355342786510205
16750.0 0.5357332223298854
16760.0 0.5359321660087504
16770.0 0.5360426902747863
16780.0 0.5361532145408224
16790.0 0.5363521582196873
16800.0 0.5365511018985522
16810.0 0.5366837310177954
16820.0 0.5368163601370387
16830.0 0.5369489892562819
16840.0 0.5370816183755251
16850.0 0.5371479329351468
16860.0 0.5372363523479756
16870.0 0.5373689814672189
16880.0 0.5375016105864621
16890.0 0.5376563445589125
16900.0 0.5377668688249485
16910.0 0.5378773930909846
16920.0 0.5380321270634351
16930.0 0.5382752804487143
16940.0 0.5384742241275792
16950.0 0.5385405386872009
16960.0 0.5386289581000296
16970.0 0.5389163211917234
16980.0 0.5391815794302098
16990.0 0.5391815794302098
17000.0 0.5391815794302098
17010.0 0.5394247328154892
17020.0 0.5398005153200117
17030.0 0.5400657735584982
17040.0 0.5401984026777414
17050.0 0.5402426123841558
17060.0 0.5403089269437775
17070.0 0.5405078706226423
17080.0 0.5407731288611288
17090.0 0.5409278628335792
17100.0 0.5410383870996153
17110.0 0.5411710162188585
17120.0 0.5413478550445162
17130.0 0.5415467987233811
17140.0 0.5417015326958315
17150.0 0.5417678472554531
17160.0 0.5419225812279036
17170.0 0.5422983637324261
17180.0 0.5426520413837415
17190.0 0.5427846705029846
17200.0 0.5428288802093992
17210.0 0.5429836141818496
17220.0 0.5432046627139216
17230.0 0.5433593966863721
17240.0 0.5435141306588226
17250.0 0.5437351791908946
17260.0 0.5439562277229667
17270.0 0.5440667519890028
17280.0 0.5441330665486244
17290.0 0.5442878005210748
17300.0 0.5444646393467325
17310.0 0.5446856878788047
17320.0 0.5448846315576694
17330.0 0.5450614703833272
17340.0 0.545260414062192
17350.0 0.5454593577410568
17360.0 0.5456361965667145
17370.0 0.5457467208327506
17380.0 0.5457688256859577
17390.0 0.5457467208327506
17400.0 0.5458351402455794
17410.0 0.5461003984840659
17420.0 0.5463877615757595
17430.0 0.5465424955482101
17440.0 0.5466751246674533
17450.0 0.5468298586399037
17460.0 0.5469845926123542
17470.0 0.5470066974655614
17480.0 0.5470288023187686
17490.0 0.547073012025183
17500.0 0.5471614314380118
17510.0 0.5472056411444262
17520.0 0.5473382702636695
17530.0 0.5475814236489488
17540.0 0.547824577034228
17550.0 0.5479129964470569
17560.0 0.5479129964470569
17570.0 0.5479351013002641
17580.0 0.5479793110066785
17590.0 0.5480677304195074
17600.0 0.5481782546855435
17610.0 0.5483108838047867
17620.0 0.5484214080708226
17630.0 0.5483993032176155
17640.0 0.5483993032176155
17650.0 0.5484877226304443
17660.0 0.5486424566028948
17670.0 0.5487087711625164
17680.0 0.5487087711625164
17690.0 0.5486866663093092
17700.0 0.548664561456102
17710.0 0.548664561456102
17720.0 0.5486866663093092
17730.0 0.5487087711625164
17740.0 0.5487750857221381
17750.0 0.548885609988174
17760.0 0.5490182391074172
17770.0 0.5490403439606245
17780.0 0.5490845536670389
17790.0 0.549195077933075
17800.0 0.549305602199111
17810.0 0.5493277070523183
17820.0 0.5492613924926966
17830.0 0.5491508682266606
17840.0 0.5490624488138317
17850.0 0.5490845536670389
17860.0 0.5491729730798677
17870.0 0.5493277070523183
17880.0 0.5494824410247686
17890.0 0.5496150701440119
17900.0 0.5496813847036335
17910.0 0.5496813847036335
17920.0 0.5496150701440119
17930.0 0.5494603361715614
17940.0 0.5493498119055253
17950.0 0.5492834973459038
17960.0 0.5490403439606245
17970.0 0.5483771983644082
17980.0 0.5473603751168767
17990.0 0.5459677693648226
18000.0 0.5440446471357955
18010.0 0.5412815404848946
18020.0 0.5372584572011828
18030.0 0.5315775099269304
18040.0 0.523973440423651
18050.0 0.5141588855996507
18060.0 0.5017801678036145
18070.0 0.4865278190906412
18080.0 0.46813658122224433
18090.0 0.44645172022597357
18100.0 0.42149534095503616
18110.0 0.39348849194150404
18120.0 0.36289537510272857
18130.0 0.33033492632851164
18140.0 0.29649239606827665
18150.0 0.26207513962465434
18160.0 0.22794524627272564
18170.0 0.1949648052875718
18180.0 0.16384117197182335
18190.0 0.1351490725088678
18200.0 0.10944112822888524
18210.0 0.08696049251715504
18220.0 0.06777347993329876
18230.0 0.0517695662112804
18240.0 0.03872770281902786
18250.0 0.028382631518054664
18260.0 0.020358569803838277
18270.0 0.014301840025063371
18280.0 0.009814554824000213
18290.0 0.006609351108955098
18300.0 0.0043325512286127065
18310.0 0.0027852115041081685
18320.0 0.0017462834033694073
18330.0 0.0010831378071531766
18340.0 0.0006410407430090229
18350.0 0.00037578250452253065
18360.0 0.00022104853207207686
18370.0 0.0001326291192432461
18380.0 6.631455962162305e-05
18390.0 4.420970641441537e-05
18400.0 2.2104853207207685e-05
18410.0 0.0
