mejiro/data/roman_filter_response/RomanSCA06-F087.ecsv
# %ECSV 1.0
# ---
# datatype:
# - {name: wavelength, unit: Angstrom, datatype: float64}
# - {name: response, datatype: float64}
# meta:
#   __serialized_columns__:
#     wavelength:
#       __class__: astropy.units.quantity.Quantity
#       unit: !astropy.units.Unit {unit: Angstrom}
#       value: !astropy.table.SerializedColumn {name: wavelength}
#   band_name: F087
#   group_name: RomanSCA06
# schema: astropy-2.0
wavelength response
7510.0 0.0
7520.0 4.420970641441537e-05
7530.0 0.0003094679449009076
7540.0 0.0013926057520540843
7550.0 0.0053272696229370526
7560.0 0.016556535052198555
7570.0 0.04248552786425317
7580.0 0.0905856884431371
7590.0 0.1622717273941116
7600.0 0.2481269772509063
7610.0 0.3308875476586918
7620.0 0.3952126704916662
7630.0 0.4355540275948202
7640.0 0.45600101681148736
7650.0 0.46442296588343346
7660.0 0.46740712106640653
7670.0 0.46877762196525335
7680.0 0.47017022771730743
7690.0 0.4714744140565327
7700.0 0.4723365033316138
7710.0 0.47293333436820845
7720.0 0.4735743751112174
7730.0 0.47430383526705533
7740.0 0.4750775051293076
7750.0 0.47593959440438866
7760.0 0.47686799823909143
7770.0 0.4776637729545508
7780.0 0.4781500797251095
7790.0 0.4786805962020825
7800.0 0.47947637091754186
7810.0 0.48027214563300136
7820.0 0.4807363475503527
7830.0 0.48100160578883927
7840.0 0.4812226543209113
7850.0 0.48146580770619063
7860.0 0.48166475138505543
7870.0 0.4819521144767491
7880.0 0.48239421154089335
7890.0 0.4829689377242807
7900.0 0.48360997846728976
7910.0 0.48418470465067714
7920.0 0.48460469686161406
7930.0 0.48520152789820864
7940.0 0.48612993173291136
7950.0 0.4869036015951637
7960.0 0.4871025452740285
7970.0 0.4878762151362808
7980.0 0.48999828104417276
7990.0 0.4914129916494341
8000.0 0.4902635392826593
8010.0 0.4883404170536322
8020.000000000001 0.48778779572345204
8030.000000000001 0.488428836466461
8040.000000000001 0.48962249853965023
8050.000000000001 0.4908161606128395
8060.000000000001 0.49163404018150614
8070.000000000001 0.49231929063092955
8080.000000000001 0.4930708556399746
8090.000000000001 0.4936676866765692
8100.000000000001 0.49384452550222696
8110.000000000001 0.4939771546214702
8120.000000000001 0.49433083227278546
8129.999999999999 0.49472871963051523
8139.999999999999 0.4948392438965512
8149.999999999999 0.49501608272220887
8159.999999999999 0.49556870405238906
8169.999999999999 0.496298164208227
8179.999999999999 0.4969171000980288
8189.999999999999 0.4974255117217946
8200.0 0.4979560281987675
8210.0 0.49866338350139816
8220.0 0.49972441645534416
8230.0 0.5008517639689117
8240.0 0.5017580629504073
8250.0 0.5021117406017226
8260.0 0.5019127969228577
8270.0 0.5020896357485153
8280.0 0.5033275075281191
8290.0 0.5045653793077226
8300.0 0.5046537987205515
8310.0 0.5042780162160289
8320.0 0.5043001210692362
8330.0 0.5045653793077226
8340.0 0.5047643229865875
8350.0 0.5050737909314884
8360.0 0.5056485171148758
8370.0 0.5063116627110921
8380.0 0.5067758646284435
8390.0 0.506952703454101
8400.0 0.506842179188065
8410.0 0.5069084937476867
8420.0 0.5075053247842812
8430.0 0.508013736408047
8440.0 0.5079474218484253
8450.0 0.5081463655272903
8460.0 0.5093842373068939
8470.0 0.5107326333525336
8480.0 0.5112631498295066
8490.0 0.5113736740955426
8500.0 0.5117494566000652
8510.0 0.5122799730770381
8520.0 0.5128325944072183
8530.0 0.5133852157373985
8540.0 0.5139599419207859
8550.0 0.5143799341317228
8560.0 0.5144683535445517
8570.0 0.5146451923702093
8580.0 0.5152641282600111
8590.0 0.5162146369479211
8600.0 0.5172093553422454
8610.0 0.5178503960852544
8620.0 0.5179388154980833
8630.0 0.5181377591769482
8640.0 0.5190882678648581
8650.0 0.5204366639104978
8660.0 0.5216745356901014
8670.0 0.5226692540844258
8680.0 0.523442923946678
8690.0 0.523973440423651
8700.0 0.5242608035153447
8710.0 0.5246586908730744
8720.0 0.5254544655885339
8730.0 0.5264491839828582
8740.0 0.5273554829643538
8750.0 0.5279744188541556
8760.0 0.5282617819458493
8770.0 0.5285933547439574
8780.0 0.5293670246062097
8790.0 0.530251218734498
8800.0 0.5309364691839213
8810.0 0.5315775099269304
8820.0 0.5323511797891827
8830.0 0.5329038011193629
8840.0 0.5329480108257773
8850.0 0.5329480108257773
8860.0 0.5333016884770926
8870.0 0.5339206243668945
8880.0 0.5345616651099034
8890.0 0.5351806009997053
8900.0 0.5357553271830927
8910.0 0.5362416339536512
8920.0 0.536639521311381
8930.0 0.5371479329351468
8940.0 0.537921602797399
8950.0 0.5386289581000296
8960.0 0.5389605308981378
8970.0 0.5391373697237954
8980.0 0.5395352570815252
8990.0 0.5401320881181197
9000.0 0.5408173385675432
9010.0 0.5415467987233811
9020.0 0.5422099443195973
9030.0 0.5427846705029846
9040.0 0.5433593966863721
9050.0 0.5440004374293811
9060.0 0.5447298975852191
9070.0 0.5455698820070929
9080.0 0.5464098664289668
9090.0 0.5472056411444262
9100.0 0.5479793110066785
9110.0 0.5487529808689308
9120.0 0.5495929652908047
9130.0 0.5504992642723002
9140.0 0.5514276681070029
9150.0 0.552289757382084
9160.0 0.5530634272443362
9170.0 0.5537707825469669
9180.0 0.5545444524092192
9190.0 0.555472856243922
9200.0 0.5564012600786247
9210.0 0.5571970347940841
9220.0 0.557926494949922
9230.0 0.5587443745185886
9240.0 0.5595843589404625
9250.0 0.5604022385091293
9260.0 0.5611759083713815
9270.0 0.5619937879400483
9280.0 0.5627674578023005
9290.0 0.5635190228113456
9300.0 0.5642705878203906
9310.0 0.56506636253585
9320.0 0.5658400323981023
9330.0 0.5665252828475258
9340.0 0.5672105332969491
9350.0 0.5679620983059942
9360.0 0.5687357681682466
9370.0 0.5694873331772916
9380.0 0.5702167933331295
9390.0 0.5709683583421745
9400.0 0.5716315039383907
9410.0 0.5721620204153638
9420.0 0.5726704320391295
9430.0 0.5733114727821386
9440.0 0.5739083038187331
9450.0 0.5743282960296701
9460.0 0.5747261833873999
9470.0 0.5752566998643728
9480.0 0.5758093211945531
9490.0 0.5762293134054899
9500.0 0.5766050959100124
9510.0 0.5771356123869854
9520.0 0.5776440240107512
9530.0 0.5779755968088593
9540.0 0.5782408550473458
9550.0 0.5785061132858323
9560.0 0.5788155812307333
9570.0 0.5791692588820485
9580.0 0.5794787268269496
9590.0 0.5796776705058143
9600.0 0.5798545093314721
9610.0 0.5800976627167512
9620.0 0.5803408161020306
9630.0 0.5805176549276883
9640.0 0.5806723889001387
9650.0 0.5808271228725892
9660.0 0.580915542285418
9670.0 0.580915542285418
9680.0 0.5809597519918324
9690.0 0.5811808005239044
9700.0 0.5813797442027694
9710.0 0.5814018490559765
9720.0 0.5814018490559765
9730.0 0.5814681636155982
9740.0 0.581335534496355
9750.0 0.5801197675699585
9760.0 0.575499853249652
9770.0 0.5618390539675978
9780.0 0.5291459760741376
9790.0 0.4672081773875416
9800.0 0.37438989877047657
9810.0 0.2639319472940598
9820.0 0.15942020133038182
9830.0 0.08081534332555129
9840.0 0.03388673996664938
9850.0 0.011627152786991243
9860.0 0.0032494134214595296
9870.0 0.0007294601558378536
9880.0 0.0001326291192432461
9890.0 2.2104853207207685e-05
9900.0 0.0
