mejiro/data/roman_filter_response/RomanSCA04-Grism_1stOrder.ecsv
# %ECSV 1.0
# ---
# datatype:
# - {name: wavelength, unit: Angstrom, datatype: float64}
# - {name: response, datatype: float64}
# meta:
#   __serialized_columns__:
#     wavelength:
#       __class__: astropy.units.quantity.Quantity
#       unit: !astropy.units.Unit {unit: Angstrom}
#       value: !astropy.table.SerializedColumn {name: wavelength}
#   band_name: Grism_1stOrder
#   group_name: RomanSCA04
# schema: astropy-2.0
wavelength response
[from data line 545]
15350.0 0.4144438927819369
15360.0 0.41406811027741436
15370.0 0.413714432626099
15380.0 0.41338285982799094
15390.0 0.41309549673629725
15400.0 0.4127860287913963
15410.0 0.4124102462868738
15420.0 0.4119681492227296
15430.0 0.41152605215858545
15440.0 0.411150269654063
15450.0 0.41086290656236923
15460.0 0.41059764832388274
15470.0 0.41024397067256746
15480.0 0.40986818816804493
15490.0 0.4095145105167296
15500.0 0.4091387280122071
15510.0 0.4087187358012701
15520.0 0.40827663873712594
15530.0 0.4079008562326034
15540.0 0.4075471785812881
15550.0 0.4071713960767656
15560.0 0.40675140386582864
15570.0 0.4062650970952701
15580.0 0.4058451048843331
15590.0 0.405513532086225
15600.0 0.40515985443490965
15610.0 0.4047177573707655
15620.0 0.4042756603066214
15630.0 0.40396619236172043
15640.0 0.40365672441681955
15650.0 0.4032588370590898
15660.0 0.40279463514173847
15670.0 0.4023525380775943
15680.0 0.40199886042627897
15690.0 0.401689392481378
15700.0 0.4013136099768555
15710.0 0.40080519835308975
15720.0 0.40029678672932395
15730.0 0.3999652139312158
15740.0 0.399655745986315
15750.0 0.39930206833499965
15760.0 0.3988599712708555
15770.0 0.3983957693535041
15780.0 0.39793156743615277
15790.0 0.3975115752252158
15800.0 0.3971136878674861
15810.0 0.3966715908033419
15820.0 0.3962737034456122
15830.0 0.39592002579429686
15840.0 0.39554424328977433
15850.0 0.39510214622563017
15860.0 0.39466004916148606
15870.0 0.39430637151017073
15880.0 0.3939969035652698
15890.0 0.39362112106074726
15900.0 0.3932011288498103
15910.0 0.3927590317856661
15920.0 0.3923832492811436
15930.0 0.3920516764830355
15940.0 0.3917201036849274
15950.0 0.39132221632719766
15960.0 0.3908801192630535
15970.0 0.39043802219890933
15980.0 0.3900622396943868
15990.0 0.38977487660269317
16000.0 0.3894654086577922
16010.0 0.38906752130006245
16020.0 0.3886696339423327
16030.0 0.388271746584603
16040.000000000002 0.3879180689332877
16050.0 0.38756439128197234
16060.000000000002 0.38723281848386426
16070.0 0.3869233505389633
16080.000000000002 0.3865917777408552
16090.0 0.3862159952363327
16100.000000000002 0.3858402127318102
16110.0 0.38555284964011644
16120.000000000002 0.38524338169521555
16130.0 0.3848454943374858
16140.000000000002 0.3844476069797561
16150.0 0.38413813903485516
16160.000000000002 0.38387288079636867
16170.0 0.38358551770467497
16180.000000000002 0.3832760497597741
16190.0 0.38294447696166595
16200.000000000002 0.3825907993103506
16210.0 0.38223712165903534
16220.000000000002 0.38188344400772
16230.0 0.38157397606281906
16240.000000000002 0.3812424032647109
16250.0 0.38086662076018846
16259.999999999998 0.3805129431088731
16270.0 0.3802255800171794
16279.999999999998 0.37993821692548574
16290.0 0.37956243442096316
16299.999999999998 0.37914244221002624
16310.0 0.3788329742651253
16319.999999999998 0.3785677160266388
16330.0 0.3782803529349451
16339.999999999998 0.3779708849900442
16350.0 0.3776172073387289
16359.999999999998 0.3772856345406208
16370.0 0.37695406174251267
16379.999999999998 0.376666698650819
16390.0 0.37633512585271084
16400.0 0.37598144820139556
16410.0 0.375605665696873
16420.0 0.37525198804555765
16430.0 0.37496462495386396
16440.0 0.37467726186217026
16450.0 0.37430147935764774
16460.0 0.3738814871467108
16470.0 0.37350570464218824
16480.0 0.3731299221376657
16490.0 0.3727541396331432
16500.0 0.3724004619818279
16510.0 0.37213520374334136
16520.0 0.37182573579844047
16530.0 0.3713394290278819
16540.0 0.37087522711053056
16550.0 0.3705436543124224
16560.0 0.3702783960739359
16570.0 0.36994682327582784
16580.0 0.36954893591809806
16590.0 0.36917315341357554
16600.0 0.36884158061546746
16610.0 0.36855421752377376
16620.0 0.3682226447256656
16630.0 0.3677142331018998
16640.0 0.3672058214781341
16650.0 0.36685214382681874
16660.0 0.3665868855883323
16670.0 0.36625531279022416
16680.0 0.3658353205792872
16690.0 0.36534901380872864
16700.0 0.3648627070381701
16710.0 0.36450902938685475
16720.0 0.3641332468823322
16730.0 0.36369114981818806
16740.0 0.3632490527540439
16750.0 0.36289537510272857
16760.0 0.3625638023046205
16770.0 0.3621659149468907
16780.0 0.361768027589161
16790.0 0.36141434993784566
16800.0 0.3610827771397375
16810.0 0.360706994635215
16820.0 0.3603091072774853
16830.0 0.35991121991975555
16840.0 0.35951333256202583
16850.0 0.35909334035108886
16860.0 0.3586733481401519
16870.0 0.3582754607824222
16880.0 0.35787757342469245
16890.0 0.35750179092016987
16900.0 0.35708179870923296
16910.0 0.356661806498296
16920.0 0.35628602399377346
16930.0 0.35597655604887257
16940.0 0.35562287839755724
16950.0 0.3551586764802059
16960.0 0.3547386842692689
16970.0 0.3544513211775752
16980.0 0.35411974837946714
16990.0 0.3536334416089086
17000.0 0.35314713483835
17010.0 0.3528155620402419
17020.0 0.3525724086549626
17030.0 0.35226294071006164
17040.0 0.35184294849912473
17050.0 0.35137874658177337
17060.0 0.3509366495176292
17070.0 0.35058297186631393
17080.0 0.3502513990682058
17090.0 0.349853511710476
17100.0 0.3494335194995391
17110.0 0.3490356321418093
17120.0 0.3486377447840796
17130.0 0.3482619622795571
17140.0 0.34786407492182736
17150.0 0.3474219778576832
17160.0 0.3470240904999535
17170.0 0.346758832261467
17180.0 0.3464935740229804
17190.0 0.34607358181204356
17200.0 0.34560937989469215
17210.0 0.3452114925369624
17220.0 0.3448578148856471
17230.0 0.3444378226747102
17240.0 0.3440399353169804
17250.0 0.3436862576656651
17260.0 0.34333258001434974
17270.0 0.3429125878034128
17280.0 0.34244838588606147
17290.0 0.34205049852833175
17300.0 0.341652611170602
17310.0 0.3412989335192867
17320.0 0.3409231510147641
17330.0 0.3405473685102416
17340.0 0.34014948115251187
17350.0 0.33977369864798934
17360.0 0.3393979161434668
17370.0 0.33895581907932265
17380.0 0.3384916171619713
17390.0 0.3379832055382055
17400.0 0.33751900362085413
17410.0 0.33718743082274605
17420.0 0.3368779628778451
17430.0 0.3364800755201154
17440.0 0.3360379784559712
17450.0 0.3356400910982415
17460.0 0.3352422037405117
17470.0 0.33477800182316036
17480.0 0.3342695901993946
17490.0 0.33382749313525045
17500.0 0.3333632912178991
17510.0 0.33289908930054773
17520.0 0.3324790970896108
17530.0 0.3321475242915027
17540.0 0.33179384664018735
17550.0 0.33135174957604324
17560.0 0.33086544280548463
17570.0 0.330379136034926
17580.0 0.32991493411757467
17590.0 0.32947283705343056
17600.0 0.3290528448424936
17610.0 0.3286328526315566
17620.0 0.3282128604206197
17630.0 0.3277044487968539
17640.0 0.32721814202629534
17650.0 0.3267760449621512
17660.0 0.32637815760442146
17670.0 0.3259360605402773
17680.0 0.32544975376971874
17690.0 0.324941342145953
17700.0 0.3244329305221872
17710.0 0.32396872860483583
17720.0 0.3234824218342773
17730.0 0.3230182199169259
17740.0 0.32257612285278175
17750.0 0.32215613064184484
17760.0 0.32173613843090787
17770.0 0.3212719365135565
17780.0 0.32082983944941235
17790.0 0.32040984723847543
17800.0 0.31998985502753846
17810.0 0.3195256531101871
17820.0 0.3189951366332141
17830.0 0.31846462015624116
17840.0 0.3179341036792681
17850.0 0.31744779690870956
17860.0 0.3170278046977726
17870.0 0.3166520221932501
17880.0 0.3162541348355204
17890.0 0.3158783523309978
17900.0 0.3154583601200609
17910.0 0.31499415820270954
17920.0 0.314507851432151
17930.0 0.3139994398083852
17940.0 0.3135352378910338
17950.0 0.3131594553865113
17960.0 0.3127836728819888
17970.0 0.31227526125822297
17980.0 0.3117668496344572
17990.0 0.31132475257031306
18000.0 0.31094897006579053
18010.0 0.3106173972676824
18020.0 0.31024161476315987
18030.0 0.3097774128458085
18040.0 0.30929110607524996
18050.0 0.3088490090111058
18060.0 0.3084290168001688
18070.0 0.3080311294424391
18080.0 0.30767745179112377
18090.0 0.30730166928660124
18100.0 0.3069037819288715
18110.0 0.30646168486472736
18120.0 0.3060195878005832
18130.0 0.30566591014926786
18140.0 0.30531223249795253
18150.0 0.3049585548466372
18160.0 0.3045606674889075
18170.0 0.3041406752779705
18180.0 0.30367647336061915
18190.0 0.30312385203043896
18200.0 0.3025712307002588
18210.0 0.30217334334252904
18220.0 0.30186387539762816
18230.0 0.30155440745272727
18240.0 0.3012670443610335
18250.0 0.301001786122547
18260.0 0.3007144230308534
18270.0 0.30038285023274525
18280.0 0.29998496287501547
18290.0 0.2995207609576641
18300.0 0.29905655904031275
18310.0 0.2986807765357902
18320.0 0.2983270988844749
18330.0 0.29786289696712354
18340.0 0.29742079990297937
18350.0 0.2970450173984569
18360.0 0.29673554945355596
18370.0 0.29642608150865507
18380.0 0.2961166135637541
18390.0 0.29576293591243885
18400.0 0.2953871534079163
18410.0 0.29498926605018655
18420.0 0.2945250641328352
18430.0 0.29406086221548383
18440.0 0.2935966602981325
18450.0 0.29319877294040275
18460.0 0.292800885582673
18470.0 0.29242510307815045
18480.0 0.2920714254268351
18490.0 0.29171774777551984
18500.0 0.2913419652709973
18510.0 0.2908335536472315
18520.0 0.2903251420234657
18530.0 0.28994935951894324
18540.0 0.2895956818676279
18550.0 0.28915358480348374
18560.0 0.2887114877393396
18570.0 0.28829149552840266
18580.0 0.28793781787708733
18590.0 0.28756203537256475
18600.0 0.28716414801483503
18610.0 0.28678836551031256
18620.0 0.28641258300579
18630.0 0.28599259079485306
18640.0 0.28548417917108726
18650.0 0.2848873481344926
18660.0 0.28431262195110524
18670.0 0.2838926297401683
18680.0 0.28351684723564574
18690.0 0.28307475017150163
18700.0 0.2826105482541503
18710.0 0.28210213663038447
18720.0 0.28172635412586194
18730.0 0.2814832007405827
18740.0 0.2812400473553034
18750.0 0.28077584543795203
18760.0 0.28026743381418623
18770.0 0.2798916513096637
18780.0 0.2795158688051412
18790.0 0.2790516668877898
18800.0 0.27856536011723126
18810.0 0.2781453679062943
18820.0 0.27776958540177177
18830.0 0.2772832786312132
18840.0 0.2767969718606546
18850.0 0.2763548747965105
18860.0 0.27591277773236633
18870.0 0.2754264709618078
18880.0 0.2748738496316276
18890.0 0.2743212283014474
18900.0 0.27374650211805995
18910.0 0.27319388078787976
18920.0 0.2724423157788347
18930.0 0.27140338767809596
18940.0 0.27020972560490675
18950.0 0.26899395867851034
18960.0 0.2676013529264562
18970.0 0.26585506952308685
18980.0 0.26382142302802375
18990.0 0.26154462314768134
19000.0 0.258847831056402
19010.0 0.255554207928528
19020.0 0.25166375376405953
19030.0 0.24717646856299635
19040.0 0.24204814261892416
19050.0 0.2361682516658069
19060.0 0.229470481144023
19070.0 0.22193272620036517
19080.0 0.21359919654124787
19090.0 0.20458041643270714
19100.0 0.19489849072795018
19110.0 0.1846197339865986
19120.0 0.1737662510618596
19130.0 0.16242646136656208
19140.0 0.1507329940199492
19150.0 0.13888479270088588
19160.0 0.12694817196899374
19170.0 0.11509997064993042
19180.0 0.10345071300973198
19190.0 0.09219934272726327
19200.0 0.08147848892176753
19210.0 0.07142078071248803
19220.0 0.06202621809942477
19230.0 0.05331690593578494
19240.0 0.04538126363439738
19250.0 0.038241396048469295
19260.0 0.03189730317800069
19270.0 0.026326880169784354
19280.0 0.021530127023820286
19290.0 0.017418624327279655
19300.0 0.01394816237374805
19310.0 0.011052426603603843
19320.0 0.008665102457225413
19330.0 0.006719875374991136
19340.0 0.005150430797279391
19350.0 0.0038904541644685527
19360.0 0.0029178406233514144
19370.0 0.0021662756143063532
19380.0 0.0015915494309189533
19390.0 0.0011494523667747996
19400.0 0.0008178795686666844
19410.0 0.0005968310365946076
19420.0 0.000419992210936946
19430.0 0.0002873630916936999
19440.0 0.00019894367886486917
19450.0 0.0001326291192432461
19460.0 8.841941282883074e-05
19470.0 6.631455962162305e-05
19480.0 4.420970641441537e-05
19490.0 2.2104853207207685e-05
19500.0 2.2104853207207685e-05
19510.0 0.0
