mejiro/data/roman_filter_response/RomanSCA01-F106.ecsv
# %ECSV 1.0
# ---
# datatype:
# - {name: wavelength, unit: Angstrom, datatype: float64}
# - {name: response, datatype: float64}
# meta:
#   __serialized_columns__:
#     wavelength:
#       __class__: astropy.units.quantity.Quantity
#       unit: !astropy.units.Unit {unit: Angstrom}
#       value: !astropy.table.SerializedColumn {name: wavelength}
#   band_name: F106
#   group_name: RomanSCA01
# schema: astropy-2.0
wavelength response
9250.0 0.0
9260.0 2.2104853207207685e-05
9270.0 0.00011052426603603843
9280.0 0.0005747261833873998
9290.0 0.0024978484124144685
9300.0 0.00888615098929749
9310.0 0.025928992812054616
9320.0 0.062468315163568926
9330.0 0.1253566225380748
9340.0 0.2122508004956082
9350.0 0.30880479930469135
9360.0 0.3949695171063869
9370.0 0.45681889638015405
9380.0 0.4926287585758305
9390.0 0.5094726567197227
9400.0 0.5160599029754707
9410.0 0.5182924931493986
9420.0 0.5191987921308941
9430.0 0.5198619377271103
9440.0 0.5204587687637049
9450.0 0.5208787609746419
9460.0 0.5212987531855788
9470.0 0.5218955842221735
9480.0 0.5224924152587681
9490.0 0.5229566171761194
9500.0 0.523442923946678
9510.0 0.5240618598364798
9520.0 0.5246586908730744
9530.0 0.5251228927904258
9540.0 0.5254986752949483
9550.0 0.5259186675058852
9560.0 0.5263828694232366
9570.0 0.5268912810470023
9580.0 0.5273554829643538
9590.0 0.5277312654688763
9600.0 0.5281070479733988
9610.0 0.5285491450375429
9620.0 0.5289912421016871
9630.0 0.5293891294594169
9640.0 0.5297428071107322
9650.0 0.5301185896152547
9660.0 0.5304501624133628
9670.0 0.5307154206518493
9680.0 0.531002783743543
9690.0 0.5314448808076871
9700.0 0.5318869778718314
9710.0 0.5321964458167322
9720.0 0.5324617040552186
9730.0 0.5328595914129485
9740.0 0.533235373917471
9750.0 0.5335227370091647
9760.0 0.5338101001008584
9770.0 0.5342079874585881
9780.0 0.5346058748163178
9790.0 0.5348048184951827
9800.0 0.5350037621740477
9810.0 0.5353353349721558
9820.0 0.5356669077702638
9830.0 0.535887956302336
9840.0 0.5360647951279935
9850.0 0.5363742630728945
9860.0 0.536750045577417
9870.0 0.5371037232287323
9880.0 0.5373247717608044
9890.0 0.537391086320426
9900.0 0.5375016105864621
9910.0 0.5378331833845702
9920.0 0.5381647561826783
9930.0 0.5383858047147504
9940.0 0.5385405386872009
9950.0 0.5387615872192729
9960.0 0.5390268454577594
9970.0 0.5392257891366243
9980.0 0.5394689425219036
9990.0 0.5398226201732189
10000.0 0.5401762978245342
10009.999999999998 0.5404415560630207
10020.0 0.5406626045950927
10029.999999999998 0.5408173385675432
10040.0 0.5409941773932009
10049.999999999998 0.5411931210720657
10060.0 0.541436274457345
10069.999999999998 0.5416794278426244
10080.0 0.5419225812279036
10089.999999999998 0.5420773152003541
10100.0 0.5422541540260117
10109.999999999998 0.5425415171177055
10120.0 0.5428509850626063
10129.999999999998 0.5430941384478857
10140.0 0.543248872420336
10149.999999999998 0.5433815015395793
10160.0 0.5435141306588226
10169.999999999998 0.543757284044102
10180.0 0.5440225422825884
10189.999999999998 0.5442435908146604
10200.0 0.5444425344935253
10209.999999999998 0.544619373319183
10220.0 0.5448183169980478
10230.0 0.5450172606769127
10240.0 0.5452162043557776
10250.0 0.545370938328228
10260.0 0.5455035674474713
10270.0 0.5455919868603001
10280.0 0.5457467208327506
10290.0 0.5459898742180299
10300.0 0.546210922750102
10310.0 0.5463214470161379
10320.0 0.5463877615757595
10330.0 0.5465203906950028
10340.0 0.5466972295206605
10350.0 0.5468519634931109
10360.0 0.546962487759147
10370.0 0.547073012025183
10380.0 0.5471614314380118
10390.0 0.5472277459976335
10400.0 0.5472498508508407
10410.0 0.5472940605572552
10420.0 0.5473603751168767
10430.0 0.5475593187957416
10440.0 0.5476698430617776
10450.0 0.5476256333553632
10460.0 0.5475151090893272
10470.0 0.5475372139425343
10480.0 0.5476919479149849
10490.0 0.5478466818874353
10500.0 0.5479129964470569
10510.0 0.547824577034228
10520.0 0.547714052768192
10530.0 0.5477361576213993
10540.0 0.547824577034228
10550.0 0.5478908915938497
10560.0 0.5479351013002641
10570.0 0.5479351013002641
10580.0 0.547824577034228
10590.0 0.5476256333553632
10600.0 0.5474487945297055
10610.0 0.5474266896764983
10620.0 0.5474708993829128
10630.0 0.5474487945297055
10640.0 0.5473603751168767
10650.0 0.5471614314380118
10660.0 0.546962487759147
10670.0 0.5468740683463181
10680.0 0.5468077537866965
10690.0 0.5466751246674533
10700.0 0.5465646004014172
10710.0 0.5464982858417956
10720.0 0.546431971282174
10730.0 0.5463656567225523
10740.0 0.5463214470161379
10750.0 0.5462993421629307
10760.0 0.546233027603309
10770.0 0.5460782936308587
10780.0 0.5458793499519938
10790.0 0.5457025111263362
10800.0 0.5455919868603001
10810.0 0.5456140917135074
10820.0 0.5455919868603001
10830.0 0.5454151480346424
10840.0 0.5452383092089848
10850.0 0.5451940995025704
10860.0 0.5451940995025704
10870.0 0.5450614703833272
10880.0 0.5448625267044622
10890.0 0.5447520024384261
10900.0 0.5446856878788047
10910.0 0.5445972684659757
10920.0 0.5444867441999397
10930.0 0.5443541150806965
10940.0 0.5442435908146604
10950.0 0.5441551714018316
10960.0 0.5440667519890028
10970.0 0.5439562277229667
10980.0 0.5440446471357955
10990.0 0.5444867441999397
11000.0 0.5449288412640838
11010.0 0.5449730509704982
11020.0 0.544840421851255
11030.0 0.5448183169980478
11040.000000000002 0.5448625267044622
11050.0 0.5449288412640838
11060.000000000002 0.5449951558237055
11070.0 0.5451056800897416
11080.000000000002 0.5451277849429488
11090.0 0.5450172606769127
11100.000000000002 0.5449730509704982
11110.0 0.5450835752365343
11120.000000000002 0.5452383092089848
11130.0 0.5453046237686063
11140.000000000002 0.545370938328228
11150.0 0.5455256723006785
11160.000000000002 0.5456583014199218
11170.0 0.5455698820070929
11180.000000000002 0.5455035674474713
11190.0 0.5456361965667145
11200.000000000002 0.5458351402455794
11210.0 0.5458572450987865
11220.000000000002 0.5458793499519938
11230.0 0.546011979071237
11240.000000000002 0.5461003984840659
11250.0 0.5459898742180299
11259.999999999998 0.5458572450987865
11270.0 0.5458572450987865
11279.999999999998 0.5459235596584082
11290.0 0.546011979071237
11299.999999999998 0.5460782936308587
11310.0 0.5461888178968947
11319.999999999998 0.5462993421629307
11330.0 0.5463214470161379
11339.999999999998 0.5463214470161379
11350.0 0.5463435518693451
11359.999999999998 0.5463656567225523
11370.0 0.5463435518693451
11379.999999999998 0.5463435518693451
11390.0 0.546431971282174
11399.999999999998 0.5465646004014172
11410.0 0.5466751246674533
11419.999999999998 0.5467193343738677
11430.0 0.5466751246674533
11439.999999999998 0.5466088101078316
11450.0 0.5466530198142461
11459.999999999998 0.5467414392270749
11470.0 0.5467635440802822
11480.0 0.5467193343738677
11490.0 0.5466751246674533
11500.0 0.5466530198142461
11510.0 0.5466309149610389
11520.0 0.5466088101078316
11530.0 0.5465203906950028
11540.0 0.5464540761353812
11550.0 0.5465203906950028
11560.0 0.5465424955482101
11570.0 0.5464098664289668
11580.0 0.5462551324565164
11590.0 0.546210922750102
11600.0 0.546233027603309
11610.0 0.546233027603309
11620.0 0.5461446081904803
11630.0 0.5459898742180299
11640.0 0.5458351402455794
11650.0 0.5457467208327506
11660.0 0.5457025111263362
11670.0 0.5456140917135074
11680.0 0.5455698820070929
11690.0 0.5455919868603001
11700.0 0.5455477771538857
11710.0 0.5453488334750207
11720.0 0.5450835752365343
11730.0 0.5449288412640838
11740.0 0.544840421851255
11750.0 0.5447520024384261
11760.0 0.5446414781723902
11770.0 0.5445309539063541
11780.0 0.5444646393467325
11790.0 0.5445088490531469
11800.0 0.5445088490531469
11810.0 0.5443983247871109
11820.0 0.5442435908146604
11830.0 0.5441551714018316
11840.0 0.54408885684221
11850.0 0.5439341228697595
11860.0 0.5437351791908946
11870.0 0.5435362355120298
11880.0 0.5434036063927865
11890.0 0.5433593966863721
11900.0 0.5432709772735432
11910.0 0.5428951947690207
11920.0 0.54218783946639
11930.0 0.5406183948886784
11940.0 0.5366616261645882
11950.0 0.5276428460560475
11960.0 0.5099589634902812
11970.0 0.47934374179829864
11980.0 0.43245934814581116
11990.0 0.3692394679731972
12000.0 0.2944366447200064
12010.0 0.21676019054987858
12020.0 0.14586992631436352
12030.0 0.08897203415901093
12040.0 0.048895935294343405
12050.0 0.024094289995856378
12060.0 0.01058822468625248
12070.0 0.004155712402955045
12080.0 0.0014368154584684994
12090.0 0.0004420970641441537
12100.0 0.00011052426603603843
12110.0 2.2104853207207685e-05
12120.0 0.0
