mejiro/data/roman_filter_response/RomanSCA13-Prism.ecsv
# %ECSV 1.0
# ---
# datatype:
# - {name: wavelength, unit: Angstrom, datatype: float64}
# - {name: response, datatype: float64}
# meta:
#   __serialized_columns__:
#     wavelength:
#       __class__: astropy.units.quantity.Quantity
#       unit: !astropy.units.Unit {unit: Angstrom}
#       value: !astropy.table.SerializedColumn {name: wavelength}
#   band_name: Prism
#   group_name: RomanSCA13
# schema: astropy-2.0
wavelength response
[from data line 574]
13260.0 0.5272007489919033
13270.0 0.5273333781111466
13280.0 0.5274439023771825
13290.0 0.5274881120835969
13300.0 0.5275544266432186
13310.0 0.5277312654688763
13320.0 0.5279744188541556
13330.0 0.5281512576798132
13340.0 0.5282617819458493
13350.0 0.5283059916522637
13360.0 0.5284165159182996
13370.0 0.5286154595971646
13380.0 0.5287922984228223
13390.0 0.5287701935696151
13400.0 0.5287259838632007
13410.0 0.5287922984228223
13420.0 0.5289691372484798
13430.0 0.5291459760741376
13440.0 0.5293228148997953
13450.0 0.5294554440190384
13460.0 0.5295880731382817
13470.0 0.5297428071107322
13480.0 0.5298754362299755
13490.0 0.5299859604960115
13500.0 0.5300522750556331
13510.0 0.5301185896152547
13520.0 0.5301627993216691
13530.0 0.5301627993216691
13540.000000000002 0.5302291138812907
13550.0 0.5303396381473268
13560.000000000002 0.5304280575601557
13570.0 0.5304059527069485
13580.000000000002 0.5303838478537412
13590.0 0.5305385818261917
13600.000000000002 0.5306933157986421
13610.0 0.5306933157986421
13620.000000000002 0.5306270012390205
13630.0 0.5305827915326061
13640.000000000002 0.5305827915326061
13650.0 0.5306048963858132
13660.000000000002 0.5306712109454349
13670.0 0.5308038400646782
13680.000000000002 0.5309585740371286
13690.0 0.531002783743543
13700.000000000002 0.531002783743543
13710.0 0.531002783743543
13720.000000000002 0.5309806788903358
13730.0 0.531002783743543
13740.000000000002 0.5310690983031646
13750.0 0.5311354128627863
13759.999999999998 0.5312017274224079
13770.0 0.5312680419820295
13779.999999999998 0.5312680419820295
13790.0 0.5312238322756151
13799.999999999998 0.5311575177159934
13810.0 0.5311796225692007
13819.999999999998 0.5311796225692007
13830.0 0.5311575177159934
13839.999999999998 0.5310690983031646
13850.0 0.5309143643307143
13859.999999999998 0.5308259449178854
13870.0 0.5308480497710926
13879.999999999998 0.5309143643307143
13890.0 0.530892259477507
13899.999999999998 0.5309143643307143
13910.0 0.5311354128627863
13919.999999999998 0.5313343565416512
13930.0 0.5312901468352368
13939.999999999998 0.5311575177159934
13950.0 0.5310912031563718
13959.999999999998 0.5311354128627863
13970.0 0.5312459371288224
13980.0 0.5313122516884439
13990.0 0.5312017274224079
14000.0 0.5310248885967502
14010.0 0.5309143643307143
14020.0 0.5309143643307143
14030.0 0.5309806788903358
14040.0 0.5310248885967502
14050.0 0.5309806788903358
14060.0 0.5308701546242998
14070.0 0.5307375255050565
14080.0 0.5306048963858132
14090.0 0.5304943721197772
14100.0 0.5303396381473268
14110.0 0.5300743799088403
14120.0 0.5298754362299755
14130.0 0.5298533313767682
14140.0 0.5298754362299755
14150.0 0.5297649119639394
14160.0 0.5295659682850745
14170.0 0.5294333391658312
14180.0 0.5293670246062097
14190.0 0.529411234312624
14200.0 0.5294775488722457
14210.0 0.5294996537254529
14220.0 0.5295880731382817
14230.0 0.5298975410831827
14240.0 0.5302954284409124
14250.0 0.5305827915326061
14260.0 0.5307375255050565
14270.0 0.5307375255050565
14280.0 0.5307375255050565
14290.0 0.5308259449178854
14300.0 0.5309364691839213
14310.0 0.531002783743543
14320.0 0.5310469934499574
14330.0 0.5310912031563718
14340.0 0.5311796225692007
14350.0 0.5312680419820295
14360.0 0.5313564613948584
14370.0 0.53142277595448
14380.0 0.53142277595448
14390.0 0.5314006711012728
14400.0 0.5314006711012728
14410.0 0.5315333002205159
14420.0 0.5316880341929665
14430.0 0.5317985584590025
14440.0 0.5317985584590025
14450.0 0.5317764536057953
14460.0 0.5317543487525881
14470.0 0.5317985584590025
14480.0 0.5318869778718314
14490.0 0.5320196069910745
14500.0 0.5321522361103178
14510.0 0.5323069700827683
14520.0 0.5323953894955972
14530.0 0.5323953894955972
14540.0 0.5323953894955972
14550.0 0.532483808908426
14560.0 0.5326164380276692
14570.0 0.5326827525872908
14580.0 0.5327711720001197
14590.0 0.5329038011193629
14600.0 0.5330585350918133
14610.0 0.5331248496514349
14620.0 0.5331690593578493
14630.0 0.5332795836238854
14640.0 0.5333901078899214
14650.0 0.5334122127431287
14660.0 0.533456422449543
14670.0 0.5336111564219935
14680.0 0.5337879952476512
14690.0 0.5339427292201017
14700.0 0.5340532534861376
14710.0 0.5340532534861376
14720.0 0.534097463192552
14730.0 0.5342521971650026
14740.0 0.5344732456970747
14750.0 0.5345837699631107
14760.0 0.5346721893759395
14770.0 0.5348048184951827
14780.0 0.534937447614426
14790.000000000002 0.5350700767336692
14800.0 0.5352248107061197
14810.000000000002 0.5354016495317774
14820.0 0.5355563835042279
14830.000000000002 0.5356448029170566
14840.0 0.5357332223298854
14850.000000000002 0.5358658514491287
14860.0 0.5360205854215792
14870.000000000002 0.5361532145408224
14880.0 0.5362416339536512
14890.000000000002 0.5363300533664801
14900.0 0.5364405776325162
14910.000000000002 0.5365953116049667
14920.0 0.536750045577417
14930.000000000002 0.5368605698434531
14940.0 0.5369710941094891
14950.000000000002 0.5371700377883539
14960.0 0.537391086320426
14970.000000000002 0.5375237154396694
14980.0 0.5376121348524981
14990.000000000002 0.5376563445589125
15000.0 0.5377447639717414
15009.999999999998 0.5378994979441918
15020.0 0.5380984416230566
15029.999999999998 0.5382973853019216
15040.0 0.5384521192743721
15049.999999999998 0.5386289581000296
15060.0 0.5387836920724801
15069.999999999998 0.5389384260449306
15080.0 0.5390489503109667
15089.999999999998 0.5390931600173811
15100.0 0.5391594745770026
15109.999999999998 0.5393363134026603
15120.0 0.5395794667879396
15129.999999999998 0.5398005153200117
15140.0 0.5399552492924621
15149.999999999998 0.540043668705291
15160.0 0.5400878784117054
15169.999999999998 0.540154192971327
15180.0 0.5402426123841558
15189.999999999998 0.5403310317969846
15200.0 0.5404636609162279
15209.999999999998 0.5405962900354712
15220.0 0.5407510240079216
15230.0 0.5408615482739577
15240.0 0.5409941773932009
15250.0 0.5411489113656514
15260.0 0.541325750191309
15270.0 0.5414804841637595
15280.0 0.5416131132830028
15290.0 0.5417015326958315
15300.0 0.5417899521086604
15310.0 0.5420110006407325
15320.0 0.54218783946639
15330.0 0.5422762588792189
15340.0 0.5422762588792189
15350.0 0.5423646782920477
15360.0 0.5424530977048766
15370.0 0.5425415171177055
15380.0 0.5426741462369487
15390.0 0.5428730899158136
15400.0 0.5430499287414713
15410.0 0.5431162433010928
15420.0 0.5431162433010928
15430.0 0.5431162433010928
15440.0 0.5432046627139216
15450.0 0.5434257112459938
15460.0 0.5436467597780659
15470.0 0.543779388897309
15480.0 0.5438678083101379
15490.0 0.5440004374293811
15500.0 0.5441109616954172
15510.0 0.5441109616954172
15520.0 0.5441330665486244
15530.0 0.5442435908146604
15540.0 0.5443983247871109
15550.0 0.5444867441999397
15560.0 0.5445309539063541
15570.0 0.5445088490531469
15580.0 0.5445530587595613
15590.0 0.5447077927320118
15600.0 0.5448625267044622
15610.0 0.5448625267044622
15620.0 0.5449067364108767
15630.0 0.5451056800897416
15640.0 0.5453267286218136
15650.0 0.5453930431814352
15660.0 0.5453930431814352
15670.0 0.5454372528878496
15680.0 0.5455698820070929
15690.0 0.5457688256859577
15700.0 0.5459014548052009
15710.0 0.5458351402455794
15720.0 0.5457909305391649
15730.0 0.5459677693648226
15740.0 0.5461888178968947
15750.0 0.5463214470161379
15760.0 0.5463656567225523
15770.0 0.5463435518693451
15780.0 0.5463435518693451
15790.0 0.546431971282174
15800.0 0.5464982858417956
15810.0 0.5465646004014172
15820.0 0.5466309149610389
15830.0 0.5467856489334892
15840.0 0.5469182780527326
15850.0 0.5469403829059397
15860.0 0.546962487759147
15870.0 0.5471393265848047
15880.0 0.5473382702636695
15890.0 0.5474708993829128
15900.0 0.5475372139425343
15910.0 0.5475593187957416
15920.0 0.5476698430617776
15930.0 0.5478466818874353
15940.0 0.5480235207130929
15950.0 0.5481119401259218
15960.0 0.548134044979129
15970.0 0.5481782546855435
15980.0 0.5482887789515795
15990.0 0.5485098274836515
16000.0 0.5487308760157236
16010.0 0.5488192954285525
16020.0 0.548885609988174
16030.0 0.5489740294010028
16040.000000000002 0.5491066585202462
16050.0 0.5492613924926966
16060.000000000002 0.5494382313183542
16070.0 0.5496150701440119
16080.000000000002 0.5497919089696696
16090.0 0.5498803283824983
16100.000000000002 0.5500129575017416
16110.0 0.5502119011806065
16120.000000000002 0.5504108448594714
16130.0 0.5504992642723002
16140.000000000002 0.5505655788319218
16150.0 0.5507645225107867
16160.000000000002 0.551007675896066
16170.0 0.5512508292813452
16180.000000000002 0.5514497729602101
16190.0 0.5516045069326606
16200.000000000002 0.5517371360519038
16210.0 0.551869765171147
16220.000000000002 0.5520244991435975
16230.0 0.5522013379692552
16240.000000000002 0.5523560719417057
16250.0 0.5524665962077416
16259.999999999998 0.5525992253269849
16270.0 0.5528202738590571
16279.999999999998 0.5530413223911291
16290.0 0.5531297418039579
16299.999999999998 0.5531960563635796
16310.0 0.5533728951892373
16319.999999999998 0.5536160485745165
16330.0 0.5538592019597958
16339.999999999998 0.5540360407854534
16350.0 0.5541907747579039
16359.999999999998 0.5543455087303544
16370.0 0.5545444524092192
16379.999999999998 0.554743396088084
16390.0 0.5549202349137418
16400.0 0.555052864032985
16410.0 0.5551412834458138
16420.0 0.5552739125650571
16430.0 0.5555170659503363
16440.0 0.5557381144824084
16450.0 0.5558486387484445
16460.0 0.5558707436016517
16470.0 0.5559812678676878
16480.0 0.5560917921337237
16490.0 0.5561802115465525
16500.0 0.556334945519003
16510.0 0.5566223086106967
16520.0 0.5568212522895616
16530.0 0.55675493772994
16540.0 0.5567107280235255
16550.0 0.5569096717023905
16560.0 0.5571970347940841
16570.0 0.5573517687665346
16580.0 0.5574401881793634
16590.0 0.5575286075921922
16600.0 0.5577054464178499
16610.0 0.5579707046563364
16620.0 0.558147543481994
16630.0 0.5580591240691652
16640.0 0.5579707046563364
16650.0 0.558147543481994
16660.0 0.5584128017204805
16670.0 0.5586117453993454
16680.0 0.5586559551057598
16690.0 0.5586117453993454
16700.0 0.5585675356929309
16710.0 0.5587001648121742
16720.0 0.5588327939314175
16730.0 0.5588548987846247
16740.0 0.558877003637832
16750.0 0.5590538424634895
16760.0 0.5592306812891472
16770.0 0.5593412055551833
16780.0 0.5594296249680122
16790.0 0.5595843589404625
16800.0 0.5597833026193274
16810.0 0.5598938268853635
16820.0 0.5600043511513995
16830.0 0.5601148754174355
16840.0 0.5602253996834716
16850.0 0.560269609389886
16860.0 0.5603359239495076
16870.0 0.5604464482155437
16880.0 0.5605569724815797
16890.0 0.560689601600823
16900.0 0.5607780210136518
16910.0 0.5608443355732734
16920.0 0.5609769646925166
16930.0 0.5612201180777959
16940.0 0.5614190617566608
16950.0 0.561441166609868
16960.0 0.5615074811694897
16970.0 0.5617727394079761
16980.0 0.5620158927932554
16990.0 0.5619937879400483
17000.0 0.561971683086841
17010.0 0.5622148364721203
17020.0 0.5625685141234356
17030.0 0.5628116675087149
17040.0 0.562922191774751
17050.0 0.5629442966279581
17060.0 0.5629885063343726
17070.0 0.5631874500132374
17080.0 0.5634084985453095
17090.0 0.56356323251776
17100.0 0.5636516519305887
17110.0 0.563784281049832
17120.0 0.5639390150222825
17130.0 0.5641158538479402
17140.0 0.5642263781139762
17150.0 0.5642926926735978
17160.0 0.564425321792841
17170.0 0.5648011042973635
17180.0 0.565154781948679
17190.0 0.5652653062147149
17200.0 0.5652874110679221
17210.0 0.5654421450403726
17220.0 0.5656189838660303
17230.0 0.5657737178384807
17240.0 0.5659063469577239
17250.0 0.5661273954897961
17260.0 0.5663263391686608
17270.0 0.5664368634346969
17280.0 0.5665031779943186
17290.0 0.5666137022603546
17300.0 0.5667905410860122
17310.0 0.5670115896180844
17320.0 0.5672105332969491
17330.0 0.5673652672693996
17340.0 0.5675421060950573
17350.0 0.5677410497739221
17360.0 0.5679178885995798
17370.0 0.5680063080124087
17380.0 0.5680284128656159
17390.0 0.5680063080124087
17400.0 0.5680505177188231
17410.0 0.5683157759573096
17420.0 0.5686252439022105
17430.0 0.568779977874661
17440.0 0.5688905021406969
17450.0 0.5690452361131475
17460.0 0.5691778652323907
17470.0 0.5692220749388051
17480.0 0.569199970085598
17490.0 0.5692662846452196
17500.0 0.5693325992048411
17510.0 0.5693768089112556
17520.0 0.5695094380304988
17530.0 0.5697525914157782
17540.0 0.5699957448010573
17550.0 0.5700841642138863
17560.0 0.5700841642138863
17570.0 0.5700841642138863
17580.0 0.5701283739203007
17590.0 0.5702167933331295
17600.0 0.5703273175991654
17610.0 0.5704820515716159
17620.0 0.5705704709844448
17630.0 0.5705483661312376
17640.0 0.5705262612780303
17650.0 0.5706367855440664
17660.0 0.5707915195165169
17670.0 0.5708357292229312
17680.0 0.5708357292229312
17690.0 0.570813624369724
17700.0 0.5707915195165169
17710.0 0.5707915195165169
17720.0 0.5707915195165169
17730.0 0.570813624369724
17740.0 0.5708578340761384
17750.0 0.5709683583421745
17760.0 0.5710567777550034
17770.0 0.5710567777550034
17780.0 0.5710567777550034
17790.0 0.5710788826082105
17800.0 0.5711009874614178
17810.0 0.5709683583421745
17820.0 0.5707252049568953
17830.0 0.5703494224523727
17840.0 0.5699073253882285
17850.0 0.5694431234708771
17860.0 0.5689347118471114
17870.0 0.5682936711041023
17880.0 0.5674094769758141
17890.0 0.566237919755832
17900.0 0.5646684751781204
17910.0 0.5625906189766429
17920.0 0.5599601414449851
17930.0 0.5566886231703184
17940.0 0.5528423787122642
17950.0 0.5483329886579938
17960.0 0.542917299622228
17970.0 0.5363079485132729
17980.0 0.5285491450375429
17990.0 0.5197293086078671
18000.0 0.5097379149582092
18010.0 0.4984644398225333
18020.0 0.4857320443751817
18030.0 0.47145230920332554
18040.0 0.45573575857300086
18050.0 0.4386929167502437
18060.0 0.42041220314788297
18070.0 0.4009599323255402
18080.0 0.3804466285492515
18090.0 0.3590270257914672
18100.0 0.3368558580246379
18110.0 0.3141099640744212
18120.0 0.2911209167389252
18130.0 0.26810976455022206
18140.0 0.24531966089359086
18150.0 0.22288323488827508
18160.0 0.2010657447727611
18170.0 0.1800661342259138
18180.0 0.16003913722018365
18190.0 0.14109527802160665
18200.0 0.12345560516225493
18210.0 0.10723064290816448
18220.0 0.09239828640612813
18230.0 0.07898064050935306
18240.0 0.06697770521783929
18250.0 0.05630106111875797
18260.0 0.046928603358901914
18270.0 0.03879401737864949
18280.0 0.03176467405875744
18290.0 0.02579636369281137
18300.0 0.020756457161568015
18310.0 0.016556535052198555
18320.0 0.01308607309866695
18330.0 0.010256651888144366
18340.0 0.007957747154594767
18350.0 0.006123044338396529
18360.0 0.004664124026720822
18370.0 0.0035146716599460223
18380.0 0.002630477531657715
18390.0 0.0019452270822342764
18400.0 0.0014368154584684994
18410.0 0.0010389281007387612
18420.0 0.0007515650090450613
18430.0 0.0005305164769729844
18440.0 0.00037578250452253065
18450.0 0.0002652582384864922
18460.0 0.00017683882565766148
18470.0 0.0001326291192432461
18480.0 8.841941282883074e-05
18490.0 6.631455962162305e-05
18500.0 4.420970641441537e-05
18510.0 2.2104853207207685e-05
18520.0 2.2104853207207685e-05
18530.0 0.0
