mejiro/data/roman_filter_response/RomanSCA01-Grism_1stOrder.ecsv
# %ECSV 1.0
# ---
# datatype:
# - {name: wavelength, unit: Angstrom, datatype: float64}
# - {name: response, datatype: float64}
# meta:
#   __serialized_columns__:
#     wavelength:
#       __class__: astropy.units.quantity.Quantity
#       unit: !astropy.units.Unit {unit: Angstrom}
#       value: !astropy.table.SerializedColumn {name: wavelength}
#   band_name: Grism_1stOrder
#   group_name: RomanSCA01
# schema: astropy-2.0
wavelength response
9920.0 0.0
9930.0 2.2104853207207685e-05
9940.0 0.0001547339724504538
9950.0 0.0009947183943243459
9960.0 0.004840962852378483
9970.0 0.017131261235585955
9980.0 0.04493916657025323
9990.0 0.08954676034239833
10000.0 0.1403437130125616
10009.999999999998 0.18150294968438233
10020.0 0.20553092512061705
10029.999999999998 0.2160307303940407
10040.0 0.22003170882454529
10049.999999999998 0.22199904075998678
10060.0 0.22352427563128413
10069.999999999998 0.22498319594295982
10080.0 0.22644211625463553
10089.999999999998 0.2278568268598968
10100.0 0.22929364231836535
10109.999999999998 0.23075256263004104
10120.0 0.23223358779492395
10129.999999999998 0.23369250810659964
10140.0 0.23512932356506816
10149.999999999998 0.23652192931712224
10160.0 0.23793663992238354
10169.999999999998 0.23937345538085203
10180.0 0.2408544805457349
10189.999999999998 0.24229129600420346
10200.0 0.24372811146267195
10209.999999999998 0.24514282206793322
10220.0 0.24657963752640172
10230.0 0.24801645298487027
10240.0 0.24943116359013154
10250.0 0.25084587419539284
10260.0 0.2522384799474469
10270.0 0.253631085699501
10280.0 0.25502369145155507
10290.0 0.2564826117632308
10300.0 0.2579194272216993
10310.0 0.2592899281205462
10320.0 0.2606383241661858
10330.0 0.2620309299182399
10340.0 0.26344564052350117
10350.0 0.26483824627555524
10360.0 0.2662087471744021
10370.0 0.267579248073249
10380.0 0.2689276441188887
10390.0 0.27027604016452833
10400.0 0.2716023313569608
10410.0 0.27292862254939326
10420.0 0.27427701859503295
10430.0 0.2756696243470871
10440.0 0.27704012524593397
10450.0 0.27830010187874477
10460.0 0.27953797365834837
10470.0 0.2808421599975736
10480.0 0.2822126608964205
10490.0 0.2835831617952674
10500.0 0.2848873481344926
10510.0 0.2861252199140963
10520.0 0.2873409868404927
10530.0 0.28862306832651075
10540.0 0.28994935951894324
10550.0 0.2912535458581685
10560.0 0.2925356273441865
10570.0 0.29379560397699733
10580.0 0.29498926605018655
10590.0 0.2961387184169613
10600.0 0.29728817078373615
10610.0 0.2985260425633398
10620.0 0.29978601919615067
10630.0 0.3010238909757542
10640.0 0.30219544819573624
10650.0 0.30332279570930387
10660.0 0.30445014322287145
10670.0 0.3056217004428535
10680.0 0.30679325766283544
10690.0 0.30794271002961027
10700.0 0.3090921623963851
10710.0 0.31026371961636706
10720.0 0.3114352768363491
10730.0 0.31260683405633105
10740.0 0.3137562864231059
10750.0 0.3149499484962951
10760.0 0.31609940086306987
10770.0 0.3171825386702231
10780.0 0.31824357162416905
10790.0 0.31932670943132224
10800.0 0.3204319520916826
10810.0 0.32160350931166465
10820.0 0.3227529616784394
10830.0 0.3238139946323854
10840.0 0.32485292273312416
10850.0 0.32598027024669174
10860.0 0.3271297226134665
10870.0 0.3281907555674125
10880.0 0.32920757881494406
10890.0 0.33026861176889005
10900.0 0.33135174957604324
10910.0 0.3324127825299892
10920.0 0.3334738154839351
10930.0 0.3345127435846739
10940.0 0.3355295668322055
10950.0 0.3365905997861514
10960.0 0.3376295278868902
10970.0 0.33866845598762896
10980.0 0.33979580350119654
10990.0 0.3411663044000434
11000.0 0.3425368052988903
11010.0 0.3436420479592507
11020.0 0.3446146615003678
11030.0 0.3456756944543138
11040.000000000002 0.34678093711467417
11050.0 0.34788617977503455
11060.000000000002 0.34896931758218774
11070.0 0.3500745602425481
11080.000000000002 0.3511576980497013
11090.0 0.3521303115908184
11100.000000000002 0.3531250299851428
11110.0 0.35423027264550316
11120.000000000002 0.35535762015907074
11130.0 0.35641865311301674
11140.000000000002 0.3574796860669627
11150.0 0.3586070335805303
11160.000000000002 0.35969017138768344
11170.0 0.36064068007559336
11180.000000000002 0.3615911887635033
11190.0 0.3626964314238637
11200.000000000002 0.3638016740842241
11210.0 0.36479639247854845
11220.000000000002 0.3657911108728728
11230.0 0.36685214382681874
11240.000000000002 0.3678910719275575
11250.0 0.36879737090905307
11259.999999999998 0.3696594601841341
11270.0 0.37060996887204406
11279.999999999998 0.3716046872663684
11290.0 0.3725994056606927
11299.999999999998 0.3735941240550171
11310.0 0.3746109473025487
11319.999999999998 0.375605665696873
11330.0 0.37655617438478295
11339.999999999998 0.37748457821948567
11350.0 0.3784129820541884
11359.999999999998 0.3793413858888911
11370.0 0.3802255800171794
11379.999999999998 0.3811318789986749
11390.0 0.3820823876865848
11399.999999999998 0.3830771060809092
11410.0 0.38402761476881914
11419.999999999998 0.38493391375031466
11430.0 0.38577389817218855
11439.999999999998 0.38661388259406243
11450.0 0.3874980767223507
11459.999999999998 0.3884264805570535
11470.0 0.38928856983213456
11480.0 0.39012855425400844
11490.0 0.3909243289694679
11500.0 0.39174220853813463
11510.0 0.3925821929600085
11520.0 0.393377967675468
11530.0 0.394129532684513
11540.0 0.3949032025467653
11550.0 0.3957652918218464
11560.0 0.3966052762437203
11570.0 0.3972905266931437
11580.0 0.39797577714256716
11590.0 0.39874944700481946
11600.0 0.39954522172027895
11610.0 0.40031889158253114
11620.0 0.40104835173836906
11630.0 0.401689392481378
11640.0 0.4023525380775943
11650.0 0.4030598933802249
11660.0 0.4037672486828556
11670.0 0.40445249913227904
11680.0 0.40515985443490965
11690.0 0.40591141944395476
11700.0 0.40661877474658537
11710.0 0.4071935009299728
11720.0 0.40772401740694575
11730.0 0.40832084844354033
11740.0 0.4089618891865494
11750.0 0.40960292992955843
11760.0 0.4102218658193602
11770.0 0.41084080170916204
11780.0 0.41148184245217106
11790.0 0.41218919775480173
11800.0 0.41287444820422514
11810.0 0.4134712792408198
11820.0 0.41402390057099997
11830.0 0.41462073160759455
11840.0 0.4152175626441892
11850.0 0.4157701839743694
11860.0 0.41625649074492793
11870.0 0.4167427975154865
11880.0 0.4172954188456667
11890.0 0.4178922498822613
11900.0 0.4184669760656487
11910.0 0.41893117798300006
11920.0 0.4193953799003514
11930.0 0.4199701060837388
11940.0 0.42052272741391905
11950.0 0.42096482447806316
11960.0 0.4214069215422073
11970.0 0.4219595428723875
11980.0 0.4225121642025677
11990.0 0.42297636611991907
12000.0 0.42341846318406323
12010.0 0.423926874807829
12020.0 0.4244352864315947
12030.0 0.4249436980553606
12040.0 0.42545210967912633
12050.0 0.42598262615609933
12060.0 0.4264910377798651
12070.0 0.42691102999080205
12080.0 0.4272868124953246
12090.0 0.4276625949998471
12100.0 0.42808258721078407
12110.0 0.4285909988345498
12120.0 0.4290773056051084
12130.0 0.4294309832564237
12140.0 0.42978466090773904
12150.0 0.43022675797188314
12160.0 0.430735169595649
12170.0 0.43124358121941475
12180.0 0.4316856782835589
12190.0 0.432017251081667
12200.0 0.43237092873298233
12210.0 0.4328351306503337
12220.0 0.43332143742089224
12230.0 0.43369721992541477
12240.0 0.4340730024299373
12250.0 0.43449299464087426
12260.0 0.43493509170501843
12270.0 0.43528876935633376
12280.0 0.43562034215444184
12290.000000000002 0.43601822951217156
12300.0 0.43641611686990134
12310.000000000002 0.4367255848148022
12320.0 0.4369908430532888
12330.000000000002 0.4373003109981896
12340.0 0.43763188379629775
12350.000000000002 0.4379634565944059
12360.0 0.4382729245393068
12370.000000000002 0.4385381827777933
12380.0 0.4388476507226942
12390.000000000002 0.43924553808042394
12400.0 0.4395992157317392
12410.000000000002 0.4398202642638113
12420.0 0.4400192079426762
12430.000000000002 0.4403949904471987
12440.0 0.44077077295172123
12450.000000000002 0.44099182148379334
12460.0 0.44114655545624376
12470.000000000002 0.4414339185479375
12480.0 0.4417654913460456
12490.000000000002 0.4420749592909465
12500.0 0.4423181126762258
12509.999999999998 0.44253916120829784
12520.0 0.4427381048871627
12529.999999999998 0.4429370485660276
12540.0 0.4431802019513069
12549.999999999998 0.4434675650430006
12560.0 0.4437328232814871
12569.999999999998 0.44395387181355916
12580.0 0.4440865009328024
12589.999999999998 0.444152815492424
12600.0 0.4442854446116673
12609.999999999998 0.44455070285015374
12620.0 0.44483806594184744
12629.999999999998 0.44503700962071235
12640.0 0.44521384844637
12649.999999999998 0.4454127921252349
12660.0 0.4455675260976853
12669.999999999998 0.4456559455105141
12680.0 0.44572226007013577
12689.999999999998 0.44587699404258624
12700.0 0.44607593772145104
12709.999999999998 0.44625277654710876
12720.0 0.44642961537276643
12730.0 0.44662855905163135
12740.0 0.4467832930240817
12750.0 0.4467832930240817
12760.0 0.44680539787728896
12770.0 0.4470043415561539
12780.0 0.4472695997946403
12790.0 0.44746854347350523
12800.0 0.44755696288633406
12810.0 0.4475348580331268
12820.0 0.44755696288633406
12830.0 0.44766748715237004
12840.0 0.44784432597802765
12850.0 0.44804326965689256
12860.0 0.4481758987761358
12870.0 0.4482422133357575
12880.0 0.44828642304217187
12890.0 0.44839694730820795
12900.0 0.44852957642745117
12910.0 0.44864010069348714
12920.0 0.448728520106316
12930.0 0.44877272981273036
12940.0 0.44883904437235206
12950.0 0.4489716734915953
12960.0 0.44908219775763136
12970.0 0.4491043026108385
12980.0 0.44914851231725295
12990.0 0.4492811414364963
13000.0 0.44943587540894664
13010.0 0.4495021899685683
13020.0 0.44952429482177547
13030.0 0.44952429482177547
13040.0 0.4495906093813971
13050.0 0.44967902879422594
13060.0 0.44981165791346917
13070.0 0.44996639188591964
13080.0 0.45007691615195566
13090.0 0.45012112585837016
13100.0 0.4502537549776134
13110.0 0.4504969083628926
13120.0 0.4506958520417575
13130.0 0.45067374718855036
13140.0 0.4505853277757215
13150.0 0.4506295374821359
13160.0 0.4507400617481719
13170.0 0.45085058601420797
13180.0 0.4509390054270368
13190.0 0.45096111028024394
13200.0 0.45096111028024394
13210.0 0.45102742483986563
13220.0 0.4511379491059017
13230.0 0.45120426366552324
13240.0 0.45127057822514494
13250.0 0.4513147879315593
13260.0 0.4513811024911809
13270.0 0.45144741705080255
13280.0 0.4514695219040098
13290.0 0.45144741705080255
13300.0 0.45144741705080255
13310.0 0.4515358364636314
13320.0 0.4516684655828746
13330.0 0.45175688499570343
13340.0 0.45175688499570343
13350.0 0.4517347801424963
13360.0 0.45171267528928905
13370.0 0.4518010947021178
13380.0 0.45184530440853227
13390.0 0.45175688499570343
13400.0 0.4516021510232531
13410.0 0.45155794131683863
13420.0 0.4516021510232531
13430.0 0.45164636072966746
13440.0 0.4516684655828746
13450.0 0.4516684655828746
13460.0 0.4516684655828746
13470.0 0.4516684655828746
13480.0 0.45164636072966746
13490.0 0.4516021510232531
13500.0 0.45151373161042424
13510.0 0.4514253121975953
13520.0 0.4513147879315593
13530.0 0.4511821588123161
13540.000000000002 0.45107163454628
13550.0 0.45102742483986563
13560.000000000002 0.4509390054270368
13570.0 0.4507400617481719
13580.000000000002 0.4505853277757215
13590.0 0.450541118069307
13600.000000000002 0.4504969083628926
13610.0 0.45032006953723497
13620.000000000002 0.45007691615195566
13630.0 0.44987797247309086
13640.000000000002 0.44967902879422594
13650.0 0.4495021899685683
13660.000000000002 0.44936956084932506
13670.0 0.4493032462897034
13680.000000000002 0.44923693173008183
13690.0 0.44908219775763136
13700.000000000002 0.44888325407876645
13710.0 0.4486843103999016
13720.000000000002 0.44846326186782953
13730.0 0.44828642304217187
13740.000000000002 0.4481095842165142
13750.0 0.44795485024406373
13759.999999999998 0.4478222211248205
13770.0 0.44764538229916284
13779.999999999998 0.44742433376709073
13790.0 0.44715907552860423
13799.999999999998 0.4468938172901178
13810.0 0.44667276875804574
13819.999999999998 0.4464738250791808
13830.0 0.4462085668406944
13839.999999999998 0.44589909889579343
13850.0 0.4455454212444781
13859.999999999998 0.44523595329957727
13870.0 0.4450149047675051
13879.999999999998 0.44483806594184744
13890.0 0.444572807703361
13899.999999999998 0.44435175917128894
13910.0 0.44430754946487444
13919.999999999998 0.4442191300520456
13930.0 0.44393176696035197
13939.999999999998 0.4435780893090366
13950.0 0.44326862136413575
13959.999999999998 0.4430475728320637
13970.0 0.44291494371282036
13980.0 0.44271600003395556
13990.0 0.44236232238264017
14000.0 0.44196443502491045
14010.0 0.4416107573735951
14020.0 0.4413454991351086
14030.0 0.44114655545624376
14040.0 0.4409255069241717
14050.0 0.440638143832478
14060.0 0.4402844661811627
14070.0 0.43988657882343296
14080.0 0.43953290117211763
14090.0 0.4391792235208023
14100.0 0.4387813361630726
14110.0 0.43829502939251397
14120.0 0.4378529323283698
14130.0 0.43756556923667617
14140.0 0.43732241585139686
14150.0 0.4369466333468743
14160.0 0.4365266411359374
14170.0 0.43612875377820765
14180.0 0.4357971809800995
14190.0 0.4355540275948202
14200.0 0.43533297906274815
14210.0 0.43506772082426165
14220.0 0.4348687771453968
14230.0 0.4348245674389824
14240.0 0.4348687771453968
14250.0 0.4348245674389824
14260.0 0.4346477286133247
14270.0 0.43436036552163104
14280.0 0.4340730024299373
14290.0 0.433829849044658
14300.0 0.4336530102190004
14310.0 0.43340985683372113
14320.0 0.4331445985952346
14330.0 0.4328793403567481
14340.0 0.43263618697146883
14350.0 0.4323930335861895
14360.0 0.43217198505411747
14370.0 0.43190672681563097
14380.0 0.4316193637239372
14390.0 0.43128779092582914
14400.0 0.43097832298092825
14410.0 0.4307572744488562
14420.0 0.4305804356231985
14430.0 0.4303372822379192
14440.0 0.43002781429301834
14450.0 0.429674136641703
14460.0 0.42934256384359487
14470.0 0.429033095898694
14480.0 0.4287899425134147
14490.0 0.42854678912813543
14500.0 0.4283478454492705
14510.0 0.42812679691719846
14520.0 0.42786153867871196
14530.0 0.42750786102739663
14540.0 0.42717628822928855
14550.0 0.42691102999080205
14560.0 0.42666787660552274
14570.0 0.42638051351382905
14580.0 0.42609315042213536
14590.0 0.4258721018900633
14600.0 0.425628948504784
14610.0 0.42531948055988306
14620.0 0.42501001261498217
14630.0 0.42474475437649567
14640.0 0.424457391284802
14650.0 0.4241258184866939
14660.0 0.42379424568858576
14670.0 0.42355109230330645
14680.0 0.4233300437712344
14690.0 0.4230868903859551
14700.0 0.4227995272942614
14710.0 0.4224237447897389
14720.0 0.42207006713842354
14730.0 0.4218490186063515
14740.0 0.4216279700742794
14750.0 0.4213406069825857
14760.0 0.421053243890892
14770.0 0.4207658807991983
14780.0 0.42047851770750455
14790.000000000002 0.4201911546158109
14800.0 0.4199258963773244
14810.000000000002 0.4196827429920451
14820.0 0.4194174847535586
14830.000000000002 0.4191080168086577
14840.0 0.41877644401054964
14850.000000000002 0.4185111857720631
14860.0 0.4182238226803694
14870.000000000002 0.4179364595886757
14880.0 0.4176048867905676
14890.000000000002 0.4172733139924595
14900.0 0.4169638460475586
14910.000000000002 0.4166985878090721
14920.0 0.41641122471737835
14930.000000000002 0.4161017567724775
14940.0 0.4157701839743694
14950.000000000002 0.4155270305890901
14960.0 0.41528387720381077
14970.000000000002 0.4149965141121171
14980.0 0.41464283646080174
14990.000000000002 0.4142670539562793
15000.0 0.41393548115817114
15009.999999999998 0.4136481180664774
15020.0 0.41338285982799094
15029.999999999998 0.41311760158950445
15040.0 0.4128302384978107
15049.999999999998 0.41254287540611706
15060.0 0.4122555123144233
15069.999999999998 0.4119460443695224
15080.0 0.41161447157141434
15089.999999999998 0.4112386890668918
15100.0 0.41086290656236923
15109.999999999998 0.41057554347067554
15120.0 0.4103544949386035
15129.999999999998 0.410089236700117
15140.0 0.40977976875521605
15149.999999999998 0.40942609110390077
15160.0 0.40902820374617105
15169.999999999998 0.40865242124164847
15180.0 0.40827663873712594
15189.999999999998 0.4079450659390178
15200.0 0.4075913882877025
15209.999999999998 0.4072819203428016
15220.0 0.4069503475446935
15230.0 0.40661877474658537
15240.0 0.4062872019484773
15250.0 0.40595562915036915
15260.0 0.4056461612054682
15270.0 0.40535879811377457
15280.0 0.40500512046245923
15290.0 0.4046293379579367
15300.0 0.4042756603066214
15310.0 0.4039882972149276
15320.0 0.403700934123234
15330.0 0.4033030467655042
15340.0 0.4028830545545673
15350.0 0.4024851671968375
