mejiro/data/roman_filter_response/RomanSCA02-Grism_1stOrder.ecsv
# %ECSV 1.0
# ---
# datatype:
# - {name: wavelength, unit: Angstrom, datatype: float64}
# - {name: response, datatype: float64}
# meta:
#   __serialized_columns__:
#     wavelength:
#       __class__: astropy.units.quantity.Quantity
#       unit: !astropy.units.Unit {unit: Angstrom}
#       value: !astropy.table.SerializedColumn {name: wavelength}
#   band_name: Grism_1stOrder
#   group_name: RomanSCA02
# schema: astropy-2.0
wavelength response
[from data line 546]
15390.0 0.4357308664204779
15400.0 0.4353992936223698
15410.0 0.43500140626464007
15420.0 0.43453720434728865
15430.0 0.4340730024299373
15440.0 0.4336751150722076
15450.0 0.4333877519805139
15460.0 0.4331003888888202
15470.0 0.43272460638429766
15480.0 0.43234882387977513
15490.0 0.43197304137525255
15500.0 0.43159725887073
15510.0 0.43113305695337867
15520.0 0.4306909598892345
15530.0 0.43029307253150484
15540.0 0.4299393948801895
15550.0 0.429563612375667
15560.0 0.4291215153115228
15570.0 0.42863520854096426
15580.0 0.4281931114768201
15590.0 0.42783943382550477
15600.0 0.42748575617418944
15610.0 0.4270215542568381
15620.0 0.4265794571926939
15630.0 0.42626998924779297
15640.0 0.42596052130289214
15650.0 0.42554052909195517
15660.0 0.4250763271746038
15670.0 0.42463423011045964
15680.0 0.4242584476059371
15690.0 0.4239489796610362
15700.0 0.42357319715651365
15710.0 0.42304268067954065
15720.0 0.4225342690557749
15730.0 0.42218059140445957
15740.0 0.4218932283127659
15750.0 0.42151744580824335
15760.0 0.4210753487440992
15770.0 0.42058904197354063
15780.0 0.4201027352029821
15790.0 0.4196827429920451
15800.0 0.4192627507811082
15810.0 0.41882065371696403
15820.0 0.41840066150602706
15830.0 0.41802487900150453
15840.0 0.417649096496982
15850.0 0.41718489457963065
15860.0 0.4167427975154865
15870.0 0.41638911986417115
15880.0 0.41605754706606307
15890.0 0.41565965970833335
15900.0 0.4152175626441892
15910.0 0.414775465580045
15920.0 0.41435547336910805
15930.0 0.41402390057099997
15940.0 0.41367022291968464
15950.0 0.41325023070874767
15960.0 0.4127639239381891
15970.0 0.41232182687404495
15980.0 0.41192393951631523
15990.0 0.41159236671820715
16000.0 0.411260793920099
16010.0 0.41086290656236923
16020.0 0.4104208094982251
16030.0 0.41000081728728816
16040.000000000002 0.40960292992955843
16050.0 0.40922714742503585
16060.000000000002 0.4088513649205133
16070.0 0.40851979212240525
16080.000000000002 0.4081440096178827
16090.0 0.40772401740694575
16100.000000000002 0.40732613004921603
16110.0 0.4069945572511079
16120.000000000002 0.40664087959979256
16130.0 0.4061987825356484
16140.000000000002 0.4057787903247115
16150.0 0.40542511267339615
16160.000000000002 0.40511564472849526
16170.0 0.4047840719303871
16180.000000000002 0.40445249913227904
16190.0 0.4040546117745493
16200.000000000002 0.40365672441681955
16210.0 0.4032588370590898
16220.000000000002 0.40286094970136005
16230.0 0.4025072720500447
16240.000000000002 0.4021314895455222
16250.0 0.401689392481378
16259.999999999998 0.4012915051236483
16270.0 0.4009599323255402
16279.999999999998 0.4006283595274321
16290.0 0.4001862624632879
16299.999999999998 0.39972206054593656
16310.0 0.39934627804141404
16319.999999999998 0.3990368100965131
16330.0 0.3986831324451978
16339.999999999998 0.3983294547938825
16350.0 0.39793156743615277
16359.999999999998 0.397533680078423
16370.0 0.39715789757390046
16379.999999999998 0.39680421992258513
16390.0 0.39642843741806266
16400.0 0.3960305500603329
16410.0 0.3955663481429815
16420.0 0.3951684607852518
16430.0 0.3948147831339365
16440.0 0.39448321033582834
16450.0 0.3940411132716842
16460.0 0.3935548065011256
16470.0 0.39311270943698146
16480.0 0.39269271722604454
16490.0 0.3922506201619004
16500.0 0.39185273280417066
16510.0 0.39154326485926977
16520.0 0.39116748235474724
16530.0 0.390614861024567
16540.0 0.3900622396943868
16550.0 0.3896864571898643
16560.0 0.3893769892449634
16570.0 0.38897910188723367
16580.0 0.3885148999698823
16590.0 0.38807280290573815
16600.0 0.38767491554800837
16610.0 0.3873433427499003
16620.0 0.3869454553921705
16630.0 0.3863707292087831
16640.0 0.38579600302539574
16650.0 0.385398115667666
16660.0 0.3850665428695579
16670.0 0.38469076036503536
16680.0 0.3842044535944768
16690.0 0.3836518322642966
16700.0 0.3831213157873236
16710.0 0.38267921872317945
16720.0 0.38225922651224253
16730.0 0.381772919741684
16740.0 0.3812645081179182
16750.0 0.38086662076018846
16760.0 0.3804687334024587
16770.0 0.3800266363383145
16780.0 0.3795845392741704
16790.0 0.37918665191644063
16800.0 0.3787887645587109
16810.0 0.37834666749456675
16820.0 0.3779045704304226
16830.0 0.3774624733662784
16840.0 0.3770203763021343
16850.0 0.37655617438478295
16860.0 0.37606986761422434
16870.0 0.37562777055008023
16880.0 0.37520777833914326
16890.0 0.3747656812749991
16900.0 0.37432358421085493
16910.0 0.3738593822935036
16920.0 0.37343939008256666
16930.0 0.3730857124312513
16940.0 0.37270992992672874
16950.0 0.372201518302963
16960.0 0.37173731638561164
16970.0 0.3714278484407107
16980.0 0.3710741707893954
16990.0 0.3705436543124224
17000.0 0.3700131378354494
17010.0 0.3696594601841341
17020.0 0.36939420194564765
17030.0 0.3690626291475395
17040.0 0.36862053208339535
17050.0 0.3681121204596296
17060.0 0.36764791854227824
17070.0 0.3672721360377557
17080.0 0.3669184583864404
17090.0 0.3665205710287106
17100.0 0.36607847396456644
17110.0 0.3656584817536295
17120.0 0.3652384895426926
17130.0 0.3648627070381701
17140.0 0.3644427148272331
17150.0 0.36397851290988176
17160.0 0.36355852069894484
17170.0 0.3632932624604583
17180.0 0.36302800422197185
17190.0 0.3625859071578277
17200.0 0.3621217052404763
17210.0 0.36170171302953935
17220.0 0.3613259305250168
17230.0 0.3609280431672871
17240.0 0.36050805095635013
17250.0 0.3601543733050348
17260.0 0.3597785908005123
17270.0 0.3593585985895753
17280.0 0.35889439667222395
17290.0 0.35847440446128703
17300.0 0.3580986219567645
17310.0 0.357722839452242
17320.0 0.35734705694771945
17330.0 0.35697127444319693
17340.0 0.35657338708546715
17350.0 0.3561976045809446
17360.0 0.3557997172232149
17370.0 0.35537972501227794
17380.0 0.3548934182417194
17390.0 0.3543629017647464
17400.0 0.3539208047006022
17410.0 0.35358923190249414
17420.0 0.35325765910438606
17430.0 0.3528597717466563
17440.0 0.35243977953571937
17450.0 0.3520418921779896
17460.0 0.3516218999670527
17470.0 0.3511576980497013
17480.0 0.3506492864259355
17490.0 0.35018508450858415
17500.0 0.3497208825912328
17510.0 0.34925668067388144
17520.0 0.3488366884629445
17530.0 0.3485051156648364
17540.0 0.34815143801352105
17550.0 0.3477093409493769
17560.0 0.34720092932561114
17570.0 0.34671462255505253
17580.0 0.3462504206377012
17590.0 0.3457862187203498
17600.0 0.3453662265094129
17610.0 0.3449683391516831
17620.0 0.34452624208753896
17630.0 0.3440178304637732
17640.0 0.34350941884000746
17650.0 0.3430673217758633
17660.0 0.3426694344181335
17670.0 0.34220523250078216
17680.0 0.3417189257302236
17690.0 0.34121051410645786
17700.0 0.34070210248269206
17710.0 0.34021579571213345
17720.0 0.3397294889415749
17730.0 0.33924318217101634
17740.0 0.3388010851068722
17750.0 0.3383810928959352
17760.0 0.3379611006849983
17770.0 0.33749689876764694
17780.0 0.3370326968502956
17790.0 0.3365905997861514
17800.0 0.33617060757521444
17810.0 0.3357064056578631
17820.0 0.33517588918089014
17830.0 0.33462326785070995
17840.0 0.33409275137373695
17850.0 0.3336064446031784
17860.0 0.3331864523922415
17870.0 0.3327885650345117
17880.0 0.3324127825299892
17890.0 0.33201489517225946
17900.0 0.3315727981081153
17910.0 0.33110859619076394
17920.0 0.3306222894202054
17930.0 0.3300917729432324
17940.0 0.329627571025881
17950.0 0.3292517885213585
17960.0 0.3288760060168359
17970.0 0.3283675943930702
17980.0 0.3278591827693044
17990.0 0.32739498085195307
18000.0 0.3270191983474305
18010.0 0.3266876255493224
18020.0 0.3263118430447998
18030.0 0.32584764112744846
18040.0 0.3253392295036827
18050.0 0.32489713243953855
18060.0 0.32447714022860163
18070.0 0.32407925287087186
18080.0 0.3237255752195565
18090.0 0.32334979271503406
18100.0 0.3229298005040971
18110.0 0.3224877034399529
18120.0 0.3220456063758088
18130.0 0.3216919287244935
18140.0 0.32133825107317815
18150.0 0.32096246856865557
18160.0 0.32056458121092585
18170.0 0.32016669385319607
18180.0 0.3196803870826375
18190.0 0.31910566089925013
18200.0 0.31855303956906994
18210.0 0.3181551522113402
18220.0 0.3178456842664393
18230.0 0.31753621632153844
18240.0 0.3172488532298447
18250.0 0.316961490138151
18260.0 0.3166962318996645
18270.0 0.3163646591015564
18280.0 0.31596677174382665
18290.0 0.3154804649732681
18300.0 0.31499415820270954
18310.0 0.314618375698187
18320.0 0.3142646980468717
18330.0 0.3138004961295203
18340.0 0.31333629421216896
18350.0 0.3129384068544392
18360.0 0.31262893890953825
18370.0 0.3123194709646374
18380.0 0.3119878981665293
18390.0 0.31165632536842114
18400.0 0.3112584380106914
18410.0 0.31083844579975445
18420.0 0.3103742438824031
18430.0 0.30988793711184454
18440.0 0.3094237351944932
18450.0 0.308981638130349
18460.0 0.3085837507726193
18470.0 0.30818586341488957
18480.0 0.30781008091036705
18490.0 0.3074785081122589
18500.0 0.30705851590132194
18510.0 0.306527999424349
18520.0 0.305997482947376
18530.0 0.3056217004428535
18540.0 0.30524591793833095
18550.0 0.3047817160209796
18560.0 0.30429540925042103
18570.0 0.30387541703948406
18580.0 0.30349963453496154
18590.0 0.30310174717723176
18600.0 0.30270385981950204
18610.0 0.30228386760856507
18620.0 0.30188598025083535
18630.0 0.3014438831866912
18640.0 0.3009133667097182
18650.0 0.3002723259667092
18660.0 0.2996754949301146
18670.0 0.2992112930127632
18680.0 0.29881340565503345
18690.0 0.2983492037376821
18700.0 0.29784079211391634
18710.0 0.29731027563694334
18720.0 0.29689028342600643
18730.0 0.2966471300407272
18740.0 0.2963818718022406
18750.0 0.2958734601784749
18760.0 0.2953429437015019
18770.0 0.29492295149056497
18780.0 0.2945250641328352
18790.0 0.29401665250906944
18800.0 0.29348613603209645
18810.0 0.29306614382115953
18820.0 0.29264615161022256
18830.0 0.2921377399864568
18840.0 0.29162932836269095
18850.0 0.2911651264453396
18860.0 0.2907230293811955
18870.0 0.2902146177574297
18880.0 0.28968410128045674
18890.0 0.28913147995027655
18900.0 0.28862306832651075
18910.0 0.2881588664091594
18920.0 0.28753993051935756
18930.0 0.2866557363910693
18940.0 0.2856610179967449
18950.0 0.2847326141620422
18960.0 0.28371579091451066
18970.0 0.2824337094284926
18980.0 0.28095268426360964
18990.0 0.27936113483269076
19000.0 0.2774822223100781
19010.0 0.27511700301690684
19020.0 0.27226547695317704
19030.0 0.26897185382530314
19040.0 0.2651035045140418
19050.0 0.2606162193129786
19060.0 0.25533315939645596
19070.0 0.24923221991126665
19080.0 0.24233550571061788
19090.0 0.23470933135413122
19100.0 0.2263315919885995
19110.0 0.21720228761402272
19120.0 0.20729931337719368
19130.0 0.19664477413131956
19140.0 0.18539340384885086
19150.0 0.17363362194261636
19160.0 0.16149805753185936
19170.0 0.14905302517620142
19180.0 0.13651957340771467
19190.0 0.12403033134564233
19200.0 0.11182845237526369
19210.0 0.10006867046902919
19220.0 0.08875098562693887
19230.0 0.07796381726182151
19240.0 0.0678397944929204
19250.0 0.05846733673306433
19260.0 0.049912758541874956
19270.0 0.04217605991935226
19280.0 0.03530145057191068
19290.0 0.029266825646342972
19300.0 0.024027975436234757
19310.0 0.01951858538196439
19320.0 0.01567234092391025
19330.0 0.012445032355657928
19340.0 0.009792449970793005
19350.0 0.007626174356486652
19360.0 0.005857786099910036
19370.0 0.004465180347855952
19380.0 0.003359937687495568
19390.0 0.0024978484124144685
19400.0 0.001834702816198238
19410.0 0.0013483960456396689
19420.0 0.0009726135411171382
19430.0 0.0006852504494234382
19440.0 0.0004863067705585691
19450.0 0.00033157279810811527
19460.0 0.00022104853207207686
19470.0 0.0001547339724504538
19480.0 0.00011052426603603843
19490.0 6.631455962162305e-05
19500.0 4.420970641441537e-05
19510.0 2.2104853207207685e-05
19520.0 2.2104853207207685e-05
19530.0 2.2104853207207685e-05
19540.0 0.0
