mejiro/data/roman_filter_response/RomanSCA06-F146.ecsv
# %ECSV 1.0
# ---
# datatype:
# - {name: wavelength, unit: Angstrom, datatype: float64}
# - {name: response, datatype: float64}
# meta:
#   __serialized_columns__:
#     wavelength:
#       __class__: astropy.units.quantity.Quantity
#       unit: !astropy.units.Unit {unit: Angstrom}
#       value: !astropy.table.SerializedColumn {name: wavelength}
#   band_name: F146
#   group_name: RomanSCA06
# schema: astropy-2.0
wavelength response
[from data line 567]
14800.0 0.5735104164610034
14810.000000000002 0.5736430455802466
14820.0 0.5737535698462827
14830.000000000002 0.5737756746994899
14840.0 0.5738198844059043
14850.000000000002 0.573886198965526
14860.0 0.5739967232315619
14870.000000000002 0.5740630377911836
14880.0 0.574107247497598
14890.000000000002 0.5741293523508052
14900.0 0.5741735620572197
14910.000000000002 0.5742840863232557
14920.0 0.5743946105892918
14930.000000000002 0.5744609251489133
14940.0 0.5745272397085349
14950.000000000002 0.5746819736809854
14960.0 0.5748588125066431
14970.000000000002 0.574947231919472
14980.0 0.5749914416258863
14990.000000000002 0.5749914416258863
15000.0 0.5750356513323007
15009.999999999998 0.575168280451544
15020.0 0.5753451192772016
15029.999999999998 0.575499853249652
15040.0 0.5756324823688953
15049.999999999998 0.5757872163413458
15060.0 0.575919845460589
15069.999999999998 0.5760524745798322
15080.0 0.5761408939926611
15089.999999999998 0.5761629988458683
15100.0 0.5762072085522827
15109.999999999998 0.5763840473779404
15120.0 0.5766272007632197
15129.999999999998 0.5768482492952918
15140.0 0.5769808784145349
15149.999999999998 0.5770471929741566
15160.0 0.577091402680571
15169.999999999998 0.5771356123869854
15180.0 0.5772240317998143
15189.999999999998 0.5773124512126431
15200.0 0.5774450803318864
15209.999999999998 0.5775777094511295
15220.0 0.5777103385703729
15230.0 0.5778429676896161
15240.0 0.5779755968088593
15250.0 0.5781303307813098
15260.0 0.5783071696069675
15270.0 0.5784840084326252
15280.0 0.5786166375518683
15290.0 0.5787050569646972
15300.0 0.5788155812307333
15310.0 0.5790366297628053
15320.0 0.5792355734416702
15330.0 0.5793018880012918
15340.0 0.579323992854499
15350.0 0.5793903074141207
15360.0 0.5795008316801566
15370.0 0.5795892510929855
15380.0 0.579743985065436
15390.0 0.5799429287443009
15400.0 0.5801418724231656
15410.0 0.5802081869827873
15420.0 0.5802081869827873
15430.0 0.5802081869827873
15440.0 0.5802966063956162
15450.0 0.5805397597808954
15460.0 0.5807829131661748
15470.0 0.5808934374322108
15480.0 0.5810039616982469
15490.0 0.58113659081749
15500.0 0.5812471150835261
15510.0 0.5812471150835261
15520.0 0.5812692199367333
15530.0 0.5813797442027694
15540.0 0.5815344781752197
15550.0 0.5816228975880486
15560.0 0.5816450024412558
15570.0 0.5816228975880486
15580.0 0.5816450024412558
15590.0 0.5818218412669135
15600.0 0.581976575239364
15610.0 0.581976575239364
15620.0 0.581998680092571
15630.0 0.582197623771436
15640.0 0.5824186723035081
15650.0 0.5824849868631298
15660.0 0.5824628820099225
15670.0 0.582507091716337
15680.0 0.5826176159823729
15690.0 0.582838664514445
15700.0 0.5829712936336884
15710.0 0.5828828742208594
15720.0 0.5828165596612378
15730.0 0.5829712936336884
15740.0 0.5832144470189675
15750.0 0.5833470761382108
15760.0 0.583369180991418
15770.0 0.5833470761382108
15780.0 0.5833249712850036
15790.0 0.5833912858446253
15800.0 0.5834797052574541
15810.0 0.5835239149638685
15820.0 0.58359022952349
15830.0 0.5837228586427333
15840.0 0.5838554877619766
15850.0 0.5838554877619766
15860.0 0.5838775926151838
15870.0 0.5840544314408415
15880.0 0.5842533751197063
15890.0 0.5843860042389496
15900.0 0.584430213945364
15910.0 0.5844523187985712
15920.0 0.5845407382114001
15930.0 0.5847396818902649
15940.0 0.5849165207159226
15950.0 0.5850049401287514
15960.0 0.5850049401287514
15970.0 0.5850491498351659
15980.0 0.585159674101202
15990.0 0.5854028274864811
16000.0 0.585601771165346
16010.0 0.585712295431382
16020.0 0.5857565051377965
16030.0 0.5858670294038325
16040.000000000002 0.5859996585230757
16050.0 0.5861543924955261
16060.000000000002 0.5863312313211838
16070.0 0.5865301750000487
16080.000000000002 0.5867070138257063
16090.0 0.5868175380917424
16100.000000000002 0.5869501672109857
16110.0 0.5871712157430578
16120.000000000002 0.5873701594219226
16130.0 0.5874585788347514
16140.000000000002 0.5875469982475803
16150.0 0.5877459419264451
16160.000000000002 0.5880112001649316
16170.0 0.5882764584034181
16180.000000000002 0.5884975069354902
16190.0 0.5886743457611479
16200.000000000002 0.5888069748803911
16210.0 0.5889617088528416
16220.000000000002 0.5891385476784993
16230.0 0.5893374913573641
16240.000000000002 0.5895143301830218
16250.0 0.5896248544490579
16259.999999999998 0.5897795884215082
16270.0 0.5900227418067876
16279.999999999998 0.5902658951920668
16290.0 0.5903764194581028
16299.999999999998 0.5904427340177245
16310.0 0.5906637825497966
16319.999999999998 0.590929040788283
16330.0 0.5911942990267696
16339.999999999998 0.5913932427056343
16350.0 0.5915700815312921
16359.999999999998 0.5917469203569498
16370.0 0.5919679688890218
16379.999999999998 0.5921890174210939
16390.0 0.592410065953166
16400.0 0.5925647999256164
16410.0 0.5926753241916525
16420.0 0.592830058164103
16430.0 0.5931174212557966
16440.0 0.5933826794942831
16450.0 0.5934932037603191
16460.0 0.5935595183199408
16470.0 0.5936700425859769
16480.0 0.5938247765584272
16490.0 0.5939353008244633
16500.0 0.5941342445033282
16510.0 0.5944437124482291
16520.0 0.5946868658335084
16530.0 0.594642656127094
16540.0 0.5946205512738867
16550.0 0.5948415998059587
16560.0 0.5951731726040669
16570.0 0.5953721162829319
16580.0 0.5954826405489679
16590.0 0.5955931648150039
16600.0 0.595814213347076
16610.0 0.5961236812919769
16620.0 0.5963226249708418
16630.0 0.5962563104112201
16640.0 0.5961899958515985
16650.0 0.5963889395304633
16660.0 0.5967205123285715
16670.0 0.5969415608606435
16680.0 0.5970299802734723
16690.0 0.5969636657138507
16700.0 0.5969636657138507
16710.0 0.5971183996863012
16720.0 0.5972952385119589
16730.0 0.5973394482183734
16740.0 0.5973836579247878
16750.0 0.5975604967504454
16760.0 0.5977815452825174
16770.0 0.5979141744017606
16780.0 0.5980246986677967
16790.0 0.5982236423466616
16800.0 0.5984446908787336
16810.0 0.5985773199979769
16820.0 0.598687844264013
16830.0 0.5988425782364634
16840.0 0.5989531025024994
16850.0 0.5990194170621211
16860.0 0.5990857316217427
16870.0 0.5992183607409859
16880.0 0.5993509898602292
16890.0 0.5994836189794724
16900.0 0.5995941432455084
16910.0 0.5996825626583373
16920.0 0.5998151917775805
16930.0 0.600080450016067
16940.0 0.6002793936949319
16950.0 0.6003014985481391
16960.0 0.6003678131077608
16970.0 0.6006551761994544
16980.0 0.6008983295847337
16990.0 0.6008762247315266
17000.0 0.6008320150251122
17010.0 0.6010751684103913
17020.0 0.6014509509149139
17030.0 0.6016941043001932
17040.0 0.601782523713022
17050.0 0.601782523713022
17060.0 0.6018046285662293
17070.0 0.602003572245094
17080.0 0.6022246207771662
17090.0 0.6023572498964095
17100.0 0.6024235644560311
17110.0 0.602534088722067
17120.0 0.6026667178413103
17130.0 0.6028214518137608
17140.0 0.6029319760797968
17150.0 0.6029540809330041
17160.0 0.6030867100522472
17170.0 0.6034403877035627
17180.0 0.6037719605016707
17190.0 0.6038603799144995
17200.0 0.6038603799144995
17210.0 0.6039930090337429
17220.0 0.6041698478594004
17230.0 0.6042803721254365
17240.0 0.6043908963914725
17250.0 0.6045898400703374
17260.0 0.6047887837492023
17270.0 0.6048550983088239
17280.0 0.6048772031620312
17290.0 0.6049877274280672
17300.0 0.6051424614005176
17310.0 0.6053414050793825
17320.0 0.6055182439050402
17330.0 0.6056729778774906
17340.0 0.605827711849941
17350.0 0.6060045506755987
17360.0 0.6061592846480491
17370.0 0.6062255992076708
17380.0 0.6062255992076708
17390.0 0.6061592846480491
17400.0 0.6062034943544635
17410.0 0.60646875259295
17420.0 0.6067561156846437
17430.0 0.6069108496570942
17440.0 0.6069992690699231
17450.0 0.6071540030423735
17460.0 0.6072866321616167
17470.0 0.6073087370148239
17480.0 0.6072866321616167
17490.0 0.6073308418680312
17500.0 0.6073971564276527
17510.0 0.6074413661340673
17520.0 0.6075739952533105
17530.0 0.6078392534917969
17540.0 0.6080824068770763
17550.0 0.608170826289905
17560.0 0.608170826289905
17570.0 0.6081929311431122
17580.0 0.6082592457027339
17590.0 0.6083476651155627
17600.0 0.608480294234806
17610.0 0.6086350282072565
17620.0 0.6087455524732924
17630.0 0.6087455524732924
17640.0 0.6087455524732924
17650.0 0.6088781815925357
17660.0 0.6090329155649862
17670.0 0.609121334977815
17680.0 0.6091434398310221
17690.0 0.6091434398310221
17700.0 0.609121334977815
17710.0 0.6091655446842293
17720.0 0.6091876495374366
17730.0 0.609231859243851
17740.0 0.6093202786566798
17750.0 0.6094971174823375
17760.0 0.609651851454788
17770.0 0.6097181660144096
17780.0 0.6097844805740312
17790.0 0.6099171096932744
17800.0 0.6100718436657249
17810.0 0.6101160533721394
17820.0 0.6100718436657249
17830.0 0.6099834242528961
17840.0 0.6099171096932744
17850.0 0.6099613193996889
17860.0 0.6100939485189321
17870.0 0.6102707873445898
17880.0 0.6104918358766619
17890.0 0.6106686747023196
17900.0 0.6108013038215627
17910.0 0.6108455135279771
17920.0 0.6108455135279771
17930.0 0.6108013038215627
17940.0 0.6108455135279771
17950.0 0.6110665620600493
17960.0 0.611243400885707
17970.0 0.611243400885707
17980.0 0.6111549814728782
17990.0 0.6112212960324996
18000.0 0.6114202397113646
18010.0 0.611685497949851
18020.0 0.6118844416287159
18030.0 0.6119286513351303
18040.0 0.6119065464819232
18050.0 0.6119286513351303
18060.0 0.6120391756011664
18070.0 0.612216014426824
18080.0 0.612414958105689
18090.0 0.6125917969313466
18100.0 0.6127244260505899
18110.0 0.612746530903797
18120.0 0.6128128454634186
18130.0 0.6130338939954907
18140.0 0.61327704738077
18150.0 0.6134317813532205
18160.0 0.6135644104724637
18170.0 0.6136749347384998
18180.0 0.6136528298852926
18190.0 0.6134317813532205
18200.0 0.61327704738077
18210.0 0.6133875716468061
18220.0 0.6136749347384998
18230.0 0.6139622978301934
18240.0 0.6142717657750945
18250.0 0.614647548279617
18260.0 0.614979121077725
18270.0 0.6152443793162116
18280.0 0.6153549035822475
18290.0 0.6153106938758331
18300.0 0.6152664841694186
18310.0 0.6154433229950763
18320.0 0.6155980569675268
18330.0 0.6155980569675268
18340.0 0.6155759521143197
18350.0 0.6157306860867701
18360.0 0.6159738394720493
18370.0 0.6162612025637431
18380.0 0.6165264608022295
18390.0 0.6167475093343016
18400.0 0.616902243306752
18410.0 0.6169464530131665
18420.0 0.6169243481599593
18430.0 0.6168580336003376
18440.0 0.6168359287471306
18450.0 0.616880138453545
18460.0 0.6169906627195809
18470.0 0.6171232918388241
18480.0 0.6172780258112747
18490.0 0.6174769694901395
18500.0 0.6175874937561755
18510.0 0.6174327597837251
18520.0 0.6173001306644819
18530.0 0.6174327597837251
18540.0 0.6175874937561755
18550.0 0.6175874937561755
18560.0 0.6175432840497611
18570.0 0.6176095986093827
18580.0 0.617742227728626
18590.0 0.6178748568478692
18600.0 0.6179853811139053
18610.0 0.6180959053799413
18620.0 0.6181843247927702
18630.0 0.6182285344991846
18640.0 0.6180959053799413
18650.0 0.6177201228754188
18660.0 0.6174106549305178
18670.0 0.6174106549305178
18680.0 0.6175432840497611
18690.0 0.6175432840497611
18700.0 0.6174327597837251
18710.0 0.6173001306644819
18720.0 0.6173885500773106
18730.0 0.6178306471414547
18740.0 0.6182064296459774
18750.0 0.6181622199395629
18760.0 0.6180074859671124
18770.0 0.6181180102331485
18780.0 0.6182506393523918
18790.0 0.6181622199395629
18800.0 0.6180295908203197
18810.0 0.6180959053799413
18820.0 0.6182064296459774
18830.0 0.6181622199395629
18840.0 0.6180738005267341
18850.0 0.6181180102331485
18860.0 0.6181843247927702
18870.0 0.6181843247927702
18880.0 0.6181401150863558
18890.0 0.6181180102331485
18900.0 0.6182285344991846
18910.0 0.6184716878844638
18920.0 0.6185380024440854
18930.0 0.6181401150863558
18940.0 0.617742227728626
18950.0 0.6176759131690043
18960.0 0.6177201228754188
18970.0 0.6175653889029683
18980.0 0.6174769694901395
18990.0 0.6177201228754188
19000.0 0.6180074859671124
19010.0 0.6180738005267341
19020.0 0.6180738005267341
19030.0 0.6181843247927702
19040.0 0.6183611636184279
19050.0 0.6185158975908782
19060.0 0.6185158975908782
19070.0 0.6182948490588062
19080.0 0.6180738005267341
19090.0 0.6179853811139053
19100.0 0.6180959053799413
19110.0 0.6183169539120134
19120.0 0.6185158975908782
19130.0 0.6185822121504999
19140.0 0.6186043170037071
19150.0 0.618692736416536
19160.0 0.6187148412697431
19170.0 0.6185822121504999
19180.0 0.6183169539120134
19190.0 0.6180295908203197
19200.0 0.6180738005267341
19210.0 0.6186264218569143
19220.0 0.6192011480403017
19230.0 0.619333777159545
19240.0 0.6192232528935089
19250.0 0.6192011480403017
19260.0 0.6190685189210585
19270.0 0.6187369461229504
19280.0 0.6185601072972926
19290.0 0.6188916800954007
19300.0 0.6194221965723737
19310.0 0.6197095596640675
19320.0 0.6196653499576531
19330.0 0.6194221965723737
19340.0 0.6192453577467161
19350.0 0.6193558820127522
19360.0 0.619554825691617
19370.0 0.6196211402512387
19380.0 0.6196432451044458
19390.0 0.6197758742236891
19400.0 0.6200411324621756
19410.0 0.6203948101134908
19420.0 0.6206379634987702
19430.0 0.6205716489391485
19440.0 0.6203727052602838
19450.0 0.620195866434626
19460.0 0.620195866434626
19470.0 0.6203948101134908
19480.0 0.6205937537923558
19490.0 0.6205716489391485
19500.0 0.6205937537923558
19510.0 0.620925326590464
19520.0 0.6213011090949865
19530.0 0.6215000527738512
19540.0 0.6215884721866801
19550.0 0.6217653110123378
19560.0 0.622008464397617
19570.0 0.6222516177828963
19580.0 0.6223842469021396
19590.0 0.6222516177828963
19600.0 0.6222737226361036
19610.0 0.6226716099938333
19620.0 0.6230916022047702
19630.0 0.6230916022047702
19640.0 0.6229810779387341
19650.0 0.6231358119111846
19660.0 0.6234452798560856
19670.0 0.6237326429477792
19680.0 0.6239757963330586
19690.0 0.6241747400119234
19700.0 0.6243073691311667
19710.0 0.6242852642779594
19720.0 0.6243515788375811
19730.0 0.6245947322228604
19740.0 0.6247936759017252
19750.0 0.6247273613421036
19760.0 0.6246168370760675
19770.0 0.6247494661953108
19780.0 0.6250147244337974
19790.0 0.6252799826722838
19800.0 0.6254568214979415
19810.0 0.6256115554703919
19820.0 0.6257441845896352
19830.0 0.6258768137088784
19840.0 0.6259431282685001
19850.0 0.6257883942960496
19860.0 0.6254347166447343
19870.0 0.6246831516356892
19880.0 0.6228926585259054
19890.0 0.6188916800954007
19900.0 0.6111328766196709
19910.0 0.5974278676312021
19920.0 0.5750577561855079
19930.0 0.5415025890169667
19940.0 0.49530344581390257
19950.0 0.43681400422763106
19960.0 0.36875316120263857
19970.0 0.2960060892977181
19980.0 0.22480635711730215
19990.0 0.16085701678885034
20000.0 0.10791589335758793
20010.0 0.06761874596084831
20019.999999999996 0.03945716297486572
20030.0 0.021419602757784248
20040.0 0.010787168365117351
20050.0 0.0050399065312433525
20059.999999999996 0.0021662756143063532
20070.0 0.0008620892750810997
20080.0 0.0003094679449009076
20090.0 0.00011052426603603843
20099.999999999996 4.420970641441537e-05
20110.0 0.0
