mejiro/data/roman_filter_response/RomanSCA09-F106.ecsv
# %ECSV 1.0
# ---
# datatype:
# - {name: wavelength, unit: Angstrom, datatype: float64}
# - {name: response, datatype: float64}
# meta:
#   __serialized_columns__:
#     wavelength:
#       __class__: astropy.units.quantity.Quantity
#       unit: !astropy.units.Unit {unit: Angstrom}
#       value: !astropy.table.SerializedColumn {name: wavelength}
#   band_name: F106
#   group_name: RomanSCA09
# schema: astropy-2.0
wavelength response
9200.0 0.0
9210.0 4.420970641441537e-05
9220.0 0.00019894367886486917
9230.0 0.000839984421873892
9240.0 0.003160994008630699
9250.0 0.009925079090036251
9260.0 0.02643740443582039
9270.0 0.059970466751154444
9280.0 0.11673572978726379
9290.0 0.19679950810377003
9300.0 0.29085565850043876
9310.0 0.38298868666808034
9320.0 0.4581893972790009
9330.0 0.5093400276004795
9340.0 0.5383858047147504
9350.0 0.5523560719417057
9360.0 0.5581033337755796
9370.0 0.5602917142430932
9380.0 0.5612201180777959
9390.0 0.5618169491143905
9400.0 0.5622811510317418
9410.0 0.5626348286830573
9420.0 0.5629885063343726
9430.0 0.5634969179581383
9440.0 0.5639832247286969
9450.0 0.5642926926735978
9460.0 0.5646021606184987
9470.0 0.5650884673890573
9480.0 0.5655968790128231
9490.0 0.5659947663705528
9500.0 0.5663705488750753
9510.0 0.566878960498841
9520.0 0.5673873721226069
9530.0 0.5677410497739221
9540.0 0.5680063080124087
9550.0 0.5682936711041023
9560.0 0.5686473487554177
9570.0 0.5690452361131475
9580.0 0.5693989137644627
9590.0 0.5696641720029493
9600.0 0.5699073253882285
9610.0 0.5702167933331295
9620.0 0.5705483661312376
9630.0 0.570813624369724
9640.0 0.5710567777550034
9650.0 0.5712999311402825
9660.0 0.5714988748191475
9670.0 0.5716093990851836
9680.0 0.571764133057634
9690.0 0.5720736010025349
9700.0 0.572405173800643
9710.0 0.5725599077730934
9720.0 0.5726704320391295
9730.0 0.5729356902776159
9740.0 0.5731788436628953
9750.0 0.5733114727821386
9760.0 0.573466206754589
9770.0 0.5737314649930755
9780.0 0.5739746183783547
9790.0 0.5740188280847692
9800.0 0.5740630377911836
9810.0 0.5742398766168413
9820.0 0.5744388202957061
9830.0 0.5744830300021205
9840.0 0.5745272397085349
9850.0 0.5746819736809854
9860.0 0.5749030222130574
9870.0 0.5750798610387151
9880.0 0.5751461755983368
9890.0 0.5750577561855079
9900.0 0.5749914416258863
9910.0 0.575168280451544
9920.0 0.5753672241304089
9930.0 0.5754114338368232
9940.0 0.575389328983616
9950.0 0.5754556435432376
9960.0 0.5755661678092737
9970.0 0.5756103775156881
9980.0 0.5756766920753097
9990.0 0.5758756357541747
10000.0 0.5760745794330395
10009.999999999998 0.5761851036990755
10020.0 0.5762293134054899
10029.999999999998 0.5762293134054899
10040.0 0.5762293134054899
10049.999999999998 0.5762514182586972
10060.0 0.576339837671526
10069.999999999998 0.5764282570843547
10080.0 0.5764945716439764
10089.999999999998 0.5764945716439764
10100.0 0.5764945716439764
10109.999999999998 0.5766272007632197
10120.0 0.5767819347356702
10129.999999999998 0.5768482492952918
10140.0 0.5768482492952918
10149.999999999998 0.5768040395888774
10160.0 0.5767819347356702
10169.999999999998 0.5768482492952918
10180.0 0.5769587735613279
10189.999999999998 0.5770250881209494
10200.0 0.5770692978273638
10209.999999999998 0.577091402680571
10220.0 0.5771135075337782
10230.0 0.5771577172401927
10240.0 0.5772019269466071
10250.0 0.5772019269466071
10260.0 0.5771577172401927
10270.0 0.577091402680571
10280.0 0.577091402680571
10290.0 0.5772019269466071
10300.0 0.5772682415062287
10310.0 0.5772019269466071
10320.0 0.5771135075337782
10330.0 0.5771135075337782
10340.0 0.5771356123869854
10350.0 0.5771356123869854
10360.0 0.577091402680571
10370.0 0.5770471929741566
10380.0 0.5769808784145349
10390.0 0.5769145638549134
10400.0 0.5768040395888774
10410.0 0.5766935153228414
10420.0 0.5766272007632197
10430.0 0.5766714104696341
10440.0 0.5766714104696341
10450.0 0.576450361937562
10460.0 0.5762072085522827
10470.0 0.5761187891394539
10480.0 0.5761187891394539
10490.0 0.5761629988458683
10500.0 0.5760966842862467
10510.0 0.5758756357541747
10520.0 0.5756324823688953
10530.0 0.5755219581028593
10540.0 0.575499853249652
10550.0 0.5754556435432376
10560.0 0.575389328983616
10570.0 0.5752566998643728
10580.0 0.5750356513323007
10590.0 0.5747040785341926
10600.0 0.5744167154424988
10610.0 0.5742840863232557
10620.0 0.5742177717636341
10630.0 0.5740851426443908
10640.0 0.573886198965526
10650.0 0.5735767310206251
10660.0 0.5732672630757241
10670.0 0.5730683193968592
10680.0 0.5728914805712015
10690.0 0.5726704320391295
10700.0 0.5724493835070574
10710.0 0.572294649534607
10720.0 0.5721399155621565
10730.0 0.5719851815897061
10740.0 0.5718304476172557
10750.0 0.5717199233512196
10760.0 0.5715651893787691
10770.0 0.5713220359934899
10780.0 0.5710346729017961
10790.0 0.5707473098101024
10800.0 0.5705704709844448
10810.0 0.5705041564248232
10820.0 0.5703936321587871
10830.0 0.5701283739203007
10840.0 0.5698631156818141
10850.0 0.5697525914157782
10860.0 0.5696641720029493
10870.0 0.5694431234708771
10880.0 0.5691778652323907
10890.0 0.5689789215535258
10900.0 0.5688241875810754
10910.0 0.5686694536086249
10920.0 0.5684926147829673
10930.0 0.5682715662508953
10940.0 0.5680726225720303
10950.0 0.5679399934527871
10960.0 0.5677631546271293
10970.0 0.5675863158014717
10980.0 0.567608420654679
10990.0 0.5680063080124087
11000.0 0.5684041953701384
11010.0 0.5683820905169312
11020.0 0.5681610419848592
11030.0 0.5680726225720303
11040.000000000002 0.5680726225720303
11050.0 0.5680726225720303
11060.000000000002 0.5680947274252375
11070.0 0.5681168322784448
11080.000000000002 0.5680947274252375
11090.0 0.5679399934527871
11100.000000000002 0.5678073643335438
11110.0 0.5678736788931654
11120.000000000002 0.5679842031592015
11130.0 0.5679842031592015
11140.000000000002 0.5679842031592015
11150.0 0.5681168322784448
11160.000000000002 0.5681831468380663
11170.0 0.5680505177188231
11180.000000000002 0.5679178885995798
11190.0 0.5680284128656159
11200.000000000002 0.5681610419848592
11210.0 0.5681610419848592
11220.000000000002 0.5681389371316519
11230.0 0.5682273565444809
11240.000000000002 0.5682715662508953
11250.0 0.5681389371316519
11259.999999999998 0.5679620983059942
11270.0 0.5679178885995798
11279.999999999998 0.5679620983059942
11290.0 0.5680063080124087
11299.999999999998 0.5680505177188231
11310.0 0.5681389371316519
11319.999999999998 0.5682052516912736
11330.0 0.5682052516912736
11339.999999999998 0.5681831468380663
11350.0 0.5682052516912736
11359.999999999998 0.5682052516912736
11370.0 0.5681610419848592
11379.999999999998 0.5681389371316519
11390.0 0.5682273565444809
11399.999999999998 0.568359985663724
11410.0 0.56847050992976
11419.999999999998 0.5684926147829673
11430.0 0.5684263002233456
11439.999999999998 0.5683820905169312
11450.0 0.5684263002233456
11459.999999999998 0.5685147196361744
11470.0 0.5685368244893817
11480.0 0.5685147196361744
11490.0 0.56847050992976
11500.0 0.5684484050765528
11510.0 0.56847050992976
11520.0 0.5684484050765528
11530.0 0.5683820905169312
11540.0 0.5683378808105168
11550.0 0.5684263002233456
11560.0 0.5684926147829673
11570.0 0.5683820905169312
11580.0 0.568249461397688
11590.0 0.568249461397688
11600.0 0.5683157759573096
11610.0 0.5683378808105168
11620.0 0.5682715662508953
11630.0 0.5681610419848592
11640.0 0.5680505177188231
11650.0 0.5680063080124087
11660.0 0.5680063080124087
11670.0 0.5679620983059942
11680.0 0.5679399934527871
11690.0 0.5680063080124087
11700.0 0.5680284128656159
11710.0 0.5678515740399582
11720.0 0.5676305255078862
11730.0 0.5675200012418501
11740.0 0.5674757915354357
11750.0 0.5674315818290213
11760.0 0.5673652672693996
11770.0 0.567298952709778
11780.0 0.5672768478565708
11790.0 0.5673431624161925
11800.0 0.5674094769758141
11810.0 0.5673210575629852
11820.0 0.5672105332969491
11830.0 0.5671221138841204
11840.0 0.56696737991167
11850.0 0.5664810731411114
11860.0 0.5652653062147149
11870.0 0.5625685141234356
11880.0 0.5568433571427688
11890.0 0.5455919868603001
11900.0 0.5254544655885339
11910.0 0.49296033137393863
11920.0 0.44614225228107274
11930.0 0.38553074478690924
11940.0 0.3149057387898807
11950.0 0.24087658539894213
11960.0 0.17129050750265237
11970.0 0.11253580767789433
11980.0 0.06795031875895642
11990.0 0.03753404074583865
12000.0 0.018921754345369777
12010.0 0.008665102457225413
12020.0 0.0036030910727748522
12030.0 0.0013705008988468765
12040.0 0.00046420191735136135
12050.0 0.0001326291192432461
12060.0 4.420970641441537e-05
12070.0 0.0
