mejiro/data/roman_filter_response/RomanSCA12-Prism.ecsv
# %ECSV 1.0
# ---
# datatype:
# - {name: wavelength, unit: Angstrom, datatype: float64}
# - {name: response, datatype: float64}
# meta:
#   __serialized_columns__:
#     wavelength:
#       __class__: astropy.units.quantity.Quantity
#       unit: !astropy.units.Unit {unit: Angstrom}
#       value: !astropy.table.SerializedColumn {name: wavelength}
#   band_name: Prism
#   group_name: RomanSCA12
# schema: astropy-2.0
wavelength response
7490.0 0.0
7500.0 2.2104853207207685e-05
7510.0 0.00011052426603603843
7520.0 0.0006189358898018152
7530.0 0.00296205032976583
7540.0 0.011140846016432674
7550.0 0.03295833613194666
7560.0 0.07758803475729897
7570.0 0.1477930485433906
7580.0 0.2326756848590681
7590.0 0.3115015913959707
7600.0 0.36780265251472866
7610.0 0.3989041809772699
7620.0 0.41256498025932425
7630.0 0.41758278193736037
7640.0 0.4193069604875226
7650.0 0.4200143157901532
7660.0 0.42043430800109016
7670.0 0.4210753487440992
7680.0 0.42220269625766677
7690.0 0.4233521486244416
7700.0 0.4241258184866939
7710.0 0.42465633496366684
7720.0 0.4252310611470542
7730.0 0.4258721018900633
7740.0 0.4265573523394867
7750.0 0.42733102220173896
7760.0 0.42814890177040565
7770.0 0.4288562570730363
7780.0 0.4292983541371804
7790.0 0.4297404512013246
7800.0 0.43044780650395525
7810.0 0.43115516180658586
7820.0 0.43155304916431564
7830.0 0.4317519928431805
7840.0 0.43192883166883816
7850.0 0.4321277753477031
7860.0 0.4323046141733607
7870.0 0.43254776755864
7880.0 0.43290144520995527
7890.0 0.43340985683372113
7900.0 0.4339845830171085
7910.0 0.43447088978766707
7920.0 0.4348466722921896
7930.0 0.4353550839159554
7940.0 0.4361950683378293
7950.0 0.4368803187872527
7960.0 0.43705715761291036
7970.0 0.4377424080623338
7980.0 0.4396655302913609
7990.0 0.4409476117773789
8000.0 0.43990868367664016
8010.0 0.43820660997968514
8020.000000000001 0.4377203032091266
8030.000000000001 0.4383171342457212
8040.000000000001 0.4394223769060816
8050.000000000001 0.44050551471323474
8060.000000000001 0.44127918457548704
8070.000000000001 0.44192022531849606
8080.000000000001 0.44264968547433386
8090.000000000001 0.4432244116577213
8100.000000000001 0.44344546018979336
8110.000000000001 0.4436001941622439
8120.000000000001 0.44399808151997355
8129.999999999999 0.44439596887770333
8139.999999999999 0.444572807703361
8149.999999999999 0.44479385623543305
8159.999999999999 0.4453685824188205
8169.999999999999 0.44607593772145104
8179.999999999999 0.4467169784644601
8189.999999999999 0.44724749494143307
8200.0 0.44780011627161326
8210.0 0.44852957642745117
8220.0 0.44956850452818986
8230.0 0.4506958520417575
8240.0 0.45158004617004577
8250.0 0.45202214323419
8260.0 0.45193372382136116
8270.0 0.45219898205984765
8280.0 0.4534368538394512
8290.0 0.45465262076584767
8300.0 0.4548515644447126
8310.0 0.45463051591264053
8320.0 0.4547852498850909
8330.0 0.4551389275364063
8340.0 0.45544839548130717
8350.0 0.45584628283903683
8360.0 0.45648732358204597
8370.0 0.4571946788846765
8380.0 0.4577473002148568
8390.0 0.45801255845334327
8400.0 0.4580346633065504
8410.0 0.4582336069854153
8420.0 0.4588746477284243
8430.0 0.45944937391181173
8440.0 0.4595156884714334
8450.0 0.459803051563127
8460.0 0.4610409233427307
8470.0 0.4623672145351631
8480.0 0.46294194071855055
8490.0 0.46314088439741546
8500.0 0.46356087660835243
8510.0 0.464157707644947
8520.0 0.46473243382833435
8530.0 0.46532926486492904
8540.0 0.4659260959015236
8550.0 0.4663681929656677
8560.0 0.4665450317913254
8570.0 0.4667881851766047
8580.0 0.46742922591961367
8590.0 0.46837973460752363
8600.0 0.4693523481486408
8610.0 0.470015493744857
8620.0 0.47017022771730743
8630.0 0.470435485955794
8640.0 0.47138599464370384
8650.0 0.4727122858361364
8660.0 0.4739280527625328
8670.0 0.47494487601006435
8680.0 0.475762755578731
8690.0 0.47635958661532557
8700.0 0.47675747397305535
8710.0 0.4772437807436139
8720.0 0.47810587001869503
8730.0 0.479166902972641
8740.0 0.48013951651375814
8750.0 0.4808910815228032
8760.0 0.4813331785869474
8770.0 0.4818194853575059
8780.0 0.4827257843390015
8790.0 0.4837647124397402
8800.0 0.48460469686161406
8810.0 0.48540047157707356
8820.0 0.4863288754117763
8830.0 0.4870804404208214
8840.0 0.4873678035125151
8850.0 0.4876109568977944
8860.0 0.4881856830811817
8870.0 0.48900356264984846
8880.0 0.48984354707172234
8890.0 0.490661426640389
8900.0 0.49145720135584847
8910.0 0.49216455665847914
8920.0 0.4927613876950737
8930.0 0.4934908478509116
8940.0 0.49444135653882154
8950.0 0.495347655520317
8960.0 0.49587817199729
8970.0 0.496298164208227
8980.0 0.4968728903916143
8990.0 0.49764656025386667
9000.0 0.4985086495289477
9010.0 0.4993707388040288
9020.0 0.5001886183726955
9030.0 0.5008959736753261
9040.0 0.5016033289779568
9050.0 0.502376998840209
9060.0 0.5032390881152902
9070.0 0.5041674919499929
9080.0 0.5051180006379028
9090.0 0.5060021947661911
9100.0 0.5068863888944795
9110.0 0.5077484781695606
9120.0 0.5086768820042633
9130.0 0.5096716003985876
9140.0 0.5106663187929119
9150.0 0.5116168274808218
9160.0 0.512478916755903
9170.0 0.5132746914713625
9180.0 0.5141367807464435
9190.0 0.515153603993975
9200.0 0.5161704272415067
9210.0 0.517054621369795
9220.0 0.5178946057916689
9230.0 0.5188230096263716
9240.0 0.5197735183142815
9250.0 0.5206798172957771
9260.0 0.5216082211304798
9270.0 0.5225366249651825
9280.0 0.523442923946678
9290.0 0.5243271180749662
9300.0 0.5252334170564619
9310.0 0.5261839257443717
9320.0 0.5271123295790744
9330.0 0.5279523140009483
9340.0 0.5287922984228223
9350.0 0.529720702257525
9360.0 0.5306712109454349
9370.0 0.5315775099269304
9380.0 0.532483808908426
9390.0 0.5333901078899214
9400.0 0.5342521971650026
9410.0 0.5349595524676333
9420.0 0.5356669077702638
9430.0 0.5364847873389306
9440.0 0.53728056205439
9450.0 0.5378773930909846
9460.0 0.5384742241275792
9470.0 0.539203684283417
9480.0 0.5399552492924621
9490.0 0.5405520803290567
9500.0 0.5411489113656514
9510.0 0.5418341618150748
9520.0 0.5425415171177055
9530.0 0.5430720335946784
9540.0 0.5435141306588226
9550.0 0.543978332576174
9560.0 0.5444646393467325
9570.0 0.5449951558237055
9580.0 0.545481462594264
9590.0 0.5458793499519938
9600.0 0.546233027603309
9610.0 0.5466751246674533
9620.0 0.5470951168783902
9630.0 0.5474487945297055
9640.0 0.5477803673278137
9650.0 0.5481119401259218
9660.0 0.5483993032176155
9670.0 0.5485761420432731
9680.0 0.5487971905753452
9690.0 0.5491729730798677
9700.0 0.5495487555843903
9710.0 0.5497476992632552
9720.0 0.5499245380889128
9730.0 0.5502119011806065
9740.0 0.5504992642723002
9750.0 0.5506761030979579
9760.0 0.5508529419236156
9770.0 0.5511403050153092
9780.0 0.5514055632537957
9790.0 0.5514718778134173
9800.0 0.5515381923730389
9810.0 0.5517371360519038
9820.0 0.5519360797307687
9830.0 0.5520023942903903
9840.0 0.5520687088500119
9850.0 0.5522234428224625
9860.0 0.5524665962077416
9870.0 0.5526655398866065
9880.0 0.5527318544462282
9890.0 0.5526434350333994
9900.0 0.5526213301801921
9910.0 0.5527981690058498
9920.0 0.5529971126847146
9930.0 0.5530634272443362
9940.0 0.5530634272443362
9950.0 0.5531518466571652
9960.0 0.5532623709232012
9970.0 0.55335079033603
9980.0 0.5534392097488587
9990.0 0.5536602582809309
10000.0 0.553881306813003
10009.999999999998 0.5540360407854534
10020.0 0.554102355345075
10029.999999999998 0.5541465650514894
10040.0 0.5541907747579039
10049.999999999998 0.5542791941707327
10060.0 0.554411823289976
10069.999999999998 0.5545444524092192
10080.0 0.5546770815284625
10089.999999999998 0.5547212912348769
10100.0 0.5548097106477057
10109.999999999998 0.5549865494733633
10120.0 0.5551854931522282
10129.999999999998 0.5553402271246787
10140.0 0.5554065416843003
10149.999999999998 0.5554286465375076
10160.0 0.5554949610971291
10169.999999999998 0.5556275902163723
10180.0 0.5558044290420301
10189.999999999998 0.5559591630144805
10200.0 0.5560696872805165
10209.999999999998 0.5561802115465525
10220.0 0.5562686309593814
10230.0 0.5564012600786247
10240.0 0.556533889197868
10250.0 0.5566002037574895
10260.0 0.556644413463904
10270.0 0.5566886231703184
10280.0 0.55675493772994
10290.0 0.5569317765555976
10300.0 0.5570865105280481
10310.0 0.5571086153812553
10320.0 0.5571086153812553
10330.0 0.5571749299408769
10340.0 0.557285454206913
10350.0 0.5573738736197418
10360.0 0.5574180833261562
10370.0 0.5574622930325707
10380.0 0.5574622930325707
10390.0 0.5574622930325707
10400.0 0.5574401881793634
10410.0 0.557395978472949
10420.0 0.5574180833261562
10430.0 0.5575286075921922
10440.0 0.5575949221518138
10450.0 0.5574622930325707
10460.0 0.557285454206913
10470.0 0.5572633493537057
10480.0 0.5573296639133274
10490.0 0.5574180833261562
10500.0 0.5574180833261562
10510.0 0.5572412445004986
10520.0 0.5570644056748408
10530.0 0.5570201959684264
10540.0 0.5570423008216336
10550.0 0.5570423008216336
10560.0 0.5569980911152193
10570.0 0.5569317765555976
10580.0 0.55675493772994
10590.0 0.5564675746382463
10600.0 0.5562023163997598
10610.0 0.5561138969869309
10620.0 0.5560696872805165
10630.0 0.5559812678676878
10640.0 0.5558044290420301
10650.0 0.5555391708035435
10660.0 0.5552518077118498
10670.0 0.5550749688861921
10680.0 0.5549202349137418
10690.0 0.5547212912348769
10700.0 0.554522347556012
10710.0 0.5543897184367688
10720.0 0.5542570893175255
10730.0 0.5541244601982823
10740.0 0.553991831079039
10750.0 0.553881306813003
10760.0 0.5537486776937598
10770.0 0.5535276291616877
10780.0 0.553240266069994
10790.0 0.5529750078315074
10800.0 0.5527981690058498
10810.0 0.5527539592994354
10820.0 0.5526434350333994
10830.0 0.55240028164812
10840.0 0.5521350234096335
10850.0 0.5520244991435975
10860.0 0.5519581845839758
10870.0 0.5517371360519038
10880.0 0.5514718778134173
10890.0 0.5512950389877598
10900.0 0.5511624098685164
10910.0 0.551007675896066
10920.0 0.5508308370704083
10930.0 0.5506318933915435
10940.0 0.5504550545658858
10950.0 0.5503003205934354
10960.0 0.5501676914741921
10970.0 0.5499687477953272
10980.0 0.5499908526485344
10990.0 0.5503887400062641
11000.0 0.5507866273639939
11010.0 0.5507645225107867
11020.0 0.550587683685129
11030.0 0.5504992642723002
11040.000000000002 0.5505213691255074
11050.0 0.5505213691255074
11060.000000000002 0.5505434739787146
11070.0 0.550587683685129
11080.000000000002 0.5505655788319218
11090.0 0.5504329497126785
11100.000000000002 0.5503224254466424
11110.0 0.5504108448594714
11120.000000000002 0.5505213691255074
11130.0 0.5505434739787146
11140.000000000002 0.5505655788319218
11150.0 0.5506982079511651
11160.000000000002 0.5507866273639939
11170.0 0.5506539982447506
11180.000000000002 0.5505655788319218
11190.0 0.5506761030979579
11200.000000000002 0.5508308370704083
11210.0 0.5508308370704083
11220.000000000002 0.5508087322172011
11230.0 0.5509192564832371
11240.000000000002 0.5509855710428587
11250.0 0.5508529419236156
11259.999999999998 0.5506982079511651
11270.0 0.5506761030979579
11279.999999999998 0.5507424176575795
11290.0 0.5507866273639939
11299.999999999998 0.5508529419236156
11310.0 0.5509634661896516
11319.999999999998 0.5510297807492731
11330.0 0.5510518856024804
11339.999999999998 0.5510518856024804
11350.0 0.5510518856024804
11359.999999999998 0.5510739904556876
11370.0 0.5510518856024804
11379.999999999998 0.5510518856024804
11390.0 0.5511403050153092
11399.999999999998 0.5512729341345525
11410.0 0.5513834584005886
11419.999999999998 0.5514276681070029
11430.0 0.5513613535473812
11439.999999999998 0.5513171438409669
11450.0 0.5513613535473812
11459.999999999998 0.5514497729602101
11470.0 0.5514718778134173
11480.0 0.5514497729602101
11490.0 0.5514276681070029
11500.0 0.5514055632537957
11510.0 0.5514055632537957
11520.0 0.5513834584005886
11530.0 0.5512950389877598
11540.0 0.5512729341345525
11550.0 0.5513392486941742
11560.0 0.5513834584005886
11570.0 0.5512729341345525
11580.0 0.5511403050153092
11590.0 0.551118200162102
11600.0 0.5511845147217237
11610.0 0.5511845147217237
11620.0 0.551118200162102
11630.0 0.5509855710428587
11640.0 0.5508750467768228
11650.0 0.5508087322172011
11660.0 0.5507866273639939
11670.0 0.5507424176575795
11680.0 0.5506982079511651
11690.0 0.5507645225107867
11700.0 0.5507645225107867
11710.0 0.5505655788319218
11720.0 0.5503445302998498
11730.0 0.5502119011806065
11740.0 0.5501455866209849
11750.0 0.5500792720613633
11760.0 0.5499908526485344
11770.0 0.5499024332357055
11780.0 0.5498803283824983
11790.0 0.5499245380889128
11800.0 0.5499687477953272
11810.0 0.5498803283824983
11820.0 0.5497476992632552
11830.0 0.5496813847036335
11840.0 0.5496371749972191
11850.0 0.5495045458779758
11860.0 0.549305602199111
11870.0 0.5491287633734533
11880.0 0.5490182391074172
11890.0 0.5489961342542101
11900.0 0.5489519245477956
11910.0 0.5487529808689308
11920.0 0.5485761420432731
11930.0 0.5485098274836515
11940.0 0.548465617777237
11950.0 0.5482666740983723
11960.0 0.5480677304195074
11970.0 0.5480235207130929
11980.0 0.5480014158598857
11990.0 0.5478466818874353
12000.0 0.5476698430617776
12010.0 0.5475593187957416
12020.0 0.5474930042361199
12030.0 0.5474045848232911
12040.0 0.5473382702636695
12050.0 0.5473161654104622
12060.0 0.5472498508508407
12070.0 0.547073012025183
12080.0 0.5468298586399037
12090.0 0.5466309149610389
12100.0 0.5464761809885884
12110.0 0.5464540761353812
12120.0 0.5463877615757595
12130.0 0.5461667130436875
12140.0 0.5459456645116154
12150.0 0.5458351402455794
12160.0 0.5458351402455794
12170.0 0.5458572450987865
12180.0 0.5457688256859577
12190.0 0.5455477771538857
12200.0 0.545370938328228
12210.0 0.5453267286218136
12220.0 0.5453267286218136
12230.0 0.5452162043557776
12240.0 0.5450614703833272
12250.0 0.5450172606769127
12260.0 0.5449730509704982
12270.0 0.544840421851255
12280.0 0.5447077927320118
12290.000000000002 0.5446414781723902
12300.0 0.5445530587595613
12310.000000000002 0.5443983247871109
12320.0 0.544199381108246
12330.000000000002 0.5440446471357955
12340.0 0.5439341228697595
12350.000000000002 0.5438235986037234
12360.0 0.5437130743376875
12370.000000000002 0.5435362355120298
12380.0 0.5434478160992009
12390.000000000002 0.5434478160992009
12400.0 0.5434036063927865
12410.000000000002 0.5431825578607145
12420.0 0.5430057190350568
12430.000000000002 0.5430057190350568
12440.0 0.543027823888264
12450.000000000002 0.5428509850626063
12460.0 0.5426299365305343
12470.000000000002 0.5425636219709126
12480.0 0.5425636219709126
12490.000000000002 0.5425194122644982
12500.0 0.5424309928516694
12509.999999999998 0.5423204685856333
12520.0 0.54218783946639
12529.999999999998 0.5420994200535613
12540.0 0.5420331054939397
12549.999999999998 0.5420331054939397
12560.0 0.5420331054939397
12569.999999999998 0.5419446860811109
12580.0 0.5417899521086604
12589.999999999998 0.5415689035765884
12600.0 0.5414141696041378
12609.999999999998 0.541436274457345
12620.0 0.5415025890169667
12629.999999999998 0.5414583793105523
12640.0 0.5413920647509306
12649.999999999998 0.5413699598977234
12660.0 0.5413036453381018
12669.999999999998 0.5411489113656514
12680.0 0.5409720725399937
12689.999999999998 0.5409278628335792
12700.0 0.5409499676867865
12709.999999999998 0.5409278628335792
12720.0 0.5409057579803721
12730.0 0.5409499676867865
12740.0 0.5409278628335792
12750.0 0.5407289191547144
12760.0 0.5405520803290567
12770.0 0.5406183948886784
12780.0 0.5407510240079216
12790.0 0.5408173385675432
12800.0 0.5407510240079216
12810.0 0.540574185182264
12820.0 0.5404194512098135
12830.0 0.5403973463566063
12840.0 0.5404857657694351
12850.0 0.5405520803290567
12860.0 0.540574185182264
12870.0 0.5405299754758496
12880.0 0.5404636609162279
12890.0 0.5404636609162279
12900.0 0.5405078706226423
12910.0 0.5405299754758496
12920.0 0.5405078706226423
12930.0 0.5404636609162279
12940.0 0.5404415560630207
12950.0 0.5405078706226423
12960.0 0.5405299754758496
12970.0 0.5404857657694351
12980.0 0.5404415560630207
12990.0 0.5405299754758496
13000.0 0.5406404997418857
13010.0 0.5406404997418857
13020.0 0.5405962900354712
13030.0 0.5405299754758496
13040.0 0.5405299754758496
13050.0 0.5405962900354712
13060.0 0.5407068143015071
13070.0 0.5408173385675432
13080.0 0.5409057579803721
13090.0 0.5409278628335792
13100.0 0.5410162822464081
13110.0 0.5412815404848946
13120.0 0.5414804841637595
13130.0 0.541436274457345
13140.0 0.5413036453381018
13150.0 0.541325750191309
13160.0 0.541436274457345
13170.0 0.5415689035765884
13180.0 0.5416352181362099
13190.0 0.5416573229894172
13200.0 0.5416794278426244
