mejiro/data/roman_filter_response/RomanSCA15-Prism.ecsv
# %ECSV 1.0
# ---
# datatype:
# - {name: wavelength, unit: Angstrom, datatype: float64}
# - {name: response, datatype: float64}
# meta:
#   __serialized_columns__:
#     wavelength:
#       __class__: astropy.units.quantity.Quantity
#       unit: !astropy.units.Unit {unit: Angstrom}
#       value: !astropy.table.SerializedColumn {name: wavelength}
#   band_name: Prism
#   group_name: RomanSCA15
# schema: astropy-2.0
wavelength response
7490.0 0.0
7500.0 2.2104853207207685e-05
7510.0 0.00022104853207207686
7520.0 0.001326291192432461
7530.0 0.0058798909531172444
7540.0 0.02033646495063107
7550.0 0.05524002816481201
7560.0 0.11941041702533592
7570.0 0.20924454045942795
7580.0 0.3052017082319165
7590.0 0.38334236431939567
7600.0 0.43197304137525255
7610.0 0.4554041857748927
7620.0 0.4646219095622984
7630.0 0.46798184724979397
7640.0 0.46937445300184805
7650.0 0.4701481228641003
7660.0 0.4707228490474877
7670.0 0.4715628334693616
7680.0 0.47293333436820845
7690.0 0.4743259401202625
7700.0 0.47529855366137963
7710.0 0.4759616992575959
7720.0 0.4766911594134337
7730.0 0.47746482927568606
7740.0 0.47830481369755995
7750.0 0.4791890078258482
7760.0 0.4801616213669654
7770.0 0.4809573960824249
7780.0 0.4814437028529834
7790.0 0.481930009623542
7800.0 0.48270367948579423
7810.0 0.4834552444948393
7820.0 0.48387523670577626
7830.0 0.48405207553143387
7840.0 0.48418470465067714
7850.0 0.4843394386231276
7860.0 0.4844499628891637
7870.0 0.4846268017148213
7880.0 0.4849362696597222
7890.0 0.4853783667238664
7900.0 0.4859088832008393
7910.0 0.4863509802649835
7920.0 0.48663834335667716
7930.0 0.4870583355676141
7940.0 0.48785411028307357
7950.0 0.48847304617287546
7960.0 0.48851725587928985
7970.0 0.4891361917690917
7980.0 0.49108141885132595
7990.0 0.4923413954841368
8000.0 0.49103720914491156
8010.0 0.4889372480902268
8020.000000000001 0.48820778793438896
8030.000000000001 0.48869409470494746
8040.000000000001 0.48973302280568626
8050.000000000001 0.4907498460532178
8060.000000000001 0.4914129916494341
8070.000000000001 0.49192140327319983
8080.000000000001 0.4925182343097944
8090.000000000001 0.4929382265207314
8100.000000000001 0.49296033137393863
8110.000000000001 0.49291612166752424
8120.000000000001 0.49311506534638905
8129.999999999999 0.4933361138784611
8139.999999999999 0.4932697993188395
8149.999999999999 0.49329190417204666
8159.999999999999 0.4936676866765692
8169.999999999999 0.4942203080067494
8179.999999999999 0.4946624050708936
8189.999999999999 0.49499397786900173
8200.0 0.49532555066710987
8210.0 0.49585606714408276
8220.0 0.4967402612723711
8230.0 0.49769076996028105
8240.0 0.49837602040970447
8250.0 0.49855285923536213
8260.0 0.4981549718776324
8270.0 0.49813286702442516
8280.0 0.4991938999783712
8290.0 0.5002107232259028
8300.0 0.5001001989598667
8310.0 0.49952547277647924
8320.0 0.4993486339508216
8330.0 0.49941494851044327
8340.0 0.49941494851044327
8350.0 0.49952547277647924
8360.0 0.49990125528100177
8370.0 0.5003433523451459
8380.0 0.5005865057304253
8390.0 0.500564400877218
8400.0 0.5002549329323172
8410.0 0.5001223038130739
8420.0 0.5005201911708036
8430.0 0.5008296591157045
8440.0 0.500564400877218
8450.0 0.5005865057304253
8460.0 0.5016033289779568
8470.0 0.5027527813447316
8480.0 0.5030622492896325
8490.0 0.5030180395832181
8500.0 0.5031948784088758
8510.0 0.5035485560601911
8520.0 0.5039243385647136
8530.0 0.5043001210692362
8540.0 0.5046980084269659
8550.0 0.5049632666654524
8560.0 0.5049190569590379
8570.0 0.5049411618122451
8580.0 0.5054274685828037
8590.0 0.5062232432982632
8600.0 0.5071074374265515
8610.0 0.5076379539035245
8620.0 0.5076158490503173
8630.0 0.5077263733163533
8640.0 0.5085884625914344
8650.0 0.5098484392242453
8660.0 0.5110199964442272
8670.0 0.5119705051321373
8680.0 0.512699965287975
8690.0 0.5132083769117408
8700.0 0.5135178448566418
8710.0 0.5139378370675787
8720.0 0.5147336117830381
8730.0 0.5157725398837769
8740.0 0.516745153424894
8750.0 0.5174525087275247
8760.0 0.5178503960852544
8770.0 0.5182924931493986
8780.0 0.519176687277687
8790.0 0.5202156153784258
8800.0 0.5210113900938852
8810.0 0.5217850599561374
8820.0 0.5226471492312185
8830.0 0.5233102948274347
8840.0 0.5234650287998852
8850.0 0.5235092385062996
8860.0 0.5239071258640293
8870.0 0.5245260617538312
8880.0 0.5251228927904258
8890.0 0.5256534092673988
8900.0 0.5260955063315429
8910.0 0.526427079129651
8920.0 0.5265818131021015
8930.0 0.5268028616341736
8940.0 0.5272007489919033
8950.0 0.5274660072303898
8960.0 0.5272891684047322
8970.0 0.5269133859002096
8980.0 0.5266481276617231
8990.0 0.5264712888360654
9000.0 0.526316554863615
9010.0 0.5260734014783357
9020.0 0.5257197238270204
9030.0 0.5251671024968402
9040.0 0.5245481666070384
9050.0 0.5239071258640293
9060.0 0.5233323996806419
9070.0 0.5227576734972545
9080.0 0.52216084246066
9090.0 0.5214755920112365
9100.0 0.5207240270021914
9110.0 0.5199724619931464
9120.0 0.5192208969841013
9130.0 0.5185577513878851
9140.0 0.5178946057916689
9150.0 0.5171651456358309
9160.0 0.5163693709203715
9170.0 0.5155072816452905
9180.0 0.5147557166362454
9190.0 0.5141367807464435
9200.0 0.5135841594162633
9210.0 0.5129431186732544
9220.0 0.5123020779302453
9230.0 0.5117715614532723
9240.0 0.5113515692423354
9250.0 0.5109536818846057
9260.0 0.5106221090864975
9270.0 0.5103568508480111
9280.0 0.5101579071691462
9290.0 0.5100031731966957
9300.0 0.5098926489306598
9310.0 0.5099147537838669
9320.0 0.5099589634902812
9330.0 0.5099810683434886
9340.0 0.5100473829031101
9350.0 0.510246326581975
9360.0 0.5105115848204614
9370.0 0.510776843058948
9380.0 0.5110863110038489
9390.0 0.5114620935083715
9400.0 0.5117715614532723
9410.0 0.5120147148385517
9420.0 0.5122799730770381
9430.0 0.5126778604347679
9440.0 0.5130536429392905
9450.0 0.5132967963245696
9460.0 0.513539949709849
9470.0 0.5139599419207859
9480.0 0.5143799341317228
9490.0 0.5146894020766237
9500.0 0.5149988700215247
9510.0 0.5154188622324616
9520.0 0.5158388544433986
9530.0 0.5161262175350922
9540.0 0.5163251612139571
9550.0 0.5165683145992364
9560.0 0.5168335728377229
9570.0 0.5171651456358309
9580.0 0.5174304038743176
9590.0 0.5176293475531824
9600.0 0.5177840815256328
9610.0 0.5180493397641193
9620.0 0.5182924931493986
9630.0 0.5184914368282635
9640.0 0.5186461708007138
9650.0 0.5188230096263716
9660.0 0.518977743598822
9670.0 0.5190219533052364
9680.0 0.5191103727180653
9690.0 0.5193535261033445
9700.0 0.5195966794886239
9710.0 0.5196850989014526
9720.0 0.5197514134610743
9730.0 0.519928252286732
9740.0 0.5201271959655969
9750.0 0.5201935105252184
9760.0 0.5202598250848401
9770.0 0.5204587687637049
9780.0 0.5206356075893627
9790.0 0.5206356075893627
9800.0 0.5206356075893627
9810.0 0.5207461318553986
9820.0 0.5208566561214347
9830.0 0.5208566561214347
9840.0 0.5208566561214347
9850.0 0.5209450755342635
9860.0 0.521099809506714
9870.0 0.5212324386259573
9880.0 0.5212324386259573
9890.0 0.521099809506714
9900.0 0.5210113900938852
9910.0 0.5211219143599212
9920.0 0.5212545434791644
9930.0 0.5212545434791644
9940.0 0.52121033377275
9950.0 0.5212324386259573
9960.0 0.5212766483323716
9970.0 0.5212987531855788
9980.0 0.521320858038786
9990.0 0.5214534871580293
10000.0 0.5216082211304798
10009.999999999998 0.5216745356901014
10020.0 0.5216745356901014
10029.999999999998 0.5216524308368942
10040.0 0.521630325983687
10049.999999999998 0.521630325983687
10060.0 0.5216745356901014
10069.999999999998 0.521740850249723
10080.0 0.5217629551029301
10089.999999999998 0.521740850249723
10100.0 0.5217187453965157
10109.999999999998 0.5218071648093446
10120.0 0.5219176890753806
10129.999999999998 0.5219618987817951
10140.0 0.5219618987817951
10149.999999999998 0.5218955842221735
10160.0 0.521851374515759
10169.999999999998 0.5218955842221735
10180.0 0.5219618987817951
10189.999999999998 0.5220282133414167
10200.0 0.5220282133414167
10209.999999999998 0.5220282133414167
10220.0 0.5220282133414167
10230.0 0.5220503181946239
10240.0 0.5220724230478312
10250.0 0.5220503181946239
10260.0 0.5220061084882095
10270.0 0.5219397939285879
10280.0 0.5219176890753806
10290.0 0.5219840036350023
10300.0 0.5220282133414167
10310.0 0.5219618987817951
10320.0 0.5218734793689662
10330.0 0.5218292696625518
10340.0 0.521851374515759
10350.0 0.5218292696625518
10360.0 0.5217850599561374
10370.0 0.5217187453965157
10380.0 0.521630325983687
10390.0 0.5215419065708581
10400.0 0.5214313823048221
10410.0 0.5212987531855788
10420.0 0.5212324386259573
10430.0 0.5212545434791644
10440.0 0.52121033377275
10450.0 0.5210113900938852
10460.0 0.5207682367086058
10470.0 0.5206356075893627
10480.0 0.5206356075893627
10490.0 0.5206356075893627
10500.0 0.5205471881765338
10510.0 0.5203261396444617
10520.0 0.5200608814059752
10530.0 0.5199503571399391
10540.0 0.5198840425803176
10550.0 0.5198177280206959
10560.0 0.51970720375466
10570.0 0.5195745746354166
10580.0 0.5193314212501374
10590.0 0.5189998484520293
10600.0 0.5186903805071283
10610.0 0.5185356465346779
10620.0 0.5184472271218491
10630.0 0.5182924931493986
10640.0 0.5180714446173266
10650.0 0.5177619766724256
10660.0 0.5174525087275247
10670.0 0.5172314601954526
10680.0 0.5170325165165878
10690.0 0.5167893631313084
10700.0 0.5165462097460293
10710.0 0.5163693709203715
10720.0 0.5161925320947138
10730.0 0.5160156932690562
10740.0 0.5158388544433986
10750.0 0.5157062253241553
10760.0 0.5155293864984976
10770.0 0.5152641282600111
10780.0 0.5149546603151103
10790.0 0.5146672972234165
10800.0 0.5144683535445517
10810.0 0.5143799341317228
10820.0 0.5142473050124796
10830.0 0.5139599419207859
10840.0 0.5136946836822994
10850.0 0.5135620545630561
10860.0 0.5134515302970201
10870.0 0.513230481764948
10880.0 0.5129431186732544
10890.0 0.5127441749943894
10900.0 0.5125673361687318
10910.0 0.5124126021962814
10920.0 0.5122136585174165
10930.0 0.5119926099853443
10940.0 0.5117936663064796
10950.0 0.5116389323340291
10960.0 0.5114841983615785
10970.0 0.5112852546827138
10980.0 0.5112852546827138
10990.0 0.5116168274808218
11000.0 0.5119705051321373
11010.0 0.5119262954257228
11020.0 0.5117273517468579
11030.0 0.5116389323340291
11040.000000000002 0.5116168274808218
11050.0 0.5116168274808218
11060.000000000002 0.5116168274808218
11070.0 0.5116389323340291
11080.000000000002 0.5115947226276146
11090.0 0.5114620935083715
11100.000000000002 0.5113515692423354
11110.0 0.5113957789487498
11120.000000000002 0.5115063032147859
11130.0 0.5115063032147859
11140.000000000002 0.5115063032147859
11150.0 0.5116168274808218
11160.000000000002 0.5116831420404435
11170.0 0.5115726177744074
11180.000000000002 0.5114620935083715
11190.0 0.5115505129212002
11200.000000000002 0.5116831420404435
11210.0 0.5116831420404435
11220.000000000002 0.5116610371872363
11230.0 0.5117494566000652
11240.000000000002 0.5117936663064796
11250.0 0.5116610371872363
11259.999999999998 0.5115063032147859
11270.0 0.5114841983615785
11279.999999999998 0.511528408067993
11290.0 0.5115726177744074
11299.999999999998 0.5116168274808218
11310.0 0.5117052468936507
11319.999999999998 0.5117715614532723
11330.0 0.5117715614532723
11339.999999999998 0.5117715614532723
11350.0 0.5117715614532723
11359.999999999998 0.5117936663064796
11370.0 0.5117494566000652
11379.999999999998 0.5117494566000652
11390.0 0.5118157711596867
11399.999999999998 0.5119262954257228
11410.0 0.5120368196917587
11419.999999999998 0.512058924544966
11430.0 0.5120147148385517
11439.999999999998 0.51194840027893
11450.0 0.5119926099853443
11459.999999999998 0.512058924544966
11470.0 0.5120810293981732
11480.0 0.512058924544966
11490.0 0.5120147148385517
11500.0 0.5119926099853443
11510.0 0.5119926099853443
11520.0 0.5119705051321373
11530.0 0.5118820857193084
11540.0 0.511837876012894
11550.0 0.5119041905725156
11560.0 0.51194840027893
11570.0 0.5118157711596867
11580.0 0.5116831420404435
11590.0 0.5116610371872363
11600.0 0.5117052468936507
11610.0 0.5117052468936507
11620.0 0.5116389323340291
11630.0 0.5115063032147859
11640.0 0.5113957789487498
11650.0 0.5113294643891282
11660.0 0.511307359535921
11670.0 0.5112410449762994
11680.0 0.5112189401230921
11690.0 0.5112631498295066
11700.0 0.5112631498295066
11710.0 0.5110863110038489
11720.0 0.5108652624717769
11730.0 0.5107326333525336
11740.0 0.5106663187929119
11750.0 0.5106221090864975
11760.0 0.5105336896736687
11770.0 0.5104452702608399
11780.0 0.5104231654076327
11790.0 0.510467375114047
11800.0 0.5105115848204614
11810.0 0.5104231654076327
11820.0 0.5103126411415967
11830.0 0.5102684314351822
11840.0 0.5102242217287678
11850.0 0.5100915926095245
11860.0 0.5099368586370742
11870.0 0.5097821246646237
11880.0 0.5096937052517948
11890.0 0.5096716003985876
11900.0 0.5096494955453804
11910.0 0.5094726567197227
11920.0 0.5093179227472723
11930.0 0.5092737130408579
11940.0 0.5092516081876506
11950.0 0.5090968742152002
11960.0 0.5089421402427498
11970.0 0.5088979305363354
11980.0 0.5088979305363354
11990.0 0.5087874062702993
12000.0 0.508654777151056
12010.0 0.5085884625914344
12020.0 0.50854425288502
12030.0 0.5085000431786055
12040.0 0.5084558334721911
12050.0 0.5084779383253983
12060.0 0.5084558334721911
12070.0 0.5083232043529479
12080.0 0.5081463655272903
12090.0 0.5079916315548397
12100.0 0.507903212142011
12110.0 0.507903212142011
12120.0 0.5078811072888038
12130.0 0.5077263733163533
12140.0 0.5075495344906956
12150.0 0.5075053247842812
12160.0 0.5075495344906956
12170.0 0.5075937441971101
12180.0 0.5075716393439028
12190.0 0.5074169053714525
12200.0 0.5072842762522092
12210.0 0.5073063811054164
12220.0 0.5073505908118308
12230.0 0.5072842762522092
12240.0 0.5071958568393804
12250.0 0.5071958568393804
12260.0 0.5071958568393804
12270.0 0.5071295422797587
12280.0 0.5070411228669299
12290.000000000002 0.5070190180137226
12300.0 0.5069969131605155
12310.000000000002 0.5068863888944795
12320.0 0.5067537597752362
12330.000000000002 0.5066432355092001
12340.0 0.5065769209495785
12350.000000000002 0.5065327112431641
12360.0 0.5064442918303353
12370.000000000002 0.5063337675642993
12380.0 0.5062674530046776
12390.000000000002 0.5063116627110921
12400.0 0.5063116627110921
12410.000000000002 0.5061569287386416
12420.0 0.5060021947661911
12430.000000000002 0.5060464044726055
12440.0 0.5060906141790199
12450.000000000002 0.5059579850597767
12460.0 0.5057590413809118
12470.000000000002 0.5057369365277047
12480.0 0.5057590413809118
12490.000000000002 0.5057369365277047
12500.0 0.5056927268212902
12509.999999999998 0.5056043074084614
12520.0 0.5054937831424253
12529.999999999998 0.5054053637295965
12540.0 0.5053611540231822
12549.999999999998 0.5053832588763894
12560.0 0.5053832588763894
12569.999999999998 0.5053169443167677
12580.0 0.5051843151975245
12589.999999999998 0.5049632666654524
12600.0 0.504830637546209
12609.999999999998 0.5048527423994164
12620.0 0.5049190569590379
12629.999999999998 0.5048748472526235
12640.0 0.504808532693002
12649.999999999998 0.5047864278397947
12660.0 0.5047201132801731
12669.999999999998 0.5045653793077226
12680.0 0.5044106453352721
12689.999999999998 0.5043664356288577
12700.0 0.5043664356288577
12709.999999999998 0.5043443307756506
12720.0 0.5043222259224434
12730.0 0.5043664356288577
12740.0 0.5043222259224434
12750.0 0.5041232822435785
12760.0 0.503968548271128
12770.0 0.5039906531243352
12780.0 0.5041232822435785
12790.0 0.5041674919499929
12800.0 0.5041011773903713
12810.0 0.5039243385647136
12820.0 0.5037696045922632
12830.0 0.503747499739056
12840.0 0.5038138142986776
12850.0 0.5038801288582992
12860.0 0.5039022337115063
12870.0 0.5038359191518847
12880.0 0.5037696045922632
12890.0 0.5037696045922632
12900.0 0.5037917094454704
12910.0 0.5038138142986776
12920.0 0.5037917094454704
12930.0 0.503747499739056
12940.0 0.5037253948858488
12950.0 0.5037917094454704
12960.0 0.5038138142986776
12970.0 0.5037696045922632
12980.0 0.503747499739056
12990.0 0.5038359191518847
13000.0 0.5039464434179208
13010.0 0.5039464434179208
13020.0 0.5039022337115063
13030.0 0.5038801288582992
13040.0 0.5038801288582992
13050.0 0.5039464434179208
13060.0 0.5040569676839568
13070.0 0.5041895968032001
13080.0 0.5042780162160289
13090.0 0.5043222259224434
13100.0 0.5044327501884794
13110.0 0.5046980084269659
13120.0 0.5049190569590379
13130.0 0.5048969521058307
13140.0 0.5047864278397947
13150.0 0.504830637546209
13160.0 0.5049632666654524
13170.0 0.5051180006379028
13180.0 0.5052064200507316
13190.0 0.5052506297571461
13200.0 0.5052948394635605
