mejiro/data/roman_filter_response/RomanSCA02-F087.ecsv
# %ECSV 1.0
# ---
# datatype:
# - {name: wavelength, unit: Angstrom, datatype: float64}
# - {name: response, datatype: float64}
# meta:
#   __serialized_columns__:
#     wavelength:
#       __class__: astropy.units.quantity.Quantity
#       unit: !astropy.units.Unit {unit: Angstrom}
#       value: !astropy.table.SerializedColumn {name: wavelength}
#   band_name: F087
#   group_name: RomanSCA02
# schema: astropy-2.0
wavelength response
7530.0 0.0
7540.0 2.2104853207207685e-05
7550.0 8.841941282883074e-05
7560.0 0.0005526213301801921
7570.0 0.0025199532656216763
7580.0 0.009328248053441644
7590.0 0.02769738106863123
7600.0 0.06677876153897441
7610.0 0.13220912703230916
7620.0 0.21841805454041913
7630.0 0.3077658712039526
7640.0 0.3805571528152875
7650.0 0.4271541833760813
7660.0 0.4505853277757215
7670.0 0.4601788340676496
7680.0 0.46393665911287496
7690.0 0.46557241825020823
7700.0 0.4662355638464245
7710.0 0.4665450317913254
7720.0 0.4669208142958479
7730.0 0.4673850162131993
7740.0 0.4679597423965867
7750.0 0.46864499284601013
7760.0 0.4694407675614696
7770.0 0.4701481228641003
7780.0 0.47061232478145165
7790.0 0.47109863155201026
7800.0 0.47193861597388403
7810.0 0.47280070524896517
7820.0 0.4733312217259382
7830.0 0.47370700423046064
7840.0 0.4740827867349832
7850.0 0.474480674092713
7860.0 0.4749006663036499
7870.0 0.47538697307420846
7880.0 0.4760501186704247
7890.0 0.4768458933858842
7900.0 0.47775219236737976
7910.0 0.47859217678925353
7920.0 0.47927742723867706
7930.0 0.48013951651375814
7940.0 0.48135528344015455
7950.0 0.4824163163941005
7960.0 0.4829026231646591
7970.0 0.4839636561186051
7980.0 0.4863509802649835
7990.0 0.48803094910873135
8000.0 0.48716885983365016
8010.0 0.48551099584310964
8020.000000000001 0.48520152789820864
8030.000000000001 0.48608572202649697
8040.000000000001 0.4875004326317583
8050.000000000001 0.4888930383838124
8060.000000000001 0.4899319664845512
8070.000000000001 0.49079405575963225
8080.000000000001 0.4917445644475422
8090.000000000001 0.4925182343097944
8100.000000000001 0.49287191196110974
8110.000000000001 0.4931371701995963
8120.000000000001 0.4936676866765692
8129.999999999999 0.49419820315354224
8139.999999999999 0.49444135653882154
8149.999999999999 0.49475082448372243
8159.999999999999 0.49543607493314584
8169.999999999999 0.4962539545018126
8179.999999999999 0.4969834146576504
8189.999999999999 0.49758024569424497
8200.0 0.4981991815840468
8210.0 0.49897285144629905
8220.0 0.5001223038130739
8230.0 0.5013159658862631
8240.0 0.5022664745741731
8250.0 0.50268646678511
8260.0 0.5025317328126595
8270.0 0.5027306764915245
8280.0 0.5040127579775424
8290.0 0.5052948394635605
8300.0 0.5054053637295965
8310.0 0.5050516860782812
8320.0 0.5051180006379028
8330.0 0.5054053637295965
8340.0 0.5056264122616686
8350.0 0.5059800899129839
8360.0 0.5065769209495785
8370.0 0.507262171399002
8380.0 0.5077705830227677
8390.0 0.5079916315548397
8400.0 0.5079253169952183
8410.0 0.5080579461144614
8420.0 0.5087210917106777
8430.0 0.5093179227472723
8440.0 0.5093400276004795
8450.0 0.5096494955453804
8460.0 0.51099789159102
8470.0 0.512478916755903
8480.0 0.513119957498912
8490.0 0.5134073205906057
8500.0 0.5139157322143715
8510.0 0.5146451923702093
8520.0 0.5153967573792544
8530.0 0.5161704272415067
8540.0 0.5169883068101734
8550.0 0.5176514524063897
8560.0 0.5180051300577049
8570.0 0.5184693319750563
8580.0 0.519397735809759
8590.0 0.5206577124425699
8600.0 0.5219840036350023
8610.0 0.5229787220293266
8620.0 0.5234208190934708
8630.0 0.523973440423651
8640.0 0.5253439413224978
8650.0 0.5271123295790744
8660.0 0.5287701935696151
8670.0 0.5302070090280836
8680.0 0.5314448808076871
8690.0 0.5324395992020116
8700.0 0.5332132690642638
8710.0 0.5341195680457593
8720.0 0.5354237543849846
8730.0 0.5369710941094891
8740.0 0.5384300144211648
8750.0 0.5396236764943539
8760.0 0.5404636609162279
8770.0 0.5413920647509306
8780.0 0.5427625656497775
8790.0 0.5442656956678676
8800.0 0.5455477771538857
8810.0 0.5467856489334892
8820.0 0.5481119401259218
8830.0 0.5492171827862822
8840.0 0.5497919089696696
8850.0 0.5502782157402281
8860.0 0.5510960953088948
8870.0 0.5521571282628408
8880.0 0.5531960563635796
8890.0 0.5541465650514894
8900.0 0.5550307591797777
8910.0 0.5557602193356157
8920.0 0.5563128406657959
8930.0 0.5569317765555976
8940.0 0.5577717609774715
8950.0 0.5584349065736878
8960.0 0.5586338502525526
8970.0 0.5586117453993454
8980.0 0.5587001648121742
8990.0 0.5588991084910391
9000.0 0.5591201570231111
9010.0 0.5592527861423544
9020.0 0.5592527861423544
9030.0 0.5590538424634895
9040.0 0.5587443745185886
9050.0 0.558457011426895
9060.0 0.5581917531884084
9070.0 0.5579707046563364
9080.0 0.5576833415646427
9090.0 0.5573075590601202
9100.0 0.5568654619959761
9110.0 0.5564012600786247
9120.0 0.5559591630144805
9130.0 0.5555612756567507
9140.0 0.5551854931522282
9150.0 0.5547212912348769
9160.0 0.5541686699046967
9170.0 0.5535497340148948
9180.0 0.5530192175379218
9190.0 0.5526434350333994
9200.0 0.5523118622352913
9210.0 0.551869765171147
9220.0 0.5514055632537957
9230.0 0.5510739904556876
9240.0 0.5508308370704083
9250.0 0.550587683685129
9260.0 0.5504108448594714
9270.0 0.5503003205934354
9280.0 0.5502340060338137
9290.0 0.5501897963273993
9300.0 0.5502119011806065
9310.0 0.5503445302998498
9320.0 0.5504992642723002
9330.0 0.5506097885383362
9340.0 0.5507645225107867
9350.0 0.5510518856024804
9360.0 0.5514055632537957
9370.0 0.5517592409051111
9380.0 0.5521571282628408
9390.0 0.5525992253269849
9400.0 0.5529971126847146
9410.0 0.5533065806296156
9420.0 0.5536381534277237
9430.0 0.5541244601982823
9440.0 0.5545886621156336
9450.0 0.5549202349137418
9460.0 0.5552518077118498
9470.0 0.5557381144824084
9480.0 0.5562686309593814
9490.0 0.5566665183171111
9500.0 0.5570865105280481
9510.0 0.5576391318582282
9520.0 0.5581917531884084
9530.0 0.5586117453993454
9540.0 0.5589433181974536
9550.0 0.5593191007019761
9560.0 0.559739092912913
9570.0 0.5602253996834716
9580.0 0.5606674967476157
9590.0 0.5609990695457239
9600.0 0.5613527471970391
9610.0 0.5617727394079761
9620.0 0.562192731618913
9630.0 0.5625685141234356
9640.0 0.562922191774751
9650.0 0.5632758694260662
9660.0 0.5636074422241744
9670.0 0.5638284907562464
9680.0 0.5641158538479402
9690.0 0.5645579509120843
9700.0 0.5649779431230212
9710.0 0.5652653062147149
9720.0 0.5655305644532014
9730.0 0.5659063469577239
9740.0 0.5662821294622464
9750.0 0.5665252828475258
9760.0 0.5667463313795978
9770.0 0.5667463313795978
9780.0 0.5652432013615077
9790.0 0.5584791162801022
9800.0 0.5385626435404081
9810.0 0.493756106089398
9820.0 0.4152396674973964
9830.0 0.30847322650658326
9840.0 0.1958268945626529
9850.0 0.10349492271614638
9860.0 0.04465180347855953
9870.0 0.015517606951459794
9880.0 0.004288341522198291
9890.0 0.0009505086879099305
9900.0 0.0001547339724504538
9910.0 2.2104853207207685e-05
9920.0 0.0
