mejiro/data/roman_filter_response/RomanSCA11-F062.ecsv
# %ECSV 1.0
# ---
# datatype:
# - {name: wavelength, unit: Angstrom, datatype: float64}
# - {name: response, datatype: float64}
# meta:
#   __serialized_columns__:
#     wavelength:
#       __class__: astropy.units.quantity.Quantity
#       unit: !astropy.units.Unit {unit: Angstrom}
#       value: !astropy.table.SerializedColumn {name: wavelength}
#   band_name: F062
#   group_name: RomanSCA11
# schema: astropy-2.0
wavelength response
4730.0 0.0
4740.0 2.2104853207207685e-05
4750.0 0.0001547339724504538
4760.0 0.0007515650090450613
4770.0 0.003006260036180245
4780.0 0.009792449970793005
4790.0 0.025951097665261824
4800.0 0.05641158538479401
4810.0 0.10152759078070489
4820.0 0.15460134333121056
4830.0 0.2039393756896981
4840.0 0.2401250203898971
4850.0 0.26101410667070835
4860.0 0.27045287899018605
4870.0 0.27372439726485276
4880.0 0.2744759622738978
4890.0 0.27449806712710506
4900.0 0.2743654380078618
4910.0 0.2742107040354113
4920.0 0.27396755065013206
4930.0 0.27374650211805995
4940.0 0.27361387299881673
4950.0 0.27359176814560954
4960.0 0.27368018755843837
4970.0 0.273857026384096
4980.0 0.2740780749161681
4990.0 0.27429912344824015
5000.0 0.27440964771427623
5010.0 0.27456438168672664
5020.0 0.27482963992521314
5030.0 0.2752496321361501
5040.0 0.2757580437599159
5050.0 0.27631066509009605
5060.0 0.2769296009798979
5070.0 0.2775927465761141
5080.0 0.2782779970255375
5090.0 0.279073771740997
5100.0 0.27998007072249254
5110.0 0.28088636970398806
5120.0 0.28177056383227633
5130.0 0.28269896766697905
5140.0 0.28376000062092505
5150.0 0.2848873481344926
5160.0 0.28605890535447465
5170.0 0.28723046257445667
5180.0 0.2884683343540603
5190.0 0.28970620613366393
5200.0 0.290988287619682
5210.0 0.29229247395890723
5220.0 0.2936629748577541
5230.0 0.2950997903162226
5240.0 0.29662502518751993
5250.0 0.29812815520561003
5260.0 0.29963128522370014
5270.0 0.3010902055353759
5280.0 0.302593335553466
5290.0 0.304184884984385
5300.0 0.30593116838775436
5310.0 0.30772166149753816
5320.0 0.30944584004770037
5330.0 0.31112580889144814
5340.0 0.3128720922948176
5350.0 0.3146846902578086
5360.0 0.31654149792721403
5370.0 0.31842041044982666
5380.0 0.3203214278256466
5390.0 0.32217823549505203
5400.0 0.3240129383112503
5410.0 0.32584764112744846
5420.0 0.32772655365006115
5430.0 0.32969388558550267
5440.0 0.33179384664018735
5450.0 0.3339601222544937
5460.0 0.3360600833091784
5470.0 0.33809372980424157
5480.0 0.34003895688647584
5490.0 0.34196207911550286
5500.0 0.3439736207573588
5510.0 0.3459851623992147
5520.000000000001 0.34801880889427783
5530.000000000001 0.3500745602425481
5540.000000000001 0.3521745212972328
5550.000000000001 0.3542965872051248
5560.000000000001 0.3563523385533951
5570.000000000001 0.358363880195251
5580.000000000001 0.3604196315435213
5590.000000000001 0.3624532780385844
5600.000000000001 0.3644648196804403
5610.000000000001 0.3664763613222962
5620.000000000001 0.3685100078173593
5629.999999999999 0.37058786401883687
5639.999999999999 0.37270992992672874
5649.999999999999 0.3748762055410351
5659.999999999999 0.3770424811553415
5669.999999999999 0.37900981309078297
5679.999999999999 0.3805792576684947
5689.999999999999 0.3822150168058281
5699.999999999999 0.3842486633008912
5709.999999999999 0.3863928340619903
5719.999999999999 0.3882938514378102
5729.999999999999 0.3900401348411796
5740.0 0.3918085230977562
5750.0 0.39364322591395445
5760.0 0.39554424328977433
5770.0 0.3973568412527654
5780.0 0.3990147052433059
5790.0 0.4006946740870537
5800.0 0.4025072720500447
5810.0 0.40434197486624296
5820.0 0.40599983885678353
5830.0 0.4075471785812881
5840.0 0.40909451830579263
5850.0 0.41053133376426115
5860.0 0.41174710069065756
5870.0 0.41289655305743234
5880.0 0.414244949103072
5890.0 0.41563755485512616
5900.0 0.4169417411943514
5910.0 0.41813540326754056
5920.0 0.4192627507811082
5930.0 0.4202574691754325
5940.0 0.4210311390376848
5950.0 0.42178270404672985
5960.0 0.42264479332181093
5970.0 0.42359530200972084
5980.0 0.4245016009912164
5990.0 0.42534158541309025
6000.0 0.42611525527534255
6010.0 0.4268226105779732
6020.0 0.427441546467775
6030.0 0.42812679691719846
6040.0 0.429033095898694
6050.0 0.43002781429301834
6060.0 0.43095621812772106
6070.0 0.4317298879899733
6080.0 0.4322825093201535
6090.0 0.43276881609071205
6100.0 0.43334354227409944
6110.0 0.43394037331069407
6120.0 0.43453720434728865
6130.0 0.43504561597105446
6140.0 0.4355098178884058
6150.0 0.43595191495255
6160.0 0.4363719071634869
6170.0 0.43679189937442386
6180.0 0.4371897867321536
6190.0 0.43747714982384733
6200.0 0.43765398864950494
6210.0 0.43776451291554097
6220.0 0.4379192468879915
6230.0 0.4380739808604419
6240.0 0.43820660997968514
6250.0 0.4382729245393068
6260.0 0.43820660997968514
6270.0 0.43818450512647794
6280.0 0.43842765851175725
6290.0 0.43873712645665813
6300.0 0.4388918604291086
6310.0 0.43895817498873024
6320.0 0.439046594401559
6330.0 0.43911290896118066
6340.0 0.43911290896118066
6350.0 0.43913501381438785
6360.0 0.4392897477868383
6370.0 0.439466586612496
6380.0 0.4394886914657032
6390.0 0.4394444817592888
6400.0 0.43940027205287435
6410.0 0.4394886914657032
6420.0 0.4397539497041897
6430.0 0.439997103089469
6440.0 0.4400192079426762
6450.0 0.43993078852984735
6460.0 0.4398202642638113
6470.0 0.4398202642638113
6480.0 0.4400192079426762
6490.0 0.44032867588757707
6500.0 0.4406602486856852
6510.0 0.4409255069241717
6520.0 0.4410802408966222
6530.0 0.44114655545624376
6540.0 0.4411907651626582
6550.0 0.4412349748690726
6560.0 0.44130128942869423
6570.0 0.4414781282543519
6580.0 0.4417433864928384
6590.0 0.4420086447313249
6600.0 0.44216337870377537
6610.0 0.4422075884101898
6620.0 0.44222969326339695
6630.0 0.44227390296981134
6640.0 0.44236232238264017
6650.0 0.4424949515018834
6660.0 0.4426938951807483
6670.0 0.4428707340064059
6680.0 0.442981258272442
6690.0 0.44300336312564925
6700.0 0.442981258272442
6710.0 0.442981258272442
6720.0 0.4431138873916852
6730.0 0.44326862136413575
6740.0 0.4434233553365861
6750.0 0.4434896698962078
6760.0 0.4434675650430006
6770.000000000001 0.443401250483379
6780.000000000001 0.4433349359237573
6790.000000000001 0.4432465165109285
6800.000000000001 0.44315809709809967
6810.000000000001 0.4431138873916852
6820.000000000001 0.4431802019513069
6830.000000000001 0.4431802019513069
6840.000000000001 0.4430475728320637
6850.000000000001 0.44282652429999153
6860.000000000001 0.4426938951807483
6870.000000000001 0.4426275806211267
6879.999999999999 0.44264968547433386
6889.999999999999 0.4426054757679195
6899.999999999999 0.44240653208905456
6909.999999999999 0.4421412738505681
6919.999999999999 0.44196443502491045
6929.999999999999 0.4418318059056672
6939.999999999999 0.44163286222680237
6949.999999999999 0.4414560234011447
6959.999999999999 0.44141181369473026
6969.999999999999 0.4414339185479375
6979.999999999999 0.44141181369473026
6990.0 0.4414339185479375
7000.0 0.44154444281397354
7010.0 0.4415886525203879
7020.0 0.44141181369473026
7030.0 0.441168660309451
7040.0 0.44099182148379334
7050.0 0.44085919236455007
7060.0 0.44072656324530685
7070.0 0.440638143832478
7080.0 0.4406602486856852
7090.0 0.44079287780492843
7100.0 0.4409697166305861
7110.0 0.4410802408966222
7120.0 0.4410802408966222
7130.0 0.44103603119020773
7140.0 0.44112445060303657
7150.0 0.4414339185479375
7160.0 0.4419865398781177
7170.0 0.4425612660615051
7180.0 0.44291494371282036
7190.0 0.4431802019513069
7200.0 0.4435780893090366
7210.0 0.44399808151997355
7220.0 0.4443738640244961
7230.0 0.4447717513822259
7240.0 0.44523595329957727
7250.0 0.44570015521692863
7260.0 0.4461864619874871
7270.0 0.4467390833176673
7280.0 0.44746854347350523
7290.0 0.448308527895379
7300.0 0.44914851231725295
7310.0 0.449900077326298
7320.0 0.450541118069307
7330.0 0.45120426366552324
7340.0 0.45208845779381157
7350.0 0.4531937004541719
7360.0 0.45451999164660445
7370.0 0.45580207313262244
7380.0 0.4569073157929829
7390.0 0.4578578244808928
7400.0 0.4588304380220099
7410.0 0.45989147097595584
7420.0 0.46106302819593786
7430.0 0.4621903757095055
7440.0 0.4631187795442082
7450.0 0.4640692882321182
7460.0 0.4652408454521001
7470.0 0.466390297818875
7480.0 0.46734080650678483
7490.0 0.46851236372676686
7500.0 0.4701923325705147
7510.0 0.47193861597388403
7520.0 0.47326490716631653
7530.0 0.474060681881776
7540.0 0.4740385770285688
7550.0 0.472027035386713
7560.0 0.46546189398417226
7570.0 0.45023165012440614
7580.0 0.42123008271654966
7590.0 0.3744562133300982
7600.0 0.3104405584420248
7610.0 0.23596930798694202
7620.0 0.16205067886203953
7630.0 0.09929500060677691
7640.0 0.05375900299992909
7650.0 0.025531105454324878
7660.0 0.01058822468625248
7670.0 0.003802034751639722
7680.0 0.0011936620731892152
7690.0 0.00033157279810811527
7700.0 6.631455962162305e-05
7710.0 2.2104853207207685e-05
7720.0 0.0
