mejiro/data/roman_filter_response/RomanSCA06-Prism.ecsv
# %ECSV 1.0
# ---
# datatype:
# - {name: wavelength, unit: Angstrom, datatype: float64}
# - {name: response, datatype: float64}
# meta:
#   __serialized_columns__:
#     wavelength:
#       __class__: astropy.units.quantity.Quantity
#       unit: !astropy.units.Unit {unit: Angstrom}
#       value: !astropy.table.SerializedColumn {name: wavelength}
#   band_name: Prism
#   group_name: RomanSCA06
# schema: astropy-2.0
wavelength response
7490.0 0.0
7500.0 6.631455962162305e-05
7510.0 0.00037578250452253065
7520.0 0.001901017375819861
7530.0 0.0074272306776217815
7540.0 0.02321009586756807
7550.0 0.05829049790740667
7560.0 0.11903463452081338
7570.0 0.2010657447727611
7580.0 0.28751782566615036
7590.0 0.3586512432869447
7600.0 0.40434197486624296
7610.0 0.427552070733811
7620.0 0.43721189158536083
7630.0 0.4408149826581357
7640.0 0.4422075884101898
7650.0 0.4428707340064059
7660.0 0.44331283107055014
7670.0 0.4439759766667664
7680.0 0.4451696387399556
7690.0 0.44638540566635204
7700.0 0.4472032852350187
7710.0 0.4477780114184061
7720.0 0.4483748424550007
7730.0 0.4490600929044241
7740.0 0.449789553060262
7750.0 0.45060743262892866
7760.0 0.451491626757217
7770.0 0.45224319176626204
7780.0 0.4527073936836134
7790.0 0.4531937004541719
7800.0 0.45396737031642426
7810.0 0.4547189353254693
7820.0 0.4551610323896134
7830.0 0.4554041857748927
7840.0 0.4556252343069648
7850.0 0.4558241779858297
7860.0 0.45604522651790175
7870.0 0.4563104847563882
7880.0 0.456708372114118
7890.0 0.45726099344429816
7900.0 0.45787992933410004
7910.0 0.45841044581107293
7920.0 0.4588304380220099
7930.0 0.4593609544989829
7940.0 0.46026725348047837
7950.0 0.46099671363631634
7960.0 0.46117355246197395
7970.0 0.46190301261781175
7980.0 0.4639145542596677
7990.0 0.46526295030530734
8000.0 0.46417981249815415
8010.0 0.4623672145351631
8020.000000000001 0.4618366980581902
8030.000000000001 0.4624335290947848
8040.000000000001 0.46356087660835243
8050.000000000001 0.46468822412191996
8060.000000000001 0.4654839988373794
8070.000000000001 0.4661029347271813
8080.000000000001 0.4668323948830191
8090.000000000001 0.4673850162131993
8100.000000000001 0.467561855038857
8110.000000000001 0.46767237930489297
8120.000000000001 0.46802605695620836
8129.999999999999 0.46837973460752363
8139.999999999999 0.46851236372676686
8149.999999999999 0.4686670976992174
8159.999999999999 0.46919761417619027
8169.999999999999 0.4698828646256138
8179.999999999999 0.4704796956622084
8189.999999999999 0.47096600243276693
8200.0 0.47145230920332554
8210.0 0.47211545479954176
8220.0 0.4731322780470733
8230.0 0.47419331100101925
8240.0 0.4750554002761003
8250.0 0.47538697307420846
8260.0 0.47518802939534366
8270.0 0.47536486822100127
8280.0 0.47653642544098335
8290.0 0.47770798266096526
8300.0 0.47779640207379415
8310.0 0.47744272442247876
8320.0 0.47746482927568606
8330.0 0.47770798266096526
8340.0 0.4779069263398301
8350.0 0.47819428943152387
8360.0 0.47874691076170406
8370.0 0.4793658466515059
8380.0 0.47980794371565
8390.0 0.47996267768810047
8400.0 0.47987425827527164
8410.0 0.4799405728348932
8420.0 0.4804931941650735
8430.0 0.480979500935632
8440.0 0.48091318637601044
8450.0 0.48111213005487524
8460.0 0.48228368727485726
8470.0 0.48356576876087537
8480.0 0.48405207553143387
8490.0 0.48416259979746995
8500.0 0.4845162774487852
8510.0 0.48502468907255103
8520.0 0.4855331006963168
8530.0 0.48606361717328983
8540.0 0.48661623850346997
8550.0 0.48699202100799255
8560.0 0.4871025452740285
8570.0 0.487257279246479
8580.0 0.48785411028307357
8590.0 0.4887383044113619
8600.0 0.48968881309927187
8610.0 0.4903077489890737
8620.0 0.4903740635486953
8630.0 0.49055090237435295
8640.0 0.49145720135584847
8650.0 0.49273928284186647
8660.0 0.4939108400618485
8670.0 0.4948613487497585
8680.0 0.4955908089055963
8690.0 0.4960771156761549
8700.0 0.49636447876784856
8710.0 0.4967402612723711
8720.0 0.49749182628141614
8730.0 0.49842023011611886
8740.0 0.49928231939120005
8750.0 0.4998791504277946
8760.0 0.5001444086662811
8770.0 0.5004538766111819
8780.0 0.5011833367670199
8790.0 0.5020454260421009
8800.0 0.50268646678511
8810.0 0.5033054026749118
8820.0 0.5040127579775424
8830.0 0.5045432744545154
8840.0 0.5045874841609299
8850.0 0.5045874841609299
8860.0 0.5049190569590379
8870.0 0.5055158879956326
8880.0 0.5061127190322272
8890.0 0.5066874452156145
8900.0 0.5072400665457948
8910.0 0.5077042684631462
8920.0 0.5080800509676687
8930.0 0.5085663577382272
8940.0 0.5092958178940651
8950.0 0.5099589634902812
8960.0 0.5102684314351822
8970.0 0.5104452702608399
8980.0 0.5108210527653625
8990.0 0.5113736740955426
9000.0 0.5120368196917587
9010.0 0.5127220701411823
9020.0 0.5133631108841913
9030.0 0.5138936273611643
9040.0 0.5144462486913445
9050.0 0.5150430797279391
9060.0 0.5157504350305697
9070.0 0.516524104892822
9080.0 0.5173419844614886
9090.0 0.5180935494705337
9100.0 0.5188230096263716
9110.0 0.5195524697822095
9120.0 0.5203482444976689
9130.0 0.52121033377275
9140.0 0.5220724230478312
9150.0 0.5228903026164978
9160.0 0.5236418676255429
9170.0 0.5243050132217592
9180.0 0.5250344733775969
9190.0 0.5259186675058852
9200.0 0.5267807567809664
9210.0 0.5275323217900114
9220.0 0.5282396770926421
9230.0 0.5290133469548943
9240.0 0.5298091216703538
9250.0 0.5305606866793988
9260.0 0.5313122516884439
9270.0 0.5320859215506961
9280.0 0.5328153817065341
9290.0 0.5335227370091647
9300.0 0.5342300923117953
9310.0 0.5350037621740477
9320.0 0.5357332223298854
9330.0 0.5363742630728945
9340.0 0.5370153038159035
9350.0 0.5377447639717414
9360.0 0.5384742241275792
9370.0 0.5391815794302098
9380.0 0.5398668298796333
9390.0 0.540574185182264
9400.0 0.5412152259252729
9410.0 0.5417015326958315
9420.0 0.5422099443195973
9430.0 0.5428067753561919
9440.0 0.5433593966863721
9450.0 0.543757284044102
9460.0 0.5441330665486244
9470.0 0.5446414781723902
9480.0 0.5451719946493632
9490.0 0.5455477771538857
9500.0 0.5459235596584082
9510.0 0.546431971282174
9520.0 0.5468961731995253
9530.0 0.5472277459976335
9540.0 0.5474487945297055
9550.0 0.547714052768192
9560.0 0.5480235207130929
9570.0 0.548355093511201
9580.0 0.5486424566028948
9590.0 0.5488192954285525
9600.0 0.5489961342542101
9610.0 0.5492171827862822
9620.0 0.5494603361715614
9630.0 0.5496371749972191
9640.0 0.5497698041164624
9650.0 0.5499024332357055
9660.0 0.5500129575017416
9670.0 0.5500129575017416
9680.0 0.550057167208156
9690.0 0.5502340060338137
9700.0 0.5504329497126785
9710.0 0.5504550545658858
9720.0 0.5504550545658858
9730.0 0.5505655788319218
9740.0 0.5506982079511651
9750.0 0.5506982079511651
9760.0 0.5506982079511651
9770.0 0.5508087322172011
9780.0 0.5509192564832371
9790.0 0.5508308370704083
9800.0 0.5507203128043723
9810.0 0.5507645225107867
9820.0 0.5508087322172011
9830.0 0.5507203128043723
9840.0 0.5506097885383362
9850.0 0.5506097885383362
9860.0 0.5506982079511651
9870.0 0.5507424176575795
9880.0 0.5506539982447506
9890.0 0.5504329497126785
9900.0 0.5502340060338137
9910.0 0.550256110887021
9920.0 0.5503224254466424
9930.0 0.5502340060338137
9940.0 0.5501013769145704
9950.0 0.550057167208156
9960.0 0.5500129575017416
9970.0 0.5499466429421199
9980.0 0.5499245380889128
9990.0 0.5499908526485344
10000.0 0.5500792720613633
10009.999999999998 0.5500792720613633
10020.0 0.5500350623549489
10029.999999999998 0.5499466429421199
10040.0 0.5498582235292911
10049.999999999998 0.5498140138228768
10060.0 0.5497919089696696
10069.999999999998 0.5498140138228768
10080.0 0.5498140138228768
10089.999999999998 0.5497476992632552
10100.0 0.5496813847036335
10109.999999999998 0.5497476992632552
10120.0 0.549836118676084
10129.999999999998 0.5498582235292911
10140.0 0.5498140138228768
10149.999999999998 0.5497034895568408
10160.0 0.5496371749972191
10169.999999999998 0.5496592798504263
10180.0 0.5497255944100479
10189.999999999998 0.5497698041164624
10200.0 0.5497698041164624
10209.999999999998 0.5497476992632552
10220.0 0.5497476992632552
10230.0 0.5497476992632552
10240.0 0.5497698041164624
10250.0 0.5497255944100479
10260.0 0.5496813847036335
10270.0 0.5495929652908047
10280.0 0.5495708604375975
10290.0 0.5496371749972191
10300.0 0.5496813847036335
10310.0 0.5496150701440119
10320.0 0.5495045458779758
10330.0 0.5494824410247686
10340.0 0.5494824410247686
10350.0 0.5494603361715614
10360.0 0.549416126465147
10370.0 0.5493498119055253
10380.0 0.5492613924926966
10390.0 0.5491729730798677
10400.0 0.5490624488138317
10410.0 0.5489077148413812
10420.0 0.5488414002817597
10430.0 0.5488635051349668
10440.0 0.5488414002817597
10450.0 0.5486203517496876
10460.0 0.548355093511201
10470.0 0.5482224643919579
10480.0 0.5482224643919579
10490.0 0.5482224643919579
10500.0 0.548134044979129
10510.0 0.5478908915938497
10520.0 0.5476256333553632
10530.0 0.5474930042361199
10540.0 0.5474266896764983
10550.0 0.5473382702636695
10560.0 0.5472277459976335
10570.0 0.547073012025183
10580.0 0.5468077537866965
10590.0 0.5464540761353812
10600.0 0.5461225033372731
10610.0 0.5459456645116154
10620.0 0.5458351402455794
10630.0 0.5456804062731289
10640.0 0.5454151480346424
10650.0 0.5450835752365343
10660.0 0.5447520024384261
10670.0 0.5445088490531469
10680.0 0.5442878005210748
10690.0 0.5440225422825884
10700.0 0.543757284044102
10710.0 0.5435362355120298
10720.0 0.5433593966863721
10730.0 0.5431383481543001
10740.0 0.5429394044754352
10750.0 0.5427846705029846
10760.0 0.5425857268241199
10770.0 0.5422983637324261
10780.0 0.541966790934318
10790.0 0.5416573229894172
10800.0 0.5414141696041378
10810.0 0.5413036453381018
10820.0 0.5411489113656514
10830.0 0.5408394434207504
10840.0 0.5405299754758496
10850.0 0.5403973463566063
10860.0 0.540264717237363
10870.0 0.5399994589988765
10880.0 0.5396899910539756
10890.0 0.5394689425219036
10900.0 0.5392699988430387
10910.0 0.5390931600173811
10920.0 0.538872111485309
10930.0 0.5386289581000296
10940.0 0.5384079095679576
10950.0 0.5382310707422999
10960.0 0.5380542319166423
10970.0 0.5378331833845702
10980.0 0.5378110785313629
10990.0 0.5381647561826783
11000.0 0.5385184338339937
11010.0 0.5384742241275792
11020.0 0.5382531755955071
11030.0 0.538142651329471
11040.000000000002 0.538120546476264
11050.0 0.5380984416230566
11060.000000000002 0.5380984416230566
11070.0 0.538120546476264
11080.000000000002 0.5380763367698496
11090.0 0.537921602797399
11100.000000000002 0.5377889736781558
11110.0 0.5378331833845702
11120.000000000002 0.5379437076506063
11130.0 0.537921602797399
11140.000000000002 0.5379437076506063
11150.0 0.5380542319166423
11160.000000000002 0.538120546476264
11170.0 0.5379879173570207
11180.000000000002 0.5378773930909846
11190.0 0.5379658125038135
11200.000000000002 0.5380984416230566
11210.0 0.5380984416230566
11220.000000000002 0.5380763367698496
11230.0 0.5381647561826783
11240.000000000002 0.5382089658890927
11250.0 0.5380763367698496
11259.999999999998 0.537921602797399
11270.0 0.5378773930909846
11279.999999999998 0.537921602797399
11290.0 0.5379658125038135
11299.999999999998 0.5380321270634351
11310.0 0.538120546476264
11319.999999999998 0.5381868610358855
11330.0 0.5381868610358855
11339.999999999998 0.5381868610358855
11350.0 0.5381868610358855
11359.999999999998 0.5381868610358855
11370.0 0.5381647561826783
11379.999999999998 0.5381647561826783
11390.0 0.5382310707422999
11399.999999999998 0.5383636998615432
11410.0 0.5384521192743721
11419.999999999998 0.5384963289807865
11430.0 0.5384300144211648
11439.999999999998 0.5383858047147504
11450.0 0.5384300144211648
11459.999999999998 0.5384963289807865
11470.0 0.5385184338339937
11480.0 0.5384963289807865
11490.0 0.5384521192743721
11500.0 0.5384300144211648
11510.0 0.5384300144211648
11520.0 0.5384079095679576
11530.0 0.5383194901551287
11540.0 0.5382752804487143
11550.0 0.538341595008336
11560.0 0.5383858047147504
11570.0 0.5382531755955071
11580.0 0.538120546476264
11590.0 0.5380984416230566
11600.0 0.538142651329471
11610.0 0.538142651329471
11620.0 0.5380763367698496
11630.0 0.5379437076506063
11640.0 0.5378110785313629
11650.0 0.5377447639717414
11660.0 0.5377226591185341
11670.0 0.5376563445589125
11680.0 0.5376342397057053
11690.0 0.5376784494121197
11700.0 0.5376563445589125
11710.0 0.5374795057332549
11720.0 0.5372584572011828
11730.0 0.5371258280819395
11740.0 0.537059513522318
11750.0 0.5369931989626963
11760.0 0.5369268844030747
11770.0 0.5368384649902458
11780.0 0.5367942552838314
11790.0 0.5368605698434531
11800.0 0.5369047795498675
11810.0 0.5368163601370387
11820.0 0.5366837310177954
11830.0 0.536639521311381
11840.0 0.5365953116049667
11850.0 0.5364626824857233
11860.0 0.5363079485132729
11870.0 0.5361532145408224
11880.0 0.5360426902747863
11890.0 0.5360426902747863
11900.0 0.535998480568372
11910.0 0.5358437465959215
11920.0 0.5356669077702638
11930.0 0.5356448029170566
11940.0 0.5356226980638494
11950.0 0.5354458592381918
11960.0 0.5352911252657414
11970.0 0.5352690204125341
11980.0 0.5352690204125341
11990.0 0.5351363912932908
12000.0 0.5350037621740477
12010.0 0.534937447614426
12020.0 0.5349153427612188
12030.0 0.5348711330548044
12040.0 0.53482692334839
12050.0 0.5348490282015972
12060.0 0.5348490282015972
12070.0 0.5347163990823539
12080.0 0.5345395602566962
12090.0 0.5343627214310387
12100.0 0.5342743020182097
12110.0 0.534296406871417
12120.0 0.5342743020182097
12130.0 0.5341195680457593
12140.0 0.5339648340733089
12150.0 0.5339206243668945
12160.0 0.5339648340733089
12170.0 0.5340311486329306
12180.0 0.5340090437797232
12190.0 0.5338543098072728
12200.0 0.5337216806880295
12210.0 0.5337437855412368
12220.0 0.5338101001008584
12230.0 0.5337437855412368
12240.0 0.5336774709816151
12250.0 0.5336774709816151
12260.0 0.5336995758348224
12270.0 0.5336332612752007
12280.0 0.5335448418623719
12290.000000000002 0.5335227370091647
12300.0 0.5335227370091647
12310.000000000002 0.5334122127431287
12320.0 0.5332795836238854
12330.000000000002 0.5331911642110566
12340.0 0.5331469545046422
12350.000000000002 0.5330806399450205
12360.0 0.533014325385399
12370.000000000002 0.5329259059725701
12380.0 0.5328595914129485
12390.000000000002 0.5329259059725701
12400.0 0.5329480108257773
12410.000000000002 0.5327711720001197
12420.0 0.5326385428808764
12430.000000000002 0.5326827525872908
12440.0 0.5327490671469124
12450.000000000002 0.5326164380276692
12460.0 0.5324395992020116
12470.000000000002 0.5324174943488043
12480.0 0.5324617040552186
12490.000000000002 0.5324617040552186
12500.0 0.5324174943488043
12509.999999999998 0.5323290749359755
12520.0 0.5322406555231466
12529.999999999998 0.5321743409635251
12540.0 0.5321522361103178
12549.999999999998 0.5321743409635251
12560.0 0.5321964458167322
12569.999999999998 0.5321522361103178
12580.0 0.5320196069910745
12589.999999999998 0.5318206633122097
12600.0 0.5316880341929665
12609.999999999998 0.5317322438993809
12620.0 0.5317985584590025
12629.999999999998 0.5317764536057953
12640.0 0.5317101390461737
12649.999999999998 0.5317101390461737
12660.0 0.5316659293397592
12669.999999999998 0.5315111953673088
12680.0 0.5313785662480656
12689.999999999998 0.5313343565416512
12700.0 0.5313564613948584
12709.999999999998 0.5313564613948584
12720.0 0.5313564613948584
12730.0 0.5314006711012728
12740.0 0.5313785662480656
12750.0 0.5312017274224079
12760.0 0.5310469934499574
12770.0 0.531113308009579
12780.0 0.5312459371288224
12790.0 0.5313122516884439
12800.0 0.5312680419820295
12810.0 0.5310912031563718
12820.0 0.5309585740371286
12830.0 0.5309585740371286
12840.0 0.5310469934499574
12850.0 0.5311354128627863
12860.0 0.5311796225692007
12870.0 0.531113308009579
12880.0 0.5310690983031646
12890.0 0.5310912031563718
12900.0 0.5311354128627863
12910.0 0.5311796225692007
12920.0 0.5311796225692007
12930.0 0.5311575177159934
12940.0 0.5311575177159934
12950.0 0.5312238322756151
12960.0 0.5312901468352368
12970.0 0.5312459371288224
12980.0 0.5312459371288224
12990.0 0.5313564613948584
13000.0 0.5314890905141015
13010.0 0.5315111953673088
13020.0 0.5314890905141015
13030.0 0.5314890905141015
13040.0 0.5315111953673088
13050.0 0.5315996147801376
13060.0 0.5317322438993809
13070.0 0.5318869778718314
13080.0 0.5319975021378673
13090.0 0.532063816697489
13100.0 0.5322185506699395
13110.0 0.5325059137616331
13120.0 0.5327490671469124
13130.0 0.5327490671469124
13140.0 0.5326606477340836
13150.0 0.532704857440498
13160.0 0.5328816962661557
13170.0 0.5330364302386061
13180.0 0.5331690593578493
13190.0 0.533235373917471
13200.0 0.5333016884770926
