mejiro/data/roman_filter_response/RomanSCA09-F213.ecsv
# %ECSV 1.0
# ---
# datatype:
# - {name: wavelength, unit: Angstrom, datatype: float64}
# - {name: response, datatype: float64}
# meta:
#   __serialized_columns__:
#     wavelength:
#       __class__: astropy.units.quantity.Quantity
#       unit: !astropy.units.Unit {unit: Angstrom}
#       value: !astropy.table.SerializedColumn {name: wavelength}
#   band_name: F213
#   group_name: RomanSCA09
# schema: astropy-2.0
wavelength response
19340.0 0.0
19350.0 2.2104853207207685e-05
19360.0 4.420970641441537e-05
19370.0 8.841941282883074e-05
19380.0 0.00019894367886486917
19390.0 0.000419992210936946
19400.0 0.0008841941282883074
19410.0 0.0017683882565766149
19420.0 0.003404147393909984
19430.0 0.006255673457639775
19440.0 0.010964007190775012
19450.0 0.018391237868396793
19460.0 0.02955418873803668
19470.0 0.045469683047226206
19480.0 0.06711033433708252
19490.0 0.09502876393778584
19500.0 0.1293797058217866
19510.0 0.16963264351211177
19520.0 0.21448339066953617
19530.0 0.2619867202118255
19540.0 0.3098216225522229
19550.0 0.35573340266359327
19560.0 0.39768841405087346
19570.0 0.4341614218427661
19580.0 0.4642240222045686
19590.0 0.48767727145741596
19600.0 0.5052727346103533
19610.0 0.5180935494705337
19620.0 0.5268912810470023
19630.0 0.5322848652295611
19640.0 0.535467964091399
19650.0 0.5374574008800477
19660.0 0.5387394823660657
19670.0 0.5394468376686964
19680.0 0.5398668298796333
19690.0 0.5400878784117054
19700.0 0.540154192971327
19710.0 0.5400878784117054
19720.0 0.540043668705291
19730.0 0.540154192971327
19740.0 0.5402426123841558
19750.0 0.5400878784117054
19760.0 0.5399110395860477
19770.0 0.539933144439255
19780.0 0.5400657735584982
19790.0 0.5401762978245342
19800.0 0.540264717237363
19810.0 0.5402868220905702
19820.0 0.5403089269437775
19830.0 0.5403531366501919
19840.0 0.5403531366501919
19850.0 0.5402426123841558
19860.0 0.5401320881181197
19870.0 0.5401320881181197
19880.0 0.540154192971327
19890.0 0.5401099832649126
19900.0 0.540043668705291
19910.0 0.540043668705291
19920.0 0.5401099832649126
19930.0 0.5401984026777414
19940.0 0.5403310317969846
19950.0 0.5404415560630207
19960.0 0.5404415560630207
19970.0 0.5401984026777414
19980.0 0.5400657735584982
19990.0 0.5403089269437775
20000.0 0.5406183948886784
20010.0 0.5406183948886784
20019.999999999996 0.5404194512098135
20030.0 0.5402426123841558
20040.0 0.5401320881181197
20050.0 0.540043668705291
20059.999999999996 0.5399110395860477
20070.0 0.5396678862007684
20080.0 0.5394247328154892
20090.0 0.5392921036962459
20099.999999999996 0.5393142085494531
20110.0 0.5394468376686964
20120.0 0.5394689425219036
20130.0 0.5392699988430387
20139.999999999996 0.5390047406045523
20150.0 0.538872111485309
20160.0 0.5388279017788946
20170.0 0.5388500066321017
20179.999999999996 0.5387173775128585
20190.0 0.5383636998615432
20200.0 0.5379437076506063
20210.0 0.5376784494121197
20219.999999999996 0.5376342397057053
20230.0 0.5378552882377774
20240.0 0.5380321270634351
20250.0 0.5379879173570207
20259.999999999996 0.5378331833845702
20270.0 0.5377226591185341
20280.0 0.5377005542653269
20290.0 0.5377447639717414
20299.999999999996 0.5377447639717414
20310.0 0.537590029999291
20320.0 0.537391086320426
20330.0 0.5372142474947683
20339.999999999996 0.5371037232287323
20350.0 0.5370153038159035
20360.0 0.5370153038159035
20370.0 0.5371479329351468
20379.999999999996 0.53728056205439
20390.0 0.53728056205439
20400.0 0.5372142474947683
20410.0 0.5371700377883539
20419.999999999996 0.5372142474947683
20430.0 0.5374131911736333
20440.0 0.5376342397057053
20450.0 0.5377889736781558
20460.0 0.5377889736781558
20470.0 0.5376784494121197
20480.0 0.5375016105864621
20490.0 0.537391086320426
20500.0 0.5374795057332549
20510.0 0.5378110785313629
20520.0 0.5380984416230566
20530.0 0.5380984416230566
20540.0 0.538142651329471
20550.0 0.5385626435404081
20560.0 0.5389384260449306
20570.0 0.538872111485309
20580.0 0.5387173775128585
20590.0 0.538872111485309
20600.0 0.539203684283417
20610.0 0.5394247328154892
20620.0 0.5395794667879396
20630.0 0.5397563056135973
20640.0 0.5399110395860477
20650.0 0.5400657735584982
20660.0 0.5403531366501919
20670.0 0.5408173385675432
20680.0 0.5411268065124442
20690.0 0.5410604919528226
20700.0 0.5411710162188585
20710.0 0.5419004763746964
20720.0 0.5426078316773271
20730.0 0.5426520413837415
20740.0 0.5426299365305343
20750.0 0.5432046627139216
20760.0 0.543757284044102
20770.0 0.5436467597780659
20780.0 0.5434699209524082
20790.0 0.543779388897309
20800.0 0.5442878005210748
20810.0 0.5445530587595613
20820.0 0.5448183169980478
20830.000000000004 0.5453046237686063
20840.0 0.5457246159795434
20850.0 0.5457909305391649
20860.0 0.5458793499519938
20870.000000000004 0.5463435518693451
20880.0 0.5468961731995253
20890.0 0.5472056411444262
20900.0 0.5473161654104622
20910.000000000004 0.5474266896764983
20920.0 0.547603528502156
20930.0 0.5478908915938497
20940.0 0.5481782546855435
20950.000000000004 0.548355093511201
20960.0 0.5485540371900659
20970.0 0.5489077148413812
20980.0 0.5493277070523183
20990.000000000004 0.5497034895568408
21000.0 0.5498803283824983
21010.0 0.5498582235292911
21020.0 0.5499024332357055
21030.000000000004 0.550256110887021
21040.0 0.5506318933915435
21050.0 0.5507424176575795
21060.0 0.5508087322172011
21070.000000000004 0.5510297807492731
21080.0 0.551118200162102
21090.0 0.5508308370704083
21100.0 0.5505655788319218
21110.000000000004 0.5507203128043723
21120.0 0.5510739904556876
21130.0 0.5513171438409669
21140.0 0.5515381923730389
21150.000000000004 0.5518034506115255
21160.0 0.5521129185564264
21170.0 0.5524223865013272
21180.0 0.5525329107673633
21190.000000000004 0.5523560719417057
21200.0 0.5522013379692552
21210.0 0.5523339670884985
21220.0 0.55240028164812
21230.000000000004 0.5520687088500119
21240.0 0.551648716639075
21250.0 0.5515381923730389
21260.0 0.5517592409051111
21269.999999999996 0.5521571282628408
21280.0 0.55240028164812
21290.0 0.552289757382084
21300.0 0.5522013379692552
21309.999999999996 0.5524444913545346
21320.0 0.5527981690058498
21330.0 0.5529529029783002
21340.0 0.552930798125093
21349.999999999996 0.5528865884186785
21360.0 0.5526434350333994
21370.0 0.5521571282628408
21380.0 0.5518255554647327
21389.999999999996 0.5520023942903903
21400.0 0.5522013379692552
21410.0 0.5519802894371831
21420.0 0.5516929263454894
21429.999999999996 0.5518255554647327
21440.0 0.5520908137032191
21450.0 0.5522234428224625
21460.0 0.5522234428224625
21469.999999999996 0.5522234428224625
21480.0 0.5522234428224625
21490.0 0.552179233116048
21500.0 0.5522455476756696
21509.999999999996 0.5524887010609489
21520.0 0.5525992253269849
21530.0 0.552289757382084
21540.0 0.5518476603179399
21549.999999999996 0.5515824020794533
21560.0 0.5514497729602101
21570.0 0.5512508292813452
21580.0 0.5510739904556876
21589.999999999996 0.5510297807492731
21600.0 0.5511403050153092
21610.0 0.5513834584005886
21620.0 0.5515602972262462
21629.999999999996 0.5515381923730389
21640.0 0.5514055632537957
21650.0 0.5513613535473812
21660.0 0.5513613535473812
21669.999999999996 0.5514055632537957
21680.0 0.5513392486941742
21690.0 0.5511403050153092
21700.0 0.5509192564832371
21710.0 0.5507866273639939
21720.0 0.5506761030979579
21730.0 0.5504992642723002
21740.0 0.5504108448594714
21750.0 0.5504992642723002
21760.0 0.5506097885383362
21770.0 0.550587683685129
21780.0 0.5506318933915435
21790.0 0.5508529419236156
21800.0 0.5511403050153092
21810.0 0.5512508292813452
21820.0 0.5510739904556876
21830.0 0.5506982079511651
21840.0 0.550366635153057
21850.0 0.5503003205934354
21860.0 0.5502782157402281
21870.0 0.5500350623549489
21880.0 0.5499245380889128
21890.0 0.5502340060338137
21900.0 0.5504550545658858
21910.0 0.5501013769145704
21920.0 0.5496592798504263
21930.0 0.5496592798504263
21940.0 0.5497919089696696
21950.0 0.5496592798504263
21960.0 0.5494603361715614
21970.0 0.549416126465147
21980.0 0.5495929652908047
21990.0 0.5499908526485344
22000.0 0.5501013769145704
22010.0 0.5495708604375975
22020.0 0.5490182391074172
22030.0 0.5490403439606245
22040.0 0.5495266507311831
22050.0 0.5501013769145704
22060.0 0.5501897963273993
22070.0 0.5495045458779758
22080.000000000004 0.5489519245477956
22090.0 0.5493498119055253
22100.0 0.5499024332357055
22110.0 0.5498140138228768
22120.000000000004 0.5495266507311831
22130.0 0.5496371749972191
22140.0 0.549836118676084
22150.0 0.5497698041164624
22160.000000000004 0.5496813847036335
22170.0 0.5499024332357055
22180.0 0.5502782157402281
22190.0 0.5505434739787146
22200.000000000004 0.5504108448594714
22210.0 0.5497919089696696
22220.0 0.5492834973459038
22230.0 0.5494603361715614
22240.000000000004 0.5501013769145704
22250.0 0.5507645225107867
22260.0 0.5509192564832371
22270.0 0.5503224254466424
22280.000000000004 0.5497476992632552
22290.0 0.5499245380889128
22300.0 0.5504108448594714
22310.0 0.5506539982447506
22320.000000000004 0.550587683685129
22330.0 0.550256110887021
22340.0 0.5500129575017416
22350.0 0.5501455866209849
22360.000000000004 0.5503445302998498
22370.0 0.550366635153057
22380.0 0.5501897963273993
22390.0 0.5499908526485344
22400.000000000004 0.5499908526485344
22410.0 0.550366635153057
22420.0 0.5506097885383362
22430.0 0.5502782157402281
22440.000000000004 0.5498140138228768
22450.0 0.5497255944100479
22460.0 0.549836118676084
22470.0 0.5498140138228768
22480.000000000004 0.5496813847036335
22490.0 0.5495929652908047
22500.0 0.5497255944100479
22510.0 0.5501676914741921
22519.999999999996 0.5505434739787146
22530.0 0.5505213691255074
22540.0 0.5504329497126785
22550.0 0.550587683685129
22559.999999999996 0.5505655788319218
22570.0 0.5500350623549489
22580.0 0.5495929652908047
22590.0 0.549836118676084
22599.999999999996 0.5502782157402281
22610.0 0.5503445302998498
22620.0 0.5502119011806065
22630.0 0.5500792720613633
22639.999999999996 0.5498140138228768
22650.0 0.5493719167587326
22660.0 0.549305602199111
22670.0 0.5500792720613633
22679.999999999996 0.5508529419236156
22690.0 0.5508308370704083
22700.0 0.5503224254466424
22710.0 0.5498582235292911
22719.999999999996 0.5495708604375975
22730.0 0.5494603361715614
22740.0 0.549305602199111
22750.0 0.5489298196945884
22759.999999999996 0.5485319323368587
22770.0 0.5483771983644082
22780.0 0.548465617777237
22790.0 0.548664561456102
22799.999999999996 0.5487529808689308
22810.0 0.5485098274836515
22820.0 0.5481782546855435
22830.0 0.5479572061534713
22839.999999999996 0.5477582624746065
22850.0 0.5474266896764983
22860.0 0.5468519634931109
22870.0 0.5458793499519938
22879.999999999996 0.5443762199339036
22890.0 0.5420994200535613
22900.0 0.5386289581000296
22910.0 0.5335227370091647
22919.999999999996 0.5261839257443717
22930.0 0.5160820078286779
22940.0 0.5027085716383172
22950.0 0.48564362496235286
22960.0 0.4647545386815416
22970.0 0.44006341764909057
22980.0 0.41154815701179265
22990.0 0.3794077004485127
23000.0 0.3441946692894309
23010.0 0.30679325766283544
23020.0 0.26848554705474453
23030.0 0.23046519953834732
23040.0 0.19366061894834652
23050.0 0.15897810426623765
23060.0 0.12745658359275952
23070.0 0.0997813073773355
23080.0 0.07630595327128094
23090.0 0.0569642067149742
23100.0 0.041402390057099996
23110.0 0.029244720793135767
23120.0 0.020115416418558994
23130.0 0.013483960456396687
23140.0 0.008797731576468659
23150.0 0.005570423008216337
23160.0 0.003426252247117191
23170.0 0.0020557513482703147
23180.0 0.0011936620731892152
23190.0 0.0006852504494234382
23200.0 0.00037578250452253065
23210.0 0.00019894367886486917
23220.0 0.00011052426603603843
23230.0 4.420970641441537e-05
23240.0 2.2104853207207685e-05
23250.0 2.2104853207207685e-05
23260.0 0.0
