mejiro/data/roman_filter_response/RomanSCA06-F146.ecsv
# %ECSV 1.0
# ---
# datatype:
# - {name: wavelength, unit: Angstrom, datatype: float64}
# - {name: response, datatype: float64}
# meta:
#   __serialized_columns__:
#     wavelength:
#       __class__: astropy.units.quantity.Quantity
#       unit: !astropy.units.Unit {unit: Angstrom}
#       value: !astropy.table.SerializedColumn {name: wavelength}
#   band_name: F146
#   group_name: RomanSCA06
# schema: astropy-2.0
wavelength response
9130.0 0.0
9140.0 2.2104853207207685e-05
9150.0 8.841941282883074e-05
9160.0 0.00033157279810811527
9170.0 0.0011715572199820074
9180.0 0.0035588813663604375
9190.0 0.009505086879099303
9200.0 0.022458530858523007
9210.0 0.047039127624937956
9220.0 0.08784468664544334
9230.0 0.14693095926830949
9240.0 0.22168957281508586
9250.0 0.3042069898375922
9260.0 0.38374025167712544
9270.0 0.4507842714545863
9280.0 0.5001886183726955
9290.0 0.532063816697489
9300.0 0.5502119011806065
9310.0 0.559518044380841
9320.0 0.5639169101690753
9330.0 0.5659284518109312
9340.0 0.5670557993244988
9350.0 0.5679178885995798
9360.0 0.5687357681682466
9370.0 0.5694873331772916
9380.0 0.5702167933331295
9390.0 0.5709683583421745
9400.0 0.5716315039383907
9410.0 0.5721620204153638
9420.0 0.5726704320391295
9430.0 0.5733114727821386
9440.0 0.5739083038187331
9450.0 0.5743282960296701
9460.0 0.5747261833873999
9470.0 0.5752566998643728
9480.0 0.5758093211945531
9490.0 0.5762293134054899
9500.0 0.5766050959100124
9510.0 0.5771356123869854
9520.0 0.5776440240107512
9530.0 0.5779755968088593
9540.0 0.5782408550473458
9550.0 0.5785061132858323
9560.0 0.5788155812307333
9570.0 0.5791692588820485
9580.0 0.5794787268269496
9590.0 0.5796776705058143
9600.0 0.5798545093314721
9610.0 0.5800976627167512
9620.0 0.5803408161020306
9630.0 0.5805176549276883
9640.0 0.5806723889001387
9650.0 0.5808271228725892
9660.0 0.580915542285418
9670.0 0.580915542285418
9680.0 0.5809597519918324
9690.0 0.5811808005239044
9700.0 0.5813797442027694
9710.0 0.5814018490559765
9720.0 0.5814018490559765
9730.0 0.5815123733220126
9740.0 0.5816450024412558
9750.0 0.5816450024412558
9760.0 0.5816450024412558
9770.0 0.5817776315604991
9780.0 0.5818660509733279
9790.0 0.5817997364137063
9800.0 0.5816892121476702
9810.0 0.5817334218540846
9820.0 0.5817555267072919
9830.0 0.581667107294463
9840.0 0.581556583028427
9850.0 0.581556583028427
9860.0 0.5816450024412558
9870.0 0.5816892121476702
9880.0 0.5816007927348414
9890.0 0.5813576393495621
9900.0 0.5811808005239044
9910.0 0.5812029053771117
9920.0 0.5812692199367333
9930.0 0.5811586956706973
9940.0 0.581026066551454
9950.0 0.5809597519918324
9960.0 0.5809376471386252
9970.0 0.5808713325790036
9980.0 0.5808271228725892
9990.0 0.580915542285418
10000.0 0.5810039616982469
10009.999999999998 0.5810039616982469
10020.0 0.5809376471386252
10029.999999999998 0.5808492277257964
10040.0 0.5807608083129675
10049.999999999998 0.5807165986065531
10060.0 0.5806944937533458
10069.999999999998 0.5807165986065531
10080.0 0.5807165986065531
10089.999999999998 0.5806502840469314
10100.0 0.5805839694873098
10109.999999999998 0.5806502840469314
10120.0 0.5807387034597603
10129.999999999998 0.5807608083129675
10140.0 0.5807165986065531
10149.999999999998 0.580606074340517
10160.0 0.5805397597808954
10169.999999999998 0.5805618646341026
10180.0 0.5806281791937243
10189.999999999998 0.5806723889001387
10200.0 0.5806723889001387
10209.999999999998 0.5806502840469314
10220.0 0.5806502840469314
10230.0 0.5806502840469314
10240.0 0.5806723889001387
10250.0 0.5806281791937243
10260.0 0.5805618646341026
10270.0 0.5804955500744811
10280.0 0.5804513403680667
10290.0 0.5805397597808954
10300.0 0.5805839694873098
10310.0 0.5804955500744811
10320.0 0.580385025808445
10330.0 0.5803629209552378
10340.0 0.5803629209552378
10350.0 0.5803408161020306
10360.0 0.5802966063956162
10370.0 0.5802302918359945
10380.0 0.5801418724231656
10390.0 0.5800313481571296
10400.0 0.5799208238910936
10410.0 0.5797660899186431
10420.0 0.5796997753590216
10430.0 0.5797218802122287
10440.0 0.5796776705058143
10450.0 0.5794566219737423
10460.0 0.5791692588820485
10470.0 0.5790587346160125
10480.0 0.5790366297628053
10490.0 0.5790366297628053
10500.0 0.5789482103499765
10510.0 0.57868295211149
10520.0 0.5783955890197963
10530.0 0.5782629599005531
10540.0 0.5781966453409314
10550.0 0.5781082259281026
10560.0 0.5779755968088593
10570.0 0.5778208628364089
10580.0 0.5775556045979224
10590.0 0.5771798220933999
10600.0 0.5768261444420846
10610.0 0.5766272007632197
10620.0 0.5765166764971836
10630.0 0.5763619425247333
10640.0 0.5760745794330395
10650.0 0.5757209017817241
10660.0 0.5753672241304089
10670.0 0.5751019658919224
10680.0 0.5748809173598503
10690.0 0.5745935542681566
10700.0 0.5743061911764629
10710.0 0.5740851426443908
10720.0 0.573886198965526
10730.0 0.5736651504334539
10740.0 0.573466206754589
10750.0 0.5732893679289314
10760.0 0.5730904242500665
10770.0 0.5727809563051656
10780.0 0.5724272786538502
10790.0 0.5720957058557421
10800.0 0.5718525524704628
10810.0 0.5717420282044268
10820.0 0.5715651893787691
10830.0 0.5712557214338682
10840.0 0.5709241486357601
10850.0 0.5707694146633097
10860.0 0.5706367855440664
10870.0 0.5703494224523727
10880.0 0.5700399545074718
10890.0 0.5697968011221926
10900.0 0.5695978574433276
10910.0 0.5693989137644627
10920.0 0.5691778652323907
10930.0 0.5689126069939042
10940.0 0.5686694536086249
10950.0 0.5684926147829673
10960.0 0.5682936711041023
10970.0 0.5680726225720303
10980.0 0.5680505177188231
10990.0 0.5684263002233456
11000.0 0.568779977874661
11010.0 0.5687357681682466
11020.0 0.5685147196361744
11030.0 0.5684041953701384
11040.000000000002 0.5683820905169312
11050.0 0.568359985663724
11060.000000000002 0.5683378808105168
11070.0 0.568359985663724
11080.000000000002 0.5683157759573096
11090.0 0.5681389371316519
11100.000000000002 0.5680284128656159
11110.0 0.5680726225720303
11120.000000000002 0.5681831468380663
11130.0 0.5681610419848592
11140.000000000002 0.5681831468380663
11150.0 0.5682936711041023
11160.000000000002 0.568359985663724
11170.0 0.5682273565444809
11180.000000000002 0.5680947274252375
11190.0 0.5682052516912736
11200.000000000002 0.5683378808105168
11210.0 0.5683378808105168
11220.000000000002 0.5683157759573096
11230.0 0.5684041953701384
11240.000000000002 0.56847050992976
11250.0 0.5683157759573096
11259.999999999998 0.5681610419848592
11270.0 0.5681168322784448
11279.999999999998 0.5681610419848592
11290.0 0.5682052516912736
11299.999999999998 0.5682715662508953
11310.0 0.568359985663724
11319.999999999998 0.5684484050765528
11330.0 0.5684484050765528
11339.999999999998 0.5684263002233456
11350.0 0.5684484050765528
11359.999999999998 0.5684484050765528
11370.0 0.5684041953701384
11379.999999999998 0.5684041953701384
11390.0 0.5684926147829673
11399.999999999998 0.5686252439022105
11410.0 0.5687357681682466
11419.999999999998 0.5687578730214538
11430.0 0.5686915584618322
11439.999999999998 0.5686473487554177
11450.0 0.5686915584618322
11459.999999999998 0.568779977874661
11470.0 0.5688020827278681
11480.0 0.5687578730214538
11490.0 0.5687136633150394
11500.0 0.5686915584618322
11510.0 0.5686915584618322
11520.0 0.5686694536086249
11530.0 0.5685810341957961
11540.0 0.5685368244893817
11550.0 0.5686031390490033
11560.0 0.5686473487554177
11570.0 0.5685147196361744
11580.0 0.568359985663724
11590.0 0.5683378808105168
11600.0 0.5683820905169312
11610.0 0.5684041953701384
11620.0 0.5683157759573096
11630.0 0.5681831468380663
11640.0 0.5680284128656159
11650.0 0.5679842031592015
11660.0 0.5679399934527871
11670.0 0.5678736788931654
11680.0 0.5678515740399582
11690.0 0.5678957837463727
11700.0 0.5678957837463727
11710.0 0.5676968400675078
11720.0 0.5674536866822285
11730.0 0.5673210575629852
11740.0 0.5672547430033635
11750.0 0.5671884284437421
11760.0 0.5671000090309132
11770.0 0.5670115896180844
11780.0 0.56696737991167
11790.0 0.5670336944712915
11800.0 0.567077904177706
11810.0 0.5669894847648771
11820.0 0.5668568556456339
11830.0 0.5668126459392194
11840.0 0.5667463313795978
11850.0 0.5666358071135619
11860.0 0.5664589682879042
11870.0 0.5662821294622464
11880.0 0.5661716051962105
11890.0 0.5661716051962105
11900.0 0.5661273954897961
11910.0 0.5659505566641383
11920.0 0.5657737178384807
11930.0 0.5657516129852735
11940.0 0.5657295081320662
11950.0 0.5655526693064087
11960.0 0.565375830480751
11970.0 0.5653537256275437
11980.0 0.5653537256275437
11990.0 0.5652210965083005
12000.0 0.56506636253585
12010.0 0.5650221528294356
12020.0 0.5649779431230212
12030.0 0.5649337334166068
12040.0 0.5648895237101924
12050.0 0.5649116285633996
12060.0 0.5649116285633996
12070.0 0.5647789994441564
12080.0 0.5645800557652915
12090.0 0.5644032169396339
12100.0 0.564314797526805
12110.0 0.564314797526805
12120.0 0.564314797526805
12130.0 0.5641379587011472
12140.0 0.5639611198754897
12150.0 0.5639169101690753
12160.0 0.5639832247286969
12170.0 0.5640495392883185
12180.0 0.5640274344351113
12190.0 0.5638727004626608
12200.0 0.5637179664902103
12210.0 0.5637621761966247
12220.0 0.5638063859030392
12230.0 0.5637400713434176
12240.0 0.5636737567837959
12250.0 0.5636737567837959
12260.0 0.5636958616370032
12270.0 0.5636295470773816
12280.0 0.5635411276645527
12290.000000000002 0.5635190228113456
12300.0 0.5635190228113456
12310.000000000002 0.5634084985453095
12320.0 0.5632758694260662
12330.000000000002 0.5631653451600301
12340.0 0.5630990306004086
12350.000000000002 0.5630548208939942
12360.0 0.5629885063343726
12370.000000000002 0.5628779820683365
12380.0 0.5628116675087149
12390.000000000002 0.5628779820683365
12400.0 0.5629000869215437
12410.000000000002 0.562723248095886
12420.0 0.5625685141234356
12430.000000000002 0.5626348286830573
12440.0 0.5627011432426788
12450.000000000002 0.5625685141234356
12460.0 0.5623695704445707
12470.000000000002 0.5623474655913635
12480.0 0.5623916752977779
12490.000000000002 0.5623916752977779
12500.0 0.5623474655913635
12509.999999999998 0.5622590461785347
12520.0 0.5621706267657058
12529.999999999998 0.5620822073528771
12540.0 0.5620601024996698
12549.999999999998 0.5620822073528771
12560.0 0.5621043122060843
12569.999999999998 0.5620601024996698
12580.0 0.5619274733804266
12589.999999999998 0.5617064248483545
12600.0 0.5615737957291113
12609.999999999998 0.5616180054355258
12620.0 0.5617064248483545
12629.999999999998 0.5616622151419401
12640.0 0.5616180054355258
12649.999999999998 0.5615959005823185
12660.0 0.5615516908759041
12669.999999999998 0.5613969569034536
12680.0 0.5612422229310031
12689.999999999998 0.5612201180777959
12700.0 0.5612201180777959
12709.999999999998 0.5612201180777959
12720.0 0.5612201180777959
12730.0 0.5612864326374176
12740.0 0.5612643277842103
12750.0 0.5610653841053455
12760.0 0.5608885452796878
12770.0 0.5609548598393095
12780.0 0.56110959381176
12790.0 0.5611980132245887
12800.0 0.561131698664967
12810.0 0.5609548598393095
12820.0 0.560800125866859
12830.0 0.560800125866859
12840.0 0.5608885452796878
12850.0 0.5609990695457239
12860.0 0.5610211743989311
12870.0 0.5609769646925166
12880.0 0.5609106501328951
12890.0 0.5609327549861022
12900.0 0.5609990695457239
12910.0 0.5610432792521383
12920.0 0.5610432792521383
12930.0 0.5610211743989311
12940.0 0.5610211743989311
12950.0 0.5610874889585526
12960.0 0.5611538035181743
12970.0 0.56110959381176
12980.0 0.56110959381176
12990.0 0.5612201180777959
13000.0 0.5613748520502464
13010.0 0.5613969569034536
13020.0 0.5613748520502464
13030.0 0.5613527471970391
13040.0 0.5613969569034536
13050.0 0.5614853763162824
13060.0 0.5616180054355258
13070.0 0.5617948442611833
13080.0 0.5619053685272193
13090.0 0.561971683086841
13100.0 0.5621264170592914
13110.0 0.5624358850041924
13120.0 0.5627011432426788
13130.0 0.5626790383894716
13140.0 0.5625906189766429
13150.0 0.5626569335362644
13160.0 0.562833772361922
13170.0 0.5630106111875798
13180.0 0.5631432403068231
13190.0 0.5632095548664445
13200.0 0.5632758694260662
13210.0 0.5634084985453095
13220.0 0.5635853373709672
13230.0 0.5637400713434176
13240.0 0.5638948053158681
13250.0 0.5640053295819041
13260.0 0.5641379587011472
13270.0 0.5642926926735978
13280.0 0.564425321792841
13290.0 0.5644916363524627
13300.0 0.5645579509120843
13310.0 0.5647568945909491
13320.0 0.5650221528294356
13330.0 0.5652210965083005
13340.0 0.5653537256275437
13350.0 0.5654200401871654
13360.0 0.5655084595999942
13370.0 0.5657295081320662
13380.0 0.5659284518109312
13390.0 0.5659063469577239
13400.0 0.5658621372513095
13410.0 0.5659284518109312
13420.0 0.5661052906365888
13430.0 0.5663042343154537
13440.0 0.5664810731411114
13450.0 0.5666358071135619
13460.0 0.566768436232805
13470.0 0.5669231702052555
13480.0 0.5670557993244988
13490.0 0.5671442187373276
13500.0 0.5672105332969491
13510.0 0.5672547430033635
13520.0 0.567298952709778
13530.0 0.567298952709778
13540.000000000002 0.5673210575629852
13550.0 0.5674536866822285
13560.000000000002 0.5675200012418501
13570.0 0.5674757915354357
13580.000000000002 0.5674536866822285
13590.0 0.5675863158014717
13600.000000000002 0.567718944920715
13610.0 0.567718944920715
13620.000000000002 0.567608420654679
13630.0 0.5675642109482646
13640.000000000002 0.5675200012418501
13650.0 0.5675200012418501
13660.000000000002 0.5675642109482646
13670.0 0.5676968400675078
13680.000000000002 0.567829469186751
13690.0 0.5678736788931654
13700.000000000002 0.5678736788931654
13710.0 0.567829469186751
13720.000000000002 0.5678073643335438
13730.0 0.5678073643335438
13740.000000000002 0.5678515740399582
13750.0 0.5678957837463727
13759.999999999998 0.5679620983059942
13770.0 0.5680063080124087
13779.999999999998 0.5680063080124087
13790.0 0.5679399934527871
13799.999999999998 0.5678736788931654
13810.0 0.5678736788931654
13819.999999999998 0.5678736788931654
13830.0 0.5678515740399582
13839.999999999998 0.5677410497739221
13850.0 0.5675863158014717
13859.999999999998 0.5674757915354357
13870.0 0.5674978963886429
13879.999999999998 0.5675642109482646
13890.0 0.5675421060950573
13899.999999999998 0.5675863158014717
13910.0 0.567829469186751
13919.999999999998 0.5680505177188231
13930.0 0.5680063080124087
13939.999999999998 0.5678736788931654
13950.0 0.567829469186751
13959.999999999998 0.5678957837463727
13970.0 0.5680505177188231
13980.0 0.5681389371316519
13990.0 0.5680505177188231
14000.0 0.5678957837463727
14010.0 0.5678073643335438
14020.0 0.5678515740399582
14030.0 0.5679620983059942
14040.0 0.5680505177188231
14050.0 0.5680505177188231
14060.0 0.5679620983059942
14070.0 0.5678736788931654
14080.0 0.5677852594803366
14090.0 0.567718944920715
14100.0 0.567608420654679
14110.0 0.5673873721226069
14120.0 0.5672105332969491
14130.0 0.5672547430033635
14140.0 0.5673431624161925
14150.0 0.5672768478565708
14160.0 0.5671442187373276
14170.0 0.5670557993244988
14180.0 0.5670557993244988
14190.0 0.5671663235905348
14200.0 0.567298952709778
14210.0 0.5673652672693996
14220.0 0.5675421060950573
14230.0 0.5679399934527871
14240.0 0.5684041953701384
14250.0 0.5688020827278681
14260.0 0.5690231312599402
14270.0 0.5690673409663546
14280.0 0.5691336555259763
14290.0 0.5692883894984268
14300.0 0.5694652283240844
14310.0 0.5695978574433276
14320.0 0.5697083817093637
14330.0 0.5697968011221926
14340.0 0.5699294302414357
14350.0 0.5700841642138863
14360.0 0.5702167933331295
14370.0 0.5703494224523727
14380.0 0.5703936321587871
14390.0 0.5704157370119943
14400.0 0.5704599467184088
14410.0 0.5706367855440664
14420.0 0.5708357292229312
14430.0 0.5709683583421745
14440.0 0.571012568048589
14450.0 0.5709904631953817
14460.0 0.5709904631953817
14470.0 0.5710567777550034
14480.0 0.5711673020210394
14490.0 0.5712999311402825
14500.0 0.5714767699659403
14510.0 0.5716315039383907
14520.0 0.5717199233512196
14530.0 0.5716978184980124
14540.0 0.5716978184980124
14550.0 0.5717862379108412
14560.0 0.5718967621768772
14570.0 0.5719409718832917
14580.0 0.5720072864429132
14590.0 0.5721399155621565
14600.0 0.5722725446813998
14610.0 0.572294649534607
14620.0 0.5723167543878143
14630.0 0.572405173800643
14640.0 0.5724493835070574
14650.0 0.5724493835070574
14660.0 0.5724493835070574
14670.0 0.5725599077730934
14680.0 0.5727146417455439
14690.0 0.57282516601158
14700.0 0.5728693757179945
14710.0 0.57282516601158
14720.0 0.5728030611583728
14730.0 0.5729356902776159
14740.0 0.5730904242500665
14750.0 0.5731567388096881
14760.0 0.5732009485161025
14770.0 0.5732672630757241
14780.0 0.5733335776353458
