mejiro/data/roman_filter_response/RomanSCA17-Prism.ecsv
# %ECSV 1.0
# ---
# datatype:
# - {name: wavelength, unit: Angstrom, datatype: float64}
# - {name: response, datatype: float64}
# meta:
#   __serialized_columns__:
#     wavelength:
#       __class__: astropy.units.quantity.Quantity
#       unit: !astropy.units.Unit {unit: Angstrom}
#       value: !astropy.table.SerializedColumn {name: wavelength}
#   band_name: Prism
#   group_name: RomanSCA17
# schema: astropy-2.0
wavelength response
7500.0 0.0
7510.0 4.420970641441537e-05
7520.0 0.00035367765131532296
7530.0 0.002033646495063107
7540.0 0.008841941282883074
7550.0 0.029509979031622263
7560.0 0.07646068724373138
7570.0 0.15630341702816553
7580.0 0.25802995148773533
7590.0 0.3551365716269987
7600.0 0.42461212525725245
7610.0 0.4621240611498838
7620.0 0.4778406117802086
7630.0 0.48332261537559607
7640.0 0.48515731819179425
7650.0 0.48595309290725375
7660.0 0.4864615045310195
7670.0 0.4872130695400646
7680.0 0.48851725587928985
7690.0 0.4898877567781368
7700.0 0.4907498460532178
7710.0 0.4913466770898124
7720.0 0.4919877178328214
7730.0 0.49267296828224494
7740.0 0.49342453329129
7750.0 0.4942424128599566
7760.0 0.49512660698824495
7770.0 0.4958339622908756
7780.0 0.4962318496486053
7790.0 0.4966297370063351
7800.0 0.49733709230896567
7810.0 0.49800023790518194
7820.0 0.4983097058500829
7830.0 0.4983981252629117
7840.0 0.4984644398225333
7850.0 0.49853075438215494
7860.0 0.49855285923536213
7870.0 0.49866338350139816
7880.0 0.49892864173988466
7890.0 0.49932652909761444
7900.0 0.4997907310149658
7910.0 0.5002107232259028
7920.0 0.5004538766111819
7930.0 0.5008738688221189
7940.0 0.5016696435375784
7950.0 0.5022885794273803
7960.0 0.502354893987002
7970.0 0.5029959347300109
7980.0 0.505029581225074
7990.0 0.5063558724175065
8000.0 0.5050516860782812
8010.0 0.5029738298768036
8020.000000000001 0.5023106842805874
8030.000000000001 0.502907515317182
8040.000000000001 0.5040569676839568
8050.000000000001 0.5052285249039389
8060.000000000001 0.5060464044726055
8070.000000000001 0.5066874452156145
8080.000000000001 0.5074390102246596
8090.000000000001 0.5080358412612542
8100.000000000001 0.5082126800869119
8110.000000000001 0.5083232043529479
8120.000000000001 0.5086989868574704
8129.999999999999 0.5090968742152002
8139.999999999999 0.5092295033344435
8149.999999999999 0.5094063421601012
8159.999999999999 0.5099810683434886
8169.999999999999 0.5107326333525336
8179.999999999999 0.5113736740955426
8189.999999999999 0.5119041905725156
8200.0 0.5124347070494886
8210.0 0.5131641672053264
8220.0 0.5142252001592723
8230.0 0.5153967573792544
8240.0 0.5162809515075427
8250.0 0.516634629158858
8260.0 0.5163914757735788
8270.0 0.516524104892822
8280.0 0.5177619766724256
8290.0 0.518977743598822
8300.0 0.5189998484520293
8310.0 0.5185577513878851
8320.0 0.5185135416814707
8330.0 0.5187124853603355
8340.0 0.5188451144795788
8350.0 0.5190882678648581
8360.0 0.5195966794886239
8370.0 0.5201714056720113
8380.0 0.520569293029741
8390.0 0.5206577124425699
8400.0 0.5204808736169122
8410.0 0.5204587687637049
8420.0 0.5209892852406779
8430.0 0.5214313823048221
8440.0 0.5212766483323716
8450.0 0.5214092774516149
8460.0 0.5226029395248041
8470.0 0.5239292307172366
8480.0 0.5243934326345879
8490.0 0.5244597471942095
8500.0 0.5247692151391105
8510.0 0.5252776267628763
8520.0 0.5258081432398491
8530.0 0.5263386597168221
8540.0 0.5269133859002096
8550.0 0.5273112732579394
8560.0 0.5273996926707681
8570.0 0.5275765314964258
8580.0 0.5281954673862277
8590.0 0.529190185780552
8600.0 0.5302291138812907
8610.0 0.5309143643307143
8620.0 0.5310248885967502
8630.0 0.5312680419820295
8640.0 0.5322848652295611
8650.0 0.5337437855412368
8660.0 0.5350700767336692
8670.0 0.5361753193940296
8680.0 0.537059513522318
8690.0 0.5376784494121197
8700.0 0.5380763367698496
8710.0 0.5386068532468224
8720.0 0.5395352570815252
8730.0 0.5406847094483
8740.0 0.5417678472554531
8750.0 0.5425636219709126
8760.0 0.5430057190350568
8770.0 0.5435362355120298
8780.0 0.5444867441999397
8790.0 0.5455919868603001
8800.0 0.5464761809885884
8810.0 0.5472940605572552
8820.0 0.548244569245165
8830.0 0.5489519245477956
8840.0 0.5491508682266606
8850.0 0.5492613924926966
8860.0 0.5497255944100479
8870.0 0.5504329497126785
8880.0 0.5511403050153092
8890.0 0.5517813457583183
8900.0 0.5523560719417057
8910.0 0.5528202738590571
8920.0 0.5531297418039579
8930.0 0.5535276291616877
8940.0 0.5541465650514894
8950.0 0.554632871822048
8960.0 0.5546770815284625
8970.0 0.5545444524092192
8980.0 0.5545665572624264
8990.0 0.5546991863816696
9000.0 0.5548981300605346
9010.0 0.555052864032985
9020.0 0.5550970737393994
9030.0 0.5549865494733633
9040.0 0.5548097106477057
9050.0 0.5546549766752552
9060.0 0.5545665572624264
9070.0 0.5545444524092192
9080.0 0.5544781378495975
9090.0 0.5543455087303544
9100.0 0.5541465650514894
9110.0 0.5539255165194173
9120.0 0.5537707825469669
9130.0 0.5536602582809309
9140.0 0.5535718388681021
9150.0 0.5533950000424444
9160.0 0.5531518466571652
9170.0 0.5528423787122642
9180.0 0.5525992253269849
9190.0 0.5525329107673633
9200.0 0.5524887010609489
9210.0 0.5523118622352913
9220.0 0.5521350234096335
9230.0 0.5520687088500119
9240.0 0.5520466039968047
9250.0 0.5520466039968047
9260.0 0.5520687088500119
9270.0 0.5521350234096335
9280.0 0.5522455476756696
9290.0 0.5523339670884985
9300.0 0.5524887010609489
9310.0 0.5527318544462282
9320.0 0.5529971126847146
9330.0 0.5531960563635796
9340.0 0.5534171048956517
9350.0 0.5537486776937598
9360.0 0.5541244601982823
9370.0 0.554522347556012
9380.0 0.5549202349137418
9390.0 0.5553623319778859
9400.0 0.5557602193356157
9410.0 0.5560254775741021
9420.0 0.556334945519003
9430.0 0.55675493772994
9440.0 0.5571749299408769
9450.0 0.5574180833261562
9460.0 0.5576612367114355
9470.0 0.5580812289223724
9480.0 0.5585233259865166
9490.0 0.5588327939314175
9500.0 0.5591422618763184
9510.0 0.5595843589404625
9520.0 0.5600043511513995
9530.0 0.5602917142430932
9540.0 0.5605127627751653
9550.0 0.5607338113072374
9560.0 0.5610211743989311
9570.0 0.5613527471970391
9580.0 0.5616622151419401
9590.0 0.5618611588208049
9600.0 0.5620379976464627
9610.0 0.5623032558849491
9620.0 0.5625906189766429
9630.0 0.5627895626555076
9640.0 0.5629664014811654
9650.0 0.5631653451600301
9660.0 0.5633200791324806
9670.0 0.5633863936921023
9680.0 0.5634969179581383
9690.0 0.563784281049832
9700.0 0.5640495392883185
9710.0 0.5641600635543546
9720.0 0.5642484829671833
9730.0 0.5644695314992554
9740.0 0.5646905800313275
9750.0 0.5647789994441564
9760.0 0.5648895237101924
9770.0 0.5651105722422646
9780.0 0.5653316207743366
9790.0 0.5653537256275437
9800.0 0.565375830480751
9810.0 0.5655305644532014
9820.0 0.5656852984256519
9830.0 0.5657074032788592
9840.0 0.5657074032788592
9850.0 0.5658621372513095
9860.0 0.5660610809301744
9870.0 0.5662158149026248
9880.0 0.5662600246090393
9890.0 0.5661495003430033
9900.0 0.5660831857833817
9910.0 0.566237919755832
9920.0 0.5664147585814897
9930.0 0.5664589682879042
9940.0 0.5664368634346969
9950.0 0.5664810731411114
9960.0 0.5665694925539402
9970.0 0.5666137022603546
9980.0 0.5667021216731835
9990.0 0.566878960498841
10000.0 0.567077904177706
10009.999999999998 0.5671884284437421
10020.0 0.5672105332969491
10029.999999999998 0.5672105332969491
10040.0 0.5672105332969491
10049.999999999998 0.5672547430033635
10060.0 0.5673431624161925
10069.999999999998 0.5674315818290213
10080.0 0.5674978963886429
10089.999999999998 0.5675200012418501
10100.0 0.5675421060950573
10109.999999999998 0.5676526303610934
10120.0 0.5678073643335438
10129.999999999998 0.5678957837463727
10140.0 0.5679178885995798
10149.999999999998 0.5678736788931654
10160.0 0.5678736788931654
10169.999999999998 0.5679399934527871
10180.0 0.5680726225720303
10189.999999999998 0.5681610419848592
10200.0 0.5682052516912736
10209.999999999998 0.5682273565444809
10220.0 0.5682715662508953
10230.0 0.5683378808105168
10240.0 0.5683820905169312
10250.0 0.5684041953701384
10260.0 0.5683820905169312
10270.0 0.5683378808105168
10280.0 0.568359985663724
10290.0 0.5684484050765528
10300.0 0.5685368244893817
10310.0 0.5684926147829673
10320.0 0.5684263002233456
10330.0 0.5684263002233456
10340.0 0.56847050992976
10350.0 0.56847050992976
10360.0 0.56847050992976
10370.0 0.5684263002233456
10380.0 0.5683820905169312
10390.0 0.5683157759573096
10400.0 0.5682273565444809
10410.0 0.5681168322784448
10420.0 0.5680726225720303
10430.0 0.5681168322784448
10440.0 0.5681168322784448
10450.0 0.5679178885995798
10460.0 0.5676968400675078
10470.0 0.5675863158014717
10480.0 0.567608420654679
10490.0 0.5676526303610934
10500.0 0.5675863158014717
10510.0 0.5673652672693996
10520.0 0.5671221138841204
10530.0 0.5670336944712915
10540.0 0.5670115896180844
10550.0 0.5669452750584627
10560.0 0.566878960498841
10570.0 0.5667463313795978
10580.0 0.5665252828475258
10590.0 0.5661937100494177
10600.0 0.5658842421045167
10610.0 0.5657516129852735
10620.0 0.5656852984256519
10630.0 0.5655526693064087
10640.0 0.5653316207743366
10650.0 0.5650221528294356
10660.0 0.5647126848845347
10670.0 0.5644916363524627
10680.0 0.564314797526805
10690.0 0.5640716441415258
10700.0 0.5638505956094537
10710.0 0.5636737567837959
10720.0 0.5635190228113456
10730.0 0.5633421839856879
10740.0 0.5631653451600301
10750.0 0.5630548208939942
10760.0 0.5628779820683365
10770.0 0.5626348286830573
10780.0 0.5623032558849491
10790.0 0.5620158927932554
10800.0 0.5618169491143905
10810.0 0.5617285297015617
10820.0 0.5616180054355258
10830.0 0.561330642343832
10840.0 0.5610432792521383
10850.0 0.5609327549861022
10860.0 0.5608222307200662
10870.0 0.560579077334787
10880.0 0.5602917142430932
10890.0 0.5600927705642283
10900.0 0.5599159317385707
10910.0 0.559739092912913
10920.0 0.5595622540872554
10930.0 0.5593191007019761
10940.0 0.5591201570231111
10950.0 0.5589433181974536
10960.0 0.5587664793717959
10970.0 0.5585675356929309
10980.0 0.5585675356929309
10990.0 0.5589433181974536
11000.0 0.5593191007019761
11010.0 0.5592748909955616
11020.0 0.5590759473166967
11030.0 0.5589654230506608
11040.000000000002 0.5589433181974536
11050.0 0.5589433181974536
11060.000000000002 0.5589212133442464
11070.0 0.5589433181974536
11080.000000000002 0.5588991084910391
11090.0 0.5587222696653815
11100.000000000002 0.5585896405461382
11110.0 0.5586559551057598
11120.000000000002 0.5587443745185886
11130.0 0.5587222696653815
11140.000000000002 0.5587222696653815
11150.0 0.5588327939314175
11160.000000000002 0.558877003637832
11170.0 0.5587443745185886
11180.000000000002 0.5585896405461382
11190.0 0.558678059958967
11200.000000000002 0.5588106890782103
11210.0 0.558788584225003
11220.000000000002 0.5587222696653815
11230.0 0.5588106890782103
11240.000000000002 0.5588327939314175
11250.0 0.558678059958967
11259.999999999998 0.5584791162801022
11270.0 0.5584349065736878
11279.999999999998 0.558457011426895
11290.0 0.558457011426895
11299.999999999998 0.5585012211333095
11310.0 0.5585675356929309
11319.999999999998 0.5585896405461382
11330.0 0.5585675356929309
11339.999999999998 0.5585233259865166
11350.0 0.5585012211333095
11359.999999999998 0.5584791162801022
11370.0 0.5584128017204805
11379.999999999998 0.5583685920140661
11390.0 0.5584128017204805
11399.999999999998 0.5585012211333095
11410.0 0.5585896405461382
11419.999999999998 0.5585675356929309
11430.0 0.5584791162801022
11439.999999999998 0.5583685920140661
11450.0 0.5583906968672734
11459.999999999998 0.5584349065736878
11470.0 0.5584128017204805
11480.0 0.5583464871608589
11490.0 0.5582580677480301
11500.0 0.5581917531884084
11510.0 0.558147543481994
11520.0 0.5580812289223724
11530.0 0.5579485998031292
11540.0 0.5578601803903003
11550.0 0.5578822852435076
11560.0 0.5578822852435076
11570.0 0.5577275512710571
11580.0 0.5575286075921922
11590.0 0.5574622930325707
11600.0 0.5574622930325707
11610.0 0.5574180833261562
11620.0 0.5573075590601202
11630.0 0.5571307202344625
11640.0 0.5569538814088049
11650.0 0.5568433571427688
11660.0 0.5567770425831472
11670.0 0.5566665183171111
11680.0 0.5565780989042823
11690.0 0.5565780989042823
11700.0 0.556533889197868
11710.0 0.5563128406657959
11720.0 0.5560254775741021
11730.0 0.5558486387484445
11740.0 0.5557381144824084
11750.0 0.5556275902163723
11760.0 0.5554949610971291
11770.0 0.5553623319778859
11780.0 0.5552960174182643
11790.0 0.5553181222714715
11800.0 0.5553181222714715
11810.0 0.5551854931522282
11820.0 0.5550086543265706
11830.0 0.5549202349137418
11840.0 0.5548318155009129
11850.0 0.5546549766752552
11860.0 0.5544560329963905
11870.0 0.5542349844643183
11880.0 0.554102355345075
11890.0 0.5540581456386606
11900.0 0.553991831079039
11910.0 0.5537707825469669
11920.0 0.5535718388681021
11930.0 0.5534834194552732
11940.0 0.5534171048956517
11950.0 0.5532181612167867
11960.0 0.5530192175379218
11970.0 0.5529529029783002
11980.0 0.552930798125093
11990.0 0.5527760641526426
12000.0 0.5525992253269849
12010.0 0.5524887010609489
12020.0 0.5524444913545346
12030.0 0.5523560719417057
12040.0 0.552289757382084
12050.0 0.552289757382084
12060.0 0.5522455476756696
12070.0 0.5520908137032191
12080.0 0.551869765171147
12090.0 0.5516708214922822
12100.0 0.5515602972262462
12110.0 0.5515602972262462
12120.0 0.5515160875198318
12130.0 0.5513392486941742
12140.0 0.5511403050153092
12150.0 0.5510739904556876
12160.0 0.5510960953088948
12170.0 0.5511624098685164
12180.0 0.551118200162102
12190.0 0.5509413613364443
12200.0 0.5507866273639939
12210.0 0.5508087322172011
12220.0 0.5508529419236156
12230.0 0.5507645225107867
12240.0 0.5506761030979579
12250.0 0.5506761030979579
12260.0 0.5506982079511651
12270.0 0.5506097885383362
12280.0 0.5505213691255074
12290.000000000002 0.5504992642723002
12300.0 0.5504992642723002
12310.000000000002 0.5503887400062641
12320.0 0.5502340060338137
12330.000000000002 0.5501455866209849
12340.0 0.5500792720613633
12350.000000000002 0.5500350623549489
12360.0 0.5499687477953272
12370.000000000002 0.5498803283824983
12380.0 0.549836118676084
12390.000000000002 0.5499024332357055
12400.0 0.5499245380889128
12410.000000000002 0.5497476992632552
12420.0 0.5496150701440119
12430.000000000002 0.5497034895568408
12440.0 0.5497698041164624
12450.000000000002 0.5496592798504263
12460.0 0.5494824410247686
12470.000000000002 0.5494824410247686
12480.0 0.5495487555843903
12490.000000000002 0.5495708604375975
12500.0 0.5495487555843903
12509.999999999998 0.5494824410247686
12520.0 0.549416126465147
12529.999999999998 0.5493719167587326
12540.0 0.5493719167587326
12549.999999999998 0.549416126465147
12560.0 0.5494603361715614
12569.999999999998 0.5494603361715614
12580.0 0.5493498119055253
12589.999999999998 0.5491729730798677
12600.0 0.5490624488138317
12609.999999999998 0.5491508682266606
12620.0 0.5492613924926966
12629.999999999998 0.5492834973459038
12640.0 0.5492392876394894
12649.999999999998 0.5492613924926966
12660.0 0.5492613924926966
12669.999999999998 0.5491287633734533
12680.0 0.5490182391074172
12689.999999999998 0.5490182391074172
12700.0 0.5490624488138317
12709.999999999998 0.5490845536670389
12720.0 0.5491287633734533
12730.0 0.549195077933075
12740.0 0.549195077933075
12750.0 0.5490403439606245
12760.0 0.5489077148413812
12770.0 0.5489961342542101
12780.0 0.5491508682266606
12790.0 0.5492392876394894
12800.0 0.549195077933075
12810.0 0.5490403439606245
12820.0 0.5489077148413812
12830.0 0.5489077148413812
12840.0 0.5490182391074172
12850.0 0.5491066585202462
12860.0 0.5491508682266606
12870.0 0.5491066585202462
12880.0 0.5490403439606245
12890.0 0.5490624488138317
12900.0 0.5491066585202462
12910.0 0.5491287633734533
12920.0 0.5491066585202462
12930.0 0.5490624488138317
12940.0 0.5490403439606245
12950.0 0.5490845536670389
12960.0 0.5491066585202462
12970.0 0.5490403439606245
12980.0 0.5489961342542101
12990.0 0.5490624488138317
13000.0 0.5491508682266606
13010.0 0.5491287633734533
13020.0 0.5490403439606245
13030.0 0.5489519245477956
13040.0 0.5489298196945884
13050.0 0.5489519245477956
13060.0 0.5490182391074172
13070.0 0.5490845536670389
13080.0 0.5491287633734533
13090.0 0.5491066585202462
13100.0 0.5491729730798677
13110.0 0.5493940216119397
13120.0 0.5495487555843903
13130.0 0.5494382313183542
13140.0 0.5492613924926966
13150.0 0.5492171827862822
13160.0 0.5492613924926966
13170.0 0.5493498119055253
13180.0 0.5493719167587326
13190.0 0.5493277070523183
13200.0 0.5492613924926966
13210.0 0.5492834973459038
13220.0 0.5493498119055253
