mejiro/data/roman_filter_response/RomanSCA01-Prism.ecsv
# %ECSV 1.0
# ---
# datatype:
# - {name: wavelength, unit: Angstrom, datatype: float64}
# - {name: response, datatype: float64}
# meta:
#   __serialized_columns__:
#     wavelength:
#       __class__: astropy.units.quantity.Quantity
#       unit: !astropy.units.Unit {unit: Angstrom}
#       value: !astropy.table.SerializedColumn {name: wavelength}
#   band_name: Prism
#   group_name: RomanSCA01
# schema: astropy-2.0
wavelength response
7530.0 0.0
7540.0 2.2104853207207685e-05
7550.0 0.00017683882565766148
7560.0 0.0009726135411171382
7570.0 0.0043325512286127065
7580.0 0.015274453566180509
7590.0 0.04268447154311804
7600.0 0.09542665129551557
7610.0 0.17361151708940917
7620.0 0.2628709143401138
7630.0 0.3413431432257011
7640.0 0.3943947909229995
7650.0 0.42204796228521635
7660.0 0.4332330180080634
7670.0 0.437123472172532
7680.0 0.43898027984193744
7690.0 0.4402402564747483
7700.0 0.4409476117773789
7710.0 0.44141181369473026
7720.0 0.4418760156120817
7730.0 0.44240653208905456
7740.0 0.442981258272442
7750.0 0.4436444038686583
7760.0 0.4443296543180817
7770.0 0.4448822756482619
7780.0 0.4451254290335412
7790.0 0.44539068727202763
7800.0 0.4459212037490007
7810.0 0.44642961537276643
7820.0 0.4466064541984241
7830.0 0.4465843493452169
7840.0 0.4465401396388024
7850.0 0.4464738250791808
7860.0 0.4464075105195592
7870.0 0.44638540566635204
7880.0 0.446495929932388
7890.0 0.4467390833176673
7900.0 0.44704855126256826
7910.0 0.44731380950105476
7920.0 0.44740222891388354
7930.0 0.44766748715237004
7940.0 0.4482422133357575
7950.0 0.4486843103999016
7960.0 0.44859589098707275
7970.0 0.4490379880512169
7980.0 0.4507400617481719
7990.0 0.4517789898489107
8000.0 0.4504969083628926
8010.0 0.4484853667210368
8020.000000000001 0.44775590656519887
8030.000000000001 0.44815379392292864
8040.000000000001 0.4490379880512169
8050.000000000001 0.4499442870327124
8060.000000000001 0.45051901321609983
8070.000000000001 0.45096111028024394
8080.000000000001 0.451491626757217
8090.000000000001 0.4518674092617395
8100.000000000001 0.4519116189681539
8110.000000000001 0.4518674092617395
8120.000000000001 0.45208845779381157
8129.999999999999 0.4523095063258836
8139.999999999999 0.4523095063258836
8149.999999999999 0.45237582088550526
8159.999999999999 0.452773708243235
8169.999999999999 0.4533484344266224
8179.999999999999 0.4538126363439738
8189.999999999999 0.45421052370170356
8200.0 0.4546084110594333
8210.0 0.45518313724282067
8220.0 0.45608943622431614
8230.0 0.45708415461864055
8240.0 0.4578357196276856
8250.0 0.45812308271937924
8260.0 0.4579020341873072
8270.0 0.45801255845334327
8280.0 0.4591399059669109
8290.0 0.460223043774064
8300.0 0.46028935833368567
8310.0 0.45993568068237034
8320.0 0.45993568068237034
8330.0 0.4601567292144424
8340.0 0.4603556728933072
8350.0 0.46062093113179375
8360.0 0.4611514476087667
8370.0 0.4617482786453614
8380.0 0.4621903757095055
8390.0 0.4623672145351631
8400.0 0.46227879512233433
8410.0 0.4623672145351631
8420.0 0.4629198358653433
8430.0 0.4634061426359019
8440.0 0.46338403778269466
8450.0 0.4636050863147668
8460.0 0.46477664353474873
8470.0 0.46605872502076684
8480.0 0.46656713664453264
8490.0 0.4667218706169831
8500.0 0.46709765312150564
8510.0 0.46765027445168583
8520.0 0.468202895781866
8530.0 0.46875551711204616
8540.0 0.4693523481486408
8550.0 0.46979444521278496
8560.0 0.4699491791852354
8570.0 0.4701923325705147
8580.0 0.47085547816673096
8590.0 0.4718059868546408
8600.0 0.47280070524896517
8610.0 0.4734859556983886
8620.0 0.47366279452404625
8630.0 0.4739722624689472
8640.0 0.4749669808632715
8650.0 0.47633748176211843
8660.0 0.4775974583949293
8670.0 0.4786584913488752
8680.0 0.47954268547716355
8690.0 0.4801837262201725
8700.0 0.48062582328431674
8710.0 0.48117844461449694
8720.0 0.48210684844919965
8730.0 0.48323419596276723
8740.0 0.48429522891671317
8750.0 0.48511310848537986
8760.0 0.48559941525593847
8770.0 0.4861741414393258
8780.0 0.487146754980443
8790.0 0.4882519976408034
8800.0 0.4891582966222988
8810.0 0.49002038589738
8820.0 0.49097089458528986
8830.0 0.4917445644475422
8840.0 0.4920319275392359
8850.0 0.49225297607130797
8860.0 0.49280559740148816
8870.0 0.4935792672637404
8880.0 0.49433083227278546
8890.0 0.49506029242862326
8900.0 0.4957013331716324
8910.0 0.4962539545018126
8920.0 0.4966739467127495
8930.0 0.497160253483308
8940.0 0.4978455039327315
8950.0 0.49842023011611886
8960.0 0.4985970689417765
8970.0 0.49861917379498377
8980.0 0.49877390776743424
8990.0 0.49903916600592074
9000.0 0.4993486339508216
9010.0 0.49961389218930813
9020.0 0.4997907310149658
9030.0 0.49981283586817293
9040.0 0.4997907310149658
9050.0 0.4997907310149658
9060.0 0.4998349407213802
9070.0 0.4999454649874162
9080.0 0.5000117795470378
9090.0 0.5000117795470378
9100.0 0.49996756984062346
9110.0 0.499923360134209
9120.0 0.49990125528100177
9130.0 0.4999454649874162
9140.0 0.4999896746938306
9150.0 0.4999896746938306
9160.0 0.49990125528100177
9170.0 0.49976862616175854
9180.0 0.49970231160213696
9190.0 0.49976862616175854
9200.0 0.4998791504277946
9210.0 0.4998791504277946
9220.0 0.4998570455745874
9230.0 0.4999454649874162
9240.0 0.5000780941066595
9250.0 0.5002328280791098
9260.0 0.5004096669047675
9270.0 0.5006528202900469
9280.0 0.5009180785285333
9290.0 0.5011612319138126
9300.0 0.5014706998587136
9310.0 0.5018685872164433
9320.0 0.5022664745741731
9330.0 0.5026201522254884
9340.0 0.5029959347300109
9350.0 0.5034822415005694
9360.0 0.5040127579775424
9370.0 0.5045432744545154
9380.0 0.5050958957846956
9390.0 0.5056927268212902
9400.0 0.5062232432982632
9410.0 0.5066653403624074
9420.0 0.5071074374265515
9430.0 0.5077042684631462
9440.0 0.5082568897933264
9450.0 0.5086768820042633
9460.0 0.5090968742152002
9470.0 0.5096494955453804
9480.0 0.510246326581975
9490.0 0.5107105284993264
9500.0 0.5111747304166777
9510.0 0.5117715614532723
9520.0 0.5123683924898669
9530.0 0.5128104895540111
9540.0 0.5131862720585336
9550.0 0.5135841594162633
9560.0 0.5140483613336148
9570.0 0.5145346681041734
9580.0 0.5149988700215247
9590.0 0.51535254767284
9600.0 0.5157283301773625
9610.0 0.5161483223882994
9620.0 0.5165904194524437
9630.0 0.5169662019569661
9640.0 0.5173198796082815
9650.0 0.517695662112804
9660.0 0.5180272349109122
9670.0 0.5182703882961913
9680.0 0.5185577513878851
9690.0 0.5189998484520293
9700.0 0.5194198406629662
9710.0 0.51970720375466
9720.0 0.5199724619931464
9730.0 0.5203703493508761
9740.0 0.5207461318553986
9750.0 0.5210113900938852
9760.0 0.5212987531855788
9770.0 0.5216966405433086
9780.0 0.5220724230478312
9790.0 0.5222713667266959
9800.0 0.5224703104055608
9810.0 0.5228018832036689
9820.0 0.5231113511485699
9830.0 0.5233102948274347
9840.0 0.5235092385062996
9850.0 0.5238187064512005
9860.0 0.5241723841025159
9870.0 0.5245039569006239
9880.0 0.5247250054326961
9890.0 0.5247913199923177
9900.0 0.5249018442583537
9910.0 0.5252113122032546
9920.0 0.52556498985457
9930.0 0.5257639335334348
9940.0 0.5259186675058852
9950.0 0.5261397160379573
9960.0 0.5263828694232366
9970.0 0.5266039179553087
9980.0 0.5268249664873809
9990.0 0.5271786441386961
10000.0 0.5275102169368042
10009.999999999998 0.5277754751752907
10020.0 0.5279744188541556
10029.999999999998 0.5281512576798132
10040.0 0.5283059916522637
10049.999999999998 0.5285049353311285
10060.0 0.5287480887164078
10069.999999999998 0.5289912421016871
10080.0 0.5292122906337592
10089.999999999998 0.5293670246062097
10100.0 0.5295438634318673
10109.999999999998 0.5298312265235611
10120.0 0.5301185896152547
10129.999999999998 0.5303617430005341
10140.0 0.5305164769729844
10149.999999999998 0.5306491060922277
10160.0 0.5307817352114709
10169.999999999998 0.531002783743543
10180.0 0.5312680419820295
10189.999999999998 0.5314890905141015
10200.0 0.5316880341929665
10209.999999999998 0.5318648730186241
10220.0 0.5320417118442817
10230.0 0.5322406555231466
10240.0 0.5324395992020116
10250.0 0.532594333174462
10260.0 0.532704857440498
10270.0 0.5328153817065341
10280.0 0.5329701156789844
10290.0 0.5331911642110566
10300.0 0.5334122127431287
10310.0 0.5335227370091647
10320.0 0.5335890515687863
10330.0 0.5337216806880295
10340.0 0.5338985195136872
10350.0 0.5340311486329306
10360.0 0.5341416728989665
10370.0 0.5342521971650026
10380.0 0.5343185117246241
10390.0 0.5343848262842458
10400.0 0.5344290359906602
10410.0 0.5344511408438675
10420.0 0.5345395602566962
10430.0 0.5347163990823539
10440.0 0.5348490282015972
10450.0 0.5347827136419755
10460.0 0.5346721893759395
10470.0 0.5347163990823539
10480.0 0.5348490282015972
10490.0 0.5350037621740477
10500.0 0.5350700767336692
10510.0 0.5349816573208404
10520.0 0.5348711330548044
10530.0 0.5348932379080116
10540.0 0.5349816573208404
10550.0 0.5350700767336692
10560.0 0.5350921815868764
10570.0 0.5350921815868764
10580.0 0.5349816573208404
10590.0 0.5347827136419755
10600.0 0.5346279796695251
10610.0 0.5346058748163178
10620.0 0.5346279796695251
10630.0 0.5346279796695251
10640.0 0.534517455403489
10650.0 0.5343406165778314
10660.0 0.5341637777521737
10670.0 0.5340532534861376
10680.0 0.533986938926516
10690.0 0.53387641466048
10700.0 0.5337437855412368
10710.0 0.5336774709816151
10720.0 0.5336332612752007
10730.0 0.5335669467155791
10740.0 0.5335227370091647
10750.0 0.5335006321559574
10760.0 0.5334343175963359
10770.0 0.5332795836238854
10780.0 0.5330806399450205
10790.0 0.5329038011193629
10800.0 0.5328153817065341
10810.0 0.5328374865597413
10820.0 0.5328153817065341
10830.0 0.5326385428808764
10840.0 0.5324617040552186
10850.0 0.5324174943488043
10860.0 0.5324174943488043
10870.0 0.5322848652295611
10880.0 0.5320859215506961
10890.0 0.5319753972846601
10900.0 0.5319090827250386
10910.0 0.531842768165417
10920.0 0.5317322438993809
10930.0 0.5315996147801376
10940.0 0.5314890905141015
10950.0 0.5314006711012728
10960.0 0.5313343565416512
10970.0 0.5312017274224079
10980.0 0.5312901468352368
10990.0 0.5317322438993809
11000.0 0.5321522361103178
11010.0 0.5321964458167322
11020.0 0.532063816697489
11030.0 0.5320417118442817
11040.000000000002 0.5321080264039034
11050.0 0.5321522361103178
11060.000000000002 0.5322406555231466
11070.0 0.5323290749359755
11080.000000000002 0.5323511797891827
11090.0 0.5322627603763539
11100.000000000002 0.5321964458167322
11110.0 0.5323069700827683
11120.000000000002 0.5324617040552186
11130.0 0.5325280186148403
11140.000000000002 0.5325722283212547
11150.0 0.5327490671469124
11160.000000000002 0.5328595914129485
11170.0 0.5327932768533268
11180.000000000002 0.5327269622937052
11190.0 0.5328595914129485
11200.000000000002 0.5330364302386061
11210.0 0.5330585350918133
11220.000000000002 0.5330806399450205
11230.0 0.5332132690642638
11240.000000000002 0.5333016884770926
11250.0 0.5331911642110566
11259.999999999998 0.5330585350918133
11270.0 0.5330585350918133
11279.999999999998 0.5331469545046422
11290.0 0.5332132690642638
11299.999999999998 0.5332795836238854
11310.0 0.5333901078899214
11319.999999999998 0.5334785273027504
11330.0 0.5335006321559574
11339.999999999998 0.5335227370091647
11350.0 0.5335448418623719
11359.999999999998 0.5335669467155791
11370.0 0.5335448418623719
11379.999999999998 0.5335448418623719
11390.0 0.5336332612752007
11399.999999999998 0.533765890394444
11410.0 0.53387641466048
11419.999999999998 0.5339206243668945
11430.0 0.5338543098072728
11439.999999999998 0.5338101001008584
11450.0 0.5338543098072728
11459.999999999998 0.5339206243668945
11470.0 0.5339427292201017
11480.0 0.5339206243668945
11490.0 0.53387641466048
11500.0 0.5338322049540656
11510.0 0.5338322049540656
11520.0 0.5337879952476512
11530.0 0.5336995758348224
11540.0 0.533655366128408
11550.0 0.5336995758348224
11560.0 0.5337216806880295
11570.0 0.5335890515687863
11580.0 0.5334343175963359
11590.0 0.5334122127431287
11600.0 0.5334343175963359
11610.0 0.5334343175963359
11620.0 0.533345898183507
11630.0 0.5331911642110566
11640.0 0.5330364302386061
11650.0 0.5329701156789844
11660.0 0.5329259059725701
11670.0 0.5328374865597413
11680.0 0.5327711720001197
11690.0 0.5327932768533268
11700.0 0.5327711720001197
11710.0 0.5325722283212547
11720.0 0.5323290749359755
11730.0 0.5321743409635251
11740.0 0.5320859215506961
11750.0 0.5319975021378673
11760.0 0.5318869778718314
11770.0 0.5317764536057953
11780.0 0.5317101390461737
11790.0 0.5317322438993809
11800.0 0.5317543487525881
11810.0 0.531643824486552
11820.0 0.5314890905141015
11830.0 0.5314006711012728
11840.0 0.5313343565416512
11850.0 0.5311796225692007
11860.0 0.531002783743543
11870.0 0.5308038400646782
11880.0 0.5306712109454349
11890.0 0.5306491060922277
11900.0 0.5305827915326061
11910.0 0.5303838478537412
11920.0 0.5301849041748763
11930.0 0.5301185896152547
11940.0 0.5300743799088403
11950.0 0.5298754362299755
11960.0 0.5296985974043178
11970.0 0.5296322828446961
11980.0 0.529610177991489
11990.0 0.5294554440190384
12000.0 0.529300710046588
12010.0 0.5292122906337592
12020.0 0.5291459760741376
12030.0 0.5290796615145159
12040.0 0.5290133469548943
12050.0 0.5290133469548943
12060.0 0.5289691372484798
12070.0 0.5288144032760295
12080.0 0.5286154595971646
12090.0 0.5284165159182996
12100.0 0.5283059916522637
12110.0 0.5282838867990565
12120.0 0.5282396770926421
12130.0 0.5280628382669844
12140.0 0.5278859994413267
12150.0 0.527819684881705
12160.0 0.5278417897349124
12170.0 0.5278638945881196
12180.0 0.527819684881705
12190.0 0.5276428460560475
12200.0 0.5274881120835969
12210.0 0.5274881120835969
12220.0 0.5275102169368042
12230.0 0.5274217975239754
12240.0 0.5273112732579394
12250.0 0.5273112732579394
12260.0 0.5272891684047322
12270.0 0.5271786441386961
12280.0 0.52706811987266
12290.000000000002 0.5270239101662456
12300.0 0.5270018053130384
12310.000000000002 0.5268691761937953
12320.0 0.5266923373681375
12330.000000000002 0.5265818131021015
12340.0 0.5264712888360654
12350.000000000002 0.5264049742764438
12360.0 0.5262944500104078
12370.000000000002 0.5261618208911646
12380.0 0.5260734014783357
12390.000000000002 0.5260955063315429
12400.0 0.5260734014783357
12410.000000000002 0.5258744577994708
12420.0 0.5256976189738132
12430.000000000002 0.5257197238270204
12440.0 0.5257418286802276
12450.000000000002 0.52556498985457
12460.0 0.5253439413224978
12470.000000000002 0.5252776267628763
12480.0 0.5252776267628763
12490.000000000002 0.5252334170564619
12500.0 0.525144997643633
12509.999999999998 0.5250123685243898
12520.0 0.5248797394051464
12529.999999999998 0.5247471102859033
12540.0 0.5246807957262817
12549.999999999998 0.5246365860198673
12560.0 0.52461448116666
12569.999999999998 0.5245039569006239
12580.0 0.5243271180749662
12589.999999999998 0.524083964689687
12600.0 0.5238850210108221
12609.999999999998 0.5238850210108221
12620.0 0.5239071258640293
12629.999999999998 0.5238187064512005
12640.0 0.5237081821851646
12649.999999999998 0.5236197627723356
12660.0 0.5235313433595068
12669.999999999998 0.5233102948274347
12680.0 0.5231113511485699
12689.999999999998 0.523022931735741
12700.0 0.5229787220293266
12709.999999999998 0.5228903026164978
12720.0 0.5228239880568762
12730.0 0.5228239880568762
12740.0 0.5227355686440474
12750.0 0.5224703104055608
12760.0 0.5222492618734887
12770.0 0.5222492618734887
12780.0 0.5223155764331103
12790.0 0.5223155764331103
12800.0 0.5221829473138672
12810.0 0.5219397939285879
12820.0 0.521740850249723
12830.0 0.5216524308368942
12840.0 0.5216745356901014
12850.0 0.5216745356901014
12860.0 0.521630325983687
12870.0 0.521519801717651
12880.0 0.5213871725984076
12890.0 0.521320858038786
12900.0 0.5212987531855788
12910.0 0.5212545434791644
12920.0 0.5211882289195429
12930.0 0.5210777046535068
12940.0 0.5209892852406779
12950.0 0.5209892852406779
12960.0 0.5209450755342635
12970.0 0.5208345512682274
12980.0 0.5207461318553986
12990.0 0.5207682367086058
13000.0 0.5208345512682274
13010.0 0.5207682367086058
13020.0 0.5206577124425699
13030.0 0.5205471881765338
13040.0 0.5205029784701193
13050.0 0.5205029784701193
13060.0 0.5205471881765338
13070.0 0.5206135027361554
13080.0 0.5206356075893627
13090.0 0.5206135027361554
13100.0 0.5206577124425699
13110.0 0.5208787609746419
13120.0 0.5210113900938852
13130.0 0.5209229706810563
13140.0 0.5207461318553986
13150.0 0.5207019221489843
13160.0 0.5207682367086058
13170.0 0.5208566561214347
13180.0 0.5209008658278491
13190.0 0.5208566561214347
13200.0 0.5208345512682274
13210.0 0.5208566561214347
13220.0 0.5209450755342635
13230.0 0.5209892852406779
