mejiro/data/roman_filter_response/RomanSCA13-F146.ecsv
# %ECSV 1.0
# ---
# datatype:
# - {name: wavelength, unit: Angstrom, datatype: float64}
# - {name: response, datatype: float64}
# meta:
#   __serialized_columns__:
#     wavelength:
#       __class__: astropy.units.quantity.Quantity
#       unit: !astropy.units.Unit {unit: Angstrom}
#       value: !astropy.table.SerializedColumn {name: wavelength}
#   band_name: F146
#   group_name: RomanSCA13
# schema: astropy-2.0
wavelength response
9150.0 0.0
9160.0 4.420970641441537e-05
9170.0 0.00017683882565766148
9180.0 0.0006410407430090229
9190.0 0.002033646495063107
9200.0 0.005747261833873998
9210.0 0.014390259437892204
9220.0 0.0319415128844151
9230.0 0.0629988316405419
9240.0 0.1110547825130114
9250.0 0.17591042182295874
9260.0 0.2522826896538613
9270.0 0.3308875476586918
9280.0 0.401468343949306
9290.0 0.45677468667373955
9300.0 0.49464030021768635
9310.0 0.5173640893146959
9320.0 0.529300710046588
9330.0 0.5347385039355611
9340.0 0.5369931989626963
9350.0 0.5379879173570207
9360.0 0.5385184338339937
9370.0 0.5388942163385162
9380.0 0.5392478939898314
9390.0 0.5396457813475612
9400.0 0.5399994589988765
9410.0 0.5402426123841558
9420.0 0.5405299754758496
9430.0 0.5409278628335792
9440.0 0.541325750191309
9450.0 0.5415689035765884
9460.0 0.5418120569618675
9470.0 0.5422099443195973
9480.0 0.5426299365305343
9490.0 0.542917299622228
9500.0 0.5432046627139216
9510.0 0.5436246549248586
9520.0 0.5440446471357955
9530.0 0.5442878005210748
9540.0 0.5444646393467325
9550.0 0.5446856878788047
9560.0 0.5449288412640838
9570.0 0.5452162043557776
9580.0 0.5454593577410568
9590.0 0.5456140917135074
9600.0 0.5457467208327506
9610.0 0.5459456645116154
9620.0 0.5461667130436875
9630.0 0.5463214470161379
9640.0 0.546431971282174
9650.0 0.5465646004014172
9660.0 0.5466530198142461
9670.0 0.5466530198142461
9680.0 0.5466972295206605
9690.0 0.5468740683463181
9700.0 0.547073012025183
9710.0 0.5470951168783902
9720.0 0.5471172217315974
9730.0 0.5472498508508407
9740.0 0.5473603751168767
9750.0 0.5473824799700839
9760.0 0.5474045848232911
9770.0 0.5475372139425343
9780.0 0.5476477382085704
9790.0 0.5475814236489488
9800.0 0.5474930042361199
9810.0 0.5475593187957416
9820.0 0.5476256333553632
9830.0 0.5475372139425343
9840.0 0.5474487945297055
9850.0 0.5474930042361199
9860.0 0.5475814236489488
9870.0 0.5476477382085704
9880.0 0.5475814236489488
9890.0 0.5473824799700839
9900.0 0.5472056411444262
9910.0 0.5472498508508407
9920.0 0.5473382702636695
9930.0 0.5472719557040479
9940.0 0.5471393265848047
9950.0 0.5470951168783902
9960.0 0.5470951168783902
9970.0 0.5470288023187686
9980.0 0.5470066974655614
9990.0 0.547073012025183
10000.0 0.5471614314380118
10009.999999999998 0.5471614314380118
10020.0 0.5471172217315974
10029.999999999998 0.5470066974655614
10040.0 0.5469182780527326
10049.999999999998 0.5468519634931109
10060.0 0.5468519634931109
10069.999999999998 0.5468519634931109
10080.0 0.5468298586399037
10089.999999999998 0.5467414392270749
10100.0 0.5466751246674533
10109.999999999998 0.5466972295206605
10120.0 0.5467635440802822
10129.999999999998 0.5467635440802822
10140.0 0.5466751246674533
10149.999999999998 0.5465646004014172
10160.0 0.5464540761353812
10169.999999999998 0.5464540761353812
10180.0 0.5464982858417956
10189.999999999998 0.5464982858417956
10200.0 0.5464540761353812
10209.999999999998 0.5464098664289668
10220.0 0.5463656567225523
10230.0 0.5463435518693451
10240.0 0.5463214470161379
10250.0 0.5462551324565164
10260.0 0.5461446081904803
10270.0 0.5460340839244443
10280.0 0.5459677693648226
10290.0 0.546011979071237
10300.0 0.546011979071237
10310.0 0.5459014548052009
10320.0 0.5457688256859577
10330.0 0.5457025111263362
10340.0 0.5456583014199218
10350.0 0.5456140917135074
10360.0 0.5455256723006785
10370.0 0.5454372528878496
10380.0 0.5453267286218136
10390.0 0.5451940995025704
10400.0 0.5450393655301199
10410.0 0.5448846315576694
10420.0 0.5447741072916334
10430.0 0.5447741072916334
10440.0 0.5447077927320118
10450.0 0.5444646393467325
10460.0 0.5441772762550389
10470.0 0.5440446471357955
10480.0 0.5440004374293811
10490.0 0.543978332576174
10500.0 0.5438678083101379
10510.0 0.5436246549248586
10520.0 0.5433372918331649
10530.0 0.5432046627139216
10540.0 0.5431383481543001
10550.0 0.5430499287414713
10560.0 0.542917299622228
10570.0 0.5427625656497775
10580.0 0.5424973074112911
10590.0 0.5421436297599757
10600.0 0.5418120569618675
10610.0 0.5416352181362099
10620.0 0.5415467987233811
10630.0 0.5413699598977234
10640.0 0.5411268065124442
10650.0 0.540795233714336
10660.0 0.5404636609162279
10670.0 0.5402426123841558
10680.0 0.5400215638520838
10690.0 0.5397784104668044
10700.0 0.539513152228318
10710.0 0.5393142085494531
10720.0 0.5391373697237954
10730.0 0.5389384260449306
10740.0 0.5387615872192729
10750.0 0.5386289581000296
10760.0 0.5384521192743721
10770.0 0.5381647561826783
10780.0 0.5378331833845702
10790.0 0.5375458202928765
10800.0 0.5373247717608044
10810.0 0.5372363523479756
10820.0 0.5371037232287323
10830.0 0.5368163601370387
10840.0 0.5365068921921377
10850.0 0.5363742630728945
10860.0 0.5362637388068585
10870.0 0.5360205854215792
10880.0 0.5357332223298854
10890.0 0.5355121737978135
10900.0 0.5353353349721558
10910.0 0.535158496146498
10920.0 0.5349595524676333
10930.0 0.5347385039355611
10940.0 0.534517455403489
10950.0 0.5343627214310387
10960.0 0.5341858826053809
10970.0 0.5339648340733089
10980.0 0.5339648340733089
10990.0 0.5343185117246241
11000.0 0.5346500845227322
11010.0 0.5346058748163178
11020.0 0.5344069311374531
11030.0 0.534296406871417
11040.000000000002 0.5342743020182097
11050.0 0.5342521971650026
11060.000000000002 0.5342521971650026
11070.0 0.5342521971650026
11080.000000000002 0.5342079874585881
11090.0 0.5340311486329306
11100.000000000002 0.5339206243668945
11110.0 0.5339648340733089
11120.000000000002 0.5340311486329306
11130.0 0.5340311486329306
11140.000000000002 0.5340311486329306
11150.0 0.5341195680457593
11160.000000000002 0.5341858826053809
11170.0 0.5340311486329306
11180.000000000002 0.5338985195136872
11190.0 0.533986938926516
11200.000000000002 0.5341195680457593
11210.0 0.534097463192552
11220.000000000002 0.5340532534861376
11230.0 0.5341195680457593
11240.000000000002 0.5341637777521737
11250.0 0.5340090437797232
11259.999999999998 0.5338322049540656
11270.0 0.5337879952476512
11279.999999999998 0.5338101001008584
11290.0 0.5338322049540656
11299.999999999998 0.53387641466048
11310.0 0.5339427292201017
11319.999999999998 0.5340090437797232
11330.0 0.533986938926516
11339.999999999998 0.5339648340733089
11350.0 0.5339648340733089
11359.999999999998 0.5339427292201017
11370.0 0.5338985195136872
11379.999999999998 0.53387641466048
11390.0 0.5339206243668945
11399.999999999998 0.5340311486329306
11410.0 0.5341195680457593
11419.999999999998 0.5341416728989665
11430.0 0.5340532534861376
11439.999999999998 0.533986938926516
11450.0 0.5340311486329306
11459.999999999998 0.5340753583393449
11470.0 0.534097463192552
11480.0 0.5340532534861376
11490.0 0.5340090437797232
11500.0 0.5339648340733089
11510.0 0.5339427292201017
11520.0 0.5338985195136872
11530.0 0.5338101001008584
11540.0 0.533765890394444
11550.0 0.5338101001008584
11560.0 0.5338543098072728
11570.0 0.5337216806880295
11580.0 0.5335669467155791
11590.0 0.5335448418623719
11600.0 0.5335890515687863
11610.0 0.5335890515687863
11620.0 0.5335006321559574
11630.0 0.5333680030367143
11640.0 0.533235373917471
11650.0 0.5331690593578493
11660.0 0.5331469545046422
11670.0 0.5330806399450205
11680.0 0.5330364302386061
11690.0 0.5330806399450205
11700.0 0.5330806399450205
11710.0 0.5329038011193629
11720.0 0.5326827525872908
11730.0 0.5325501234680475
11740.0 0.532483808908426
11750.0 0.5324174943488043
11760.0 0.5323511797891827
11770.0 0.5322627603763539
11780.0 0.5322406555231466
11790.0 0.5323069700827683
11800.0 0.5323511797891827
11810.0 0.5322627603763539
11820.0 0.5321522361103178
11830.0 0.5321080264039034
11840.0 0.532063816697489
11850.0 0.531953292431453
11860.0 0.5317985584590025
11870.0 0.531643824486552
11880.0 0.5315554050737232
11890.0 0.5315775099269304
11900.0 0.5315333002205159
11910.0 0.5313785662480656
11920.0 0.5312238322756151
11930.0 0.5312238322756151
11940.0 0.5312017274224079
11950.0 0.5310469934499574
11960.0 0.5309143643307143
11970.0 0.530892259477507
11980.0 0.5309143643307143
11990.0 0.5308038400646782
12000.0 0.5306933157986421
12010.0 0.5306491060922277
12020.0 0.5306270012390205
12030.0 0.5306048963858132
12040.0 0.5305827915326061
12050.0 0.5306270012390205
12060.0 0.5306270012390205
12070.0 0.5305385818261917
12080.0 0.5303617430005341
12090.0 0.5302291138812907
12100.0 0.5301627993216691
12110.0 0.5301849041748763
12120.0 0.5301849041748763
12130.0 0.5300522750556331
12140.0 0.5299196459363898
12150.0 0.5298975410831827
12160.0 0.5299638556428042
12170.0 0.5300522750556331
12180.0 0.5300522750556331
12190.0 0.5299196459363898
12200.0 0.5298091216703538
12210.0 0.5298533313767682
12220.0 0.5299196459363898
12230.0 0.5298975410831827
12240.0 0.5298312265235611
12250.0 0.5298533313767682
12260.0 0.5298975410831827
12270.0 0.5298312265235611
12280.0 0.5297649119639394
12290.000000000002 0.5297870168171466
12300.0 0.5297870168171466
12310.000000000002 0.5296985974043178
12320.0 0.5295880731382817
12330.000000000002 0.5294996537254529
12340.0 0.5294554440190384
12350.000000000002 0.5294333391658312
12360.0 0.5293670246062097
12370.000000000002 0.5292786051933809
12380.0 0.5292343954869664
12390.000000000002 0.5293228148997953
12400.0 0.5293228148997953
12410.000000000002 0.5291680809273448
12420.0 0.5290354518081015
12430.000000000002 0.5291017663677232
12440.0 0.5291680809273448
12450.000000000002 0.5290354518081015
12460.0 0.5288586129824439
12470.000000000002 0.5288365081292367
12480.0 0.528880717835651
12490.000000000002 0.528880717835651
12500.0 0.5288365081292367
12509.999999999998 0.5287480887164078
12520.0 0.5286375644503718
12529.999999999998 0.5285712498907502
12540.0 0.5285270401843357
12549.999999999998 0.5285491450375429
12560.0 0.5285491450375429
12569.999999999998 0.5285049353311285
12580.0 0.5283502013586782
12589.999999999998 0.5281291528266061
12600.0 0.5279965237073627
12609.999999999998 0.52801862856057
12620.0 0.5280849431201916
12629.999999999998 0.5280407334137771
12640.0 0.5279523140009483
12649.999999999998 0.5279302091477411
12660.0 0.5278638945881196
12669.999999999998 0.5276870557624619
12680.0 0.5275323217900114
12689.999999999998 0.5274660072303898
12700.0 0.5274660072303898
12709.999999999998 0.5274217975239754
12720.0 0.5273996926707681
12730.0 0.5274217975239754
12740.0 0.5273775878175609
12750.0 0.5271786441386961
12760.0 0.5269797004598312
12770.0 0.5270239101662456
12780.0 0.5271344344322817
12790.0 0.5271786441386961
12800.0 0.5270902247258673
12810.0 0.5268912810470023
12820.0 0.5267144422213448
12830.0 0.5266923373681375
12840.0 0.5267586519277592
12850.0 0.5268028616341736
12860.0 0.5268028616341736
12870.0 0.5267365470745519
12880.0 0.5266481276617231
12890.0 0.5266481276617231
12900.0 0.5266702325149303
12910.0 0.5266702325149303
12920.0 0.5266481276617231
12930.0 0.5265818131021015
12940.0 0.5265597082488942
12950.0 0.5266039179553087
12960.0 0.5266260228085159
12970.0 0.5265597082488942
12980.0 0.5265154985424798
12990.0 0.5266039179553087
13000.0 0.5267144422213448
13010.0 0.5267144422213448
13020.0 0.5266481276617231
13030.0 0.5266260228085159
13040.0 0.5266260228085159
13050.0 0.5266923373681375
13060.0 0.5268028616341736
13070.0 0.5269133859002096
13080.0 0.5270239101662456
13090.0 0.52706811987266
13100.0 0.5271786441386961
13110.0 0.5274439023771825
13120.0 0.5276649509092547
13130.0 0.5276428460560475
13140.0 0.5275323217900114
13150.0 0.5275544266432186
13160.0 0.5277091606156691
13170.0 0.5278638945881196
13180.0 0.5279744188541556
13190.0 0.52801862856057
13200.0 0.5280407334137771
13210.0 0.5281512576798132
13220.0 0.5283059916522637
13230.0 0.5284386207715069
13240.0 0.5285712498907502
13250.0 0.5286817741567863
13260.0 0.5287922984228223
13270.0 0.5289249275420654
13280.0 0.5290354518081015
13290.0 0.5290796615145159
13300.0 0.5291459760741376
13310.0 0.5293228148997953
13320.0 0.5295438634318673
13330.0 0.5297428071107322
13340.0 0.5298533313767682
13350.0 0.5298975410831827
13360.0 0.5299859604960115
13370.0 0.5302070090280836
13380.0 0.5303838478537412
13390.0 0.5303617430005341
13400.0 0.5303175332941196
13410.0 0.5303838478537412
13420.0 0.5305606866793988
13430.0 0.5307375255050565
13440.0 0.5309143643307143
13450.0 0.5310469934499574
13460.0 0.5311796225692007
13470.0 0.5313343565416512
13480.0 0.5314669856608945
13490.0 0.5315775099269304
13500.0 0.531643824486552
13510.0 0.5317101390461737
13520.0 0.5317543487525881
13530.0 0.5317543487525881
13540.000000000002 0.5318206633122097
13550.0 0.5319311875782458
13560.000000000002 0.5320196069910745
13570.0 0.5319975021378673
13580.000000000002 0.5319753972846601
13590.0 0.5321301312571106
13600.000000000002 0.5322848652295611
13610.0 0.5322848652295611
13620.000000000002 0.5322185506699395
13630.0 0.5321743409635251
13640.000000000002 0.5321743409635251
13650.0 0.5321964458167322
13660.000000000002 0.5322627603763539
13670.0 0.5323953894955972
13680.000000000002 0.5325501234680475
13690.0 0.5326164380276692
13700.000000000002 0.5326164380276692
13710.0 0.532594333174462
13720.000000000002 0.5325722283212547
13730.0 0.532594333174462
13740.000000000002 0.5326606477340836
13750.0 0.5327269622937052
13759.999999999998 0.5328153817065341
13770.0 0.5328595914129485
13779.999999999998 0.5328595914129485
13790.0 0.5328153817065341
13799.999999999998 0.5327711720001197
13810.0 0.5327711720001197
13819.999999999998 0.5327932768533268
13830.0 0.5327711720001197
13839.999999999998 0.5326606477340836
13850.0 0.5325280186148403
13859.999999999998 0.5324174943488043
13870.0 0.5324617040552186
13879.999999999998 0.5325059137616331
13890.0 0.532483808908426
13899.999999999998 0.5325280186148403
13910.0 0.5327269622937052
13919.999999999998 0.5329259059725701
13930.0 0.5328816962661557
13939.999999999998 0.5327490671469124
13950.0 0.5326827525872908
13959.999999999998 0.5327269622937052
13970.0 0.5328595914129485
13980.0 0.5329038011193629
13990.0 0.5327932768533268
14000.0 0.5326164380276692
14010.0 0.5325280186148403
14020.0 0.5325059137616331
14030.0 0.5325722283212547
14040.0 0.5326164380276692
14050.0 0.5325722283212547
14060.0 0.5324617040552186
14070.0 0.5323290749359755
14080.0 0.5321964458167322
14090.0 0.5321080264039034
14100.0 0.5319311875782458
14110.0 0.5316659293397592
14120.0 0.5314669856608945
14130.0 0.5314448808076871
14140.0 0.5314669856608945
14150.0 0.5313564613948584
14160.0 0.5311575177159934
14170.0 0.5310248885967502
14180.0 0.5309585740371286
14190.0 0.5310248885967502
14200.0 0.5310690983031646
14210.0 0.5310912031563718
14220.0 0.5311796225692007
14230.0 0.5314890905141015
14240.0 0.5318869778718314
14250.0 0.5321964458167322
14260.0 0.5323290749359755
14270.0 0.5323290749359755
14280.0 0.5323290749359755
14290.0 0.5324174943488043
14300.0 0.5325280186148403
14310.0 0.5326164380276692
14320.0 0.5326385428808764
14330.0 0.532704857440498
14340.0 0.5327711720001197
14350.0 0.5328595914129485
14360.0 0.5329480108257773
14370.0 0.533014325385399
14380.0 0.5330364302386061
14390.0 0.5329922205321918
14400.0 0.533014325385399
14410.0 0.5331469545046422
14420.0 0.5333016884770926
14430.0 0.5333901078899214
14440.0 0.5334122127431287
14450.0 0.5333680030367143
14460.0 0.5333680030367143
14470.0 0.5333901078899214
14480.0 0.5334785273027504
14490.0 0.5336111564219935
14500.0 0.533765890394444
14510.0 0.5338985195136872
14520.0 0.533986938926516
14530.0 0.533986938926516
14540.0 0.533986938926516
14550.0 0.534097463192552
14560.0 0.5342079874585881
14570.0 0.5342743020182097
14580.0 0.5343627214310387
14590.0 0.534517455403489
14600.0 0.5346721893759395
14610.0 0.5347385039355611
14620.0 0.5347827136419755
14630.0 0.5348932379080116
14640.0 0.5349816573208404
14650.0 0.5350258670272547
14660.0 0.5350700767336692
14670.0 0.5352027058529124
14680.0 0.5354016495317774
14690.0 0.5355563835042279
14700.0 0.5356448029170566
14710.0 0.5356669077702638
14720.0 0.535689012623471
14730.0 0.5358658514491287
14740.0 0.5360647951279935
14750.0 0.5361974242472368
14760.0 0.5362858436600656
14770.0 0.5364184727793089
14780.0 0.5365511018985522
14790.000000000002 0.5366837310177954
