mejiro/data/roman_filter_response/RomanSCA16-F062.ecsv
# %ECSV 1.0
# ---
# datatype:
# - {name: wavelength, unit: Angstrom, datatype: float64}
# - {name: response, datatype: float64}
# meta:
#   __serialized_columns__:
#     wavelength:
#       __class__: astropy.units.quantity.Quantity
#       unit: !astropy.units.Unit {unit: Angstrom}
#       value: !astropy.table.SerializedColumn {name: wavelength}
#   band_name: F062
#   group_name: RomanSCA16
# schema: astropy-2.0
wavelength response
4710.0 0.0
4720.0 4.420970641441537e-05
4730.0 0.0002652582384864922
4740.0 0.0012378717796036303
4750.0 0.0046862288799280295
4760.0 0.01423552546544175
4770.0 0.035213031159081844
4780.0 0.0715976195381457
4790.0 0.12155458778643508
4800.0 0.175932526676166
4810.0 0.22197693590677958
4820.0 0.2530342546629064
4830.0 0.2694581605958617
4840.0 0.27604540685160955
4850.0 0.27788010966780785
4860.0 0.2780127387870511
4870.0 0.2777253756953574
4880.0 0.277371698044042
4890.0 0.27710643980555555
4900.0 0.27686328642027624
4910.0 0.276620133034997
4920.0 0.2763548747965105
4930.0 0.276089616558024
4940.0 0.2759348825855735
4950.0 0.27589067287915914
4960.0 0.2759569874387807
4970.0 0.27615593111764564
4980.0 0.2764211893561321
4990.0 0.2766643427414114
5000.0 0.27684118156706905
5010.0 0.27706223009914116
5020.0 0.2774380126036637
5030.0 0.27794642422742943
5040.0 0.27856536011723126
5050.0 0.2792727154198619
5060.0 0.2800242804289069
5070.0 0.2808421599975736
5080.0 0.28172635412586194
5090.0 0.28269896766697905
5100.0 0.2838042103273395
5110.0 0.28495366269411426
5120.0 0.28605890535447465
5130.0 0.2872083577212494
5140.0 0.2885125440604747
5150.0 0.28992725466573604
5160.0 0.2913419652709973
5170.0 0.2928229904358802
5180.0 0.29432612045397033
5190.0 0.2958955650316821
5200.0 0.2974650096093938
5210.0 0.2991007687467272
5220.0 0.30078073759047497
5230.0 0.3025712307002588
5240.0 0.30440593351645706
5250.0 0.3062848460390697
5260.0 0.30811954885526793
5270.0 0.3099542516714661
5280.0 0.3117889544876644
5290.0 0.3137562864231059
5300.0 0.3158783523309978
5310.0 0.3180446279453042
5320.0 0.3201445889999889
5330.0 0.3222224452014664
5340.0 0.32434451110935836
5350.0 0.32653289157687193
5360.0 0.32878758660400714
5370.0 0.3310643864843495
5380.0 0.3333411863646919
5390.0 0.3356179862450343
5400.0 0.3378284715657551
5410.0 0.34006106173968303
5420.0 0.3423157567668182
5430.0 0.34465887120678224
5440.0 0.3471788244724039
5450.0 0.3497208825912328
5460.0 0.35221873100364726
5470.0 0.35462816000323294
5480.0 0.35694916958998973
5490.0 0.35927017917674653
5500.0 0.3616353984699177
5510.0 0.3640227226162962
5520.000000000001 0.3663879419094674
5530.000000000001 0.36881947576226026
5540.000000000001 0.3712731144682603
5550.000000000001 0.37374885802746755
5560.000000000001 0.376136182173846
5570.000000000001 0.37850140146701716
5580.000000000001 0.38088872561339565
5590.000000000001 0.38325394490656683
5600.000000000001 0.38557495449332363
5610.000000000001 0.3878959640800804
5620.000000000001 0.3902390785200445
5629.999999999999 0.3926264026664229
5639.999999999999 0.3950579365192157
5649.999999999999 0.397533680078423
5659.999999999999 0.3999873187844231
5669.999999999999 0.4022199089583511
5679.999999999999 0.4040546117745493
5689.999999999999 0.40593352429716195
5699.999999999999 0.40821032417750436
5709.999999999999 0.41061975317708993
5719.999999999999 0.4127860287913963
5729.999999999999 0.4147533607268378
5740.0 0.4167427975154865
5750.0 0.41879854886375684
5760.0 0.4209206147716487
5770.0 0.42297636611991907
5780.0 0.4248331737893245
5790.0 0.42666787660552274
5800.0 0.42870152310058585
5810.0 0.43071306474244175
5820.0 0.4325256627054328
5830.0 0.43424984125559496
5840.0 0.43595191495255
5850.0 0.4375434643834689
5860.0 0.4388476507226942
5870.0 0.44012973220871227
5880.0 0.44156654766718073
5890.0 0.4430917825384781
5900.0 0.44448438829053216
5910.0 0.44576646977655016
5920.0 0.4469822367029466
5930.0 0.4480211648036854
5940.0 0.44883904437235206
5950.0 0.44963481908781155
5960.0 0.45051901321609983
5970.0 0.451491626757217
5980.0 0.4524200305919197
5990.0 0.45328211986700084
6000.0 0.4540557897292531
6010.0 0.4547410401786765
6020.0 0.4553378712152711
6030.0 0.4560231216646946
6040.0 0.4569073157929829
6050.0 0.45787992933410004
6060.0 0.4587862283155955
6070.0 0.45953779332464056
6080.0 0.4600462049484063
6090.0 0.46048830201255053
6100.0 0.46099671363631634
6110.0 0.46154933496649647
6120.0 0.46210195629667666
6130.0 0.462566158214028
6140.0 0.462986150424965
6150.0 0.4633619329294875
6160.0 0.46373771543401004
6170.0 0.46411349793853257
6180.0 0.4644671755898479
6190.0 0.4647103289751272
6200.0 0.4648650629475777
6210.0 0.46493137750719926
6220.0 0.4650419017732353
6230.0 0.46517453089247857
6240.0 0.4653071600117218
6250.0 0.4653734745713434
6260.0 0.4652850551585146
6270.0 0.4652850551585146
6280.0 0.46557241825020823
6290.0 0.46590399104831637
6300.0 0.4661029347271813
6310.0 0.4662134589932173
6320.0 0.4663460881124606
6330.0 0.4664787172317038
6340.0 0.46650082208491095
6350.0 0.4665892414977398
6360.0 0.46681029002981195
6370.0 0.467031338561884
6380.0 0.4671197579747128
6390.0 0.4671197579747128
6400.0 0.4671197579747128
6410.0 0.46725238709395606
6420.0 0.467561855038857
6430.0 0.46782711327734344
6440.0 0.467893427836965
6450.0 0.4678050084241362
6460.0 0.4676944841581002
6470.0 0.4676944841581002
6480.0 0.4678713229837579
6490.0 0.4681807909286588
6500.0 0.4684902588735597
6510.0 0.4687334122588389
6520.0 0.46882183167166774
6530.0 0.46882183167166774
6540.0 0.46877762196525335
6550.0 0.46871130740563177
6560.0 0.4686892025524245
6570.0 0.4687334122588389
6580.0 0.46888814623128944
6590.0 0.4690428802037399
6600.0 0.4690428802037399
6610.0 0.4689323559377038
6620.0 0.4687997268184606
6630.0 0.4686670976992174
6640.0 0.46857867828638855
6650.0 0.46853446857997416
6660.0 0.4685565734331813
6670.0 0.4685565734331813
6680.0 0.46846815402035247
6690.0 0.4682913151946948
6700.0 0.4680481618094155
6710.0 0.46784921813055064
6720.0 0.46778290357092905
6730.0 0.46773869386451467
6740.0 0.46767237930489297
6750.0 0.46753975018564975
6760.0 0.4673187016535777
6770.000000000001 0.46705344341509114
6780.000000000001 0.4667660803233975
6790.000000000001 0.4664787172317038
6800.000000000001 0.4661692492868029
6810.000000000001 0.46594820075473076
6820.000000000001 0.4657934667822804
6830.000000000001 0.4656387328098299
6840.000000000001 0.4652850551585146
6850.000000000001 0.4648871678007848
6860.000000000001 0.46457769985588393
6870.000000000001 0.4643566513238118
6879.999999999999 0.4642240222045686
6889.999999999999 0.4640250785257038
6899.999999999999 0.4636714008743884
6909.999999999999 0.4632735135166587
6919.999999999999 0.46296404557175774
6929.999999999999 0.4627208921864785
6939.999999999999 0.46241142424157755
6949.999999999999 0.46216827085629836
6959.999999999999 0.4620577465902623
6969.999999999999 0.46201353688384783
6979.999999999999 0.4619472223242262
6990.0 0.46192511747101905
7000.0 0.462035641737055
7010.0 0.46210195629667666
7020.0 0.4619472223242262
7030.0 0.4617040689389469
7040.0 0.46157143981970367
7050.0 0.4614609155536677
7060.0 0.46137249614083886
7070.0 0.46130618158121717
7080.0 0.46137249614083886
7090.0 0.46154933496649647
7100.0 0.4617482786453614
7110.0 0.4618809077646046
7120.0 0.46185880291139736
7130.0 0.46181459320498297
7140.0 0.46185880291139736
7150.0 0.46210195629667666
7160.0 0.46258826306723516
7170.0 0.46305246498458663
7180.0 0.4632735135166587
7190.0 0.4633619329294875
7200.0 0.4635387717551452
7210.0 0.4637156105808028
7220.0 0.46380402999363163
7230.0 0.463848239700046
7240.0 0.4639145542596677
7250.0 0.46393665911287496
7260.0 0.4639145542596677
7270.0 0.46393665911287496
7280.0 0.4640913930853253
7290.0 0.4643124416173974
7300.0 0.46448928044305515
7310.0 0.4645555950026767
7320.0 0.4644450707366407
7330.0 0.46437875617701907
7340.0 0.46448928044305515
7350.0 0.46484295809437043
7360.0 0.4653734745713434
7370.0 0.46588188619510923
7380.0 0.46619135414001006
7390.0 0.4663681929656677
7400.0 0.4665450317913254
7410.0 0.4668323948830191
7420.0 0.46723028224074886
7430.0 0.4676281695984786
7440.0 0.46784921813055064
7450.0 0.4681144763690372
7460.0 0.46862288799280294
7470.0 0.46913129961656874
7480.0 0.46950708212109127
7490.0 0.46999338889164977
7500.0 0.4707228490474877
7510.0 0.4706344296346589
7520.0 0.46784921813055064
7530.0 0.45978094670991987
7540.0 0.44276020974036995
7550.0 0.4124986656997026
7560.0 0.36627741764343136
7570.0 0.3052017082319165
7580.0 0.2351956381246898
7590.0 0.16543272140274232
7600.0 0.10506436729385812
7610.0 0.05974941821908237
7620.0 0.030239439187460113
7630.0 0.01355027501601831
7640.0 0.00534937447614426
7650.0 0.0018568076694054454
7660.0 0.0005747261833873998
7670.0 0.0001547339724504538
7680.0 4.420970641441537e-05
7690.0 0.0
