mejiro/data/roman_filter_response/RomanSCA05-Grism_1stOrder.ecsv
# %ECSV 1.0
# ---
# datatype:
# - {name: wavelength, unit: Angstrom, datatype: float64}
# - {name: response, datatype: float64}
# meta:
#   __serialized_columns__:
#     wavelength:
#       __class__: astropy.units.quantity.Quantity
#       unit: !astropy.units.Unit {unit: Angstrom}
#       value: !astropy.table.SerializedColumn {name: wavelength}
#   band_name: Grism_1stOrder
#   group_name: RomanSCA05
# schema: astropy-2.0
wavelength response
[from data line 545]
15360.0 0.43119937151300036
15370.0 0.4308235890084778
15380.0 0.43046991135716245
15390.0 0.43016044341226156
15400.0 0.4298509754673607
15410.0 0.4294309832564237
15420.0 0.42896678133907234
15430.0 0.428502579421721
15440.0 0.42810469206399127
15450.0 0.4278173289722976
15460.0 0.4275299658806038
15470.0 0.4271541833760813
15480.0 0.4267562960183516
15490.0 0.42640261836703625
15500.0 0.4260047310093065
15510.0 0.42556263394516236
15520.0 0.425098432027811
15530.0 0.4247005446700813
15540.0 0.42434686701876595
15550.0 0.4239489796610362
15560.0 0.423506882596892
15570.0 0.42302057582633346
15580.0 0.4225563739089821
15590.0 0.42222480111087396
15600.0 0.4218490186063515
15610.0 0.42138481668900013
15620.0 0.42094271962485597
15630.0 0.42061114682674783
15640.0 0.42030167888184694
15650.0 0.41988168667090997
15660.0 0.4193953799003514
15670.0 0.41893117798300006
15680.0 0.41855539547847753
15690.0 0.4182238226803694
15700.0 0.4178480401758469
15710.0 0.41731752369887387
15720.0 0.4168091120751081
15730.0 0.41643332957058554
15740.0 0.4161238616256847
15750.0 0.41574807912116213
15760.0 0.41528387720381077
15770.0 0.4147975704332522
15780.0 0.41431126366269366
15790.0 0.4138691665985495
15800.0 0.4134491743876126
15810.0 0.4130070773234684
15820.0 0.41258708511253145
15830.0 0.4122113026080089
15840.0 0.4118134152502792
15850.0 0.4113271084797206
15860.0 0.4108850114155765
15870.0 0.4105092289110539
15880.0 0.4101776561129458
15890.0 0.40977976875521605
15900.0 0.4093376716910719
15910.0 0.4088734697737205
15920.0 0.40845347756278366
15930.0 0.40809979991146833
15940.0 0.40774612226015294
15950.0 0.40732613004921603
15960.0 0.4068398232786575
15970.0 0.4063977262145133
15980.0 0.40599983885678353
15990.0 0.40566826605867545
16000.0 0.40533669326056737
16010.0 0.4049167010496304
16020.0 0.40447460398548624
16030.0 0.4040546117745493
16040.000000000002 0.40365672441681955
16050.0 0.403280941912297
16060.000000000002 0.4029051594077745
16070.0 0.40257358660966636
16080.000000000002 0.40219780410514383
16090.0 0.4017778118942069
16100.000000000002 0.4013799245364772
16110.0 0.40104835173836906
16120.000000000002 0.4006946740870537
16130.0 0.40027468187611676
16140.000000000002 0.3998325848119726
16150.0 0.39947890716065726
16160.000000000002 0.3991694392157564
16170.0 0.3988599712708555
16180.000000000002 0.39852839847274735
16190.0 0.3981526159682248
16200.000000000002 0.3977547286104951
16210.0 0.3973568412527654
16220.000000000002 0.39698105874824285
16230.0 0.3966273810969275
16240.000000000002 0.39625159859240494
16250.0 0.395831606381468
16259.999999999998 0.39543371902373825
16270.0 0.3951242510788374
16279.999999999998 0.3947926782807293
16290.0 0.3943505812165851
16299.999999999998 0.39393058900564815
16310.0 0.3935548065011256
16319.999999999998 0.39324533855622473
16330.0 0.39293587061132385
16339.999999999998 0.3925821929600085
16350.0 0.392206410455486
16359.999999999998 0.3918306279509634
16370.0 0.3914548454464409
16379.999999999998 0.3911232726483328
16390.0 0.39076959499701747
16400.0 0.39037170763928775
16410.0 0.3899517154283508
16420.0 0.38955382807062106
16430.0 0.3892443601257201
16440.0 0.38891278732761203
16450.0 0.38849279511667506
16460.0 0.38805069805253095
16470.0 0.387630705841594
16480.0 0.38723281848386426
16490.0 0.3868128262729273
16500.0 0.38643704376840476
16510.0 0.386149680676711
16520.0 0.38579600302539574
16530.0 0.38528759140163
16540.0 0.38475707492465694
16550.0 0.38440339727334166
16560.0 0.38413813903485516
16570.0 0.38376235653033264
16580.0 0.38334236431939567
16590.0 0.38292237210845875
16600.0 0.38254658960393617
16610.0 0.38225922651224253
16620.0 0.38188344400772
16630.0 0.381352927530747
16640.0 0.38080030620056676
16650.0 0.3804466285492515
16660.0 0.38013716060435054
16670.0 0.3797834829530352
16680.0 0.3793413858888911
16690.0 0.3788108694119181
16700.0 0.37832456264135955
16710.0 0.3779266752836298
16720.0 0.37752878792590006
16730.0 0.3770645860085487
16740.0 0.37660038409119734
16750.0 0.3762246015866748
16760.0 0.3758709239353595
16770.0 0.3754509317244225
16780.0 0.37500883466027835
16790.0 0.3746330521557559
16800.0 0.37427937450444054
16810.0 0.3738814871467108
16820.0 0.37343939008256666
16830.0 0.3730415027248369
16840.0 0.37262151051389997
16850.0 0.3721573085965486
16860.0 0.37171521153240444
16870.0 0.3712952193214675
16880.0 0.37087522711053056
16890.0 0.3704773397528008
16900.0 0.3700352426886566
16910.0 0.3695931456245125
16920.0 0.36919525826678273
16930.0 0.36884158061546746
16940.0 0.36846579811094493
16950.0 0.36800159619359357
16960.0 0.3675373942762422
16970.0 0.36722792633134127
16980.0 0.36687424868002594
16990.0 0.3663658370562602
17000.0 0.3658353205792872
17010.0 0.36550374778117906
17020.0 0.3652384895426926
17030.0 0.3648848118913773
17040.0 0.3644427148272331
17050.0 0.36395640805667456
17060.0 0.363470101286116
17070.0 0.36309431878159343
17080.0 0.3627406411302781
17090.0 0.3623206489193412
17100.0 0.361878551855197
17110.0 0.36143645479105285
17120.0 0.36103856743332313
17130.0 0.36064068007559336
17140.0 0.36019858301144925
17150.0 0.3597343810940979
17160.0 0.3593143888831609
17170.0 0.3590270257914672
17180.0 0.35873966269977353
17190.0 0.35829756563562937
17200.0 0.3578112588650708
17210.0 0.35739126665413384
17220.0 0.3569933792964041
17230.0 0.35657338708546715
17240.0 0.35615339487453024
17250.0 0.35577761237000766
17260.0 0.35537972501227794
17270.0 0.35493762794813377
17280.0 0.3544734260307824
17290.0 0.35403132896663825
17300.0 0.3536334416089086
17310.0 0.35325765910438606
17320.0 0.3528597717466563
17330.0 0.35246188438892656
17340.0 0.3520639970311968
17350.0 0.35168821452667426
17360.0 0.35126822231573734
17370.0 0.3508261252515932
17380.0 0.3503398184810346
17390.0 0.34980930200406163
17400.0 0.34934510008671027
17410.0 0.34901352728860213
17420.0 0.348681954490494
17430.0 0.3482840671327643
17440.0 0.34784197006862017
17450.0 0.34744408271089045
17460.0 0.3470240904999535
17470.0 0.3465598885826021
17480.0 0.3460514769588363
17490.0 0.34558727504148495
17500.0 0.3451451779773408
17510.0 0.34468097605998943
17520.0 0.34426098384905246
17530.0 0.3439294110509444
17540.0 0.34357573339962905
17550.0 0.3431336363354849
17560.0 0.34264732956492633
17570.0 0.34218312764757497
17580.0 0.3417189257302236
17590.0 0.34127682866607945
17600.0 0.34085683645514253
17610.0 0.34048105395062
17620.0 0.34003895688647584
17630.0 0.3395526501159173
17640.0 0.3390663433453587
17650.0 0.33864635113442176
17660.0 0.33827056862989924
17670.0 0.3378284715657551
17680.0 0.33734216479519646
17690.0 0.3368558580246379
17700.0 0.33636955125407936
17710.0 0.335905349336728
17720.0 0.33544114741937664
17730.0 0.3349769455020253
17740.0 0.3345348484378811
17750.0 0.3341369610801514
17760.0 0.3337390737224216
17770.0 0.3332969766582775
17780.0 0.33283277474092615
17790.0 0.3324348873831964
17800.0 0.33203700002546666
17810.0 0.3315727981081153
17820.0 0.3310643864843495
17830.0 0.33053387000737655
17840.0 0.3300033535304035
17850.0 0.32953915161305214
17860.0 0.3291412642553225
17870.0 0.32876548175079995
17880.0 0.32838969924627737
17890.0 0.32799181188854765
17900.0 0.3275718196776107
17910.0 0.3271297226134665
17920.0 0.32664341584290796
17930.0 0.3261350042191422
17940.0 0.32567080230179085
17950.0 0.3253171246504755
17960.0 0.32491923729274574
17970.0 0.3244329305221872
17980.0 0.32390241404521425
17990.0 0.3234603169810701
18000.0 0.32308453447654756
18010.0 0.3227308568252322
18020.0 0.32235507432070964
18030.0 0.3218908724033583
18040.0 0.32140456563279973
18050.0 0.3209403637154484
18060.0 0.3204982666513042
18070.0 0.3201224841467817
18080.0 0.31974670164225916
18090.0 0.31934881428452944
18100.0 0.3189288220735925
18110.0 0.31846462015624116
18120.0 0.318022523092097
18130.0 0.31764674058757447
18140.0 0.31729306293625914
18150.0 0.31689517557852936
18160.0 0.31647518336759245
18170.0 0.3160551911566555
18180.0 0.3155688843860969
18190.0 0.31497205334950235
18200.0 0.31441943201932215
18210.0 0.313977334955178
18220.0 0.31364576215706985
18230.0 0.31333629421216896
18240.0 0.3130047214140608
18250.0 0.31271735832236713
18260.0 0.31240789037746625
18270.0 0.31205421272615086
18280.0 0.31163422051521394
18290.0 0.31112580889144814
18300.0 0.3106395021208896
18310.0 0.31024161476315987
18320.0 0.30986583225863734
18330.0 0.30937952548807873
18340.0 0.3088932187175202
18350.0 0.30849533135979046
18360.0 0.3081416537084751
18370.0 0.30781008091036705
18380.0 0.3074785081122589
18390.0 0.3071027256077364
18400.0 0.3067048382500066
18410.0 0.3062627411858625
18420.0 0.3057764344153039
18430.0 0.30526802279153814
18440.0 0.3047817160209796
18450.0 0.3043396189568354
18460.0 0.30391962674589845
18470.0 0.30352173938816873
18480.0 0.30312385203043896
18490.0 0.3027701743791236
18500.0 0.3023280773149795
18510.0 0.3017975608380065
18520.0 0.3012670443610335
18530.0 0.3008691570033038
18540.0 0.3004712696455741
18550.0 0.3000070677282227
18560.0 0.2995207609576641
18570.0 0.2991007687467272
18580.0 0.2987028813889974
18590.0 0.2982828891780605
18600.0 0.29788500182033073
18610.0 0.29748711446260107
18620.0 0.2970671222516641
18630.0 0.29662502518751993
18640.0 0.29609450871054693
18650.0 0.2954534679675379
18660.0 0.2948566369309433
18670.0 0.29439243501359197
18680.0 0.29399454765586225
18690.0 0.2935303457385109
18700.0 0.29302193411474503
18710.0 0.2925135224909793
18720.0 0.2920935302800423
18730.0 0.29185037689476306
18740.0 0.29156301380306937
18750.0 0.2910767070325108
18760.0 0.2905461905555378
18770.0 0.2901483031978081
18780.0 0.2897504158400783
18790.0 0.2892420042163126
18800.0 0.2887335925925468
18810.0 0.28831360038160986
18820.0 0.2878936081706729
18830.0 0.28740730140011433
18840.0 0.2869209946295558
18850.0 0.2864788975654116
18860.0 0.28603680050126745
18870.0 0.2855504937307089
18880.0 0.2850199772537359
18890.0 0.2845115656299701
18900.0 0.28400315400620435
18910.0 0.28351684723564574
18920.0 0.28289791134584397
18930.0 0.28199161236434844
18940.0 0.2809747891168169
18950.0 0.27995796586928534
18960.0 0.27883061835571776
18970.0 0.2773495931908348
18980.0 0.2756254146406726
18990.0 0.27368018755843837
19000.0 0.27131496826526713
19010.0 0.2683308130822941
19020.0 0.2647277220095192
19030.0 0.26046148534052815
19040.0 0.25546578851569923
19050.0 0.24958589756258198
19060.0 0.24275549792155482
19070.0 0.23490827503299608
19080.0 0.2260884386033202
19090.0 0.21638440804535602
19100.0 0.20584039306551796
19110.0 0.1944784985170132
19120.0 0.18240924866587782
19130.0 0.1696989580717334
19140.0 0.15654657041344483
19150.0 0.14315102936987695
19160.0 0.1297112786198947
19170.0 0.11635994728274125
19180.0 0.10334018874369594
19190.0 0.09082884182841637
19200.0 0.07902485021576747
19210.0 0.06806084302499246
19220.0 0.05795892510929855
19230.0 0.048785411028307364
19240.0 0.040540300782018895
19250.0 0.033312013783261984
19260.0 0.027034235472415
19270.0 0.02166275614306353
19280.0 0.017153366088793164
19290.0 0.013417645896775065
19300.0 0.010367176154180403
19310.0 0.00791353744818035
19320.0 0.005946205512738867
19330.0 0.004420970641441537
19340.0 0.0032273085682523223
19350.0 0.0023431144399640147
19360.0 0.001679968843747784
19370.0 0.0011715572199820074
19380.0 0.0008178795686666844
19390.0 0.0005526213301801921
19400.0 0.00037578250452253065
19410.0 0.00024315338527928454
19420.0 0.00017683882565766148
19430.0 0.00011052426603603843
19440.0 6.631455962162305e-05
19450.0 4.420970641441537e-05
19460.0 2.2104853207207685e-05
19470.0 2.2104853207207685e-05
19480.0 0.0
