mejiro/data/roman_filter_response/RomanSCA10-F213.ecsv
# %ECSV 1.0
# ---
# datatype:
# - {name: wavelength, unit: Angstrom, datatype: float64}
# - {name: response, datatype: float64}
# meta:
#   __serialized_columns__:
#     wavelength:
#       __class__: astropy.units.quantity.Quantity
#       unit: !astropy.units.Unit {unit: Angstrom}
#       value: !astropy.table.SerializedColumn {name: wavelength}
#   band_name: F213
#   group_name: RomanSCA10
# schema: astropy-2.0
wavelength response
19470.0 0.0
19480.0 2.2104853207207685e-05
19490.0 6.631455962162305e-05
19500.0 0.0001547339724504538
19510.0 0.00037578250452253065
19520.0 0.0008841941282883074
19530.0 0.001967331935441484
19540.0 0.004089397843333422
19550.0 0.008001956861009183
19560.0 0.01481025164882915
19570.0 0.025862678252432995
19580.0 0.04264026183670362
19590.0 0.06651350330048793
19600.0 0.098344491918867
19610.0 0.13819954225146244
19620.0 0.18484078251867067
19630.0 0.235858783720906
19640.0 0.2881367615559522
19650.0 0.33851372201517854
19660.0 0.3839613002091975
19670.0 0.42231322052370285
19680.0 0.45261897427078457
19690.0 0.4750554002761003
19700.0 0.49055090237435295
19710.0 0.5004980863175965
19720.0 0.5065327112431641
19730.0 0.5101136974627318
19740.0 0.5120147148385517
19750.0 0.5127662798475967
19760.0 0.5129873283796688
19770.0 0.5131641672053264
19780.0 0.5133189011777769
19790.0 0.5134515302970201
19800.0 0.5134957400034346
19810.0 0.5134957400034346
19820.0 0.5134736351502274
19830.0 0.5134736351502274
19840.0 0.5134515302970201
19850.0 0.5132967963245696
19860.0 0.5131641672053264
19870.0 0.513119957498912
19880.0 0.513119957498912
19890.0 0.5130315380860831
19900.0 0.5129431186732544
19910.0 0.5129210138200471
19920.0 0.5129431186732544
19930.0 0.5129873283796688
19940.0 0.5130757477924975
19950.0 0.5131641672053264
19960.0 0.513119957498912
19970.0 0.5128546992604255
19980.0 0.512699965287975
19990.0 0.51289890896684
20000.0 0.5131641672053264
20010.0 0.513119957498912
20019.999999999996 0.51289890896684
20030.0 0.512699965287975
20040.0 0.5125673361687318
20050.0 0.5124568119026958
20059.999999999996 0.5123020779302453
20070.0 0.5120368196917587
20080.0 0.5117715614532723
20090.0 0.5116389323340291
20099.999999999996 0.5116168274808218
20110.0 0.5117052468936507
20120.0 0.5117052468936507
20130.0 0.5114841983615785
20139.999999999996 0.5112189401230921
20150.0 0.5110421012974345
20160.0 0.51099789159102
20170.0 0.5109757867378129
20179.999999999996 0.5108431576185696
20190.0 0.5104894799672544
20200.0 0.5100473829031101
20210.0 0.5097821246646237
20219.999999999996 0.5097379149582092
20230.0 0.5099147537838669
20240.0 0.5100694877563173
20250.0 0.5100031731966957
20259.999999999996 0.5098263343710381
20270.0 0.509715810105002
20280.0 0.5096937052517948
20290.0 0.509715810105002
20299.999999999996 0.5096937052517948
20310.0 0.5095389712793443
20320.0 0.5093400276004795
20330.0 0.5091631887748218
20339.999999999996 0.5090526645087858
20350.0 0.5089642450959571
20360.0 0.5089421402427498
20370.0 0.509074769361993
20379.999999999996 0.5092073984812362
20390.0 0.5091852936280291
20400.0 0.5091189790684074
20410.0 0.509074769361993
20419.999999999996 0.5091189790684074
20430.0 0.5093179227472723
20440.0 0.5095389712793443
20450.0 0.5096716003985876
20460.0 0.5096937052517948
20470.0 0.5095831809857587
20480.0 0.5094505518665156
20490.0 0.5093400276004795
20500.0 0.5094284470133084
20510.0 0.5097821246646237
20520.0 0.5100694877563173
20530.0 0.5100694877563173
20540.0 0.5101358023159389
20550.0 0.5105557945268758
20560.0 0.5109315770313985
20570.0 0.5109094721781913
20580.0 0.510776843058948
20590.0 0.5109536818846057
20600.0 0.5112631498295066
20610.0 0.511528408067993
20620.0 0.5117052468936507
20630.0 0.5118820857193084
20640.0 0.512058924544966
20650.0 0.5122357633706237
20660.0 0.5125452313155247
20670.0 0.513009433232876
20680.0 0.5133189011777769
20690.0 0.5132967963245696
20700.0 0.5134073205906057
20710.0 0.5141367807464435
20720.0 0.514822031195867
20730.0 0.5148883457554886
20740.0 0.5149104506086959
20750.0 0.5154630719388761
20760.0 0.5160156932690562
20770.0 0.5159493787094346
20780.0 0.5157725398837769
20790.0 0.516104112681885
20800.0 0.5165904194524437
20810.0 0.5168777825441373
20820.0 0.5171430407826239
20830.000000000004 0.5176072426999752
20840.0 0.5180272349109122
20850.0 0.5180935494705337
20860.0 0.5181819688833625
20870.000000000004 0.5186240659475068
20880.0 0.5191545824244796
20890.0 0.5194419455161734
20900.0 0.5195524697822095
20910.000000000004 0.5196408891950383
20920.0 0.5198177280206959
20930.0 0.5200829862591824
20940.0 0.5203482444976689
20950.000000000004 0.5204808736169122
20960.0 0.5206577124425699
20970.0 0.5209671803874707
20980.0 0.5213650677452005
20990.000000000004 0.5216745356901014
21000.0 0.5218071648093446
21010.0 0.521740850249723
21020.0 0.5217629551029301
21030.000000000004 0.5220503181946239
21040.0 0.5223597861395248
21050.0 0.5224261006991464
21060.0 0.5224482055523537
21070.000000000004 0.5226029395248041
21080.0 0.5226250443780113
21090.0 0.5222934715799032
21100.0 0.5220061084882095
21110.000000000004 0.5220724230478312
21120.0 0.5223376812863176
21130.0 0.5225145201119753
21140.0 0.5226692540844258
21150.000000000004 0.5228460929100833
21160.0 0.5230892462953627
21170.0 0.5233102948274347
21180.0 0.5233545045338491
21190.000000000004 0.5231113511485699
21200.0 0.5228903026164978
21210.0 0.5229566171761194
21220.0 0.5229566171761194
21230.000000000004 0.5225808346715969
21240.0 0.5221166327542456
21250.0 0.5219397939285879
21260.0 0.5220945279010383
21269.999999999996 0.5224039958459392
21280.0 0.5225808346715969
21290.0 0.5224261006991464
21300.0 0.5222713667266959
21309.999999999996 0.5224482055523537
21320.0 0.5227355686440474
21330.0 0.5228239880568762
21340.0 0.5227576734972545
21349.999999999996 0.5226692540844258
21360.0 0.5224039958459392
21370.0 0.5218955842221735
21380.0 0.5215419065708581
21389.999999999996 0.5216966405433086
21400.0 0.521851374515759
21410.0 0.5216082211304798
21420.0 0.521320858038786
21429.999999999996 0.5214313823048221
21440.0 0.5216745356901014
21450.0 0.5217850599561374
21460.0 0.5217850599561374
21469.999999999996 0.5218071648093446
21480.0 0.5217850599561374
21490.0 0.5217629551029301
21500.0 0.521851374515759
21509.999999999996 0.5221166327542456
21520.0 0.5222271570202816
21530.0 0.5219618987817951
21540.0 0.5215861162772726
21549.999999999996 0.5214092774516149
21560.0 0.521320858038786
21570.0 0.5211882289195429
21580.0 0.5210777046535068
21589.999999999996 0.521099809506714
21600.0 0.5212766483323716
21610.0 0.5215640114240654
21620.0 0.5218292696625518
21629.999999999996 0.5218734793689662
21640.0 0.5218292696625518
21650.0 0.521851374515759
21660.0 0.5219618987817951
21669.999999999996 0.5220724230478312
21680.0 0.5221166327542456
21690.0 0.5220061084882095
21700.0 0.5218955842221735
21710.0 0.5218734793689662
21720.0 0.521851374515759
21730.0 0.5218071648093446
21740.0 0.5218071648093446
21750.0 0.5220061084882095
21760.0 0.5222050521670744
21770.0 0.5222934715799032
21780.0 0.5224261006991464
21790.0 0.5227576734972545
21800.0 0.5231334560017771
21810.0 0.5233323996806419
21820.0 0.5232881899742275
21830.0 0.523022931735741
21840.0 0.5228018832036689
21850.0 0.5228460929100833
21860.0 0.5229345123229122
21870.0 0.5228018832036689
21880.0 0.5227797783504619
21890.0 0.5231776657081915
21900.0 0.5234650287998852
21910.0 0.523221875414606
21920.0 0.522912407469705
21930.0 0.5229787220293266
21940.0 0.5231776657081915
21950.0 0.5231555608549843
21960.0 0.5230450365889483
21970.0 0.5230671414421554
21980.0 0.5233102948274347
21990.0 0.523752391891579
22000.0 0.5239292307172366
22010.0 0.5234871336530924
22020.0 0.5230008268825339
22030.0 0.5230671414421554
22040.0 0.5235976579191285
22050.0 0.5241723841025159
22060.0 0.5242829083685518
22070.0 0.5236639724787501
22080.000000000004 0.5231776657081915
22090.0 0.5235755530659212
22100.0 0.5241502792493087
22110.0 0.5240618598364798
22120.000000000004 0.5238187064512005
22130.0 0.5239292307172366
22140.0 0.5241281743961015
22150.0 0.5240618598364798
22160.000000000004 0.5239955452768581
22170.0 0.5241944889557231
22180.0 0.5245481666070384
22190.0 0.5247913199923177
22200.000000000004 0.5246586908730744
22210.0 0.5240397549832726
22220.0 0.5235313433595068
22230.0 0.5236860773319573
22240.000000000004 0.5242829083685518
22250.0 0.5248797394051464
22260.0 0.5249902636711825
22270.0 0.5243934326345879
22280.000000000004 0.5237966015979933
22290.0 0.5239292307172366
22300.0 0.5243492229281735
22310.0 0.5245481666070384
22320.000000000004 0.5244155374877951
22330.0 0.5240618598364798
22340.0 0.523774496744786
22350.0 0.5238408113044077
22360.000000000004 0.523973440423651
22370.0 0.5239292307172366
22380.0 0.5237081821851646
22390.0 0.523442923946678
22400.000000000004 0.5233766093870564
22410.0 0.5236639724787501
22420.0 0.5238187064512005
22430.0 0.5234208190934708
22440.000000000004 0.5228903026164978
22450.0 0.5227355686440474
22460.0 0.5227576734972545
22470.0 0.5226471492312185
22480.000000000004 0.5224482055523537
22490.0 0.5222713667266959
22500.0 0.5222934715799032
22510.0 0.5226029395248041
22519.999999999996 0.5228681977632906
22530.0 0.5227576734972545
22540.0 0.5225808346715969
22550.0 0.5226250443780113
22559.999999999996 0.5224924152587681
22570.0 0.5218734793689662
22580.0 0.5213429628919932
22590.0 0.5214755920112365
22599.999999999996 0.5217850599561374
22610.0 0.521740850249723
22620.0 0.5214976968644437
22630.0 0.5212545434791644
22639.999999999996 0.5209008658278491
22650.0 0.5203482444976689
22660.0 0.5201935105252184
22670.0 0.520790341561813
22679.999999999996 0.5214092774516149
22690.0 0.5212545434791644
22700.0 0.5206577124425699
22710.0 0.5200829862591824
22719.999999999996 0.5196850989014526
22730.0 0.5194640503693806
22740.0 0.5191987921308941
22750.0 0.5187124853603355
22759.999999999996 0.5182040737365697
22770.0 0.5179388154980833
22780.0 0.5178946057916689
22790.0 0.5179609203512905
22799.999999999996 0.5179388154980833
22810.0 0.5176072426999752
22820.0 0.5172093553422454
22830.0 0.5169662019569661
22839.999999999996 0.5168335728377229
22850.0 0.5167230485716869
22860.0 0.5165904194524437
22870.0 0.5164577903332003
22879.999999999996 0.5163472660671643
22890.0 0.5162809515075427
22900.0 0.5161925320947138
22910.0 0.5160377981222634
22919.999999999996 0.5157504350305697
22930.0 0.5152641282600111
22940.0 0.5145567729573804
22950.0 0.5136725788290921
22960.0 0.5128104895540111
22970.0 0.5120810293981732
22980.0 0.5113736740955426
22990.0 0.5104010605544255
23000.0 0.5087874062702993
23010.0 0.5062453481514704
23020.0 0.5026643619319028
23030.0 0.4977791893731099
23040.0 0.49048458781473137
23050.0 0.4796532097431996
23060.0 0.4649534823604065
23070.0 0.44627488140031596
23080.0 0.42352898745009926
23090.0 0.3966715908033419
23100.0 0.3651500701298637
23110.0 0.3292517885213585
23120.0 0.2907230293811955
23130.0 0.2513542858191586
23140.0 0.21220659078919377
23150.0 0.17445150151128305
23160.0 0.13957004315030933
23170.0 0.10864535351342577
23180.0 0.08216373937119097
23190.0 0.06023572498964095
23200.0 0.04281710066236129
23210.0 0.029465769325207846
23220.0 0.019651214501207635
23230.0 0.01271029059414442
23240.0 0.007935642301387559
23250.0 0.004774648292756861
23260.0 0.0027852115041081685
23270.0 0.0015694445777117458
23280.0 0.0008620892750810997
23290.0 0.0004420970641441537
23300.0 0.00022104853207207686
23310.0 0.00011052426603603843
23320.0 4.420970641441537e-05
23330.000000000004 2.2104853207207685e-05
23340.0 0.0
