mejiro/data/roman_filter_response/RomanSCA01-F087.ecsv
# %ECSV 1.0
# ---
# datatype:
# - {name: wavelength, unit: Angstrom, datatype: float64}
# - {name: response, datatype: float64}
# meta:
#   __serialized_columns__:
#     wavelength:
#       __class__: astropy.units.quantity.Quantity
#       unit: !astropy.units.Unit {unit: Angstrom}
#       value: !astropy.table.SerializedColumn {name: wavelength}
#   band_name: F087
#   group_name: RomanSCA01
# schema: astropy-2.0
wavelength response
7540.0 0.0
7550.0 4.420970641441537e-05
7560.0 0.0002873630916936999
7570.0 0.0014147106052612918
7580.0 0.005680947274252376
7590.0 0.01825860874915355
7600.0 0.04754753924870374
7610.0 0.10115180827618236
7620.0 0.17840827023537323
7630.0 0.26600980349553727
7640.0 0.34410624987660204
7650.0 0.3988599712708555
7660.0 0.4291215153115228
7670.0 0.44267179032754117
7680.0 0.44819800362934303
7690.0 0.450541118069307
7700.0 0.451491626757217
7710.0 0.45200003838098274
7720.0 0.45248634515154135
7730.0 0.4530168616285143
7740.0 0.45361369266510887
7750.0 0.45427683826132514
7760.0 0.4549841935639558
7770.0 0.45555891974734325
7780.0 0.4558241779858297
7790.0 0.45608943622431614
7800.0 0.4566199527012892
7810.0 0.45712836432505494
7820.0 0.45732730800391985
7830.0 0.4573052031507126
7840.0 0.4572388885910909
7850.0 0.4571946788846765
7860.0 0.4571062594718477
7870.0 0.4571062594718477
7880.0 0.45721678373788377
7890.0 0.4574599371231631
7900.0 0.4577915099212712
7910.0 0.4580346633065504
7920.0 0.4581451875725865
7930.0 0.45841044581107293
7940.0 0.45900727684766757
7950.0 0.45944937391181173
7960.0 0.4593609544989829
7970.0 0.45982515641633426
7980.0 0.46154933496649647
7990.0 0.4626324727736497
8000.0 0.46130618158121717
8010.0 0.45925043023294687
8020.000000000001 0.45849886522390176
8030.000000000001 0.45889675258163154
8040.000000000001 0.459803051563127
8050.000000000001 0.4607314553978297
8060.000000000001 0.4613282864344244
8070.000000000001 0.4617703834985685
8080.000000000001 0.4623230048287487
8090.000000000001 0.4627208921864785
8100.000000000001 0.4627429970396857
8110.000000000001 0.4627208921864785
8120.000000000001 0.46294194071855055
8129.999999999999 0.4631629892506226
8139.999999999999 0.4631629892506226
8149.999999999999 0.4632293038102443
8159.999999999999 0.4636492960211812
8169.999999999999 0.4642240222045686
8179.999999999999 0.4647103289751272
8189.999999999999 0.46510821633285687
8200.0 0.46552820854379384
8210.0 0.4661250395803884
8220.0 0.467031338561884
8230.0 0.4680481618094155
8240.0 0.46882183167166774
8250.0 0.4691091947633615
8260.0 0.46888814623128944
8270.0 0.46902077535053266
8280.0 0.4701481228641003
8290.0 0.47127547037766787
8300.0 0.47134178493728945
8310.0 0.47096600243276693
8320.0 0.47096600243276693
8330.0 0.47120915581804623
8340.0 0.47138599464370384
8350.0 0.4716733577353976
8360.0 0.4722259790655778
8370.0 0.47282281010217236
8380.0 0.4732870120195237
8390.0 0.47346385084518144
8400.0 0.4733754314323526
8410.0 0.47346385084518144
8420.0 0.4740385770285688
8430.0 0.4745469886523346
8440.0 0.47450277894592013
8450.0 0.47474593233119944
8460.0 0.47593959440438866
8470.0 0.4772437807436139
8480.0 0.47775219236737976
8490.0 0.4779290311930374
8500.0 0.47830481369755995
8510.0 0.4788795398809473
8520.0 0.47943216121112747
8530.0 0.4800068873945149
8540.0 0.48062582328431674
8550.0 0.48106792034846085
8560.0 0.48124475917411846
8570.0 0.48148791255939777
8580.0 0.48215105815561404
8590.0 0.48312367169673115
8600.0 0.48416259979746995
8610.0 0.48486995510010056
8620.0 0.4850467939257583
8630.0 0.485334157017452
8640.0 0.4863509802649835
8650.0 0.48776569087024474
8660.0 0.48904777235626284
8670.0 0.49015301501662323
8680.0 0.49103720914491156
8690.0 0.4917003547411278
8700.0 0.49216455665847914
8710.0 0.49273928284186647
8720.0 0.4936676866765692
8730.0 0.49481713904334407
8740.0 0.49592238170370445
8750.0 0.4967402612723711
8760.0 0.4972707777493441
8770.0 0.4978455039327315
8780.0 0.4988402223270558
8790.0 0.49996756984062346
8800.0 0.5008959736753261
8810.0 0.5017801678036145
8820.0 0.5027527813447316
8830.0 0.5035485560601911
8840.0 0.5038580240050919
8850.0 0.5040790725371641
8860.0 0.5046316938673443
8870.0 0.5054274685828037
8880.0 0.506201138445056
8890.0 0.5069305986008938
8900.0 0.5075937441971101
8910.0 0.5081463655272903
8920.0 0.5085884625914344
8930.0 0.5090968742152002
8940.0 0.5097821246646237
8950.0 0.5103789557012183
8960.0 0.5105778993800831
8970.0 0.5105778993800831
8980.0 0.5107326333525336
8990.0 0.5110199964442272
9000.0 0.5113294643891282
9010.0 0.5116168274808218
9020.0 0.5117715614532723
9030.0 0.5118157711596867
9040.0 0.5117936663064796
9050.0 0.5117936663064796
9060.0 0.511837876012894
9070.0 0.5119262954257228
9080.0 0.5120147148385517
9090.0 0.5120147148385517
9100.0 0.5119705051321373
9110.0 0.5119262954257228
9120.0 0.5119041905725156
9130.0 0.51194840027893
9140.0 0.5119926099853443
9150.0 0.5119926099853443
9160.0 0.5119041905725156
9170.0 0.5117715614532723
9180.0 0.5116831420404435
9190.0 0.5117715614532723
9200.0 0.5118820857193084
9210.0 0.5118820857193084
9220.0 0.5118599808661012
9230.0 0.51194840027893
9240.0 0.5120810293981732
9250.0 0.5122357633706237
9260.0 0.5124347070494886
9270.0 0.5126557555815606
9280.0 0.5129210138200471
9290.0 0.5131862720585336
9300.0 0.5134957400034346
9310.0 0.5139157322143715
9320.0 0.5143136195721013
9330.0 0.5146894020766237
9340.0 0.5150651845811463
9350.0 0.515573596204912
9360.0 0.5161262175350922
9370.0 0.5166567340120652
9380.0 0.5172093553422454
9390.0 0.5178282912320472
9400.0 0.5183809125622274
9410.0 0.5188230096263716
9420.0 0.519287211543723
9430.0 0.5198840425803176
9440.0 0.5204587687637049
9450.0 0.5208787609746419
9460.0 0.5212987531855788
9470.0 0.5218955842221735
9480.0 0.5224924152587681
9490.0 0.5229566171761194
9500.0 0.523442923946678
9510.0 0.5240618598364798
9520.0 0.5246586908730744
9530.0 0.5251228927904258
9540.0 0.5254986752949483
9550.0 0.5259186675058852
9560.0 0.5263828694232366
9570.0 0.5268912810470023
9580.0 0.5273554829643538
9590.0 0.5277312654688763
9600.0 0.5281070479733988
9610.0 0.5285491450375429
9620.0 0.5289912421016871
9630.0 0.5293891294594169
9640.0 0.5297428071107322
9650.0 0.5301185896152547
9660.0 0.5304501624133628
9670.0 0.5307154206518493
9680.0 0.531002783743543
9690.0 0.5314448808076871
9700.0 0.5318869778718314
9710.0 0.5321964458167322
9720.0 0.5324617040552186
9730.0 0.5328595914129485
9740.0 0.533235373917471
9750.0 0.5335227370091647
9760.0 0.5337879952476512
9770.0 0.534097463192552
9780.0 0.5338322049540656
9790.0 0.531002783743543
9800.0 0.5202156153784258
9810.0 0.4907056363468034
9820.0 0.42962992693528856
9830.0 0.3341811707865658
9840.0 0.22157904854904983
9850.0 0.12111249072229092
9860.0 0.0532063816697489
9870.0 0.01843544757481121
9880.0 0.004995696824828937
9890.0 0.0010389281007387612
9900.0 0.00017683882565766148
9910.0 2.2104853207207685e-05
9920.0 0.0
