mejiro/data/roman_filter_response/RomanSCA03-Grism_1stOrder.ecsv
# %ECSV 1.0
# ---
# datatype:
# - {name: wavelength, unit: Angstrom, datatype: float64}
# - {name: response, datatype: float64}
# meta:
#   __serialized_columns__:
#     wavelength:
#       __class__: astropy.units.quantity.Quantity
#       unit: !astropy.units.Unit {unit: Angstrom}
#       value: !astropy.table.SerializedColumn {name: wavelength}
#   band_name: Grism_1stOrder
#   group_name: RomanSCA03
# schema: astropy-2.0
wavelength response
9910.0 0.0
9920.0 2.2104853207207685e-05
9930.0 0.00022104853207207686
9940.0 0.0014368154584684994
9950.0 0.006808294787819968
9960.0 0.023165886161153657
9970.0 0.0578041911368481
9980.0 0.10897692631153388
9990.0 0.16178542062355306
10000.0 0.20000471181881516
10009.999999999998 0.21976645058605881
10020.0 0.22752525406178872
10029.999999999998 0.23048730439155451
10040.0 0.2321672732353023
10049.999999999998 0.23362619354697803
10060.0 0.23508511385865372
10069.999999999998 0.23654403417032946
10080.0 0.23800295448200515
10089.999999999998 0.23941766508726642
10100.0 0.2408544805457349
10109.999999999998 0.24231340085741065
10120.0 0.24379442602229356
10129.999999999998 0.24525334633396925
10140.0 0.24666805693923055
10149.999999999998 0.24806066269128466
10160.0 0.24945326844333873
10169.999999999998 0.2509121887550144
10180.0 0.25234900421348294
10189.999999999998 0.2537858196719514
10200.0 0.25522263513041993
10209.999999999998 0.25663734573568125
10220.0 0.25802995148773533
10230.0 0.2594667669462038
10240.0 0.26088147755146507
10250.0 0.2622740833035192
10260.0 0.2636445842023661
10270.0 0.26501508510121297
10280.0 0.26638558600005985
10290.0 0.2678224014585283
10300.0 0.2692371120637896
10310.0 0.2705855081094293
10320.0 0.27193390415506896
10330.0 0.2733044050539158
10340.0 0.27467490595276267
10350.0 0.27604540685160955
10360.0 0.27739380289724924
10370.0 0.2787421989428889
10380.0 0.28006849013532137
10390.0 0.2813947813277538
10400.0 0.28269896766697905
10410.0 0.2839810491529971
10420.0 0.2853073403454296
10430.0 0.2866778412442765
10440.0 0.2880262372899161
10450.0 0.28926410906951977
10460.0 0.290457771142709
10470.0 0.29173985262872704
10480.0 0.2930882486743667
10490.0 0.29441453986679916
10500.0 0.29571872620602446
10510.0 0.2969123882792136
10520.0 0.29810605035240284
10530.0 0.2993660269852137
10540.0 0.30064810847123175
10550.0 0.30193018995724974
10560.0 0.3031901665900606
10570.0 0.30442803836966426
10580.0 0.3055995955896463
10590.0 0.3067048382500066
10600.0 0.30783218576357424
10610.0 0.30904795268997065
10620.0 0.31028582446957426
10630.0 0.3115015913959707
10640.0 0.31265104376274555
10650.0 0.3137341815698987
10660.0 0.31483942423025907
10670.0 0.31596677174382665
10680.0 0.31713832896380867
10690.0 0.31824357162416905
10700.0 0.3193709191377367
10710.0 0.3205203715045114
10720.0 0.32166982387128623
10730.0 0.3227971713848538
10740.0 0.32394662375162864
10750.0 0.3250960761184034
10760.0 0.32622342363197104
10770.0 0.3273065614391242
10780.0 0.3283233846866558
10790.0 0.32936231278739453
10800.0 0.3304675554477549
10810.0 0.3316170078145297
10820.0 0.3327443553280973
10830.0 0.33376117857562887
10840.0 0.33477800182316036
10850.0 0.335905349336728
10860.0 0.3370105919970884
10870.0 0.3380495200978272
10880.0 0.3390442384921515
10890.0 0.34008316659289023
10900.0 0.34114419954683617
10910.0 0.34218312764757497
10920.0 0.3432220557483137
10930.0 0.34423887899584527
10940.0 0.3452335973901696
10950.0 0.34627252549090837
10960.0 0.3473114535916471
10970.0 0.3483061719859715
10980.0 0.3494335194995391
10990.0 0.35078191554517874
11000.0 0.3521303115908184
11010.0 0.3532134493979716
11020.0 0.3541860629390888
11030.0 0.3552249910398275
11040.000000000002 0.3563081288469807
11050.0 0.35739126665413384
11060.000000000002 0.35847440446128703
11070.0 0.3595575422684402
11080.000000000002 0.36059647036917897
11090.0 0.3615690839102961
11100.000000000002 0.36254169745141324
11110.0 0.3636469401117736
11120.000000000002 0.364752182772134
11130.0 0.36581321572608
11140.000000000002 0.36685214382681874
11150.0 0.36795738648717913
11160.000000000002 0.3690405242943323
11170.0 0.36996892812903504
11180.000000000002 0.37091943681694495
11190.0 0.37200257462409814
11200.000000000002 0.3731078172844585
11210.0 0.3741025356787828
11220.000000000002 0.37507514921990004
11230.0 0.376136182173846
11240.000000000002 0.3771751102745847
11250.0 0.37805930440287305
11259.999999999998 0.37892139367795413
11270.0 0.37987190236586404
11279.999999999998 0.38086662076018846
11290.0 0.38186133915451276
11299.999999999998 0.3828560575488371
11310.0 0.38387288079636867
11319.999999999998 0.3848897040439002
11330.0 0.38581810787860293
11339.999999999998 0.38674651171330565
11350.0 0.3876970204012156
11359.999999999998 0.38862542423591834
11370.0 0.3895317232174138
11379.999999999998 0.39043802219890933
11390.0 0.3914106357400265
11399.999999999998 0.39242745898755804
11410.0 0.3934000725286752
11419.999999999998 0.3943284763633779
11430.0 0.395190565638459
11439.999999999998 0.3960305500603329
11450.0 0.3969589538950356
11459.999999999998 0.3978873577297383
11470.0 0.39879365671123385
11480.0 0.399655745986315
11490.0 0.40049573040818887
11500.0 0.40133571483006275
11510.0 0.40219780410514383
11520.0 0.4030377885270177
11530.0 0.4038335632424772
11540.0 0.4046514428111439
11550.0 0.4055577417926394
11560.0 0.4064198310677205
11570.0 0.4071713960767656
11580.0 0.4079008562326034
11590.0 0.4087187358012701
11600.0 0.4095808250763512
11610.0 0.4103987046450179
11620.0 0.411150269654063
11630.0 0.4118576249566936
11640.0 0.41256498025932425
11650.0 0.4133165452683693
11660.0 0.41409021513062155
11670.0 0.41484178013966666
11680.0 0.4155933451487117
11690.0 0.41641122471737835
11700.0 0.41716278972642346
11710.0 0.4178038304694324
11720.0 0.41837855665281987
11730.0 0.4190417022490361
11740.0 0.41974905755166675
11750.0 0.42043430800109016
11760.0 0.42111955845051363
11770.0 0.42178270404672985
11780.0 0.42246795449615326
11790.0 0.42324162435840557
11800.0 0.4239931893674506
11810.0 0.42463423011045964
11820.0 0.4252310611470542
11830.0 0.4258942067432705
11840.0 0.4265352474862795
11850.0 0.4271320785228741
11860.0 0.4276625949998471
11870.0 0.4281931114768201
11880.0 0.4287899425134147
11890.0 0.4294309832564237
11900.0 0.43004991914622553
11910.0 0.4305583307699913
11920.0 0.4310667423937571
11930.0 0.4316635734303517
11940.0 0.4322604044669463
11950.0 0.43272460638429766
11960.0 0.4332109131548562
11970.0 0.4337856393382436
11980.0 0.43436036552163104
11990.0 0.4348466722921896
12000.0 0.43531087420954095
12010.0 0.43581928583330676
12020.0 0.4363498023102797
12030.0 0.4368582139340455
12040.0 0.43738873041101844
12050.0 0.4379192468879915
12060.0 0.43844976336496444
12070.0 0.4388697555759014
12080.0 0.43922343322721674
12090.0 0.439577110878532
12100.0 0.4400192079426762
12110.0 0.44050551471323474
12120.0 0.44099182148379334
12130.0 0.4413454991351086
12140.0 0.44167707193321676
12150.0 0.44209706414415373
12160.0 0.4426054757679195
12170.0 0.4430917825384781
12180.0 0.4435338796026222
12190.0 0.4438433475475231
12200.0 0.4441749203456312
12210.0 0.4446170174097754
12220.0 0.44508121932712674
12230.0 0.4454570018316493
12240.0 0.4458106794829646
12250.0 0.4462306716939015
12260.0 0.44662855905163135
12270.0 0.4469822367029466
12280.0 0.4472917046478475
12290.000000000002 0.44766748715237004
12300.0 0.44804326965689256
12310.000000000002 0.4483527376017935
12320.0 0.44861799584028
12330.000000000002 0.4489053589319737
12340.0 0.4492148268768746
12350.000000000002 0.4495463996749827
12360.0 0.4498337627666764
12370.000000000002 0.4500990210051629
12380.0 0.45040848895006375
12390.000000000002 0.4508063763077936
12400.0 0.45116005395910885
12410.000000000002 0.45135899763797377
12420.0 0.45158004617004577
12430.000000000002 0.4519779335277756
12440.0 0.4523537160322981
12450.000000000002 0.4525747645643702
12460.0 0.45275160339002785
12470.000000000002 0.4530610713349287
12480.0 0.45341474898624406
12490.000000000002 0.4537463217843522
12500.0 0.45401158002283865
12509.999999999998 0.45425473340811795
12520.0 0.4544978867933972
12529.999999999998 0.45476314503188375
12540.0 0.45505050812357745
12549.999999999998 0.45535997606847833
12560.0 0.45569154886658647
12569.999999999998 0.4559568071050729
12580.0 0.45615575078393783
12589.999999999998 0.4562662750499738
12600.0 0.4564652187288387
12609.999999999998 0.4567967915269468
12620.0 0.45715046917826213
12629.999999999998 0.4574157274167487
12640.0 0.4576588808020279
12649.999999999998 0.45792413904051443
12660.0 0.45816729242579374
12669.999999999998 0.45832202639824415
12680.0 0.4584767603706946
12689.999999999998 0.45871991375597393
12700.0 0.45900727684766757
12709.999999999998 0.45925043023294687
12720.0 0.4595156884714334
12730.0 0.45982515641633426
12740.0 0.4600462049484063
12750.0 0.46013462436123514
12760.0 0.46026725348047837
12770.0 0.4605546165721721
12780.0 0.46093039907669464
12790.0 0.4612177621683884
12800.0 0.461394600994046
12810.0 0.46148302040687483
12820.0 0.46157143981970367
12830.0 0.4617924883517758
12840.0 0.4620798514434694
12850.0 0.4623672145351631
12860.0 0.46261036792044247
12870.0 0.46276510189289294
12880.0 0.4629198358653433
12890.0 0.4631187795442082
12900.0 0.4633619329294875
12910.0 0.4635829814615596
12920.0 0.46375982028721724
12930.0 0.46389244940646046
12940.0 0.4640692882321182
12950.0 0.46429033676419024
12960.0 0.4645113852962623
12970.0 0.4646219095622984
12980.0 0.4647545386815416
12990.0 0.4649976920668209
13000.0 0.46526295030530734
13010.0 0.46541768427775787
13020.0 0.46550610369058665
13030.0 0.4656166279566227
13040.0 0.46574925707586595
13050.0 0.4659260959015236
13060.0 0.4661471444335957
13070.0 0.466390297818875
13080.0 0.46656713664453264
13090.0 0.4667218706169831
13100.0 0.4669208142958479
13110.0 0.46725238709395606
13120.0 0.46753975018564975
13130.0 0.46758395989206414
13140.0 0.46758395989206414
13150.0 0.46767237930489297
13160.0 0.4678713229837579
13170.0 0.4680702666626228
13180.0 0.468202895781866
13190.0 0.4682913151946948
13200.0 0.46837973460752363
13210.0 0.46851236372676686
13220.0 0.4686892025524245
13230.0 0.46882183167166774
13240.0 0.4689544607909111
13250.0 0.46906498505694705
13260.0 0.46917550932298313
13270.0 0.46930813844222635
13280.0 0.4693965578550552
13290.0 0.4694407675614696
13300.0 0.469484977267884
13310.0 0.4696397112403345
13320.0 0.46981655006599216
13330.0 0.4699712840384426
13340.0 0.4700375985980642
13350.0 0.47005970345127146
13360.0 0.47010391315768585
13370.0 0.47023654227692907
13380.0 0.47034706654296515
13390.0 0.4702807519833435
13400.0 0.47017022771730743
13410.0 0.47017022771730743
13420.0 0.4702586471301363
13430.0 0.47034706654296515
13440.0 0.470435485955794
13450.0 0.4704796956622084
13460.0 0.47050180051541557
13470.0 0.47054601022182996
13480.0 0.4705681150750372
13490.0 0.4705681150750372
13500.0 0.4705239053686228
13510.0 0.4704796956622084
13520.0 0.4703912762493796
13530.0 0.47030285683655076
13540.000000000002 0.47021443742372193
13550.0 0.47021443742372193
13560.000000000002 0.4701481228641003
13570.0 0.46999338889164977
13580.000000000002 0.46986075977240654
13590.0 0.4698386549191994
13600.000000000002 0.4698386549191994
13610.0 0.46968392094674893
13620.000000000002 0.469484977267884
13630.0 0.4692860335890192
13640.000000000002 0.46913129961656874
13650.0 0.4689765656441182
13660.000000000002 0.46888814623128944
13670.0 0.468843936524875
13680.000000000002 0.4687997268184606
13690.0 0.4686670976992174
13700.000000000002 0.4684902588735597
13710.0 0.468313420047902
13720.000000000002 0.4681144763690372
13730.0 0.4679597423965867
13740.000000000002 0.4678050084241362
13750.0 0.46767237930489297
13759.999999999998 0.467561855038857
13770.0 0.46740712106640653
13779.999999999998 0.4672081773875416
13790.0 0.4669650240022623
13799.999999999998 0.4667218706169831
13810.0 0.4665229269381182
13819.999999999998 0.46632398325925334
13830.0 0.4661029347271813
13839.999999999998 0.4657934667822804
13850.0 0.46546189398417226
13859.999999999998 0.4651524260392713
13870.0 0.4649534823604065
13879.999999999998 0.464798748387956
13890.0 0.46453349014946954
13899.999999999998 0.4643566513238118
13910.0 0.4643124416173974
13919.999999999998 0.46424612705777585
13930.0 0.46400297367249654
13939.999999999998 0.46362719116797396
13950.0 0.46333982807628027
13959.999999999998 0.46314088439741546
13970.0 0.4630303601313794
13980.0 0.46285352130572177
13990.0 0.4624998436544064
14000.0 0.4621240611498838
14010.0 0.4617924883517758
14020.0 0.46154933496649647
14030.0 0.4613503912876316
14040.0 0.4611514476087667
14050.0 0.46088618937028025
14060.0 0.460532511718965
14070.0 0.4601567292144424
14080.0 0.459803051563127
14090.0 0.4594714787650189
14100.0 0.45909569626049646
14110.0 0.45860938948993785
14120.0 0.45816729242579374
14130.0 0.4579020341873072
14140.0 0.45768098565523513
14150.0 0.45732730800391985
14160.0 0.4569073157929829
14170.0 0.4565094284352531
14180.0 0.4562220653435594
14190.0 0.45600101681148736
14200.0 0.4557799682794153
14210.0 0.4555147100409288
14220.0 0.4553378712152711
14230.0 0.45535997606847833
14240.0 0.4554262906280999
14250.0 0.4554041857748927
14260.0 0.45524945180244225
14270.0 0.4549841935639558
14280.0 0.45469683047226206
14290.0 0.4544978867933972
14300.0 0.45432104796773953
14310.0 0.4540999994356675
14320.0 0.4538568460503882
14330.0 0.45361369266510887
14340.0 0.4533926441330368
14350.0 0.4531937004541719
14360.0 0.45297265192209984
14370.0 0.45272949853682054
14380.0 0.4524642402983341
14390.0 0.45213266750022596
14400.0 0.45184530440853227
14410.0 0.4516684655828746
14420.0 0.451491626757217
14430.0 0.45127057822514494
14440.0 0.4509832151334512
14450.0 0.45065164233534305
14460.0 0.4503421743904422
14470.0 0.45005481129874847
14480.0 0.44981165791346917
14490.0 0.4496127142346043
14500.0 0.4494137705557395
14510.0 0.44923693173008183
14520.0 0.4489716734915953
14530.0 0.4486622055466944
14540.0 0.44833063274858626
14550.0 0.44808747936330695
14560.0 0.4478664308312349
14570.0 0.44760117259274845
14580.0 0.4473359143542619
14590.0 0.4471369706753971
14600.0 0.44691592214332493
14610.0 0.44662855905163135
14620.0 0.4463411959599376
14630.0 0.44607593772145104
14640.0 0.44583278433617185
14650.0 0.4455012115380637
14660.0 0.4451917435931627
14670.0 0.44497069506109066
14680.0 0.4447717513822259
14690.0 0.44455070285015374
14700.0 0.4442854446116673
14710.0 0.44393176696035197
14720.0 0.4436001941622439
14730.0 0.4433791456301717
14740.0 0.44320230680451406
14750.0 0.4429370485660276
14760.0 0.44264968547433386
14770.0 0.4423844272358474
14780.0 0.442119168997361
14790.000000000002 0.4418539107588744
14800.0 0.4416107573735951
14810.000000000002 0.44138970884152307
14820.0 0.44114655545624376
14830.000000000002 0.4408370875113429
14840.0 0.44052761956644193
14850.000000000002 0.4402623613279555
14860.0 0.4400192079426762
14870.000000000002 0.4397318448509825
14880.0 0.4394223769060816
14890.000000000002 0.43909080410797346
14900.0 0.43880344101627977
14910.000000000002 0.4385381827777933
14920.0 0.4382729245393068
14930.000000000002 0.4379634565944059
14940.0 0.4376760935027122
14950.000000000002 0.4374329401174329
14960.0 0.43721189158536083
14970.000000000002 0.4369245284936671
14980.0 0.436592955695559
14990.000000000002 0.4362392780442437
15000.0 0.43588560039292834
15009.999999999998 0.43562034215444184
15020.0 0.4353771887691626
15029.999999999998 0.43511193053067604
15040.0 0.4348466722921896
15049.999999999998 0.4345593092004959
15060.0 0.43427194610880215
15069.999999999998 0.4339845830171085
15080.0 0.4336751150722076
15089.999999999998 0.43327722771447785
15100.0 0.4329235500631625
15109.999999999998 0.43263618697146883
15120.0 0.4324151384393967
15129.999999999998 0.43217198505411747
15140.0 0.4318846219624238
15149.999999999998 0.4315088394579012
15160.0 0.43113305695337867
15169.999999999998 0.4307572744488562
15180.0 0.43038149194433367
15189.999999999998 0.43004991914622553
15200.0 0.4297183463481174
15209.999999999998 0.42938677355000926
15220.0 0.4290773056051084
15230.0 0.4287457328070003
15240.0 0.42841416000889215
15250.0 0.42808258721078407
15260.0 0.4277952241190903
15270.0 0.42748575617418944
15280.0 0.4271541833760813
15290.0 0.4267784008715588
15300.0 0.4264247232202435
15310.0 0.42613736012854975
15320.0 0.4258499970368561
15330.0 0.42545210967912633
15340.0 0.4250321174681894
