mejiro/data/roman_filter_response/RomanSCA07-F213.ecsv
# %ECSV 1.0
# ---
# datatype:
# - {name: wavelength, unit: Angstrom, datatype: float64}
# - {name: response, datatype: float64}
# meta:
#   __serialized_columns__:
#     wavelength:
#       __class__: astropy.units.quantity.Quantity
#       unit: !astropy.units.Unit {unit: Angstrom}
#       value: !astropy.table.SerializedColumn {name: wavelength}
#   band_name: F213
#   group_name: RomanSCA07
# schema: astropy-2.0
wavelength response
19350.0 0.0
19360.0 2.2104853207207685e-05
19370.0 6.631455962162305e-05
19380.0 0.0001547339724504538
19390.0 0.00033157279810811527
19400.0 0.0007073553026306459
19410.0 0.0014368154584684994
19420.0 0.0027852115041081685
19430.0 0.005150430797279391
19440.0 0.009151409227783982
19450.0 0.015539711804667003
19460.0 0.025243742362631175
19470.0 0.03932453385562247
19480.0 0.05873259497155082
19490.0 0.08413107130663244
19500.0 0.11585153565897548
19510.0 0.1535624152304718
19520.0 0.19622478192038265
19530.0 0.24202603776571693
19540.0 0.28886622171179005
19550.0 0.3344906387314667
19560.0 0.37682143262326945
19570.0 0.4141786345434504
19580.0 0.4454348969784421
19590.0 0.47021443742372193
19600.0 0.48906987720947004
19610.0 0.5029959347300109
19620.0 0.5126778604347679
19630.0 0.5187345902135427
19640.0 0.522381890992732
19650.0 0.5246807957262817
19660.0 0.5261176111847502
19670.0 0.5269354907534168
19680.0 0.5273775878175609
19690.0 0.5276207412028402
19700.0 0.5277091606156691
19710.0 0.5276207412028402
19720.0 0.5275765314964258
19730.0 0.5276649509092547
19740.0 0.5277312654688763
19750.0 0.5275765314964258
19760.0 0.5273775878175609
19770.0 0.5273775878175609
19780.0 0.5275102169368042
19790.0 0.5276207412028402
19800.0 0.5276649509092547
19810.0 0.5276870557624619
19820.0 0.5276870557624619
19830.0 0.5277312654688763
19840.0 0.5277091606156691
19850.0 0.527598636349633
19860.0 0.5274660072303898
19870.0 0.5274660072303898
19880.0 0.5274660072303898
19890.0 0.5274217975239754
19900.0 0.5273333781111466
19910.0 0.5273333781111466
19920.0 0.5273996926707681
19930.0 0.5274660072303898
19940.0 0.5275765314964258
19950.0 0.5277091606156691
19960.0 0.5276870557624619
19970.0 0.5274439023771825
19980.0 0.5273112732579394
19990.0 0.5275544266432186
20000.0 0.5278638945881196
20010.0 0.5278638945881196
20019.999999999996 0.5276649509092547
20030.0 0.5274881120835969
20040.0 0.5273775878175609
20050.0 0.5273112732579394
20059.999999999996 0.5271786441386961
20070.0 0.526957595606624
20080.0 0.5267144422213448
20090.0 0.5266039179553087
20099.999999999996 0.5266260228085159
20110.0 0.5267586519277592
20120.0 0.5267807567809664
20130.0 0.5266039179553087
20139.999999999996 0.5263386597168221
20150.0 0.5262281354507862
20160.0 0.526206030597579
20170.0 0.5262281354507862
20179.999999999996 0.5261176111847502
20190.0 0.5257639335334348
20200.0 0.525366046175705
20210.0 0.5251007879372186
20219.999999999996 0.5251007879372186
20230.0 0.5252997316160835
20240.0 0.5254986752949483
20250.0 0.5254544655885339
20259.999999999996 0.5252997316160835
20270.0 0.5252113122032546
20280.0 0.5251892073500475
20290.0 0.525255521909669
20299.999999999996 0.5252334170564619
20310.0 0.5251007879372186
20320.0 0.5249018442583537
20330.0 0.5247471102859033
20339.999999999996 0.5246365860198673
20350.0 0.5245702714602456
20360.0 0.5245702714602456
20370.0 0.5247029005794888
20379.999999999996 0.524835529698732
20390.0 0.524835529698732
20400.0 0.5247471102859033
20410.0 0.5247029005794888
20419.999999999996 0.5247471102859033
20430.0 0.5249460539647681
20440.0 0.525144997643633
20450.0 0.5252776267628763
20460.0 0.5252776267628763
20470.0 0.5251671024968402
20480.0 0.5249902636711825
20490.0 0.5248576345519393
20500.0 0.5249239491115608
20510.0 0.5252334170564619
20520.0 0.5254986752949483
20530.0 0.5254765704417411
20540.0 0.5254765704417411
20550.0 0.5258744577994708
20560.0 0.5262281354507862
20570.0 0.5261397160379573
20580.0 0.5259628772122996
20590.0 0.5260955063315429
20600.0 0.5263607645700294
20610.0 0.5265597082488942
20620.0 0.5266923373681375
20630.0 0.5268249664873809
20640.0 0.5269354907534168
20650.0 0.52706811987266
20660.0 0.5273112732579394
20670.0 0.5277312654688763
20680.0 0.5279965237073627
20690.0 0.5278859994413267
20700.0 0.5279523140009483
20710.0 0.5286375644503718
20720.0 0.5292786051933809
20730.0 0.5292786051933809
20740.0 0.5292343954869664
20750.0 0.5297428071107322
20760.0 0.530251218734498
20770.0 0.5301185896152547
20780.0 0.5298975410831827
20790.0 0.5301627993216691
20800.0 0.5306048963858132
20810.0 0.5308480497710926
20820.0 0.5310690983031646
20830.000000000004 0.5314890905141015
20840.0 0.5318648730186241
20850.0 0.5318869778718314
20860.0 0.5319311875782458
20870.000000000004 0.5323290749359755
20880.0 0.5328374865597413
20890.0 0.5331027447982278
20900.0 0.5331911642110566
20910.000000000004 0.533235373917471
20920.0 0.5333901078899214
20930.0 0.5336332612752007
20940.0 0.53387641466048
20950.000000000004 0.5340090437797232
20960.0 0.5341637777521737
20970.0 0.5344953505502819
20980.0 0.5348711330548044
20990.000000000004 0.5352027058529124
21000.0 0.5353353349721558
21010.0 0.5352911252657414
21020.0 0.5353132301189485
21030.000000000004 0.5356226980638494
21040.0 0.5359763757151648
21050.0 0.5360647951279935
21060.0 0.536109004834408
21070.000000000004 0.5362858436600656
21080.0 0.5363521582196873
21090.0 0.5360647951279935
21100.0 0.5357995368895071
21110.000000000004 0.5359321660087504
21120.0 0.5362416339536512
21130.0 0.5364847873389306
21140.0 0.5366837310177954
21150.000000000004 0.5369268844030747
21160.0 0.5372363523479756
21170.0 0.5375237154396694
21180.0 0.5376121348524981
21190.000000000004 0.5374574008800477
21200.0 0.5373026669075972
21210.0 0.5374352960268404
21220.0 0.5375016105864621
21230.000000000004 0.5371700377883539
21240.0 0.536750045577417
21250.0 0.5366616261645882
21260.0 0.5368826746966602
21269.999999999996 0.53728056205439
21280.0 0.5375237154396694
21290.0 0.5374352960268404
21300.0 0.5373468766140116
21309.999999999996 0.5376342397057053
21320.0 0.5379879173570207
21330.0 0.538142651329471
21340.0 0.5381647561826783
21349.999999999996 0.538120546476264
21360.0 0.5379437076506063
21370.0 0.5374795057332549
21380.0 0.5371921426415612
21389.999999999996 0.537391086320426
21400.0 0.5376342397057053
21410.0 0.5374574008800477
21420.0 0.5372142474947683
21429.999999999996 0.5373689814672189
21440.0 0.5376784494121197
21450.0 0.5378552882377774
21460.0 0.537921602797399
21469.999999999996 0.5379658125038135
21480.0 0.5380100222102279
21490.0 0.5380321270634351
21500.0 0.5381647561826783
21509.999999999996 0.5384521192743721
21520.0 0.5386068532468224
21530.0 0.5383636998615432
21540.0 0.5380100222102279
21549.999999999996 0.5378331833845702
21560.0 0.5377668688249485
21570.0 0.5376342397057053
21580.0 0.5375458202928765
21589.999999999996 0.537590029999291
21600.0 0.5377668688249485
21610.0 0.5380984416230566
21620.0 0.538341595008336
21629.999999999996 0.5384079095679576
21640.0 0.5383636998615432
21650.0 0.5383858047147504
21660.0 0.5384742241275792
21669.999999999996 0.5385847483936153
21680.0 0.5386289581000296
21690.0 0.5385184338339937
21700.0 0.5383636998615432
21710.0 0.5383194901551287
21720.0 0.5382973853019216
21730.0 0.5382089658890927
21740.0 0.5382089658890927
21750.0 0.5383858047147504
21760.0 0.5385626435404081
21770.0 0.5386510629532368
21780.0 0.5387615872192729
21790.0 0.5390710551641738
21800.0 0.5394247328154892
21810.0 0.5396015716411469
21820.0 0.539513152228318
21830.0 0.539203684283417
21840.0 0.5389605308981378
21850.0 0.538982635751345
21860.0 0.5390268454577594
21870.0 0.5388500066321017
21880.0 0.5388057969256873
21890.0 0.5391594745770026
21900.0 0.5394468376686964
21910.0 0.5391594745770026
21920.0 0.5387836920724801
21930.0 0.5388279017788946
21940.0 0.5390047406045523
21950.0 0.5389384260449306
21960.0 0.5387836920724801
21970.0 0.5387615872192729
21980.0 0.538982635751345
21990.0 0.5394247328154892
22000.0 0.5395573619347324
22010.0 0.5390710551641738
22020.0 0.5385405386872009
22030.0 0.5385847483936153
22040.0 0.5390931600173811
22050.0 0.5396457813475612
22060.0 0.53973420076039
22070.0 0.5390710551641738
22080.000000000004 0.5385405386872009
22090.0 0.5389384260449306
22100.0 0.5394910473751108
22110.0 0.5393805231090748
22120.000000000004 0.5390931600173811
22130.0 0.539203684283417
22140.0 0.5393805231090748
22150.0 0.5393142085494531
22160.000000000004 0.539203684283417
22170.0 0.5394026279622819
22180.0 0.5397563056135973
22190.0 0.5399994589988765
22200.000000000004 0.5398447250264261
22210.0 0.539203684283417
22220.0 0.5386731678064441
22230.0 0.5388279017788946
22240.000000000004 0.5394468376686964
22250.0 0.540043668705291
22260.0 0.5401762978245342
22270.0 0.5395573619347324
22280.000000000004 0.5389605308981378
22290.0 0.5390931600173811
22300.0 0.5395573619347324
22310.0 0.5397784104668044
22320.000000000004 0.5396457813475612
22330.0 0.5393142085494531
22340.0 0.5390489503109667
22350.0 0.5391152648705883
22360.000000000004 0.5392921036962459
22370.0 0.5392699988430387
22380.0 0.5390931600173811
22390.0 0.5388500066321017
22400.000000000004 0.5388279017788946
22410.0 0.5391594745770026
22420.0 0.5393584182558675
22430.0 0.5390047406045523
22440.000000000004 0.5385184338339937
22450.0 0.5384300144211648
22460.0 0.5384963289807865
22470.0 0.5384521192743721
22480.000000000004 0.5382973853019216
22490.0 0.5381868610358855
22500.0 0.5382973853019216
22510.0 0.5387173775128585
22519.999999999996 0.5390710551641738
22530.0 0.5390268454577594
22540.0 0.5389384260449306
22550.0 0.5390710551641738
22559.999999999996 0.5390489503109667
22570.0 0.5385184338339937
22580.0 0.5380763367698496
22590.0 0.5382973853019216
22599.999999999996 0.5387394823660657
22610.0 0.5388057969256873
22620.0 0.5386731678064441
22630.0 0.5385405386872009
22639.999999999996 0.5382973853019216
22650.0 0.5378552882377774
22660.0 0.5378110785313629
22670.0 0.5385626435404081
22679.999999999996 0.5393363134026603
22690.0 0.5393142085494531
22700.0 0.5388279017788946
22710.0 0.5383858047147504
22719.999999999996 0.5380984416230566
22730.0 0.5380100222102279
22740.0 0.5378773930909846
22750.0 0.5375237154396694
22759.999999999996 0.5371479329351468
22770.0 0.5370153038159035
22780.0 0.5371037232287323
22790.0 0.5373247717608044
22799.999999999996 0.5374352960268404
22810.0 0.5372363523479756
22820.0 0.5369268844030747
22830.0 0.5367721504306242
22839.999999999996 0.5366837310177954
22850.0 0.5364847873389306
22860.0 0.536109004834408
22870.0 0.5354458592381918
22879.999999999996 0.5343848262842458
22890.0 0.5327711720001197
22900.0 0.5302070090280836
22910.0 0.5262944500104078
22919.999999999996 0.5205471881765338
22930.0 0.5124126021962814
22940.0 0.5013822804458847
22950.0 0.4870141258611997
22960.0 0.4690870899101543
22970.0 0.44746854347350523
22980.0 0.4220037525788019
22990.0 0.39273692693245893
23000.0 0.35995542962616994
23010.0 0.3244329305221872
23020.0 0.2872967771340783
23030.0 0.2497185266818252
23040.0 0.21260447814692351
23050.0 0.1769051402172831
23060.0 0.1438141749660932
23070.0 0.11423788137484933
23080.0 0.08864046136090283
23090.0 0.06715454404349695
23100.0 0.04953697603735242
23110.0 0.03554460395718996
23120.0 0.02482375015169423
23130.0 0.01688810785030667
23140.0 0.011185055722847089
23150.0 0.007184077292342498
23160.0 0.00448728520106316
23170.0 0.002741001797693753
23180.0 0.0016136542841261611
23190.0 0.0009284038347027227
23200.0 0.0005084116237657767
23210.0 0.0002873630916936999
23220.0 0.0001547339724504538
23230.0 6.631455962162305e-05
23240.0 4.420970641441537e-05
23250.0 2.2104853207207685e-05
23260.0 0.0
