mejiro/data/roman_filter_response/RomanSCA03-F146.ecsv
# %ECSV 1.0
# ---
# datatype:
# - {name: wavelength, unit: Angstrom, datatype: float64}
# - {name: response, datatype: float64}
# meta:
#   __serialized_columns__:
#     wavelength:
#       __class__: astropy.units.quantity.Quantity
#       unit: !astropy.units.Unit {unit: Angstrom}
#       value: !astropy.table.SerializedColumn {name: wavelength}
#   band_name: F146
#   group_name: RomanSCA03
# schema: astropy-2.0
wavelength response
9140.0 0.0
9150.0 2.2104853207207685e-05
9160.0 0.00011052426603603843
9170.0 0.00046420191735136135
9180.0 0.0015252348712973302
9190.0 0.004443075494648745
9200.0 0.011538733374162412
9210.0 0.026415299582613183
9220.0 0.05375900299992909
9230.0 0.09757082205661473
9240.0 0.15891178970661604
9250.0 0.2338472420790501
9260.0 0.3137341815698987
9270.0 0.38813911746535973
9280.0 0.44864010069348714
9290.0 0.49156772562188455
9300.0 0.5182482834429842
9310.0 0.5328153817065341
9320.0 0.5398226201732189
9330.0 0.5428067753561919
9340.0 0.5440004374293811
9350.0 0.544619373319183
9360.0 0.5450614703833272
9370.0 0.5454372528878496
9380.0 0.5457909305391649
9390.0 0.5461667130436875
9400.0 0.5464982858417956
9410.0 0.5467193343738677
9420.0 0.546962487759147
9430.0 0.5473161654104622
9440.0 0.5476477382085704
9450.0 0.5478466818874353
9460.0 0.5480235207130929
9470.0 0.5483771983644082
9480.0 0.5487308760157236
9490.0 0.5489740294010028
9500.0 0.5492171827862822
9510.0 0.5496150701440119
9520.0 0.5499908526485344
9530.0 0.5502340060338137
9540.0 0.5504108448594714
9550.0 0.5506097885383362
9560.0 0.5508529419236156
9570.0 0.5511624098685164
9580.0 0.5514276681070029
9590.0 0.5516045069326606
9600.0 0.5517592409051111
9610.0 0.5520244991435975
9620.0 0.552289757382084
9630.0 0.5524665962077416
9640.0 0.5526434350333994
9650.0 0.5528423787122642
9660.0 0.5529971126847146
9670.0 0.5530634272443362
9680.0 0.5531739515103723
9690.0 0.553461314602066
9700.0 0.5537486776937598
9710.0 0.5538592019597958
9720.0 0.5539697262258318
9730.0 0.5541907747579039
9740.0 0.554411823289976
9750.0 0.554522347556012
9760.0 0.5546549766752552
9770.0 0.5548981300605346
9780.0 0.5551191785926066
9790.0 0.5551854931522282
9800.0 0.5552075980054354
9810.0 0.5553844368310932
9820.0 0.5555612756567507
9830.0 0.5556054853631652
9840.0 0.5556496950695796
9850.0 0.5558044290420301
9860.0 0.5560254775741021
9870.0 0.556224421252967
9880.0 0.5562907358125886
9890.0 0.5562023163997598
9900.0 0.5561581066933454
9910.0 0.5563128406657959
9920.0 0.5565117843446606
9930.0 0.5565780989042823
9940.0 0.556555994051075
9950.0 0.556644413463904
9960.0 0.55675493772994
9970.0 0.5567991474363544
9980.0 0.5568875668491832
9990.0 0.5570644056748408
10000.0 0.557285454206913
10009.999999999998 0.557395978472949
10020.0 0.5574401881793634
10029.999999999998 0.5574401881793634
10040.0 0.5574401881793634
10049.999999999998 0.5574843978857777
10060.0 0.5575507124453994
10069.999999999998 0.5576391318582282
10080.0 0.5577054464178499
10089.999999999998 0.5577054464178499
10100.0 0.5577054464178499
10109.999999999998 0.5578380755370932
10120.0 0.5579707046563364
10129.999999999998 0.558037019215958
10140.0 0.558037019215958
10149.999999999998 0.5579928095095437
10160.0 0.5579707046563364
10169.999999999998 0.5580149143627509
10180.0 0.5581254386287868
10189.999999999998 0.5581917531884084
10200.0 0.5582138580416157
10209.999999999998 0.5582138580416157
10220.0 0.5582359628948229
10230.0 0.5582801726012373
10240.0 0.5583022774544445
10250.0 0.5583022774544445
10260.0 0.5582359628948229
10270.0 0.5581696483352013
10280.0 0.5581696483352013
10290.0 0.5582359628948229
10300.0 0.5583022774544445
10310.0 0.5582359628948229
10320.0 0.5581254386287868
10330.0 0.5581033337755796
10340.0 0.5581254386287868
10350.0 0.5581033337755796
10360.0 0.5580591240691652
10370.0 0.5579928095095437
10380.0 0.557926494949922
10390.0 0.5578380755370932
10400.0 0.5577054464178499
10410.0 0.5575728172986067
10420.0 0.557506502738985
10430.0 0.5575286075921922
10440.0 0.557506502738985
10450.0 0.557285454206913
10460.0 0.5570423008216336
10470.0 0.5569096717023905
10480.0 0.5569096717023905
10490.0 0.5569317765555976
10500.0 0.5568433571427688
10510.0 0.5566223086106967
10520.0 0.5563570503722103
10530.0 0.5562465261061742
10540.0 0.5562023163997598
10550.0 0.5561360018401381
10560.0 0.5560475824273093
10570.0 0.5559149533080661
10580.0 0.5556717999227867
10590.0 0.5553402271246787
10600.0 0.5550307591797777
10610.0 0.5548760252073274
10620.0 0.5548097106477057
10630.0 0.5546770815284625
10640.0 0.5544339281431832
10650.0 0.5541244601982823
10660.0 0.5538149922533813
10670.0 0.5535939437213092
10680.0 0.5534171048956517
10690.0 0.5531739515103723
10700.0 0.552930798125093
10710.0 0.5527539592994354
10720.0 0.5525992253269849
10730.0 0.5524223865013272
10740.0 0.5522676525288769
10750.0 0.5521350234096335
10760.0 0.5519802894371831
10770.0 0.5517150311986966
10780.0 0.5514055632537957
10790.0 0.551118200162102
10800.0 0.5509192564832371
10810.0 0.5508529419236156
10820.0 0.5507203128043723
10830.0 0.5504550545658858
10840.0 0.5501676914741921
10850.0 0.550057167208156
10860.0 0.5499466429421199
10870.0 0.5497255944100479
10880.0 0.5494382313183542
10890.0 0.5492392876394894
10900.0 0.5490624488138317
10910.0 0.5489077148413812
10920.0 0.5487087711625164
10930.0 0.5484877226304443
10940.0 0.5482887789515795
10950.0 0.548134044979129
10960.0 0.5479572061534713
10970.0 0.5477582624746065
10980.0 0.5477582624746065
10990.0 0.5481561498323362
11000.0 0.5485098274836515
11010.0 0.548465617777237
11020.0 0.5482666740983723
11030.0 0.5481561498323362
11040.000000000002 0.5481561498323362
11050.0 0.548134044979129
11060.000000000002 0.548134044979129
11070.0 0.5481561498323362
11080.000000000002 0.5481119401259218
11090.0 0.5479572061534713
11100.000000000002 0.547824577034228
11110.0 0.5478908915938497
11120.000000000002 0.5479793110066785
11130.0 0.5479793110066785
11140.000000000002 0.5479793110066785
11150.0 0.5480898352727145
11160.000000000002 0.548134044979129
11170.0 0.5480014158598857
11180.000000000002 0.5478908915938497
11190.0 0.5479793110066785
11200.000000000002 0.5481119401259218
11210.0 0.5480898352727145
11220.000000000002 0.5480456255663001
11230.0 0.548134044979129
11240.000000000002 0.5481782546855435
11250.0 0.5480456255663001
11259.999999999998 0.5478687867406424
11270.0 0.547824577034228
11279.999999999998 0.5478687867406424
11290.0 0.5478908915938497
11299.999999999998 0.5479351013002641
11310.0 0.5480235207130929
11319.999999999998 0.5480898352727145
11330.0 0.5480898352727145
11339.999999999998 0.5480677304195074
11350.0 0.5480677304195074
11359.999999999998 0.5480677304195074
11370.0 0.5480456255663001
11379.999999999998 0.5480235207130929
11390.0 0.5481119401259218
11399.999999999998 0.5482224643919579
11410.0 0.5483329886579938
11419.999999999998 0.548355093511201
11430.0 0.5483108838047867
11439.999999999998 0.548244569245165
11450.0 0.5483108838047867
11459.999999999998 0.5483771983644082
11470.0 0.5484214080708226
11480.0 0.5483993032176155
11490.0 0.548355093511201
11500.0 0.548355093511201
11510.0 0.548355093511201
11520.0 0.5483329886579938
11530.0 0.5482666740983723
11540.0 0.548244569245165
11550.0 0.5483329886579938
11560.0 0.5483993032176155
11570.0 0.5482887789515795
11580.0 0.5481782546855435
11590.0 0.5481782546855435
11600.0 0.548244569245165
11610.0 0.5482666740983723
11620.0 0.5482224643919579
11630.0 0.5481119401259218
11640.0 0.5480014158598857
11650.0 0.5479793110066785
11660.0 0.5479793110066785
11670.0 0.5479351013002641
11680.0 0.5479351013002641
11690.0 0.5480014158598857
11700.0 0.5480235207130929
11710.0 0.5478687867406424
11720.0 0.5476698430617776
11730.0 0.5475593187957416
11740.0 0.5475151090893272
11750.0 0.5474708993829128
11760.0 0.5474266896764983
11770.0 0.5473603751168767
11780.0 0.5473382702636695
11790.0 0.5474266896764983
11800.0 0.5474930042361199
11810.0 0.5474266896764983
11820.0 0.5473161654104622
11830.0 0.5472719557040479
11840.0 0.5472498508508407
11850.0 0.5471393265848047
11860.0 0.5469845926123542
11870.0 0.5468298586399037
11880.0 0.5467193343738677
11890.0 0.5467414392270749
11900.0 0.5466972295206605
11910.0 0.5465203906950028
11920.0 0.5463656567225523
11930.0 0.5463214470161379
11940.0 0.5462772373097234
11950.0 0.5461225033372731
11960.0 0.5459456645116154
11970.0 0.5459014548052009
11980.0 0.5458793499519938
11990.0 0.5457467208327506
12000.0 0.5455698820070929
12010.0 0.545481462594264
12020.0 0.5454372528878496
12030.0 0.5453488334750207
12040.0 0.5452825189153993
12050.0 0.545260414062192
12060.0 0.5452162043557776
12070.0 0.5450393655301199
12080.0 0.5447962121448406
12090.0 0.5445751636127686
12100.0 0.5444425344935253
12110.0 0.544420429640318
12120.0 0.5443320102274892
12130.0 0.5441330665486244
12140.0 0.5439120180165523
12150.0 0.5438014937505163
12160.0 0.5438014937505163
12170.0 0.5438014937505163
12180.0 0.5437130743376875
12190.0 0.5435141306588226
12200.0 0.5433151869799577
12210.0 0.5432709772735432
12220.0 0.5432709772735432
12230.0 0.5431383481543001
12240.0 0.5430057190350568
12250.0 0.5429394044754352
12260.0 0.5428951947690207
12270.0 0.5427625656497775
12280.0 0.5426078316773271
12290.000000000002 0.5425415171177055
12300.0 0.5424752025580838
12310.000000000002 0.5422983637324261
12320.0 0.5420994200535613
12330.000000000002 0.5419446860811109
12340.0 0.5418341618150748
12350.000000000002 0.5417236375490387
12360.0 0.5416131132830028
12370.000000000002 0.541436274457345
12380.0 0.5413478550445162
12390.000000000002 0.5413478550445162
12400.0 0.541325750191309
12410.000000000002 0.541104701659237
12420.0 0.5409057579803721
12430.000000000002 0.5409278628335792
12440.0 0.5409499676867865
12450.000000000002 0.540795233714336
12460.0 0.540574185182264
12470.000000000002 0.5405078706226423
12480.0 0.5405299754758496
12490.000000000002 0.5405078706226423
12500.0 0.5404415560630207
12509.999999999998 0.5403531366501919
12520.0 0.5402426123841558
12529.999999999998 0.540154192971327
12540.0 0.5401099832649126
12549.999999999998 0.5401320881181197
12560.0 0.540154192971327
12569.999999999998 0.5401099832649126
12580.0 0.5399773541456694
12589.999999999998 0.5397784104668044
12600.0 0.5396457813475612
12609.999999999998 0.5397120959071829
12620.0 0.5398005153200117
12629.999999999998 0.5398005153200117
12640.0 0.5397563056135973
12649.999999999998 0.5397563056135973
12660.0 0.53973420076039
12669.999999999998 0.5396015716411469
12680.0 0.5394910473751108
12689.999999999998 0.5394689425219036
12700.0 0.539513152228318
12709.999999999998 0.5395352570815252
12720.0 0.5395794667879396
12730.0 0.5396457813475612
12740.0 0.5396678862007684
12750.0 0.539513152228318
12760.0 0.5393805231090748
12770.0 0.5394910473751108
12780.0 0.5396678862007684
12790.0 0.5397784104668044
12800.0 0.53973420076039
12810.0 0.5396015716411469
12820.0 0.5394910473751108
12830.0 0.5395352570815252
12840.0 0.5396678862007684
12850.0 0.5397784104668044
12860.0 0.5398447250264261
12870.0 0.5398447250264261
12880.0 0.5398226201732189
12890.0 0.5398668298796333
12900.0 0.5399552492924621
12910.0 0.5400215638520838
12920.0 0.5400657735584982
12930.0 0.5400657735584982
12940.0 0.5400878784117054
12950.0 0.5401762978245342
12960.0 0.540264717237363
12970.0 0.540264717237363
12980.0 0.540264717237363
12990.0 0.5403973463566063
13000.0 0.5405520803290567
13010.0 0.5405962900354712
13020.0 0.5405962900354712
13030.0 0.5405962900354712
13040.0 0.5406183948886784
13050.0 0.5407289191547144
13060.0 0.5408615482739577
13070.0 0.5410383870996153
13080.0 0.5411489113656514
13090.0 0.5412152259252729
13100.0 0.5413699598977234
13110.0 0.5416573229894172
13120.0 0.5419004763746964
13130.0 0.5418783715214892
13140.0 0.5417899521086604
13150.0 0.5418341618150748
13160.0 0.5419888957875253
13170.0 0.5421436297599757
13180.0 0.5422762588792189
13190.0 0.5423204685856333
13200.0 0.5423646782920477
13210.0 0.5424752025580838
13220.0 0.5426299365305343
13230.0 0.5427625656497775
13240.0 0.5428730899158136
13250.0 0.5429836141818496
13260.0 0.5430720335946784
13270.0 0.5432046627139216
13280.0 0.5432930821267505
13290.0 0.5433372918331649
13300.0 0.5433815015395793
13310.0 0.543558340365237
13320.0 0.543757284044102
13330.0 0.5439341228697595
13340.0 0.5440225422825884
13350.0 0.5440446471357955
13360.0 0.5441109616954172
13370.0 0.544309905374282
13380.0 0.5444425344935253
13390.0 0.5443983247871109
13400.0 0.544309905374282
13410.0 0.5443541150806965
13420.0 0.5444867441999397
13430.0 0.5446414781723902
13440.0 0.5447741072916334
13450.0 0.5448846315576694
13460.0 0.5449730509704982
13470.0 0.5450835752365343
13480.0 0.5451719946493632
13490.0 0.5452383092089848
13500.0 0.545260414062192
13510.0 0.5452825189153993
13520.0 0.545260414062192
13530.0 0.5452162043557776
13540.000000000002 0.5452162043557776
13550.0 0.5453046237686063
13560.000000000002 0.5453267286218136
13570.0 0.5452383092089848
13580.000000000002 0.5451719946493632
13590.0 0.545260414062192
13600.000000000002 0.545370938328228
13610.0 0.5453046237686063
13620.000000000002 0.5451719946493632
13630.0 0.5450835752365343
13640.000000000002 0.5450172606769127
13650.0 0.5449730509704982
13660.000000000002 0.5449730509704982
13670.0 0.5450614703833272
13680.000000000002 0.545149889796156
13690.0 0.545149889796156
13700.000000000002 0.5450835752365343
13710.0 0.5449951558237055
13720.000000000002 0.5449288412640838
13730.0 0.5448846315576694
13740.000000000002 0.5448846315576694
13750.0 0.5448846315576694
13759.999999999998 0.5449067364108767
13770.0 0.5449067364108767
13779.999999999998 0.544840421851255
13790.0 0.5447298975852191
13799.999999999998 0.544619373319183
13810.0 0.5445530587595613
13819.999999999998 0.5445088490531469
13830.0 0.544420429640318
13839.999999999998 0.5442878005210748
13850.0 0.5440667519890028
13859.999999999998 0.5438899131633451
13870.0 0.5438678083101379
13879.999999999998 0.5438899131633451
13890.0 0.5438014937505163
13899.999999999998 0.543779388897309
13910.0 0.5439562277229667
13919.999999999998 0.54408885684221
13930.0 0.5440004374293811
13939.999999999998 0.5438014937505163
13950.0 0.5436909694844803
13959.999999999998 0.5436909694844803
13970.0 0.543757284044102
13980.0 0.543779388897309
13990.0 0.5436246549248586
14000.0 0.5434036063927865
14010.0 0.543248872420336
14020.0 0.5432046627139216
14030.0 0.543248872420336
14040.0 0.543248872420336
14050.0 0.5431825578607145
14060.0 0.543027823888264
14070.0 0.5428509850626063
14080.0 0.5426962510901558
14090.0 0.5425636219709126
14100.0 0.5423646782920477
14110.0 0.5420773152003541
14120.0 0.5418341618150748
14130.0 0.5417899521086604
14140.0 0.5417899521086604
14150.0 0.5416573229894172
14160.0 0.541436274457345
14170.0 0.5412815404848946
14180.0 0.5412152259252729
14190.0 0.5412373307784802
14200.0 0.5412815404848946
14210.0 0.5412594356316873
14220.0 0.5413478550445162
14230.0 0.5416573229894172
14240.0 0.5420552103471469
14250.0 0.5423425734388405
14260.0 0.5424752025580838
14270.0 0.5424752025580838
14280.0 0.5424530977048766
14290.0 0.5425194122644982
14300.0 0.5426299365305343
14310.0 0.5426962510901558
14320.0 0.5427404607965702
14330.0 0.5427846705029846
14340.0 0.5428288802093992
14350.0 0.542917299622228
14360.0 0.5430057190350568
14370.0 0.5430720335946784
14380.0 0.5430720335946784
14390.0 0.543027823888264
14400.0 0.543027823888264
14410.0 0.5431604530075073
14420.0 0.5433151869799577
14430.0 0.5434036063927865
14440.0 0.5434036063927865
14450.0 0.5433815015395793
14460.0 0.5433372918331649
14470.0 0.5433815015395793
14480.0 0.5434699209524082
14490.0 0.5435804452184442
14500.0 0.5437130743376875
14510.0 0.5438678083101379
14520.0 0.5439341228697595
14530.0 0.5439341228697595
14540.0 0.5439120180165523
14550.0 0.5440004374293811
14560.0 0.5441330665486244
14570.0 0.544199381108246
14580.0 0.5442656956678676
14590.0 0.5443983247871109
14600.0 0.5445309539063541
14610.0 0.5445972684659757
14620.0 0.5446414781723902
14630.0 0.5447298975852191
14640.0 0.5448183169980478
14650.0 0.544840421851255
14660.0 0.5448846315576694
14670.0 0.5449951558237055
14680.0 0.5451940995025704
14690.0 0.5453488334750207
14700.0 0.5454151480346424
14710.0 0.5454151480346424
14720.0 0.5454372528878496
14730.0 0.5455919868603001
14740.0 0.5457909305391649
14750.0 0.5459014548052009
14760.0 0.5459677693648226
14770.0 0.5460782936308587
14780.0 0.5461888178968947
14790.000000000002 0.5463214470161379
