mejiro/data/roman_filter_response/RomanSCA01-Prism.ecsv
# %ECSV 1.0
# ---
# datatype:
# - {name: wavelength, unit: Angstrom, datatype: float64}
# - {name: response, datatype: float64}
# meta:
#   __serialized_columns__:
#     wavelength:
#       __class__: astropy.units.quantity.Quantity
#       unit: !astropy.units.Unit {unit: Angstrom}
#       value: !astropy.table.SerializedColumn {name: wavelength}
#   band_name: Prism
#   group_name: RomanSCA01
# schema: astropy-2.0
wavelength response
[from data line 572]
13250.0 0.5210777046535068
13260.0 0.521099809506714
13270.0 0.5211661240663356
13280.0 0.5211882289195429
13290.0 0.5211440192131285
13300.0 0.5211440192131285
13310.0 0.5212324386259573
13320.0 0.5213871725984076
13330.0 0.5214755920112365
13340.0 0.521519801717651
13350.0 0.5214755920112365
13360.0 0.5214755920112365
13370.0 0.5216082211304798
13380.0 0.5216745356901014
13390.0 0.5215861162772726
13400.0 0.5214534871580293
13410.0 0.5214313823048221
13420.0 0.521519801717651
13430.0 0.5216082211304798
13440.0 0.5216966405433086
13450.0 0.521740850249723
13460.0 0.5217850599561374
13470.0 0.5218292696625518
13480.0 0.5218734793689662
13490.0 0.5218955842221735
13500.0 0.5218734793689662
13510.0 0.5218292696625518
13520.0 0.5217850599561374
13530.0 0.5216966405433086
13540.000000000002 0.5216524308368942
13550.0 0.5216745356901014
13560.000000000002 0.5216745356901014
13570.0 0.5215419065708581
13580.000000000002 0.5214534871580293
13590.0 0.5214976968644437
13600.000000000002 0.5215419065708581
13610.0 0.5214534871580293
13620.000000000002 0.5212987531855788
13630.0 0.5211661240663356
13640.000000000002 0.5210555998002996
13650.0 0.5209671803874707
13660.000000000002 0.5209450755342635
13670.0 0.5209892852406779
13680.000000000002 0.5210334949470924
13690.0 0.5209892852406779
13700.000000000002 0.5209008658278491
13710.0 0.520790341561813
13720.000000000002 0.5206798172957771
13730.0 0.5206135027361554
13740.000000000002 0.520569293029741
13750.0 0.5205471881765338
13759.999999999998 0.5205250833233266
13770.0 0.5205029784701193
13779.999999999998 0.5204145590572905
13790.0 0.5202598250848401
13799.999999999998 0.5201271959655969
13810.0 0.520038776552768
13819.999999999998 0.5199724619931464
13830.0 0.5198619377271103
13839.999999999998 0.5196629940482456
13850.0 0.5194419455161734
13859.999999999998 0.5192430018373085
13870.0 0.5191987921308941
13879.999999999998 0.519176687277687
13890.0 0.5190661630116509
13899.999999999998 0.5189998484520293
13910.0 0.5191324775712725
13919.999999999998 0.5192430018373085
13930.0 0.5191324775712725
13939.999999999998 0.5189114290392004
13950.0 0.5187566950667499
13959.999999999998 0.5187345902135427
13970.0 0.5187787999199572
13980.0 0.5187566950667499
13990.0 0.5185798562410924
14000.0 0.518336702855813
14010.0 0.5181598640301553
14020.0 0.5180935494705337
14030.0 0.5180935494705337
14040.0 0.5180714446173266
14050.0 0.5179609203512905
14060.0 0.5177840815256328
14070.0 0.517585137846768
14080.0 0.5174082990211103
14090.0 0.5172314601954526
14100.0 0.5170325165165878
14110.0 0.5167009437184796
14120.0 0.5164356854799932
14130.0 0.5163693709203715
14140.0 0.5163472660671643
14150.0 0.5161704272415067
14160.0 0.5159272738562274
14170.0 0.5157504350305697
14180.0 0.5156399107645336
14190.0 0.5156399107645336
14200.0 0.5156399107645336
14210.0 0.5155957010581192
14220.0 0.5156399107645336
14230.0 0.5159051690030202
14240.0 0.5162367418011282
14250.0 0.5164798951864076
14260.0 0.5165683145992364
14270.0 0.516524104892822
14280.0 0.5164798951864076
14290.0 0.5165020000396148
14300.0 0.5165904194524437
14310.0 0.5166125243056509
14320.0 0.5165904194524437
14330.0 0.5166125243056509
14340.0 0.516634629158858
14350.0 0.5166788388652724
14360.0 0.5167009437184796
14370.0 0.5167230485716869
14380.0 0.5167009437184796
14390.0 0.516634629158858
14400.0 0.5165904194524437
14410.0 0.5166788388652724
14420.0 0.5167893631313084
14430.0 0.5168114679845157
14440.0 0.5167893631313084
14450.0 0.5167230485716869
14460.0 0.5166567340120652
14470.0 0.5166567340120652
14480.0 0.5167009437184796
14490.0 0.5167672582781013
14500.0 0.5168556776909301
14510.0 0.5169440971037589
14520.0 0.5169883068101734
14530.0 0.5169440971037589
14540.0 0.5168998873973445
14550.0 0.5169440971037589
14560.0 0.5170104116633806
14570.0 0.5170325165165878
14580.0 0.517054621369795
14590.0 0.5171430407826239
14600.0 0.5172535650486598
14610.0 0.5172535650486598
14620.0 0.5172535650486598
14630.0 0.5172977747550742
14640.0 0.5173419844614886
14650.0 0.5173198796082815
14660.0 0.5173198796082815
14670.0 0.5174082990211103
14680.0 0.5175409281403536
14690.0 0.5176514524063897
14700.0 0.5176735572595967
14710.0 0.5176293475531824
14720.0 0.5176072426999752
14730.0 0.5177177669660111
14740.0 0.5178725009384616
14750.0 0.5179388154980833
14760.0 0.5179830252044977
14770.0 0.5180272349109122
14780.0 0.518115654323741
14790.000000000002 0.5181819688833625
14800.0 0.5182703882961913
14810.000000000002 0.5183809125622274
14820.0 0.5184914368282635
14830.000000000002 0.5185356465346779
14840.0 0.5185577513878851
14850.000000000002 0.5186461708007138
14860.0 0.5187345902135427
14870.000000000002 0.5188009047731644
14880.0 0.5188230096263716
14890.000000000002 0.5188451144795788
14900.0 0.5189114290392004
14910.000000000002 0.5189998484520293
14920.0 0.5191103727180653
14930.000000000002 0.5191545824244796
14940.0 0.5192208969841013
14950.000000000002 0.5193535261033445
14960.0 0.5195082600757951
14970.000000000002 0.5195745746354166
14980.0 0.5195966794886239
14990.000000000002 0.5195966794886239
15000.0 0.5196187843418311
15009.999999999998 0.5197293086078671
15020.0 0.5198619377271103
15029.999999999998 0.5199945668463536
15040.0 0.5201050911123897
15049.999999999998 0.5201935105252184
15060.0 0.5203040347912545
15069.999999999998 0.5204145590572905
15080.0 0.5204587687637049
15089.999999999998 0.5204366639104978
15100.0 0.5204587687637049
15109.999999999998 0.5205913978829483
15120.0 0.5207682367086058
15129.999999999998 0.5209229706810563
15140.0 0.5210334949470924
15149.999999999998 0.5210555998002996
15160.0 0.5210334949470924
15169.999999999998 0.5210555998002996
15180.0 0.5210777046535068
15189.999999999998 0.5211440192131285
15200.0 0.52121033377275
15209.999999999998 0.5212987531855788
15220.0 0.5213650677452005
15230.0 0.5214313823048221
15240.0 0.521519801717651
15250.0 0.5216082211304798
15260.0 0.5217187453965157
15270.0 0.5218292696625518
15280.0 0.5219176890753806
15290.0 0.5219397939285879
15300.0 0.5219840036350023
15310.0 0.5221387376074527
15320.0 0.5222713667266959
15330.0 0.5222934715799032
15340.0 0.5222713667266959
15350.0 0.5222934715799032
15360.0 0.5223376812863176
15370.0 0.5223597861395248
15380.0 0.5224482055523537
15390.0 0.5225808346715969
15400.0 0.5227134637908402
15410.0 0.5227355686440474
15420.0 0.5226913589376329
15430.0 0.5226471492312185
15440.0 0.5226692540844258
15450.0 0.5228460929100833
15460.0 0.5230008268825339
15470.0 0.5230892462953627
15480.0 0.5231334560017771
15490.0 0.5231997705613987
15500.0 0.5232660851210204
15510.0 0.523221875414606
15520.0 0.5231997705613987
15530.0 0.5232660851210204
15540.0 0.5233545045338491
15550.0 0.5233987142402635
15560.0 0.5233987142402635
15570.0 0.5233323996806419
15580.0 0.5233323996806419
15590.0 0.523442923946678
15600.0 0.5235313433595068
15610.0 0.5235092385062996
15620.0 0.5234871336530924
15630.0 0.5236418676255429
15640.0 0.5238187064512005
15650.0 0.5238408113044077
15660.0 0.5237966015979933
15670.0 0.523774496744786
15680.0 0.5238629161576149
15690.0 0.5240176501300654
15700.0 0.5241060695428942
15710.0 0.5240176501300654
15720.0 0.5239292307172366
15730.0 0.5240397549832726
15740.0 0.5242165938089303
15750.0 0.5243271180749662
15760.0 0.5243271180749662
15770.0 0.5242608035153447
15780.0 0.5242165938089303
15790.0 0.5242608035153447
15800.0 0.5243050132217592
15810.0 0.5243050132217592
15820.0 0.5243492229281735
15830.0 0.5244597471942095
15840.0 0.5245260617538312
15850.0 0.5245260617538312
15860.0 0.5245260617538312
15870.0 0.5246365860198673
15880.0 0.5247913199923177
15890.0 0.5248797394051464
15900.0 0.5249018442583537
15910.0 0.5249018442583537
15920.0 0.5249681588179753
15930.0 0.5251228927904258
15940.0 0.525255521909669
15950.0 0.5252997316160835
15960.0 0.5252776267628763
15970.0 0.5252997316160835
15980.0 0.525366046175705
15990.0 0.5255428850013627
16000.0 0.5257197238270204
16010.0 0.5257860383866421
16020.0 0.5258081432398491
16030.0 0.5258744577994708
16040.000000000002 0.5259628772122996
16050.0 0.5260955063315429
16060.000000000002 0.5262281354507862
16070.0 0.5263828694232366
16080.000000000002 0.5265154985424798
16090.0 0.5265818131021015
16100.000000000002 0.5266702325149303
16110.0 0.526847071340588
16120.000000000002 0.5270018053130384
16130.0 0.5270460150194529
16140.000000000002 0.5270902247258673
16150.0 0.5272449586983178
16160.000000000002 0.5274660072303898
16170.0 0.5276870557624619
16180.000000000002 0.5278417897349124
16190.0 0.5279744188541556
16200.000000000002 0.5280628382669844
16210.0 0.5281733625330205
16220.000000000002 0.5283059916522637
16230.0 0.5284607256247141
16240.000000000002 0.5285712498907502
16250.0 0.528659669303579
16259.999999999998 0.5287480887164078
16270.0 0.5289691372484798
16279.999999999998 0.5291459760741376
16290.0 0.5292122906337592
16299.999999999998 0.5292565003401736
16310.0 0.5293891294594169
16319.999999999998 0.529610177991489
16330.0 0.5298091216703538
16339.999999999998 0.5299859604960115
16350.0 0.5300964847620475
16359.999999999998 0.5302291138812907
16370.0 0.5303838478537412
16379.999999999998 0.5305606866793988
16390.0 0.5307154206518493
16400.0 0.5308259449178854
16410.0 0.530892259477507
16420.0 0.5309806788903358
16430.0 0.5312017274224079
16440.0 0.5314006711012728
16450.0 0.5314890905141015
16460.0 0.5315111953673088
16470.0 0.5315775099269304
16480.0 0.5316659293397592
16490.0 0.5317322438993809
16500.0 0.5318648730186241
16510.0 0.5321301312571106
16520.0 0.5322848652295611
16530.0 0.5322185506699395
16540.0 0.5321522361103178
16550.0 0.5323290749359755
16560.0 0.5325722283212547
16570.0 0.532704857440498
16580.0 0.5327711720001197
16590.0 0.5328374865597413
16600.0 0.5329922205321918
16610.0 0.533235373917471
16620.0 0.5333680030367143
16630.0 0.5332795836238854
16640.0 0.5331911642110566
16650.0 0.5333237933302999
16660.0 0.5335890515687863
16670.0 0.5337437855412368
16680.0 0.5337879952476512
16690.0 0.5336995758348224
16700.0 0.5336774709816151
16710.0 0.533765890394444
16720.0 0.5338985195136872
16730.0 0.5338985195136872
16740.0 0.5339206243668945
16750.0 0.5340532534861376
16760.0 0.5342300923117953
16770.0 0.5343185117246241
16780.0 0.5343848262842458
16790.0 0.5345395602566962
16800.0 0.5347163990823539
16810.0 0.53482692334839
16820.0 0.5349153427612188
16830.0 0.5350037621740477
16840.0 0.5351142864400836
16850.0 0.535158496146498
16860.0 0.5352027058529124
16870.0 0.5352911252657414
16880.0 0.5354237543849846
16890.0 0.5355342786510205
16900.0 0.5356005932106422
16910.0 0.535689012623471
16920.0 0.5358216417427143
16930.0 0.5360426902747863
16940.0 0.5362195291004441
16950.0 0.5362416339536512
16960.0 0.5363079485132729
16970.0 0.5365953116049667
16980.0 0.5368384649902458
16990.0 0.5368163601370387
17000.0 0.5367942552838314
17010.0 0.5370374086691108
17020.0 0.537391086320426
17030.0 0.5376342397057053
17040.0 0.5377447639717414
17050.0 0.5377668688249485
17060.0 0.5378331833845702
17070.0 0.5380321270634351
17080.0 0.5382752804487143
17090.0 0.5384300144211648
17100.0 0.5385184338339937
17110.0 0.5386510629532368
17120.0 0.5388279017788946
17130.0 0.5390047406045523
17140.0 0.5391594745770026
17150.0 0.5392257891366243
17160.0 0.5393805231090748
17170.0 0.53973420076039
17180.0 0.5400878784117054
17190.0 0.5402205075309486
17200.0 0.540264717237363
17210.0 0.5404415560630207
17220.0 0.5406404997418857
17230.0 0.540795233714336
17240.0 0.5409499676867865
17250.0 0.5411931210720657
17260.0 0.5413920647509306
17270.0 0.5415025890169667
17280.0 0.5415910084297955
17290.0 0.5417236375490387
17300.0 0.5419225812279036
17310.0 0.5421436297599757
17320.0 0.5423425734388405
17330.0 0.5425415171177055
17340.0 0.5427183559433632
17350.0 0.542917299622228
17360.0 0.5430941384478857
17370.0 0.5432267675671288
17380.0 0.543248872420336
17390.0 0.543248872420336
17400.0 0.5433151869799577
17410.0 0.5435804452184442
17420.0 0.5438899131633451
17430.0 0.5440446471357955
17440.0 0.5441551714018316
17450.0 0.5443320102274892
17460.0 0.5444646393467325
17470.0 0.5445088490531469
17480.0 0.5445088490531469
17490.0 0.5445751636127686
17500.0 0.5446635830255974
17510.0 0.5447077927320118
17520.0 0.5448183169980478
17530.0 0.5450835752365343
17540.0 0.5453046237686063
17550.0 0.5453930431814352
17560.0 0.5453930431814352
17570.0 0.5454151480346424
17580.0 0.5454593577410568
17590.0 0.5455256723006785
17600.0 0.5456361965667145
17610.0 0.5457688256859577
17620.0 0.5458572450987865
17630.0 0.5458351402455794
17640.0 0.5458351402455794
17650.0 0.5459235596584082
17660.0 0.5460561887776515
17670.0 0.5461225033372731
17680.0 0.5461225033372731
17690.0 0.5460782936308587
17700.0 0.5460561887776515
17710.0 0.5460561887776515
17720.0 0.5460782936308587
17730.0 0.5461003984840659
17740.0 0.5461446081904803
17750.0 0.5462551324565164
17760.0 0.5463656567225523
17770.0 0.5464098664289668
17780.0 0.546431971282174
17790.0 0.5465424955482101
17800.0 0.5466309149610389
17810.0 0.5466530198142461
17820.0 0.5465646004014172
17830.0 0.546431971282174
17840.0 0.5462993421629307
17850.0 0.5462772373097234
17860.0 0.5462993421629307
17870.0 0.5463214470161379
17880.0 0.5463435518693451
17890.0 0.5462772373097234
17900.0 0.5460782936308587
17910.0 0.5456804062731289
17920.0 0.5451056800897416
17930.0 0.5443320102274892
17940.0 0.5433815015395793
17950.0 0.5422983637324261
17960.0 0.540795233714336
17970.0 0.5386731678064441
17980.0 0.5359542708619575
17990.0 0.532704857440498
18000.0 0.5287922984228223
18010.0 0.5240397549832726
18020.0 0.5182261785897769
18030.0 0.5111305207102633
18040.0 0.5027306764915245
18050.0 0.4930266459335602
18060.0 0.481930009623542
18070.0 0.4693523481486408
18080.0 0.45524945180244225
18090.0 0.439577110878532
18100.0 0.42231322052370285
18110.0 0.4035683050039907
18120.0 0.3834749934386389
18130.0 0.3623206489193412
18140.0 0.34019369085892626
18150.0 0.3172488532298447
18160.0 0.29379560397699733
18170.0 0.2700770964856635
18180.0 0.24638069384753686
18190.0 0.2229274445946895
18200.0 0.20009313123164396
18210.0 0.17820932655650837
18220.0 0.1574086596885259
18230.0 0.13784586460014714
18240.0 0.119631465557408
18250.0 0.10289809167955179
18260.0 0.08766784781978568
18270.0 0.07400704853773132
18280.0 0.0618493792737671
18290.0 0.0511727351746858
18300.0 0.04193290653407298
18310.0 0.034041473939099835
18320.0 0.027343703417315908
18330.0 0.021751175555892364
18340.0 0.017109156382378747
18350.0 0.013329226483946235
18360.0 0.010278756741351574
18370.0 0.007847222888558728
18380.0 0.00592410065953166
18390.0 0.004420970641441537
18400.0 0.0032715182746667374
18410.0 0.0023873241463784303
18420.0 0.0017241785501621995
18430.0 0.0012378717796036303
18440.0 0.0008841941282883074
18450.0 0.0006189358898018152
18460.0 0.000419992210936946
18470.0 0.0002873630916936999
18480.0 0.00019894367886486917
18490.0 0.0001326291192432461
18500.0 8.841941282883074e-05
18510.0 6.631455962162305e-05
18520.0 4.420970641441537e-05
18530.0 2.2104853207207685e-05
18540.0 2.2104853207207685e-05
18550.0 0.0
