mejiro/data/roman_filter_response/RomanSCA04-F146.ecsv
# %ECSV 1.0
# ---
# datatype:
# - {name: wavelength, unit: Angstrom, datatype: float64}
# - {name: response, datatype: float64}
# meta:
#   __serialized_columns__:
#     wavelength:
#       __class__: astropy.units.quantity.Quantity
#       unit: !astropy.units.Unit {unit: Angstrom}
#       value: !astropy.table.SerializedColumn {name: wavelength}
#   band_name: F146
#   group_name: RomanSCA04
# schema: astropy-2.0
wavelength response
9140.0 0.0
9150.0 2.2104853207207685e-05
9160.0 4.420970641441537e-05
9170.0 0.00022104853207207686
9180.0 0.000773669862252269
9190.0 0.0024094289995856377
9200.0 0.006741980228198344
9210.0 0.016556535052198555
9220.0 0.036053015580955736
9230.0 0.06985133613477629
9240.0 0.12091354704342605
9250.0 0.18822282505937346
9260.0 0.26561191613780755
9270.0 0.34326626545472816
9280.0 0.4112386890668918
9290.0 0.4631629892506226
9300.0 0.4978455039327315
9310.0 0.5181598640301553
9320.0 0.5286375644503718
9330.0 0.5334122127431287
9340.0 0.5354900689446062
9350.0 0.536528997045345
9360.0 0.5372363523479756
9370.0 0.5378110785313629
9380.0 0.5383636998615432
9390.0 0.538982635751345
9400.0 0.5395352570815252
9410.0 0.5399994589988765
9420.0 0.5404636609162279
9430.0 0.5410825968060298
9440.0 0.5416794278426244
9450.0 0.5420994200535613
9460.0 0.5425415171177055
9470.0 0.5431383481543001
9480.0 0.5437351791908946
9490.0 0.544199381108246
9500.0 0.5446635830255974
9510.0 0.545260414062192
9520.0 0.5458351402455794
9530.0 0.5462551324565164
9540.0 0.5465867052546245
9550.0 0.546962487759147
9560.0 0.5473603751168767
9570.0 0.5478024721810208
9580.0 0.5481782546855435
9590.0 0.5484877226304443
9600.0 0.5487529808689308
9610.0 0.5491066585202462
9620.0 0.5494382313183542
9630.0 0.5497255944100479
9640.0 0.5499687477953272
9650.0 0.5502119011806065
9660.0 0.5504329497126785
9670.0 0.5505434739787146
9680.0 0.5506982079511651
9690.0 0.5509855710428587
9700.0 0.5512950389877598
9710.0 0.5514276681070029
9720.0 0.5515381923730389
9730.0 0.5517592409051111
9740.0 0.5520023942903903
9750.0 0.5520908137032191
9760.0 0.5522013379692552
9770.0 0.5524444913545346
9780.0 0.5526434350333994
9790.0 0.5526655398866065
9800.0 0.5526655398866065
9810.0 0.5527981690058498
9820.0 0.5529529029783002
9830.0 0.5529529029783002
9840.0 0.5529529029783002
9850.0 0.5530634272443362
9860.0 0.5532181612167867
9870.0 0.5533728951892373
9880.0 0.5533728951892373
9890.0 0.553240266069994
9900.0 0.5531297418039579
9910.0 0.553240266069994
9920.0 0.5533950000424444
9930.0 0.5533950000424444
9940.0 0.5533286854828228
9950.0 0.55335079033603
9960.0 0.5533950000424444
9970.0 0.5533950000424444
9980.0 0.5534392097488587
9990.0 0.5535718388681021
10000.0 0.5537265728405525
10009.999999999998 0.5537928874001742
10020.0 0.5537928874001742
10029.999999999998 0.5537486776937598
10040.0 0.5537044679873453
10049.999999999998 0.5537044679873453
10060.0 0.5537486776937598
10069.999999999998 0.5538149922533813
10080.0 0.5538370971065886
10089.999999999998 0.5538149922533813
10100.0 0.5537928874001742
10109.999999999998 0.553881306813003
10120.0 0.553991831079039
10129.999999999998 0.5540581456386606
10140.0 0.5540360407854534
10149.999999999998 0.5539697262258318
10160.0 0.5539255165194173
10169.999999999998 0.5539697262258318
10180.0 0.5540802504918679
10189.999999999998 0.5541244601982823
10200.0 0.5541465650514894
10209.999999999998 0.5541465650514894
10220.0 0.5541686699046967
10230.0 0.5542128796111111
10240.0 0.5542349844643183
10250.0 0.5542349844643183
10260.0 0.5541907747579039
10270.0 0.5541465650514894
10280.0 0.5541465650514894
10290.0 0.5542349844643183
10300.0 0.55430129902394
10310.0 0.5542570893175255
10320.0 0.5541686699046967
10330.0 0.5541686699046967
10340.0 0.5542128796111111
10350.0 0.5542128796111111
10360.0 0.5542128796111111
10370.0 0.5541686699046967
10380.0 0.5541244601982823
10390.0 0.5540802504918679
10400.0 0.553991831079039
10410.0 0.5539034116662102
10420.0 0.553881306813003
10430.0 0.5539476213726245
10440.0 0.5539697262258318
10450.0 0.5537928874001742
10460.0 0.5535939437213092
10470.0 0.5535276291616877
10480.0 0.5535718388681021
10490.0 0.5536381534277237
10500.0 0.5536160485745165
10510.0 0.5534392097488587
10520.0 0.553240266069994
10530.0 0.5531960563635796
10540.0 0.5532181612167867
10550.0 0.5532181612167867
10560.0 0.5531960563635796
10570.0 0.5531076369507507
10580.0 0.5529529029783002
10590.0 0.5526876447398138
10600.0 0.5524444913545346
10610.0 0.5523781767949129
10620.0 0.5523560719417057
10630.0 0.552289757382084
10640.0 0.5521350234096335
10650.0 0.5519139748775614
10660.0 0.5516708214922822
10670.0 0.5515160875198318
10680.0 0.5514055632537957
10690.0 0.5512508292813452
10700.0 0.5510739904556876
10710.0 0.5509634661896516
10720.0 0.5508750467768228
10730.0 0.5507645225107867
10740.0 0.5506761030979579
10750.0 0.5506097885383362
10760.0 0.5505213691255074
10770.0 0.5503224254466424
10780.0 0.5500792720613633
10790.0 0.5498582235292911
10800.0 0.5497255944100479
10810.0 0.5497034895568408
10820.0 0.5496371749972191
10830.0 0.5493940216119397
10840.0 0.5491729730798677
10850.0 0.5491066585202462
10860.0 0.5490403439606245
10870.0 0.5488635051349668
10880.0 0.5486203517496876
10890.0 0.5484435129240299
10900.0 0.5483108838047867
10910.0 0.5481782546855435
10920.0 0.5480235207130929
10930.0 0.547824577034228
10940.0 0.5476477382085704
10950.0 0.5474930042361199
10960.0 0.5473382702636695
10970.0 0.5471393265848047
10980.0 0.5471614314380118
10990.0 0.5475372139425343
11000.0 0.5478908915938497
11010.0 0.5478466818874353
11020.0 0.5476256333553632
11030.0 0.5475151090893272
11040.000000000002 0.5474708993829128
11050.0 0.5474266896764983
11060.000000000002 0.5474045848232911
11070.0 0.5474045848232911
11080.000000000002 0.5473161654104622
11090.0 0.5471172217315974
11100.000000000002 0.5469403829059397
11110.0 0.546962487759147
11120.000000000002 0.5470066974655614
11130.0 0.5469403829059397
11140.000000000002 0.5468961731995253
11150.0 0.5469403829059397
11160.000000000002 0.5469403829059397
11170.0 0.5467414392270749
11180.000000000002 0.5465646004014172
11190.0 0.5465867052546245
11200.000000000002 0.5466530198142461
11210.0 0.5465646004014172
11220.000000000002 0.5464540761353812
11230.0 0.5464761809885884
11240.000000000002 0.5464540761353812
11250.0 0.546233027603309
11259.999999999998 0.5459898742180299
11270.0 0.5458793499519938
11279.999999999998 0.5458351402455794
11290.0 0.5458130353923721
11299.999999999998 0.5457909305391649
11310.0 0.5457909305391649
11319.999999999998 0.5457688256859577
11330.0 0.5457025111263362
11339.999999999998 0.5456140917135074
11350.0 0.5455477771538857
11359.999999999998 0.545481462594264
11370.0 0.545370938328228
11379.999999999998 0.5453046237686063
11390.0 0.5453046237686063
11399.999999999998 0.545370938328228
11410.0 0.5454151480346424
11419.999999999998 0.545370938328228
11430.0 0.545260414062192
11439.999999999998 0.545149889796156
11450.0 0.545149889796156
11459.999999999998 0.5451719946493632
11470.0 0.545149889796156
11480.0 0.5451056800897416
11490.0 0.5450172606769127
11500.0 0.5449730509704982
11510.0 0.5449288412640838
11520.0 0.5448846315576694
11530.0 0.5447962121448406
11540.0 0.5447298975852191
11550.0 0.5447962121448406
11560.0 0.544840421851255
11570.0 0.5447298975852191
11580.0 0.5445751636127686
11590.0 0.5445751636127686
11600.0 0.5446414781723902
11610.0 0.5446635830255974
11620.0 0.544619373319183
11630.0 0.5445088490531469
11640.0 0.5443983247871109
11650.0 0.5443762199339036
11660.0 0.5443762199339036
11670.0 0.5443541150806965
11680.0 0.5443541150806965
11690.0 0.5444646393467325
11700.0 0.5444867441999397
11710.0 0.5443541150806965
11720.0 0.5441772762550389
11730.0 0.54408885684221
11740.0 0.54408885684221
11750.0 0.5440667519890028
11760.0 0.5440446471357955
11770.0 0.5440225422825884
11780.0 0.5440446471357955
11790.0 0.5441772762550389
11800.0 0.5442656956678676
11810.0 0.5442435908146604
11820.0 0.5441772762550389
11830.0 0.544199381108246
11840.0 0.5442214859614533
11850.0 0.5441551714018316
11860.0 0.5440446471357955
11870.0 0.5439562277229667
11880.0 0.5439120180165523
11890.0 0.543978332576174
11900.0 0.5440225422825884
11910.0 0.5439120180165523
11920.0 0.5438014937505163
11930.0 0.5438235986037234
11940.0 0.5438678083101379
11950.0 0.543757284044102
11960.0 0.5436467597780659
11970.0 0.5436909694844803
11980.0 0.5437351791908946
11990.0 0.543668864631273
12000.0 0.5435804452184442
12010.0 0.5435804452184442
12020.0 0.5436025500716514
12030.0 0.5436025500716514
12040.0 0.5436025500716514
12050.0 0.543668864631273
12060.0 0.5436909694844803
12070.0 0.5436025500716514
12080.0 0.5434478160992009
12090.0 0.5433151869799577
12100.0 0.5432709772735432
12110.0 0.5433151869799577
12120.0 0.5433372918331649
12130.0 0.5432046627139216
12140.0 0.5430499287414713
12150.0 0.543027823888264
12160.0 0.5431162433010928
12170.0 0.5432046627139216
12180.0 0.5431825578607145
12190.0 0.5430499287414713
12200.0 0.5429394044754352
12210.0 0.5429836141818496
12220.0 0.5430499287414713
12230.0 0.5429836141818496
12240.0 0.542917299622228
12250.0 0.5429394044754352
12260.0 0.5429615093286424
12270.0 0.5428730899158136
12280.0 0.5427846705029846
12290.000000000002 0.5427846705029846
12300.0 0.5427625656497775
12310.000000000002 0.5426520413837415
12320.0 0.5425194122644982
12330.000000000002 0.5424088879984622
12340.0 0.5423425734388405
12350.000000000002 0.5422762588792189
12360.0 0.54218783946639
12370.000000000002 0.5420552103471469
12380.0 0.5419888957875253
12390.000000000002 0.5420331054939397
12400.0 0.5420331054939397
12410.000000000002 0.5418341618150748
12420.0 0.5416573229894172
12430.000000000002 0.5416794278426244
12440.0 0.5417236375490387
12450.000000000002 0.5415467987233811
12460.0 0.5413478550445162
12470.000000000002 0.5412815404848946
12480.0 0.5412815404848946
12490.000000000002 0.5412373307784802
12500.0 0.5411489113656514
12509.999999999998 0.5410383870996153
12520.0 0.5408836531271648
12529.999999999998 0.5407731288611288
12540.0 0.5406847094483
12549.999999999998 0.5406626045950927
12560.0 0.5406404997418857
12569.999999999998 0.5405299754758496
12580.0 0.5403531366501919
12589.999999999998 0.5400878784117054
12600.0 0.5398889347328405
12609.999999999998 0.5398668298796333
12620.0 0.5398889347328405
12629.999999999998 0.5398005153200117
12640.0 0.5396899910539756
12649.999999999998 0.5396015716411469
12660.0 0.539513152228318
12669.999999999998 0.5392921036962459
12680.0 0.5390710551641738
12689.999999999998 0.538982635751345
12700.0 0.5389163211917234
12709.999999999998 0.5388500066321017
12720.0 0.5387836920724801
12730.0 0.5387615872192729
12740.0 0.5386731678064441
12750.0 0.5384079095679576
12760.0 0.5381868610358855
12770.0 0.5381868610358855
12780.0 0.5382531755955071
12790.0 0.5382531755955071
12800.0 0.538120546476264
12810.0 0.5378994979441918
12820.0 0.5376784494121197
12830.0 0.5376121348524981
12840.0 0.5376121348524981
12850.0 0.5376563445589125
12860.0 0.5376121348524981
12870.0 0.5375016105864621
12880.0 0.5373689814672189
12890.0 0.5373247717608044
12900.0 0.5373026669075972
12910.0 0.53728056205439
12920.0 0.5372142474947683
12930.0 0.5371258280819395
12940.0 0.537059513522318
12950.0 0.5370816183755251
12960.0 0.537059513522318
12970.0 0.5369710941094891
12980.0 0.5369047795498675
12990.0 0.5369710941094891
13000.0 0.5370374086691108
13010.0 0.5370153038159035
13020.0 0.5369268844030747
13030.0 0.5368605698434531
13040.0 0.5368384649902458
13050.0 0.5368826746966602
13060.0 0.5369710941094891
13070.0 0.5370816183755251
13080.0 0.5371479329351468
13090.0 0.5371700377883539
13100.0 0.5372584572011828
13110.0 0.5375237154396694
13120.0 0.5377226591185341
13130.0 0.5376784494121197
13140.0 0.5375458202928765
13150.0 0.5375679251460838
13160.0 0.5376784494121197
13170.0 0.5378110785313629
13180.0 0.537921602797399
13190.0 0.5379437076506063
13200.0 0.5379658125038135
13210.0 0.5380542319166423
13220.0 0.5381868610358855
13230.0 0.5383194901551287
13240.0 0.5384079095679576
13250.0 0.5384963289807865
13260.0 0.5386068532468224
13270.0 0.5387173775128585
13280.0 0.5388057969256873
13290.0 0.5388279017788946
13300.0 0.5388942163385162
13310.0 0.5390489503109667
13320.0 0.5392699988430387
13330.0 0.5394247328154892
13340.0 0.5395352570815252
13350.0 0.5395573619347324
13360.0 0.5396236764943539
13370.0 0.5398226201732189
13380.0 0.5399773541456694
13390.0 0.539933144439255
13400.0 0.5398668298796333
13410.0 0.5399110395860477
13420.0 0.540043668705291
13430.0 0.5402205075309486
13440.0 0.5403531366501919
13450.0 0.5404857657694351
13460.0 0.540574185182264
13470.0 0.5407068143015071
13480.0 0.5408173385675432
13490.0 0.5408836531271648
13500.0 0.5409057579803721
13510.0 0.5409499676867865
13520.0 0.5409499676867865
13530.0 0.5409278628335792
13540.000000000002 0.5409278628335792
13550.0 0.5410162822464081
13560.000000000002 0.5410825968060298
13570.0 0.5409941773932009
13580.000000000002 0.5409499676867865
13590.0 0.5410604919528226
13600.000000000002 0.5411710162188585
13610.0 0.5411268065124442
13620.000000000002 0.5410162822464081
13630.0 0.5409278628335792
13640.000000000002 0.5408836531271648
13650.0 0.5408394434207504
13660.000000000002 0.5408615482739577
13670.0 0.5409720725399937
13680.000000000002 0.5410604919528226
13690.0 0.5410825968060298
13700.000000000002 0.5410383870996153
13710.0 0.5409720725399937
13720.000000000002 0.5409057579803721
13730.0 0.5408836531271648
13740.000000000002 0.5409057579803721
13750.0 0.5409278628335792
13759.999999999998 0.5409499676867865
13770.0 0.5409720725399937
13779.999999999998 0.5409278628335792
13790.0 0.5408173385675432
13799.999999999998 0.5407289191547144
13810.0 0.5406847094483
13819.999999999998 0.5406626045950927
13830.0 0.5405962900354712
13839.999999999998 0.5404636609162279
13850.0 0.540264717237363
13859.999999999998 0.5401099832649126
13870.0 0.5401099832649126
13879.999999999998 0.5401320881181197
13890.0 0.5400657735584982
13899.999999999998 0.5400657735584982
13910.0 0.5402426123841558
13919.999999999998 0.5404194512098135
13930.0 0.5403310317969846
13939.999999999998 0.540154192971327
13950.0 0.5400657735584982
13959.999999999998 0.5400657735584982
13970.0 0.5401762978245342
13980.0 0.5401984026777414
13990.0 0.5400657735584982
14000.0 0.5398447250264261
14010.0 0.53973420076039
14020.0 0.5397120959071829
14030.0 0.5397563056135973
14040.0 0.5397784104668044
14050.0 0.5397120959071829
14060.0 0.5395794667879396
14070.0 0.5394247328154892
14080.0 0.5392921036962459
14090.0 0.5391594745770026
14100.0 0.538982635751345
14110.0 0.5387173775128585
14120.0 0.5384963289807865
14130.0 0.5384742241275792
14140.0 0.5384963289807865
14150.0 0.5383636998615432
14160.0 0.5381647561826783
14170.0 0.5380100222102279
14180.0 0.5379658125038135
14190.0 0.5380100222102279
14200.0 0.5380542319166423
14210.0 0.5380542319166423
14220.0 0.5381647561826783
14230.0 0.5384742241275792
14240.0 0.538872111485309
14250.0 0.5391815794302098
14260.0 0.5393363134026603
14270.0 0.5393363134026603
14280.0 0.5393363134026603
14290.0 0.5394247328154892
14300.0 0.5395573619347324
14310.0 0.5396236764943539
14320.0 0.5396678862007684
14330.0 0.5397120959071829
14340.0 0.5398005153200117
14350.0 0.5398889347328405
14360.0 0.5399773541456694
14370.0 0.540043668705291
14380.0 0.5400657735584982
14390.0 0.540043668705291
14400.0 0.540043668705291
14410.0 0.5401762978245342
14420.0 0.5403531366501919
14430.0 0.5404415560630207
14440.0 0.5404636609162279
14450.0 0.5404415560630207
14460.0 0.5404194512098135
14470.0 0.5404415560630207
14480.0 0.5405299754758496
14490.0 0.5406626045950927
14500.0 0.5408173385675432
14510.0 0.5409499676867865
14520.0 0.5410383870996153
14530.0 0.5410383870996153
14540.0 0.5410162822464081
14550.0 0.5411268065124442
14560.0 0.5412373307784802
14570.0 0.5413036453381018
14580.0 0.5413699598977234
14590.0 0.5415246938701739
14600.0 0.5416573229894172
14610.0 0.5417236375490387
14620.0 0.5417678472554531
14630.0 0.5418562666682819
14640.0 0.5419446860811109
14650.0 0.541966790934318
14660.0 0.5420110006407325
14670.0 0.5421436297599757
14680.0 0.5423204685856333
14690.0 0.5424752025580838
14700.0 0.5425415171177055
14710.0 0.5425415171177055
14720.0 0.5425636219709126
14730.0 0.5427183559433632
14740.0 0.542917299622228
14750.0 0.543027823888264
14760.0 0.5430941384478857
14770.0 0.5432046627139216
14780.0 0.5433151869799577
14790.000000000002 0.5434478160992009
