mejiro/data/roman_filter_response/RomanSCA17-Prism.ecsv
# %ECSV 1.0
# ---
# datatype:
# - {name: wavelength, unit: Angstrom, datatype: float64}
# - {name: response, datatype: float64}
# meta:
#   __serialized_columns__:
#     wavelength:
#       __class__: astropy.units.quantity.Quantity
#       unit: !astropy.units.Unit {unit: Angstrom}
#       value: !astropy.table.SerializedColumn {name: wavelength}
#   band_name: Prism
#   group_name: RomanSCA17
# schema: astropy-2.0
wavelength response
[from data line 574]
13240.0 0.549416126465147
13250.0 0.549416126465147
13260.0 0.549416126465147
13270.0 0.5494603361715614
13280.0 0.5494603361715614
13290.0 0.5493940216119397
13300.0 0.5493719167587326
13310.0 0.5494382313183542
13320.0 0.5495708604375975
13330.0 0.5496592798504263
13340.0 0.5496592798504263
13350.0 0.5496150701440119
13360.0 0.5495929652908047
13370.0 0.5497034895568408
13380.0 0.5497476992632552
13390.0 0.5496371749972191
13400.0 0.5494824410247686
13410.0 0.5494382313183542
13420.0 0.5495045458779758
13430.0 0.5495929652908047
13440.0 0.5496592798504263
13450.0 0.5497034895568408
13460.0 0.5497255944100479
13470.0 0.5497919089696696
13480.0 0.549836118676084
13490.0 0.549836118676084
13500.0 0.5498140138228768
13510.0 0.5497698041164624
13520.0 0.5497255944100479
13530.0 0.5496592798504263
13540.000000000002 0.5496150701440119
13550.0 0.5496592798504263
13560.000000000002 0.5496592798504263
13570.0 0.5495487555843903
13580.000000000002 0.5494603361715614
13590.0 0.5495266507311831
13600.000000000002 0.5495929652908047
13610.0 0.5495266507311831
13620.000000000002 0.5493940216119397
13630.0 0.5492834973459038
13640.000000000002 0.549195077933075
13650.0 0.5491508682266606
13660.000000000002 0.5491508682266606
13670.0 0.5492392876394894
13680.000000000002 0.5493277070523183
13690.0 0.5493277070523183
13700.000000000002 0.5492613924926966
13710.0 0.549195077933075
13720.000000000002 0.5491287633734533
13730.0 0.5491066585202462
13740.000000000002 0.5491066585202462
13750.0 0.5491287633734533
13759.999999999998 0.5491508682266606
13770.0 0.5491729730798677
13779.999999999998 0.5491287633734533
13790.0 0.5490403439606245
13799.999999999998 0.5489298196945884
13810.0 0.5489077148413812
13819.999999999998 0.548885609988174
13830.0 0.5488192954285525
13839.999999999998 0.5486866663093092
13850.0 0.5485098274836515
13859.999999999998 0.5483771983644082
13870.0 0.5483771983644082
13879.999999999998 0.5483993032176155
13890.0 0.548355093511201
13899.999999999998 0.5483771983644082
13910.0 0.5485761420432731
13919.999999999998 0.5487529808689308
13930.0 0.5486866663093092
13939.999999999998 0.5485319323368587
13950.0 0.5484435129240299
13959.999999999998 0.548465617777237
13970.0 0.5485761420432731
13980.0 0.5486424566028948
13990.0 0.5485098274836515
14000.0 0.5483108838047867
14010.0 0.5482003595387506
14020.0 0.5482003595387506
14030.0 0.5482666740983723
14040.0 0.5483108838047867
14050.0 0.548244569245165
14060.0 0.548134044979129
14070.0 0.5480014158598857
14080.0 0.5478687867406424
14090.0 0.5477582624746065
14100.0 0.547603528502156
14110.0 0.5473382702636695
14120.0 0.5471172217315974
14130.0 0.5471172217315974
14140.0 0.5471393265848047
14150.0 0.5470288023187686
14160.0 0.5468298586399037
14170.0 0.5466972295206605
14180.0 0.5466530198142461
14190.0 0.5467193343738677
14200.0 0.5467856489334892
14210.0 0.5467856489334892
14220.0 0.5468961731995253
14230.0 0.5472498508508407
14240.0 0.5476477382085704
14250.0 0.5479572061534713
14260.0 0.548134044979129
14270.0 0.548134044979129
14280.0 0.548134044979129
14290.0 0.5482224643919579
14300.0 0.548355093511201
14310.0 0.5484435129240299
14320.0 0.5484877226304443
14330.0 0.5485540371900659
14340.0 0.5486203517496876
14350.0 0.5487087711625164
14360.0 0.5488192954285525
14370.0 0.548885609988174
14380.0 0.548885609988174
14390.0 0.5488635051349668
14400.0 0.5488635051349668
14410.0 0.5489961342542101
14420.0 0.5491508682266606
14430.0 0.5492392876394894
14440.0 0.5492613924926966
14450.0 0.5492171827862822
14460.0 0.549195077933075
14470.0 0.5492171827862822
14480.0 0.5492834973459038
14490.0 0.5493940216119397
14500.0 0.5495266507311831
14510.0 0.5496592798504263
14520.0 0.5497255944100479
14530.0 0.5497034895568408
14540.0 0.5496813847036335
14550.0 0.5497476992632552
14560.0 0.5498582235292911
14570.0 0.5499024332357055
14580.0 0.5499466429421199
14590.0 0.550057167208156
14600.0 0.5501897963273993
14610.0 0.5502119011806065
14620.0 0.5502340060338137
14630.0 0.5503003205934354
14640.0 0.550366635153057
14650.0 0.5503445302998498
14660.0 0.550366635153057
14670.0 0.5504550545658858
14680.0 0.5506097885383362
14690.0 0.5507424176575795
14700.0 0.5507866273639939
14710.0 0.5507424176575795
14720.0 0.5507203128043723
14730.0 0.5508529419236156
14740.0 0.5510297807492731
14750.0 0.5510960953088948
14760.0 0.5511403050153092
14770.0 0.5512287244281381
14780.0 0.5513171438409669
14790.000000000002 0.5513834584005886
14800.0 0.5514939826666245
14810.000000000002 0.5516266117858678
14820.0 0.5517371360519038
14830.000000000002 0.5517813457583183
14840.0 0.5518255554647327
14850.000000000002 0.5519139748775614
14860.0 0.5520244991435975
14870.000000000002 0.5521129185564264
14880.0 0.5521571282628408
14890.000000000002 0.552179233116048
14900.0 0.5522455476756696
14910.000000000002 0.5523781767949129
14920.0 0.5524887010609489
14930.000000000002 0.5525550156205705
14940.0 0.5526213301801921
14950.000000000002 0.5527760641526426
14960.0 0.5529529029783002
14970.000000000002 0.5530634272443362
14980.0 0.5530855320975435
14990.000000000002 0.5531076369507507
15000.0 0.5531518466571652
15009.999999999998 0.5532844757764084
15020.0 0.5534392097488587
15029.999999999998 0.5535939437213092
15040.0 0.5537265728405525
15049.999999999998 0.5538592019597958
15060.0 0.553991831079039
15069.999999999998 0.5541244601982823
15080.0 0.5542128796111111
15089.999999999998 0.5542128796111111
15100.0 0.5542570893175255
15109.999999999998 0.554411823289976
15120.0 0.554632871822048
15129.999999999998 0.5548318155009129
15140.0 0.5549644446201561
15149.999999999998 0.5550086543265706
15160.0 0.5550307591797777
15169.999999999998 0.5550749688861921
15180.0 0.5551412834458138
15189.999999999998 0.5552297028586427
15200.0 0.5553181222714715
15209.999999999998 0.5554507513907148
15220.0 0.5555612756567507
15230.0 0.5556717999227867
15240.0 0.5557823241888228
15250.0 0.5559149533080661
15260.0 0.5560696872805165
15270.0 0.556224421252967
15280.0 0.556334945519003
15290.0 0.5564012600786247
15300.0 0.5564896794914534
15310.0 0.5566886231703184
15320.0 0.5568654619959761
15330.0 0.5569096717023905
15340.0 0.5569096717023905
15350.0 0.5569759862620121
15360.0 0.5570644056748408
15370.0 0.5571307202344625
15380.0 0.5572412445004986
15390.0 0.5574401881793634
15400.0 0.5575949221518138
15410.0 0.5576391318582282
15420.0 0.5576391318582282
15430.0 0.5576170270050211
15440.0 0.5576833415646427
15450.0 0.5579043900967148
15460.0 0.5581033337755796
15470.0 0.5582138580416157
15480.0 0.5583022774544445
15490.0 0.5584128017204805
15500.0 0.5585012211333095
15510.0 0.5585012211333095
15520.0 0.5585012211333095
15530.0 0.5585896405461382
15540.0 0.5587222696653815
15550.0 0.5588106890782103
15560.0 0.5588106890782103
15570.0 0.558788584225003
15580.0 0.5588106890782103
15590.0 0.5589433181974536
15600.0 0.559098052169904
15610.0 0.5590759473166967
15620.0 0.559098052169904
15630.0 0.5592748909955616
15640.0 0.5594959395276337
15650.0 0.5595401492340482
15660.0 0.559518044380841
15670.0 0.5595401492340482
15680.0 0.5596506735000842
15690.0 0.5598496171789491
15700.0 0.5599601414449851
15710.0 0.5598717220321563
15720.0 0.5598054074725347
15730.0 0.5599601414449851
15740.0 0.5601811899770571
15750.0 0.5603138190963004
15760.0 0.5603138190963004
15770.0 0.5602917142430932
15780.0 0.560269609389886
15790.0 0.5603359239495076
15800.0 0.5604022385091293
15810.0 0.5604464482155437
15820.0 0.5604906579219581
15830.0 0.5606453918944085
15840.0 0.5607559161604445
15850.0 0.5607559161604445
15860.0 0.5607780210136518
15870.0 0.5609327549861022
15880.0 0.561131698664967
15890.0 0.5612422229310031
15900.0 0.5613085374906247
15910.0 0.561330642343832
15920.0 0.5614190617566608
15930.0 0.5615959005823185
15940.0 0.5617727394079761
15950.0 0.5618390539675978
15960.0 0.5618611588208049
15970.0 0.5618832636740122
15980.0 0.5620158927932554
15990.0 0.5622369413253274
16000.0 0.5624358850041924
16010.0 0.5625243044170212
16020.0 0.5625906189766429
16030.0 0.5626790383894716
16040.000000000002 0.5628116675087149
16050.0 0.5629664014811654
16060.000000000002 0.5631432403068231
16070.0 0.5633421839856879
16080.000000000002 0.5634969179581383
16090.0 0.5636074422241744
16100.000000000002 0.5637400713434176
16110.0 0.5639611198754897
16120.000000000002 0.5641600635543546
16130.0 0.5642263781139762
16140.000000000002 0.564314797526805
16150.0 0.5645137412056699
16160.000000000002 0.5647789994441564
16170.0 0.5650221528294356
16180.000000000002 0.5652432013615077
16190.0 0.5653979353339581
16200.000000000002 0.5655305644532014
16210.0 0.5656631935724447
16220.000000000002 0.5658400323981023
16230.0 0.56601687122376
16240.000000000002 0.5661937100494177
16250.0 0.5663042343154537
16259.999999999998 0.5664368634346969
16270.0 0.5666800168199763
16279.999999999998 0.5669231702052555
16290.0 0.5670115896180844
16299.999999999998 0.567077904177706
16310.0 0.5672547430033635
16319.999999999998 0.5675200012418501
16330.0 0.5677631546271293
16339.999999999998 0.5679620983059942
16350.0 0.5681168322784448
16359.999999999998 0.5682715662508953
16370.0 0.56847050992976
16379.999999999998 0.5686694536086249
16390.0 0.5688683972874898
16400.0 0.569001026406733
16410.0 0.5690894458195619
16420.0 0.5692220749388051
16430.0 0.5694652283240844
16440.0 0.5697083817093637
16450.0 0.5698189059753996
16460.0 0.5698410108286069
16470.0 0.5699515350946429
16480.0 0.570062059360679
16490.0 0.5701504787735078
16500.0 0.5703052127459584
16510.0 0.570592575837652
16520.0 0.5707915195165169
16530.0 0.5707252049568953
16540.0 0.5706588903972736
16550.0 0.5708578340761384
16560.0 0.5711451971678322
16570.0 0.5712999311402825
16580.0 0.5713662456999042
16590.0 0.571454665112733
16600.0 0.5716315039383907
16610.0 0.5718967621768772
16620.0 0.5720514961493277
16630.0 0.5719409718832917
16640.0 0.5718525524704628
16650.0 0.5720072864429132
16660.0 0.572294649534607
16670.0 0.5724714883602646
16680.0 0.572515698066679
16690.0 0.5724493835070574
16700.0 0.572405173800643
16710.0 0.572515698066679
16720.0 0.5726483271859223
16730.0 0.5726704320391295
16740.0 0.5726704320391295
16750.0 0.57282516601158
16760.0 0.5730241096904448
16770.0 0.5731125291032736
16780.0 0.5731788436628953
16790.0 0.573355682488553
16800.0 0.5735325213142105
16810.0 0.5736430455802466
16820.0 0.5737314649930755
16830.0 0.5738640941123186
16840.0 0.5739525135251475
16850.0 0.5739967232315619
16860.0 0.5740630377911836
16870.0 0.5741514572040124
16880.0 0.5742840863232557
16890.0 0.5743946105892918
16900.0 0.5744830300021205
16910.0 0.5745714494149493
16920.0 0.5747040785341926
16930.0 0.574947231919472
16940.0 0.5751461755983368
16950.0 0.575168280451544
16960.0 0.5752345950111656
16970.0 0.5755440629560665
16980.0 0.5757872163413458
16990.0 0.5757651114881386
17000.0 0.5757430066349314
17010.0 0.5760082648734178
17020.0 0.5763840473779404
17030.0 0.5766714104696341
17040.0 0.5767819347356702
17050.0 0.5768040395888774
17060.0 0.576870354148499
17070.0 0.577091402680571
17080.0 0.5773566609190575
17090.0 0.577511394891508
17100.0 0.5776440240107512
17110.0 0.5777766531299945
17120.0 0.5779534919556522
17130.0 0.5781745404877242
17140.0 0.5783292744601747
17150.0 0.5783955890197963
17160.0 0.5785724278454539
17170.0 0.5789703152031838
17180.0 0.5793460977077062
17190.0 0.5795008316801566
17200.0 0.579545041386571
17210.0 0.5797218802122287
17220.0 0.5799650335975081
17230.0 0.5801197675699585
17240.0 0.5802966063956162
17250.0 0.5805618646341026
17260.0 0.5807829131661748
17270.0 0.580915542285418
17280.0 0.5810039616982469
17290.0 0.5811586956706973
17300.0 0.5813797442027694
17310.0 0.5816228975880486
17320.0 0.5818439461201207
17330.0 0.5820649946521927
17340.0 0.5822639383310577
17350.0 0.5824849868631298
17360.0 0.5826839305419946
17370.0 0.5828165596612378
17380.0 0.5828607693676523
17390.0 0.5828607693676523
17400.0 0.5829491887804811
17410.0 0.5832365518721748
17420.0 0.583568124670283
17430.0 0.5837449634959405
17440.0 0.5838775926151838
17450.0 0.5840765362940487
17460.0 0.5842312702664991
17470.0 0.5842975848261207
17480.0 0.5842975848261207
17490.0 0.5843860042389496
17500.0 0.5844744236517784
17510.0 0.5845407382114001
17520.0 0.5846733673306432
17530.0 0.5849386255691298
17540.0 0.5852038838076163
17550.0 0.5853144080736523
17560.0 0.5853144080736523
17570.0 0.5853365129268595
17580.0 0.5854028274864811
17590.0 0.58549124689931
17600.0 0.5856238760185533
17610.0 0.5857786099910036
17620.0 0.5858891342570397
17630.0 0.5858670294038325
17640.0 0.5858670294038325
17650.0 0.5859775536698686
17660.0 0.5861322876423191
17670.0 0.5861986022019406
17680.0 0.5862207070551478
17690.0 0.5861986022019406
17700.0 0.5861764973487334
17710.0 0.5861764973487334
17720.0 0.5862207070551478
17730.0 0.586242811908355
17740.0 0.5863091264679766
17750.0 0.5864417555872199
17760.0 0.5865743847064632
17770.0 0.5866185944128776
17780.0 0.586662804119292
17790.0 0.586773328385328
17800.0 0.586883852651364
17810.0 0.5869059575045713
17820.0 0.5868396429449496
17830.0 0.5866849089724993
17840.0 0.5865301750000487
17850.0 0.5864417555872199
17860.0 0.5863975458808055
17870.0 0.5863312313211838
17880.0 0.5861764973487334
17890.0 0.585822819697418
17900.0 0.5852038838076163
17910.0 0.5842091654132919
17920.0 0.5827502451016162
17930.0 0.5807608083129675
17940.0 0.5781966453409314
17950.0 0.574947231919472
17960.0 0.5706588903972736
17970.0 0.5649337334166068
17980.0 0.5577496561242643
17990.0 0.5489961342542101
18000.0 0.5384742241275792
18010.0 0.5259407723590925
18020.0 0.5111305207102633
18030.0 0.49384452550222696
18040.0 0.474171206147812
18050.0 0.45224319176626204
18060.0 0.4281931114768201
18070.0 0.4022199089583511
18080.0 0.3745888424493415
18090.0 0.3456756944543138
18100.0 0.31590045718420506
18110.0 0.2857052277031593
18120.0 0.2556647321945641
18130.0 0.22630948713539228
18140.0 0.19803737988337367
18150.0 0.17122419294303073
18160.0 0.14624570881888604
18170.0 0.12332297604301166
18180.0 0.10265493829427248
18190.0 0.08430791013229012
18200.0 0.06832610126347895
18210.0 0.05466530198142461
18220.0 0.043126568607262196
18230.0 0.03355516716854126
18240.0 0.025752153986396954
18250.0 0.01947437567554997
18260.0 0.014522888557135448
18270.0 0.010654539245874105
18280.0 0.0077145937693154825
18290.0 0.005504108448594713
18300.0 0.0038683493112613454
18310.0 0.00267468723807213
18320.0 0.0018125979629910304
18330.0 0.0012157669263964225
18340.0 0.0008178795686666844
18350.0 0.0005305164769729844
18360.0 0.00033157279810811527
18370.0 0.00022104853207207686
18380.0 0.0001326291192432461
18390.0 8.841941282883074e-05
18400.0 4.420970641441537e-05
18410.0 2.2104853207207685e-05
18420.0 2.2104853207207685e-05
18430.0 0.0
