mejiro/data/roman_filter_response/RomanSCA16-Prism.ecsv
# %ECSV 1.0
# ---
# datatype:
# - {name: wavelength, unit: Angstrom, datatype: float64}
# - {name: response, datatype: float64}
# meta:
#   __serialized_columns__:
#     wavelength:
#       __class__: astropy.units.quantity.Quantity
#       unit: !astropy.units.Unit {unit: Angstrom}
#       value: !astropy.table.SerializedColumn {name: wavelength}
#   band_name: Prism
#   group_name: RomanSCA16
# schema: astropy-2.0
wavelength response
[from data line 575]
13250.0 0.529941750789597
13260.0 0.5300522750556331
13270.0 0.5302070090280836
13280.0 0.5302954284409124
13290.0 0.5303396381473268
13300.0 0.5304280575601557
13310.0 0.5306048963858132
13320.0 0.5308259449178854
13330.0 0.5310248885967502
13340.0 0.5311354128627863
13350.0 0.5311796225692007
13360.0 0.5312680419820295
13370.0 0.5314890905141015
13380.0 0.531643824486552
13390.0 0.531643824486552
13400.0 0.5315996147801376
13410.0 0.5316659293397592
13420.0 0.5318206633122097
13430.0 0.5320196069910745
13440.0 0.5321964458167322
13450.0 0.5323290749359755
13460.0 0.5324617040552186
13470.0 0.5326164380276692
13480.0 0.5327490671469124
13490.0 0.5328595914129485
13500.0 0.5329259059725701
13510.0 0.5329922205321918
13520.0 0.533014325385399
13530.0 0.5330364302386061
13540.000000000002 0.5330806399450205
13550.0 0.5332132690642638
13560.000000000002 0.5333016884770926
13570.0 0.5332795836238854
13580.000000000002 0.5332574787706782
13590.0 0.5334122127431287
13600.000000000002 0.5335669467155791
13610.0 0.5335669467155791
13620.000000000002 0.5335006321559574
13630.0 0.5334785273027504
13640.000000000002 0.533456422449543
13650.0 0.5334785273027504
13660.000000000002 0.5335448418623719
13670.0 0.5336995758348224
13680.000000000002 0.5338322049540656
13690.0 0.5338985195136872
13700.000000000002 0.5339206243668945
13710.0 0.5338985195136872
13720.000000000002 0.5338985195136872
13730.0 0.5339206243668945
13740.000000000002 0.5339648340733089
13750.0 0.5340532534861376
13759.999999999998 0.5341416728989665
13770.0 0.5341858826053809
13779.999999999998 0.5342079874585881
13790.0 0.5341637777521737
13799.999999999998 0.5341195680457593
13810.0 0.5341195680457593
13819.999999999998 0.5341416728989665
13830.0 0.5341195680457593
13839.999999999998 0.5340532534861376
13850.0 0.5338985195136872
13859.999999999998 0.5338101001008584
13870.0 0.5338543098072728
13879.999999999998 0.5339206243668945
13890.0 0.5338985195136872
13899.999999999998 0.5339427292201017
13910.0 0.5341637777521737
13919.999999999998 0.5343627214310387
13930.0 0.5343406165778314
13939.999999999998 0.5342079874585881
13950.0 0.5341416728989665
13959.999999999998 0.5342079874585881
13970.0 0.5343406165778314
13980.0 0.5344290359906602
13990.0 0.5343185117246241
14000.0 0.5341416728989665
14010.0 0.5340532534861376
14020.0 0.5340753583393449
14030.0 0.5341416728989665
14040.0 0.5342079874585881
14050.0 0.5341858826053809
14060.0 0.5340753583393449
14070.0 0.5339648340733089
14080.0 0.5338543098072728
14090.0 0.533765890394444
14100.0 0.5336111564219935
14110.0 0.5333680030367143
14120.0 0.5331690593578493
14130.0 0.5331690593578493
14140.0 0.5332132690642638
14150.0 0.5331027447982278
14160.0 0.5329480108257773
14170.0 0.5328153817065341
14180.0 0.5327711720001197
14190.0 0.5328374865597413
14200.0 0.5329038011193629
14210.0 0.5329259059725701
14220.0 0.5330585350918133
14230.0 0.5333901078899214
14240.0 0.5337879952476512
14250.0 0.534097463192552
14260.0 0.5342743020182097
14270.0 0.5342743020182097
14280.0 0.534296406871417
14290.0 0.5343848262842458
14300.0 0.534517455403489
14310.0 0.5346058748163178
14320.0 0.5346721893759395
14330.0 0.5347163990823539
14340.0 0.5348048184951827
14350.0 0.5349153427612188
14360.0 0.5350037621740477
14370.0 0.5350700767336692
14380.0 0.5350921815868764
14390.0 0.5350700767336692
14400.0 0.5350921815868764
14410.0 0.5352248107061197
14420.0 0.5354016495317774
14430.0 0.5354900689446062
14440.0 0.5355121737978135
14450.0 0.5354900689446062
14460.0 0.535467964091399
14470.0 0.5355121737978135
14480.0 0.5356005932106422
14490.0 0.5357332223298854
14500.0 0.5358658514491287
14510.0 0.5360205854215792
14520.0 0.5360868999812007
14530.0 0.5360868999812007
14540.0 0.5360868999812007
14550.0 0.5361753193940296
14560.0 0.5362858436600656
14570.0 0.5363521582196873
14580.0 0.5364184727793089
14590.0 0.5365732067517593
14600.0 0.5367058358710026
14610.0 0.536750045577417
14620.0 0.5367942552838314
14630.0 0.5368826746966602
14640.0 0.5369710941094891
14650.0 0.5369931989626963
14660.0 0.5370153038159035
14670.0 0.5371479329351468
14680.0 0.5373247717608044
14690.0 0.5374574008800477
14700.0 0.5375458202928765
14710.0 0.5375237154396694
14720.0 0.5375458202928765
14730.0 0.5377005542653269
14740.0 0.5378994979441918
14750.0 0.5379879173570207
14760.0 0.5380763367698496
14770.0 0.5381647561826783
14780.0 0.5382752804487143
14790.000000000002 0.5384079095679576
14800.0 0.5385184338339937
14810.000000000002 0.5386952726596512
14820.0 0.5388279017788946
14830.000000000002 0.5389163211917234
14840.0 0.538982635751345
14850.000000000002 0.5390931600173811
14860.0 0.5392257891366243
14870.000000000002 0.5393363134026603
14880.0 0.5394026279622819
14890.000000000002 0.5394689425219036
14900.0 0.5395573619347324
14910.000000000002 0.5397120959071829
14920.0 0.5398668298796333
14930.000000000002 0.539933144439255
14940.0 0.540043668705291
14950.000000000002 0.5402205075309486
14960.0 0.5404194512098135
14970.000000000002 0.5405520803290567
14980.0 0.5406183948886784
14990.000000000002 0.5406626045950927
15000.0 0.5407289191547144
15009.999999999998 0.5408836531271648
15020.0 0.5410604919528226
15029.999999999998 0.5412373307784802
15040.0 0.5413920647509306
15049.999999999998 0.5415467987233811
15060.0 0.5417015326958315
15069.999999999998 0.5418562666682819
15080.0 0.541966790934318
15089.999999999998 0.5419888957875253
15100.0 0.5420552103471469
15109.999999999998 0.5422320491728045
15120.0 0.5424752025580838
15129.999999999998 0.5426741462369487
15140.0 0.5428288802093992
15149.999999999998 0.5428951947690207
15160.0 0.5429394044754352
15169.999999999998 0.5430057190350568
15180.0 0.5430941384478857
15189.999999999998 0.5431825578607145
15200.0 0.5433151869799577
15209.999999999998 0.5434478160992009
15220.0 0.5435804452184442
15230.0 0.5437130743376875
15240.0 0.5438457034569307
15250.0 0.5440004374293811
15260.0 0.5441772762550389
15270.0 0.5443320102274892
15280.0 0.5444646393467325
15290.0 0.5445309539063541
15300.0 0.5446414781723902
15310.0 0.5448625267044622
15320.0 0.5450393655301199
15330.0 0.5451277849429488
15340.0 0.545149889796156
15350.0 0.5452162043557776
15360.0 0.5453046237686063
15370.0 0.5454151480346424
15380.0 0.5455256723006785
15390.0 0.5457467208327506
15400.0 0.5459235596584082
15410.0 0.5459898742180299
15420.0 0.5459898742180299
15430.0 0.5459898742180299
15440.0 0.5460782936308587
15450.0 0.5462993421629307
15460.0 0.5465424955482101
15470.0 0.5466530198142461
15480.0 0.5467635440802822
15490.0 0.5468961731995253
15500.0 0.5469845926123542
15510.0 0.5470066974655614
15520.0 0.5470288023187686
15530.0 0.5471393265848047
15540.0 0.5472940605572552
15550.0 0.5473824799700839
15560.0 0.5474266896764983
15570.0 0.5474045848232911
15580.0 0.5474487945297055
15590.0 0.5476256333553632
15600.0 0.5477582624746065
15610.0 0.5477803673278137
15620.0 0.5478024721810208
15630.0 0.5480235207130929
15640.0 0.548244569245165
15650.0 0.5483108838047867
15660.0 0.5483108838047867
15670.0 0.5483329886579938
15680.0 0.548465617777237
15690.0 0.5486866663093092
15700.0 0.5488192954285525
15710.0 0.5487529808689308
15720.0 0.5487087711625164
15730.0 0.5488635051349668
15740.0 0.5491066585202462
15750.0 0.5492392876394894
15760.0 0.5492834973459038
15770.0 0.5492613924926966
15780.0 0.5492613924926966
15790.0 0.5493277070523183
15800.0 0.549416126465147
15810.0 0.5494824410247686
15820.0 0.5495487555843903
15830.0 0.5497034895568408
15840.0 0.549836118676084
15850.0 0.5498582235292911
15860.0 0.5498803283824983
15870.0 0.550057167208156
15880.0 0.550256110887021
15890.0 0.5503887400062641
15900.0 0.5504550545658858
15910.0 0.550477159419093
15920.0 0.550587683685129
15930.0 0.5507645225107867
15940.0 0.5509413613364443
15950.0 0.5510297807492731
15960.0 0.5510518856024804
15970.0 0.5510960953088948
15980.0 0.5512066195749308
15990.0 0.5514276681070029
16000.0 0.551648716639075
16010.0 0.5517371360519038
16020.0 0.5518034506115255
16030.0 0.5518918700243544
16040.000000000002 0.5520244991435975
16050.0 0.552179233116048
16060.000000000002 0.5523560719417057
16070.0 0.5525550156205705
16080.000000000002 0.552709749593021
16090.0 0.5528202738590571
16100.000000000002 0.5529529029783002
16110.0 0.5531518466571652
16120.000000000002 0.55335079033603
16130.0 0.5534392097488587
16140.000000000002 0.5535055243084804
16150.0 0.5537044679873453
16160.000000000002 0.5539476213726245
16170.0 0.5542128796111111
16180.000000000002 0.554411823289976
16190.0 0.5545665572624264
16200.000000000002 0.5546991863816696
16210.0 0.5548318155009129
16220.000000000002 0.5549865494733633
16230.0 0.5551854931522282
16240.000000000002 0.5553402271246787
16250.0 0.5554507513907148
16259.999999999998 0.5555833805099579
16270.0 0.5558486387484445
16279.999999999998 0.5560696872805165
16290.0 0.5561581066933454
16299.999999999998 0.556224421252967
16310.0 0.5564233649318319
16319.999999999998 0.5566665183171111
16330.0 0.5569096717023905
16339.999999999998 0.5571307202344625
16350.0 0.557285454206913
16359.999999999998 0.5574401881793634
16370.0 0.5576391318582282
16379.999999999998 0.5578601803903003
16390.0 0.5580591240691652
16400.0 0.5582138580416157
16410.0 0.5583243823076517
16420.0 0.558457011426895
16430.0 0.5587222696653815
16440.0 0.5589654230506608
16450.0 0.559098052169904
16460.0 0.5591422618763184
16470.0 0.5592527861423544
16480.0 0.5594075201148049
16490.0 0.559518044380841
16500.0 0.5596948832064986
16510.0 0.5600043511513995
16520.0 0.5602253996834716
16530.0 0.5602032948302643
16540.0 0.5601590851238499
16550.0 0.5604022385091293
16560.0 0.5607117064540301
16570.0 0.5608885452796878
16580.0 0.5610211743989311
16590.0 0.561131698664967
16600.0 0.561330642343832
16610.0 0.5616401102887328
16620.0 0.5618390539675978
16630.0 0.5617727394079761
16640.0 0.5617285297015617
16650.0 0.5619274733804266
16660.0 0.5622590461785347
16670.0 0.5624800947106068
16680.0 0.5625685141234356
16690.0 0.5625464092702285
16700.0 0.5625464092702285
16710.0 0.5627011432426788
16720.0 0.5628779820683365
16730.0 0.5629442966279581
16740.0 0.5630106111875798
16750.0 0.5632095548664445
16760.0 0.5634306033985167
16770.0 0.5635853373709672
16780.0 0.5636958616370032
16790.0 0.5639169101690753
16800.0 0.5641379587011472
16810.0 0.564314797526805
16820.0 0.5644474266460483
16830.0 0.5646021606184987
16840.0 0.5647568945909491
16850.0 0.564845314003778
16860.0 0.5649337334166068
16870.0 0.5650884673890573
16880.0 0.5652653062147149
16890.0 0.5654200401871654
16900.0 0.5655526693064087
16910.0 0.5656631935724447
16920.0 0.5658400323981023
16930.0 0.5661273954897961
16940.0 0.5663484440218681
16950.0 0.5664147585814897
16960.0 0.5665252828475258
16970.0 0.5668568556456339
16980.0 0.5671442187373276
16990.0 0.5671442187373276
17000.0 0.5671663235905348
17010.0 0.5674536866822285
17020.0 0.5678515740399582
17030.0 0.5681389371316519
17040.0 0.5682936711041023
17050.0 0.5683378808105168
17060.0 0.5684263002233456
17070.0 0.5686694536086249
17080.0 0.5689347118471114
17090.0 0.5691336555259763
17100.0 0.5692662846452196
17110.0 0.56942101861767
17120.0 0.5696199622965349
17130.0 0.5698410108286069
17140.0 0.5699957448010573
17150.0 0.5700841642138863
17160.0 0.570283107892751
17170.0 0.5706809952504809
17180.0 0.5710788826082105
17190.0 0.5712115117274538
17200.0 0.5712778262870755
17210.0 0.5714767699659403
17220.0 0.5716978184980124
17230.0 0.57187465732367
17240.0 0.5720514961493277
17250.0 0.5723167543878143
17260.0 0.5725599077730934
17270.0 0.5726704320391295
17280.0 0.5727809563051656
17290.0 0.5729356902776159
17300.0 0.5731346339564809
17310.0 0.5733777873417601
17320.0 0.5736209407270395
17330.0 0.5738198844059043
17340.0 0.5740409329379764
17350.0 0.5742619814700485
17360.0 0.5744609251489133
17370.0 0.5745935542681566
17380.0 0.574637763974571
17390.0 0.574637763974571
17400.0 0.5747261833873999
17410.0 0.5750135464790935
17420.0 0.5753451192772016
17430.0 0.5755219581028593
17440.0 0.5756545872221026
17450.0 0.5758535309009675
17460.0 0.5760082648734178
17470.0 0.5760745794330395
17480.0 0.5760966842862467
17490.0 0.5761629988458683
17500.0 0.5762735231119044
17510.0 0.576339837671526
17520.0 0.5764724667907692
17530.0 0.5767377250292558
17540.0 0.5770029832677422
17550.0 0.577091402680571
17560.0 0.5771135075337782
17570.0 0.5771135075337782
17580.0 0.5771798220933999
17590.0 0.5772461366530215
17600.0 0.5773345560658504
17610.0 0.5774450803318864
17620.0 0.5774892900383007
17630.0 0.577400870625472
17640.0 0.577290346359436
17650.0 0.5772682415062287
17660.0 0.5772240317998143
17670.0 0.5770471929741566
17680.0 0.5767377250292558
17690.0 0.5763177328183188
17700.0 0.5757872163413458
17710.0 0.575168280451544
17720.0 0.5744167154424988
17730.0 0.573466206754589
17740.0 0.5723609640942287
17750.0 0.5710346729017961
17760.0 0.56942101861767
17770.0 0.5673873721226069
17780.0 0.5649337334166068
17790.0 0.5621264170592914
17800.0 0.558788584225003
17810.0 0.5548097106477057
17820.0 0.5501234817677777
17830.0 0.5447077927320118
17840.0 0.5385626435404081
17850.0 0.5317322438993809
17860.0 0.5241281743961015
17870.0 0.5156620156177409
17880.0 0.5062674530046776
17890.0 0.4959002768504972
17900.0 0.4844941725955781
17910.0 0.4720491402399201
17920.0 0.45860938948993785
17930.0 0.4441749203456312
17940.0 0.4289225716326579
17950.0 0.4129186579106396
17960.0 0.3961410743263689
17970.0 0.37850140146701716
17980.0 0.36026489757107083
17990.0 0.3416305063173948
18000.0 0.322708751972025
18010.0 0.3035880539477903
18020.0 0.28431262195110524
18030.0 0.26501508510121297
18040.0 0.2458501773705639
18050.0 0.22701684243802292
18060.0 0.20864770942283334
18070.0 0.19083119773782395
18080.0 0.17365572679582356
18090.0 0.15723182086286827
18100.0 0.1415815847921652
18110.0 0.1268155428497505
18120.0 0.11295579988883128
18130.0 0.1000907753222364
18140.0 0.08822046914996587
18150.0 0.07730067166560528
18160.0 0.06735348772236183
18170.0 0.05833470761382109
18180.0 0.050222226486775864
18190.0 0.04297183463481174
18200.0 0.03656142720472151
18210.0 0.03092468963688355
18220.0 0.026017412224883445
18230.0 0.021751175555892364
18240.0 0.018081769923495885
18250.0 0.01492077591486519
18260.0 0.012268193530000266
18270.0 0.009991393649657874
18280.0 0.008112481127045221
18290.0 0.006520931696126267
18300.0 0.005216745356901014
18310.0 0.004155712402955045
18320.0 0.0032715182746667374
18330.0 0.002586267825243299
18340.0 0.0020115416418558995
18350.0 0.001547339724504538
18360.0 0.0011936620731892152
18370.0 0.0009284038347027227
18380.0 0.0007073553026306459
18390.0 0.0005305164769729844
18400.0 0.00039788735772973834
18410.0 0.0002873630916936999
18420.0 0.00022104853207207686
18430.0 0.0001547339724504538
18440.0 0.00011052426603603843
18450.0 8.841941282883074e-05
18460.0 6.631455962162305e-05
18470.0 4.420970641441537e-05
18480.0 2.2104853207207685e-05
18490.0 2.2104853207207685e-05
18500.0 2.2104853207207685e-05
18510.0 0.0
