mejiro/data/roman_filter_response/RomanSCA14-F062.ecsv
# %ECSV 1.0
# ---
# datatype:
# - {name: wavelength, unit: Angstrom, datatype: float64}
# - {name: response, datatype: float64}
# meta:
#   __serialized_columns__:
#     wavelength:
#       __class__: astropy.units.quantity.Quantity
#       unit: !astropy.units.Unit {unit: Angstrom}
#       value: !astropy.table.SerializedColumn {name: wavelength}
#   band_name: F062
#   group_name: RomanSCA14
# schema: astropy-2.0
wavelength response
4720.0 0.0
4730.0 2.2104853207207685e-05
4740.0 0.0001326291192432461
4750.0 0.0005968310365946076
4760.0 0.002321009586756807
4770.0 0.00744933553082899
4780.0 0.019739633914036464
4790.0 0.043546560818199145
4800.0 0.08085955303196572
4810.0 0.12778815639086763
4820.0 0.17564516358447227
4830.0 0.21503601199971636
4840.0 0.24111973878422144
4850.0 0.25504579630476226
4860.0 0.26101410667070835
4870.0 0.26309196287218584
4880.0 0.2636666890555733
4890.0 0.26384352788123094
4900.0 0.26395405214726697
4910.0 0.2640424715600958
4920.0 0.26406457641330305
4930.0 0.26408668126651025
4940.0 0.26421931038575347
4950.0 0.26441825406461833
4960.0 0.26474982686272647
4970.0 0.2651698190736634
4980.0 0.26563402099101474
4990.0 0.2660761180551589
5000.0 0.26642979570647424
5010.0 0.26680557821099676
5020.0 0.26731398983476257
5030.0 0.26793292572456434
5040.0 0.268640281027195
5050.0 0.2694139508894473
5060.0 0.27023183045811394
5070.0 0.271093919733195
5080.0 0.27200021871469054
5090.0 0.2729728322558077
5100.0 0.2740780749161681
5110.0 0.2751833175765285
5120.0 0.27624435053047447
5130.0 0.2773495931908348
5140.0 0.27858746497043846
5150.0 0.2799137561628709
5160.0 0.2812621522085106
5170.0 0.2826105482541503
5180.0 0.28400315400620435
5190.0 0.2854399694646728
5200.0 0.28687678492314134
5210.0 0.28835781008802425
5220.0 0.28988304495932155
5230.0 0.29149669924344773
5240.0 0.2931545632339883
5250.0 0.29483453207773613
5260.0 0.29649239606827665
5270.0 0.29810605035240284
5280.0 0.2997639143429434
5290.0 0.3015101977463129
5300.0 0.3034112151221327
5310.0 0.305356442204367
5320.0 0.3072132498737724
5330.0 0.3090700575431779
5340.0 0.3109710749189977
5350.0 0.312916302001232
5360.0 0.3149278436430879
5370.0 0.316961490138151
5380.0 0.3189951366332141
5390.0 0.3210287831282772
5400.0 0.3229961150637187
5410.0 0.3249855518523674
5420.0 0.3269970934942233
5430.0 0.3291191594021152
5440.0 0.33137385442925044
5450.0 0.33367275916280004
5460.0 0.3359495590431424
5470.0 0.33811583465744877
5480.0 0.34021579571213345
5490.0 0.3423157567668182
5500.0 0.3444599275279174
5510.0 0.34664830799543095
5520.000000000001 0.3488366884629445
5530.000000000001 0.3510471737836653
5540.000000000001 0.35332397366400764
5550.000000000001 0.35560077354435005
5560.000000000001 0.3577891540118636
5570.000000000001 0.3599775344793772
5580.000000000001 0.36218801980009796
5590.000000000001 0.36437640026761153
5600.000000000001 0.3665426758819178
5610.000000000001 0.368686846643017
5620.000000000001 0.37087522711053056
5629.999999999999 0.3731078172844585
5639.999999999999 0.3753625123115937
5649.999999999999 0.37768352189835047
5659.999999999999 0.3799824266319001
5669.999999999999 0.3820602828333776
5679.999999999999 0.38378446138353983
5689.999999999999 0.38550863993370205
5699.999999999999 0.3876528106948012
5709.999999999999 0.3899075057219364
5719.999999999999 0.39191904736379224
5729.999999999999 0.39375375017999054
5740.0 0.39561055784939597
5750.0 0.397533680078423
5760.0 0.3995231168670717
5770.0 0.4014020293896844
5780.0 0.4031262079398466
5790.0 0.40485038649000876
5800.0 0.40670719415941425
5810.0 0.4085861066820269
5820.0 0.41026607552577465
5830.0 0.4118355201034864
5840.0 0.41338285982799094
5850.0 0.4148196752864594
5860.0 0.41599123250644143
5870.0 0.41714068487321626
5880.0 0.4184227663592343
5890.0 0.41977116240487394
5900.0 0.4210090341844776
5910.0 0.4221363816980452
5920.0 0.4231974146519912
5930.0 0.42408160878027945
5940.0 0.42474475437649567
5950.0 0.42536369026629745
5960.0 0.42607104556892816
5970.0 0.4268668202843876
5980.0 0.42759628044022546
5990.0 0.4282594260364417
6000.0 0.42883415221982907
6010.0 0.4293204589903877
6020.0 0.4296962414949102
6030.0 0.43016044341226156
6040.0 0.4308014841552706
6050.0 0.43153094431110844
6060.0 0.43219408990732466
6070.0 0.4326803966778832
6080.0 0.4329456549163697
6090.0 0.4331445985952346
6100.0 0.4334319616869283
6110.0 0.4337414296318292
6120.0 0.4340287927235229
6130.0 0.43424984125559496
6140.0 0.4344266800812527
6150.0 0.4345593092004959
6160.0 0.4347140431729463
6170.0 0.4348687771453968
6180.0 0.4349793014114328
6190.0 0.43502351111784726
6200.0 0.4349571965582256
6210.0 0.4348466722921896
6220.0 0.43475825287936076
6230.0 0.4347140431729463
6240.0 0.4346919383197391
6250.0 0.4345814140537031
6260.0 0.43436036552163104
6270.0 0.43422773640238777
6280.0 0.43438247037483824
6290.0 0.4345814140537031
6300.0 0.4346477286133247
6310.0 0.43466983346653193
6320.0 0.4347140431729463
6330.0 0.43475825287936076
6340.0 0.4347361480261535
6350.0 0.4347361480261535
6360.0 0.43489088199860404
6370.0 0.43506772082426165
6380.0 0.43511193053067604
6390.0 0.43508982567746884
6400.0 0.43508982567746884
6410.0 0.4352003499435049
6420.0 0.4354877130351986
6430.0 0.4357529712736851
6440.0 0.43581928583330676
6450.0 0.4357529712736851
6460.0 0.4356866567140635
6470.0 0.4357308664204779
6480.0 0.43595191495255
6490.0 0.4362834877506581
6500.0 0.4366150605487662
6510.0 0.4369024236404599
6520.0 0.43705715761291036
6530.0 0.4371013673193248
6540.0 0.4371455770257392
6550.0 0.4371897867321536
6560.0 0.43723399643856803
6570.0 0.43736662555781125
6580.0 0.43760977894309055
6590.0 0.4378529323283698
6600.0 0.4379413517411987
6610.0 0.4379634565944059
6620.0 0.4379413517411987
6630.0 0.4379413517411987
6640.0 0.4379855614476131
6650.0 0.4380739808604419
6660.0 0.43820660997968514
6670.0 0.4383392390989284
6680.0 0.43838344880534286
6690.0 0.4383613439521356
6700.0 0.4382729245393068
6710.0 0.43822871483289233
6720.0 0.4383171342457212
6730.0 0.43842765851175725
6740.0 0.4385160779245861
6750.0 0.4385381827777933
6760.0 0.43847186821817163
6770.000000000001 0.43838344880534286
6780.000000000001 0.4382729245393068
6790.000000000001 0.43816240027327075
6800.000000000001 0.4380297711540275
6810.000000000001 0.4379634565944059
6820.000000000001 0.4380076663008203
6830.000000000001 0.4380076663008203
6840.000000000001 0.4378529323283698
6850.000000000001 0.43765398864950494
6860.000000000001 0.4374992546770545
6870.000000000001 0.43747714982384733
6879.999999999999 0.4375213595302617
6889.999999999999 0.4375213595302617
6899.999999999999 0.43734452070460406
6909.999999999999 0.4371455770257392
6919.999999999999 0.43703505275970317
6929.999999999999 0.43696873820008153
6939.999999999999 0.4368582139340455
6949.999999999999 0.43679189937442386
6959.999999999999 0.4368803187872527
6969.999999999999 0.437012947906496
6979.999999999999 0.437123472172532
6990.0 0.4373003109981896
7000.0 0.43758767408988336
7010.0 0.4378087226219554
7020.0 0.4378529323283698
7030.0 0.4378087226219554
7040.0 0.4378529323283698
7050.0 0.4379634565944059
7060.0 0.4380518760072347
7070.0 0.43818450512647794
7080.0 0.43844976336496444
7090.0 0.43880344101627977
7100.0 0.43920132837400955
7110.0 0.43953290117211763
7120.0 0.4397318448509825
7130.0 0.43990868367664016
7140.0 0.44017394191512665
7150.0 0.440638143832478
7160.0 0.4413454991351086
7170.0 0.4420307495845321
7180.0 0.4424949515018834
7190.0 0.4428486291531988
7200.0 0.4432907262173429
7210.0 0.4437328232814871
7220.0 0.44410860578600964
7230.0 0.4444622834373249
7240.0 0.44483806594184744
7250.0 0.44521384844637
7260.0 0.44552331639127085
7270.0 0.44587699404258624
7280.0 0.44638540566635204
7290.0 0.4469601318497394
7300.0 0.4475127531799196
7310.0 0.44791064053764934
7320.0 0.4481758987761358
7330.0 0.44846326186782953
7340.0 0.4489053589319737
7350.0 0.44956850452818986
7360.0 0.45040848895006375
7370.0 0.4511821588123161
7380.0 0.45175688499570343
7390.0 0.4521768772066404
7400.0 0.4525747645643702
7410.0 0.4530168616285143
7420.0 0.45359158781190173
7430.0 0.4540999994356675
7440.0 0.45440946738056837
7450.0 0.45469683047226206
7460.0 0.45520524209602786
7470.0 0.4556694440133792
7480.0 0.4559568071050729
7490.0 0.4564210090224243
7500.0 0.45737151771033424
7510.0 0.45836623610465854
7520.0 0.45880833316880276
7530.0 0.4583441312514514
7540.0 0.4561115410775234
7550.0 0.4498558676198836
7560.0 0.43584139068651395
7570.0 0.4092713571314503
7580.0 0.36629952249663855
7590.0 0.3066827333967994
7600.0 0.23596930798694202
7610.0 0.16434958359558915
7620.0 0.102389680055786
7630.0 0.05647789994441564
7640.0 0.027343703417315908
7650.0 0.011582943080576828
7660.0 0.0042662366689910835
7670.0 0.0013483960456396689
7680.0 0.00037578250452253065
7690.0 8.841941282883074e-05
7700.0 2.2104853207207685e-05
7710.0 0.0
