mejiro/data/roman_filter_response/RomanSCA07-Prism.ecsv
# %ECSV 1.0
# ---
# datatype:
# - {name: wavelength, unit: Angstrom, datatype: float64}
# - {name: response, datatype: float64}
# meta:
#   __serialized_columns__:
#     wavelength:
#       __class__: astropy.units.quantity.Quantity
#       unit: !astropy.units.Unit {unit: Angstrom}
#       value: !astropy.table.SerializedColumn {name: wavelength}
#   band_name: Prism
#   group_name: RomanSCA07
# schema: astropy-2.0
wavelength response
7490.0 0.0
7500.0 2.2104853207207685e-05
7510.0 0.00011052426603603843
7520.0 0.0005747261833873998
7530.0 0.0024978484124144685
7540.0 0.008665102457225413
7550.0 0.024845855004901437
7560.0 0.0589757483568301
7570.0 0.11693467346612867
7580.0 0.19635741103962587
7590.0 0.28404736371261874
7600.0 0.36196697126802585
7610.0 0.4178038304694324
7620.0 0.450209545271199
7630.0 0.46541768427775787
7640.0 0.4710544218455957
7650.0 0.47255755186368587
7660.0 0.4727122858361364
7670.0 0.47280070524896517
7680.0 0.4733975362855598
7690.0 0.474060681881776
7700.0 0.47430383526705533
7710.0 0.4743259401202625
7720.0 0.4744143595330913
7730.0 0.4746133032119562
7740.0 0.47494487601006435
7750.0 0.47538697307420846
7760.0 0.47593959440438866
7770.0 0.47640379632174
7780.0 0.4766248448538121
7790.0 0.4769122079455059
7800.0 0.47750903898210045
7810.0 0.4781500797251095
7820.0 0.47848165252321756
7830.0 0.47861428164246084
7840.0 0.47879112046811845
7850.0 0.4789679592937761
7860.0 0.479166902972641
7870.0 0.4794542660643347
7880.0 0.4799184679816861
7890.0 0.48051529901828066
7900.0 0.4812226543209113
7910.0 0.48186369506392035
7920.0 0.4823721066876861
7930.0 0.48303525228390237
7940.0 0.4840741803846411
7950.0 0.4849362696597222
7960.0 0.4852457376046231
7970.0 0.4861078268797042
7980.0 0.48831831220042493
7990.0 0.4898214422185151
8000.0 0.48876040926456915
8010.0 0.48692570644837085
8020.000000000001 0.4864172948246051
8030.000000000001 0.48712465012723577
8040.000000000001 0.4883404170536322
8050.000000000001 0.4895782888332358
8060.000000000001 0.49041827325510967
8070.000000000001 0.4911035237045331
8080.000000000001 0.49187719356678544
8090.000000000001 0.49247402460338
8100.000000000001 0.4926508634290377
8110.000000000001 0.49273928284186647
8120.000000000001 0.49309296049318185
8129.999999999999 0.49344663814449713
8139.999999999999 0.49353505755732596
8149.999999999999 0.4936676866765692
8159.999999999999 0.494176098300335
8169.999999999999 0.4948392438965512
8179.999999999999 0.4953918652267314
8189.999999999999 0.4958339622908756
8200.0 0.4962760593550197
8210.0 0.4969171000980288
8220.0 0.4978676087859387
8230.0 0.49892864173988466
8240.0 0.49970231160213696
8250.0 0.49996756984062346
8260.0 0.4996802067489297
8270.0 0.49972441645534416
8280.0 0.5008738688221189
8290.0 0.5019791114824793
8300.0 0.5019570066292721
8310.0 0.5014706998587136
8320.0 0.5013822804458847
8330.0 0.5015370144183352
8340.0 0.5016475386843713
8350.0 0.5018464823632361
8360.0 0.5023106842805874
8370.0 0.5028633056107676
8380.0 0.5032390881152902
8390.0 0.5033275075281191
8400.0 0.5031506687024613
8410.0 0.5031727735556686
8420.0 0.5037032900326416
8430.0 0.5041674919499929
8440.0 0.5040790725371641
8450.0 0.5042780162160289
8460.0 0.5054937831424253
8470.0 0.506842179188065
8480.0 0.5073948005182451
8490.0 0.5075495344906956
8500.0 0.5079695267016326
8510.0 0.5085884625914344
8520.0 0.5092295033344435
8530.0 0.5098926489306598
8540.0 0.5106000042332903
8550.0 0.5111526255634705
8560.0 0.5114178838019571
8570.0 0.5117494566000652
8580.0 0.5125452313155247
8590.0 0.5136725788290921
8600.0 0.5148662409022814
8610.0 0.5157283301773625
8620.0 0.5160156932690562
8630.0 0.5164356854799932
8640.0 0.5176072426999752
8650.0 0.5191987921308941
8660.0 0.5206577124425699
8670.0 0.5218955842221735
8680.0 0.522912407469705
8690.0 0.5236639724787501
8700.0 0.5241944889557231
8710.0 0.524835529698732
8720.0 0.5258523529462635
8730.0 0.5270902247258673
8740.0 0.5282175722394349
8750.0 0.5290796615145159
8760.0 0.5295659682850745
8770.0 0.5301185896152547
8780.0 0.5310912031563718
8790.0 0.5321743409635251
8800.0 0.5330585350918133
8810.0 0.5338543098072728
8820.0 0.5347827136419755
8830.0 0.535467964091399
8840.0 0.5356448029170566
8850.0 0.5357111174766783
8860.0 0.5361532145408224
8870.0 0.5368384649902458
8880.0 0.5375016105864621
8890.0 0.538120546476264
8900.0 0.5386731678064441
8910.0 0.5391152648705883
8920.0 0.5394247328154892
8930.0 0.5398226201732189
8940.0 0.5404636609162279
8950.0 0.5409720725399937
8960.0 0.5410825968060298
8970.0 0.5410162822464081
8980.0 0.541104701659237
8990.0 0.5413478550445162
9000.0 0.5416794278426244
9010.0 0.541966790934318
9020.0 0.542165734613183
9030.0 0.5422320491728045
9040.0 0.5422541540260117
9050.0 0.5423204685856333
9060.0 0.5424752025580838
9070.0 0.5426741462369487
9080.0 0.5428509850626063
9090.0 0.5429836141818496
9100.0 0.5430499287414713
9110.0 0.5431162433010928
9120.0 0.5432267675671288
9130.0 0.5434036063927865
9140.0 0.5435804452184442
9150.0 0.5436909694844803
9160.0 0.5437351791908946
9170.0 0.5436909694844803
9180.0 0.5437351791908946
9190.0 0.5439341228697595
9200.0 0.5441330665486244
9210.0 0.5442214859614533
9220.0 0.5442656956678676
9230.0 0.5443983247871109
9240.0 0.5445972684659757
9250.0 0.5447741072916334
9260.0 0.5449730509704982
9270.0 0.5451940995025704
9280.0 0.5454372528878496
9290.0 0.5456583014199218
9300.0 0.5459235596584082
9310.0 0.5462551324565164
9320.0 0.5466088101078316
9330.0 0.5468740683463181
9340.0 0.5471614314380118
9350.0 0.5475372139425343
9360.0 0.5479793110066785
9370.0 0.5483993032176155
9380.0 0.5488192954285525
9390.0 0.5492834973459038
9400.0 0.5496813847036335
9410.0 0.5499908526485344
9420.0 0.5503003205934354
9430.0 0.5507424176575795
9440.0 0.5511624098685164
9450.0 0.5514055632537957
9460.0 0.5516708214922822
9470.0 0.5521129185564264
9480.0 0.5525550156205705
9490.0 0.5528865884186785
9500.0 0.5532181612167867
9510.0 0.5536823631341381
9520.0 0.5541686699046967
9530.0 0.5545002427028048
9540.0 0.554743396088084
9550.0 0.5550307591797777
9560.0 0.5553844368310932
9570.0 0.5557823241888228
9580.0 0.5561360018401381
9590.0 0.5564012600786247
9600.0 0.5566665183171111
9610.0 0.5570201959684264
9620.0 0.5573738736197418
9630.0 0.5576833415646427
9640.0 0.5579485998031292
9650.0 0.5582359628948229
9660.0 0.5585012211333095
9670.0 0.5586559551057598
9680.0 0.558877003637832
9690.0 0.5592527861423544
9700.0 0.5596285686468769
9710.0 0.5598496171789491
9720.0 0.5600706657110212
9730.0 0.560380133655922
9740.0 0.5607117064540301
9750.0 0.5609327549861022
9760.0 0.5611538035181743
9770.0 0.5615074811694897
9780.0 0.5618390539675978
9790.0 0.5619937879400483
9800.0 0.5621264170592914
9810.0 0.5623916752977779
9820.0 0.5626790383894716
9830.0 0.5628116675087149
9840.0 0.5629442966279581
9850.0 0.5632095548664445
9860.0 0.5635190228113456
9870.0 0.5638063859030392
9880.0 0.5639611198754897
9890.0 0.5639611198754897
9900.0 0.5640274344351113
9910.0 0.5642705878203906
9920.0 0.5645800557652915
9930.0 0.5647126848845347
9940.0 0.5648011042973635
9950.0 0.564955838269814
9960.0 0.565154781948679
9970.0 0.5652874110679221
9980.0 0.5654421450403726
9990.0 0.5657295081320662
10000.0 0.56601687122376
10009.999999999998 0.5661937100494177
10020.0 0.5663042343154537
10029.999999999998 0.5663926537282825
10040.0 0.5664589682879042
10049.999999999998 0.5665694925539402
10060.0 0.5667242265263907
10069.999999999998 0.566878960498841
10080.0 0.5670115896180844
10089.999999999998 0.567077904177706
10100.0 0.5671442187373276
10109.999999999998 0.5673210575629852
10120.0 0.5675200012418501
10129.999999999998 0.5676747352143006
10140.0 0.567718944920715
10149.999999999998 0.567718944920715
10160.0 0.5677631546271293
10169.999999999998 0.5678736788931654
10180.0 0.5680284128656159
10189.999999999998 0.5681610419848592
10200.0 0.5682273565444809
10209.999999999998 0.5682936711041023
10220.0 0.568359985663724
10230.0 0.5684484050765528
10240.0 0.5685368244893817
10250.0 0.5685589293425889
10260.0 0.5685589293425889
10270.0 0.5685368244893817
10280.0 0.5685810341957961
10290.0 0.5687136633150394
10300.0 0.5688020827278681
10310.0 0.568779977874661
10320.0 0.5687357681682466
10330.0 0.5687578730214538
10340.0 0.5688020827278681
10350.0 0.5688241875810754
10360.0 0.5688241875810754
10370.0 0.5688241875810754
10380.0 0.568779977874661
10390.0 0.5687357681682466
10400.0 0.5686473487554177
10410.0 0.5685589293425889
10420.0 0.5685368244893817
10430.0 0.5686031390490033
10440.0 0.5686252439022105
10450.0 0.5684484050765528
10460.0 0.5682273565444809
10470.0 0.5681610419848592
10480.0 0.5682052516912736
10490.0 0.568249461397688
10500.0 0.5682273565444809
10510.0 0.5680284128656159
10520.0 0.567829469186751
10530.0 0.5677410497739221
10540.0 0.5677631546271293
10550.0 0.5677410497739221
10560.0 0.5676968400675078
10570.0 0.5675863158014717
10580.0 0.5674094769758141
10590.0 0.5671221138841204
10600.0 0.5668568556456339
10610.0 0.5667463313795978
10620.0 0.5667021216731835
10630.0 0.5666137022603546
10640.0 0.5664368634346969
10650.0 0.5661716051962105
10660.0 0.5659063469577239
10670.0 0.5657295081320662
10680.0 0.5655968790128231
10690.0 0.5653979353339581
10700.0 0.5651989916550934
10710.0 0.56506636253585
10720.0 0.564955838269814
10730.0 0.5648232091505708
10740.0 0.5647126848845347
10750.0 0.564624265471706
10760.0 0.5645137412056699
10770.0 0.5642926926735978
10780.0 0.5640274344351113
10790.0 0.563784281049832
10800.0 0.5636295470773816
10810.0 0.5636074422241744
10820.0 0.5635190228113456
10830.0 0.5632758694260662
10840.0 0.5630548208939942
10850.0 0.5629664014811654
10860.0 0.562922191774751
10870.0 0.562723248095886
10880.0 0.5624800947106068
10890.0 0.5623032558849491
10900.0 0.562192731618913
10910.0 0.5620601024996698
10920.0 0.5619053685272193
10930.0 0.5617285297015617
10940.0 0.5615516908759041
10950.0 0.561441166609868
10960.0 0.5613085374906247
10970.0 0.561131698664967
10980.0 0.5611759083713815
10990.0 0.5615959005823185
11000.0 0.5620158927932554
11010.0 0.5620158927932554
11020.0 0.5618390539675978
11030.0 0.5617727394079761
11040.000000000002 0.5617948442611833
11050.0 0.5617948442611833
11060.000000000002 0.5618390539675978
11070.0 0.5618832636740122
11080.000000000002 0.5618832636740122
11090.0 0.5617285297015617
11100.000000000002 0.5616401102887328
11110.0 0.5617064248483545
11120.000000000002 0.5618390539675978
11130.0 0.5618611588208049
11140.000000000002 0.5618832636740122
11150.0 0.5620158927932554
11160.000000000002 0.5621043122060843
11170.0 0.561971683086841
11180.000000000002 0.5618611588208049
11190.0 0.561971683086841
11200.000000000002 0.5621264170592914
11210.0 0.5621264170592914
11220.000000000002 0.5621043122060843
11230.0 0.5622148364721203
11240.000000000002 0.5622590461785347
11250.0 0.5621264170592914
11259.999999999998 0.561971683086841
11270.0 0.5619274733804266
11279.999999999998 0.561971683086841
11290.0 0.5620379976464627
11299.999999999998 0.5620822073528771
11310.0 0.5621706267657058
11319.999999999998 0.5622369413253274
11330.0 0.5622369413253274
11339.999999999998 0.5622148364721203
11350.0 0.5622148364721203
11359.999999999998 0.5622148364721203
11370.0 0.5621706267657058
11379.999999999998 0.5621706267657058
11390.0 0.5622369413253274
11399.999999999998 0.5623474655913635
11410.0 0.5624579898573996
11419.999999999998 0.5624800947106068
11430.0 0.5624137801509851
11439.999999999998 0.5623474655913635
11450.0 0.5623695704445707
11459.999999999998 0.5624579898573996
11470.0 0.5624579898573996
11480.0 0.5624358850041924
11490.0 0.5623695704445707
11500.0 0.5623253607381563
11510.0 0.5623253607381563
11520.0 0.5622811510317418
11530.0 0.562192731618913
11540.0 0.5621485219124986
11550.0 0.562192731618913
11560.0 0.5622369413253274
11570.0 0.5621043122060843
11580.0 0.5619495782336338
11590.0 0.5619274733804266
11600.0 0.561971683086841
11610.0 0.5619495782336338
11620.0 0.5618832636740122
11630.0 0.5617285297015617
11640.0 0.5615959005823185
11650.0 0.5615295860226968
11660.0 0.5615074811694897
11670.0 0.5614190617566608
11680.0 0.5613969569034536
11690.0 0.561441166609868
11700.0 0.5614190617566608
11710.0 0.5612422229310031
11720.0 0.5609990695457239
11730.0 0.5608664404264806
11740.0 0.560800125866859
11750.0 0.5607338113072374
11760.0 0.5606453918944085
11770.0 0.5605569724815797
11780.0 0.5605348676283725
11790.0 0.560601182187994
11800.0 0.5606232870412013
11810.0 0.5605569724815797
11820.0 0.5604243433623364
11830.0 0.560380133655922
11840.0 0.5603359239495076
11850.0 0.5602253996834716
11860.0 0.5600485608578138
11870.0 0.5598938268853635
11880.0 0.5597833026193274
11890.0 0.5598054074725347
11900.0 0.5597611977661203
11910.0 0.5596064637936697
11920.0 0.5594296249680122
11930.0 0.5594075201148049
11940.0 0.5593854152615977
11950.0 0.5592306812891472
11960.0 0.5590759473166967
11970.0 0.5590759473166967
11980.0 0.5590759473166967
11990.0 0.5589654230506608
12000.0 0.5588327939314175
12010.0 0.558788584225003
12020.0 0.558788584225003
12030.0 0.5587443745185886
12040.0 0.5587222696653815
12050.0 0.5587664793717959
12060.0 0.5587664793717959
12070.0 0.5586559551057598
12080.0 0.5584791162801022
12090.0 0.5583243823076517
12100.0 0.5582580677480301
12110.0 0.5582801726012373
12120.0 0.5583022774544445
12130.0 0.558147543481994
12140.0 0.5579928095095437
12150.0 0.5579707046563364
12160.0 0.558037019215958
12170.0 0.5581033337755796
12180.0 0.5581033337755796
12190.0 0.5579485998031292
12200.0 0.5578380755370932
12210.0 0.5578822852435076
12220.0 0.557926494949922
12230.0 0.5578822852435076
12240.0 0.5578159706838859
12250.0 0.5578380755370932
12260.0 0.5578601803903003
12270.0 0.5577717609774715
12280.0 0.5576833415646427
12290.000000000002 0.5576833415646427
12300.0 0.5576612367114355
12310.000000000002 0.5575507124453994
12320.0 0.5574180833261562
12330.000000000002 0.5573075590601202
12340.0 0.5572412445004986
12350.000000000002 0.5571749299408769
12360.0 0.5570644056748408
12370.000000000002 0.5569538814088049
12380.0 0.5568875668491832
12390.000000000002 0.5569096717023905
12400.0 0.5569096717023905
12410.000000000002 0.5567107280235255
12420.0 0.5565117843446606
12430.000000000002 0.556533889197868
12440.0 0.5565780989042823
12450.000000000002 0.5563791552254175
12460.0 0.5561581066933454
12470.000000000002 0.5560917921337237
12480.0 0.5560696872805165
12490.000000000002 0.5560254775741021
12500.0 0.5559149533080661
12509.999999999998 0.5557602193356157
12520.0 0.5556054853631652
12529.999999999998 0.5554507513907148
12540.0 0.5553623319778859
12549.999999999998 0.5552960174182643
12560.0 0.5552297028586427
12569.999999999998 0.5551191785926066
12580.0 0.5548981300605346
12589.999999999998 0.5545886621156336
12600.0 0.5543676135835615
12609.999999999998 0.55430129902394
12620.0 0.55430129902394
12629.999999999998 0.5541686699046967
12640.0 0.5540139359322462
12649.999999999998 0.5539034116662102
12660.0 0.5537486776937598
12669.999999999998 0.5535055243084804
12680.0 0.553240266069994
12689.999999999998 0.5531076369507507
12700.0 0.5530192175379218
12709.999999999998 0.5529086932718859
12720.0 0.5527981690058498
12730.0 0.5527318544462282
12740.0 0.5525992253269849
12750.0 0.5523118622352913
12760.0 0.5520466039968047
12770.0 0.5520023942903903
12780.0 0.5520466039968047
12790.0 0.5520023942903903
12800.0 0.5518255554647327
12810.0 0.5515602972262462
12820.0 0.5512950389877598
12830.0 0.5512066195749308
12840.0 0.5511845147217237
12850.0 0.5511845147217237
12860.0 0.551118200162102
12870.0 0.5509634661896516
12880.0 0.5508087322172011
12890.0 0.5507424176575795
12900.0 0.5506982079511651
12910.0 0.5506539982447506
12920.0 0.5505655788319218
12930.0 0.5504550545658858
12940.0 0.5503887400062641
12950.0 0.550366635153057
12960.0 0.550366635153057
12970.0 0.550256110887021
12980.0 0.5501676914741921
12990.0 0.5502340060338137
13000.0 0.5503003205934354
13010.0 0.5502782157402281
13020.0 0.5501897963273993
13030.0 0.5501455866209849
13040.0 0.5501234817677777
13050.0 0.5501676914741921
13060.0 0.5502782157402281
13070.0 0.5503887400062641
13080.0 0.550477159419093
13090.0 0.5505213691255074
13100.0 0.5506318933915435
13110.0 0.5509192564832371
13120.0 0.5511624098685164
13130.0 0.551118200162102
13140.0 0.551007675896066
13150.0 0.5510518856024804
13160.0 0.5512066195749308
13170.0 0.5513834584005886
13180.0 0.5514939826666245
13190.0 0.5515602972262462
13200.0 0.5516045069326606
13210.0 0.5517371360519038
