mejiro/data/roman_filter_response/RomanSCA14-F184.ecsv
# %ECSV 1.0
# ---
# datatype:
# - {name: wavelength, unit: Angstrom, datatype: float64}
# - {name: response, datatype: float64}
# meta:
#   __serialized_columns__:
#     wavelength:
#       __class__: astropy.units.quantity.Quantity
#       unit: !astropy.units.Unit {unit: Angstrom}
#       value: !astropy.table.SerializedColumn {name: wavelength}
#   band_name: F184
#   group_name: RomanSCA14
# schema: astropy-2.0
wavelength response
16650.0 0.0
16660.0 2.2104853207207685e-05
16670.0 8.841941282883074e-05
16680.0 0.00019894367886486917
16690.0 0.0005084116237657767
16700.0 0.0011715572199820074
16710.0 0.002586267825243299
16720.0 0.005305164769729844
16730.0 0.010256651888144366
16740.0 0.018678600960090497
16750.0 0.03211835171007277
16760.0 0.05214534871580293
16770.0 0.08006377831650624
16780.0 0.1164483666955701
16790.0 0.16085701678885034
16800.0 0.21152134033977033
16810.0 0.26558981128460035
16820.0 0.3195477579633943
16830.0 0.36996892812903504
16840.0 0.4140017957177927
16850.0 0.44996639188591964
16860.0 0.47746482927568606
16870.0 0.4971823583365153
16880.0 0.5104231654076327
16890.0 0.5187345902135427
16900.0 0.5236197627723356
16910.0 0.5263386597168221
16920.0 0.527819684881705
16930.0 0.5286817741567863
16940.0 0.5291459760741376
16950.0 0.529300710046588
16960.0 0.529411234312624
16970.0 0.5296985974043178
16980.0 0.529941750789597
16990.0 0.5299196459363898
17000.0 0.5298975410831827
17010.0 0.5301406944684619
17020.0 0.5304943721197772
17030.0 0.5307154206518493
17040.0 0.5308259449178854
17050.0 0.5308480497710926
17060.0 0.530892259477507
17070.0 0.5310912031563718
17080.0 0.5313343565416512
17090.0 0.5314669856608945
17100.0 0.5315554050737232
17110.0 0.5316880341929665
17120.0 0.531842768165417
17130.0 0.5320196069910745
17140.0 0.5321522361103178
17150.0 0.5321964458167322
17160.0 0.5323511797891827
17170.0 0.532704857440498
17180.0 0.5330364302386061
17190.0 0.5331469545046422
17200.0 0.5331911642110566
17210.0 0.533345898183507
17220.0 0.5335227370091647
17230.0 0.5336774709816151
17240.0 0.5338101001008584
17250.0 0.5340311486329306
17260.0 0.5342300923117953
17270.0 0.5343406165778314
17280.0 0.5344069311374531
17290.0 0.534517455403489
17300.0 0.5346942942291467
17310.0 0.5349153427612188
17320.0 0.5351142864400836
17330.0 0.5352690204125341
17340.0 0.5354458592381918
17350.0 0.5356448029170566
17360.0 0.5357995368895071
17370.0 0.5359100611555431
17380.0 0.5359321660087504
17390.0 0.5359100611555431
17400.0 0.5359763757151648
17410.0 0.5362416339536512
17420.0 0.536528997045345
17430.0 0.5366837310177954
17440.0 0.5367721504306242
17450.0 0.5369489892562819
17460.0 0.5370816183755251
17470.0 0.5371258280819395
17480.0 0.5371258280819395
17490.0 0.5371700377883539
17500.0 0.5372584572011828
17510.0 0.5373026669075972
17520.0 0.5374131911736333
17530.0 0.5376563445589125
17540.0 0.5378994979441918
17550.0 0.5379658125038135
17560.0 0.5379658125038135
17570.0 0.5379879173570207
17580.0 0.5380321270634351
17590.0 0.538120546476264
17600.0 0.5382310707422999
17610.0 0.5383636998615432
17620.0 0.5384521192743721
17630.0 0.5384521192743721
17640.0 0.5384300144211648
17650.0 0.5385405386872009
17660.0 0.5386731678064441
17670.0 0.5387394823660657
17680.0 0.5387394823660657
17690.0 0.5387173775128585
17700.0 0.5386952726596512
17710.0 0.5387173775128585
17720.0 0.5387394823660657
17730.0 0.5387615872192729
17740.0 0.5388279017788946
17750.0 0.5389384260449306
17760.0 0.5390710551641738
17770.0 0.5391152648705883
17780.0 0.5391373697237954
17790.0 0.5392478939898314
17800.0 0.5393584182558675
17810.0 0.5394026279622819
17820.0 0.5393363134026603
17830.0 0.5392478939898314
17840.0 0.5391594745770026
17850.0 0.5391815794302098
17860.0 0.5392921036962459
17870.0 0.5394468376686964
17880.0 0.5396015716411469
17890.0 0.5397563056135973
17900.0 0.5398668298796333
17910.0 0.5398889347328405
17920.0 0.5398668298796333
17930.0 0.5398226201732189
17940.0 0.5398668298796333
17950.0 0.540043668705291
17960.0 0.5401984026777414
17970.0 0.5401762978245342
17980.0 0.5401099832649126
17990.0 0.540154192971327
18000.0 0.5403310317969846
18010.0 0.540574185182264
18020.0 0.5407510240079216
18030.0 0.5407731288611288
18040.0 0.5407510240079216
18050.0 0.540795233714336
18060.0 0.5409057579803721
18070.0 0.5410604919528226
18080.0 0.5412373307784802
18090.0 0.5414141696041378
18100.0 0.5415246938701739
18110.0 0.5415689035765884
18120.0 0.5416573229894172
18130.0 0.5418562666682819
18140.0 0.5420773152003541
18150.0 0.5422541540260117
18160.0 0.5423646782920477
18170.0 0.5424752025580838
18180.0 0.5424752025580838
18190.0 0.5423204685856333
18200.0 0.54218783946639
18210.0 0.5422983637324261
18220.0 0.5425857268241199
18230.0 0.5428730899158136
18240.0 0.5431604530075073
18250.0 0.5435141306588226
18260.0 0.5438457034569307
18270.0 0.54408885684221
18280.0 0.544199381108246
18290.0 0.5441772762550389
18300.0 0.544199381108246
18310.0 0.5443541150806965
18320.0 0.5445309539063541
18330.0 0.5445530587595613
18340.0 0.5445530587595613
18350.0 0.5447077927320118
18360.0 0.5449509461172911
18370.0 0.5452383092089848
18380.0 0.5455035674474713
18390.0 0.5457246159795434
18400.0 0.5458572450987865
18410.0 0.5459456645116154
18420.0 0.5459456645116154
18430.0 0.5459014548052009
18440.0 0.5459014548052009
18450.0 0.5459677693648226
18460.0 0.5461003984840659
18470.0 0.546233027603309
18480.0 0.5463877615757595
18490.0 0.5465867052546245
18500.0 0.5466972295206605
18510.0 0.5465646004014172
18520.0 0.5464761809885884
18530.0 0.5466088101078316
18540.0 0.5467635440802822
18550.0 0.5467856489334892
18560.0 0.5467414392270749
18570.0 0.5468298586399037
18580.0 0.546962487759147
18590.0 0.547073012025183
18600.0 0.5471835362912191
18610.0 0.5472940605572552
18620.0 0.5474045848232911
18630.0 0.5474487945297055
18640.0 0.5473161654104622
18650.0 0.5470066974655614
18660.0 0.5467193343738677
18670.0 0.5467414392270749
18680.0 0.5468519634931109
18690.0 0.5468519634931109
18700.0 0.5467635440802822
18710.0 0.5466309149610389
18720.0 0.5466972295206605
18730.0 0.5470951168783902
18740.0 0.5474266896764983
18750.0 0.5473603751168767
18760.0 0.5472056411444262
18770.0 0.5472940605572552
18780.0 0.5474045848232911
18790.0 0.5473161654104622
18800.0 0.5471835362912191
18810.0 0.5472277459976335
18820.0 0.5472940605572552
18830.0 0.5472277459976335
18840.0 0.5471393265848047
18850.0 0.5471393265848047
18860.0 0.5471835362912191
18870.0 0.5471393265848047
18880.0 0.547073012025183
18890.0 0.5470288023187686
18900.0 0.547073012025183
18910.0 0.5472498508508407
18920.0 0.5472719557040479
18930.0 0.5468961731995253
18940.0 0.5464761809885884
18950.0 0.5463877615757595
18960.0 0.5463877615757595
18970.0 0.5461888178968947
18980.0 0.5460561887776515
18990.0 0.5461888178968947
19000.0 0.5464098664289668
19010.0 0.5464098664289668
19020.0 0.5463435518693451
19030.0 0.5463656567225523
19040.0 0.5464540761353812
19050.0 0.5465203906950028
19060.0 0.5464540761353812
19070.0 0.5461888178968947
19080.0 0.5459014548052009
19090.0 0.5457688256859577
19100.0 0.5457688256859577
19110.0 0.5458793499519938
19120.0 0.5459677693648226
19130.0 0.5459456645116154
19140.0 0.5458793499519938
19150.0 0.5458793499519938
19160.0 0.5458130353923721
19170.0 0.5455919868603001
19180.0 0.545260414062192
19190.0 0.5449067364108767
19200.0 0.544840421851255
19210.0 0.5452383092089848
19220.0 0.5456583014199218
19230.0 0.5456583014199218
19240.0 0.545481462594264
19250.0 0.5453488334750207
19260.0 0.5451277849429488
19270.0 0.5447298975852191
19280.0 0.5444646393467325
19290.0 0.5446635830255974
19300.0 0.5450172606769127
19310.0 0.545149889796156
19320.0 0.5450172606769127
19330.0 0.5446856878788047
19340.0 0.544420429640318
19350.0 0.5443983247871109
19360.0 0.5444646393467325
19370.0 0.544420429640318
19380.0 0.5443320102274892
19390.0 0.5443320102274892
19400.0 0.5444425344935253
19410.0 0.5446414781723902
19420.0 0.5447520024384261
19430.0 0.5445751636127686
19440.0 0.5442878005210748
19450.0 0.5440225422825884
19460.0 0.5439120180165523
19470.0 0.543978332576174
19480.0 0.5440225422825884
19490.0 0.5438899131633451
19500.0 0.5438235986037234
19510.0 0.543978332576174
19520.0 0.544199381108246
19530.0 0.5442656956678676
19540.0 0.5442435908146604
19550.0 0.5442878005210748
19560.0 0.5443762199339036
19570.0 0.5445088490531469
19580.0 0.5445088490531469
19590.0 0.5442878005210748
19600.0 0.5441772762550389
19610.0 0.5444425344935253
19620.0 0.5447077927320118
19630.0 0.5445972684659757
19640.0 0.5443983247871109
19650.0 0.5444425344935253
19660.0 0.5445972684659757
19670.0 0.5447520024384261
19680.0 0.5448625267044622
19690.0 0.5449288412640838
19700.0 0.5449509461172911
19710.0 0.544840421851255
19720.0 0.5447741072916334
19730.0 0.5449067364108767
19740.0 0.5449730509704982
19750.0 0.5448183169980478
19760.0 0.5446414781723902
19770.0 0.5446635830255974
19780.0 0.5447962121448406
19790.0 0.5449067364108767
19800.0 0.5449730509704982
19810.0 0.5449509461172911
19820.0 0.5449067364108767
19830.0 0.5448183169980478
19840.0 0.5445972684659757
19850.0 0.54408885684221
19860.0 0.5433593966863721
19870.0 0.5423204685856333
19880.0 0.5407510240079216
19890.0 0.5382973853019216
19900.0 0.5347385039355611
19910.0 0.5297428071107322
19920.0 0.5228681977632906
19930.0 0.513650473975885
19940.0 0.5015812241247496
19950.0 0.4862625608521547
19960.0 0.4672081773875416
19970.0 0.44419702519883847
19980.0 0.4175606770841532
19990.0 0.3877191252544228
20000.0 0.3549155230949266
20010.0 0.31963617737622313
20019.999999999996 0.2829642259054656
20030.0 0.24600491134301433
20040.0 0.20986347634922978
20050.0 0.17549042961202183
20059.999999999996 0.14368154584684997
20070.0 0.11509997064993042
20080.0 0.09016569623220015
20090.0 0.06905556141931682
20099.999999999996 0.05165904194524436
20110.0 0.03773298442470352
20120.0 0.026879501499964546
20130.0 0.018678600960090497
20139.999999999996 0.012666080887730004
20150.0 0.008355634512324505
20160.0 0.0053935841825586755
20170.0 0.0033820425407027756
20179.999999999996 0.0020557513482703147
20190.0 0.0012378717796036303
20200.0 0.0007073553026306459
20210.0 0.00039788735772973834
20219.999999999996 0.00022104853207207686
20230.0 0.00011052426603603843
20240.0 6.631455962162305e-05
20250.0 2.2104853207207685e-05
20259.999999999996 2.2104853207207685e-05
20270.0 0.0
