mejiro/data/roman_filter_response/RomanSCA18-F146.ecsv
# %ECSV 1.0
# ---
# datatype:
# - {name: wavelength, unit: Angstrom, datatype: float64}
# - {name: response, datatype: float64}
# meta:
#   __serialized_columns__:
#     wavelength:
#       __class__: astropy.units.quantity.Quantity
#       unit: !astropy.units.Unit {unit: Angstrom}
#       value: !astropy.table.SerializedColumn {name: wavelength}
#   band_name: F146
#   group_name: RomanSCA18
# schema: astropy-2.0
wavelength response
9110.0 0.0
9120.0 2.2104853207207685e-05
9130.0 6.631455962162305e-05
9140.0 0.0002873630916936999
9150.0 0.0010389281007387612
9160.0 0.003160994008630699
9170.0 0.008576683044396582
9180.0 0.02053540862949594
9190.0 0.04363498023102797
9200.0 0.08262794128854234
9210.0 0.13999003536124627
9220.0 0.21366551110086948
9230.0 0.29633766209582624
9240.0 0.3773519491002424
9250.0 0.4466506639048385
9260.0 0.4984644398225333
9270.0 0.5323511797891827
9280.0 0.5518034506115255
9290.0 0.5616622151419401
9300.0 0.5662158149026248
9310.0 0.5682936711041023
9320.0 0.5693547040580483
9330.0 0.5699957448010573
9340.0 0.5705483661312376
9350.0 0.5711894068742466
9360.0 0.57187465732367
9370.0 0.5725599077730934
9380.0 0.5732672630757241
9390.0 0.5739967232315619
9400.0 0.5746819736809854
9410.0 0.5752345950111656
9420.0 0.5758314260477602
9430.0 0.576560886203598
9440.0 0.5772682415062287
9450.0 0.5777987579832017
9460.0 0.5783292744601747
9470.0 0.5790366297628053
9480.0 0.5797660899186431
9490.0 0.5803629209552378
9500.0 0.5809597519918324
9510.0 0.5816892121476702
9520.0 0.5824407771567153
9530.0 0.5830155033401028
9540.0 0.5835018101106613
9550.0 0.5840323265876343
9560.0 0.5846070527710217
9570.0 0.5852480935140307
9580.0 0.5858449245506253
9590.0 0.5863312313211838
9600.0 0.5867954332385352
9610.0 0.5873701594219226
9620.0 0.5879448856053101
9630.0 0.5884532972290758
9640.0 0.5889174991464272
9650.0 0.5894259107701929
9660.0 0.589868007834337
9670.0 0.5902216854856525
9680.0 0.5906195728433822
9690.0 0.5911942990267696
9700.0 0.591769025210157
9710.0 0.5921890174210939
9720.0 0.5925647999256164
9730.0 0.5930732115493822
9740.0 0.5936037280263552
9750.0 0.5939795105308777
9760.0 0.5943995027418146
9770.0 0.5949300192187876
9780.0 0.5954384308425534
9790.0 0.5957700036406615
9800.0 0.5960573667323552
9810.0 0.5965215686497066
9820.0 0.5969857705670579
9830.0 0.5972952385119589
9840.0 0.5976047064568598
9850.0 0.5980468035210039
9860.0 0.5985552151447697
9870.0 0.5990194170621211
9880.0 0.5993509898602292
9890.0 0.5995278286858868
9900.0 0.5997488772179589
9910.0 0.6002130791353103
9920.0 0.6006993859058688
9930.0 0.6010309587039769
9940.0 0.6012962169424635
9950.0 0.6016498945937788
9960.0 0.6020477819515084
9970.0 0.6023793547496166
9980.0 0.6027551372541391
9990.0 0.6032414440246977
10000.0 0.6037498556484635
10009.999999999998 0.6041477430061932
10020.0 0.6044793158043014
10029.999999999998 0.6047666788959951
10040.0 0.605076146840896
10049.999999999998 0.6054077196390041
10060.0 0.6057835021435266
10069.999999999998 0.6061813895012564
10080.0 0.6065350671525717
10089.999999999998 0.6068445350974726
10100.0 0.6071540030423735
10109.999999999998 0.6075739952533105
10120.0 0.6080160923174546
10129.999999999998 0.6084139796751844
10140.0 0.608701342766878
10149.999999999998 0.6089444961521573
10160.0 0.609231859243851
10169.999999999998 0.6096076417483736
10180.0 0.6100055291061033
10189.999999999998 0.6103813116106258
10200.0 0.610712884408734
10209.999999999998 0.6110223523536349
10220.0 0.6113539251517429
10230.0 0.611685497949851
10240.0 0.6120170707479592
10250.0 0.6123044338396529
10260.0 0.6125696920781394
10270.0 0.6127907406102115
10280.0 0.6130781037019051
10290.0 0.6134538862064277
10300.0 0.613807563857743
10310.0 0.6140286123898151
10320.0 0.61422755606868
10330.0 0.6144928143071665
10340.0 0.6147801773988602
10350.0 0.6150675404905539
10360.0 0.615288589022626
10370.0 0.615509637554698
10380.0 0.6157085812335629
10390.0 0.6158854200592205
10400.0 0.616040154031671
10410.0 0.6161727831509143
10420.0 0.6163717268297791
10430.0 0.6166590899214728
10440.0 0.616902243306752
10450.0 0.6169243481599593
10460.0 0.616902243306752
10470.0 0.6170348724259953
10480.0 0.6173001306644819
10490.0 0.6175653889029683
10500.0 0.6177201228754188
10510.0 0.6177201228754188
10520.0 0.6176759131690043
10530.0 0.6177864374350404
10540.0 0.617963276260698
10550.0 0.6181401150863558
10560.0 0.618272744205599
10570.0 0.6183390587652206
10580.0 0.6182948490588062
10590.0 0.6181401150863558
10600.0 0.6180295908203197
10610.0 0.6180738005267341
10620.0 0.6181843247927702
10630.0 0.6182506393523918
10640.0 0.6182064296459774
10650.0 0.6180516956735268
10660.0 0.6179190665542836
10670.0 0.6178748568478692
10680.0 0.617852751994662
10690.0 0.6177864374350404
10700.0 0.6177201228754188
10710.0 0.6176980180222116
10720.0 0.6177201228754188
10730.0 0.6176980180222116
10740.0 0.6176980180222116
10750.0 0.617742227728626
10760.0 0.617742227728626
10770.0 0.6176095986093827
10780.0 0.6174548646369322
10790.0 0.6173001306644819
10800.0 0.6172559209580675
10810.0 0.617322235517689
10820.0 0.6173664452241034
10830.0 0.617211711251653
10840.0 0.6170569772792026
10850.0 0.6170790821324097
10860.0 0.6171232918388241
10870.0 0.6170348724259953
10880.0 0.6168580336003376
10890.0 0.616791719040716
10900.0 0.6167696141875089
10910.0 0.6167254044810945
10920.0 0.6166590899214728
10930.0 0.616570670508644
10940.0 0.6164822510958151
10950.0 0.6164601462426079
10960.0 0.6164159365361935
10970.0 0.6163275171233646
10980.0 0.6164601462426079
10990.0 0.6170348724259953
11000.0 0.6175874937561755
11010.0 0.6176980180222116
11020.0 0.6175874937561755
11030.0 0.6176317034625899
11040.000000000002 0.617742227728626
11050.0 0.6178748568478692
11060.000000000002 0.6180074859671124
11070.0 0.6181622199395629
11080.000000000002 0.6182285344991846
11090.0 0.6181843247927702
11100.000000000002 0.6181843247927702
11110.0 0.6183611636184279
11120.000000000002 0.6186043170037071
11130.0 0.6187148412697431
11140.000000000002 0.6188253655357792
11150.0 0.6190906237742656
11160.000000000002 0.6192674625999233
11170.0 0.6192232528935089
11180.000000000002 0.6192011480403017
11190.0 0.6194221965723737
11200.000000000002 0.6196653499576531
11210.0 0.6197758742236891
11220.000000000002 0.6198421887833108
11230.0 0.6200190276089683
11240.000000000002 0.6201737615814188
11250.0 0.6201295518750044
11259.999999999998 0.6200190276089683
11270.0 0.6200632373153828
11279.999999999998 0.620195866434626
11290.0 0.6203284955538693
11299.999999999998 0.6204611246731125
11310.0 0.6206379634987702
11319.999999999998 0.6207926974712206
11330.0 0.6208811168840496
11339.999999999998 0.620925326590464
11350.0 0.6209916411500855
11359.999999999998 0.6210579557097071
11370.0 0.6210800605629143
11379.999999999998 0.621146375122536
11390.0 0.6212790042417792
11399.999999999998 0.6214779479206441
11410.0 0.6216547867463017
11419.999999999998 0.6217432061591306
11430.0 0.6216989964527162
11439.999999999998 0.6216768915995089
11450.0 0.621787415865545
11459.999999999998 0.6218979401315811
11470.0 0.6219642546912026
11480.0 0.6219642546912026
11490.0 0.6219642546912026
11500.0 0.6219642546912026
11510.0 0.6219863595444098
11520.0 0.6219642546912026
11530.0 0.6218979401315811
11540.0 0.6218758352783738
11550.0 0.6219642546912026
11560.0 0.6220305692508242
11570.0 0.6218979401315811
11580.0 0.6217653110123378
11590.0 0.6217432061591306
11600.0 0.6218095207187523
11610.0 0.6218095207187523
11620.0 0.6217432061591306
11630.0 0.6215884721866801
11640.0 0.6214558430674368
11650.0 0.6213895285078153
11660.0 0.6213453188014009
11670.0 0.6212790042417792
11680.0 0.6212347945353648
11690.0 0.6212790042417792
11700.0 0.6212790042417792
11710.0 0.6210579557097071
11720.0 0.6207926974712206
11730.0 0.6206379634987702
11740.0 0.6205495440859414
11750.0 0.6204611246731125
11760.0 0.6203506004070765
11770.0 0.6202400761410404
11780.0 0.620195866434626
11790.0 0.6202400761410404
11800.0 0.6202842858474549
11810.0 0.6201516567282116
11820.0 0.6199969227557612
11830.0 0.6199306081961395
11840.0 0.6198642936365178
11850.0 0.6196874548108602
11860.0 0.6194885111319954
11870.0 0.6192674625999233
11880.0 0.6191348334806801
11890.0 0.6191127286274729
11900.0 0.6190464140678512
11910.0 0.6188253655357792
11920.0 0.6186264218569143
11930.0 0.6185601072972926
11940.0 0.6185158975908782
11950.0 0.6182948490588062
11960.0 0.6180959053799413
11970.0 0.6180295908203197
11980.0 0.6180074859671124
11990.0 0.617852751994662
12000.0 0.6176759131690043
12010.0 0.6175653889029683
12020.0 0.6175211791965539
12030.0 0.6174327597837251
12040.0 0.6173885500773106
12050.0 0.6173885500773106
12060.0 0.6173443403708962
12070.0 0.6171675015452386
12080.0 0.6169464530131665
12090.0 0.6167254044810945
12100.0 0.6165927753618512
12110.0 0.6165927753618512
12120.0 0.6165485656554368
12130.0 0.616349621976572
12140.0 0.616150678297707
12150.0 0.6160622588848782
12160.0 0.6161064685912926
12170.0 0.616150678297707
12180.0 0.6161064685912926
12190.0 0.6159075249124278
12200.0 0.6157527909399773
12210.0 0.6157527909399773
12220.0 0.6157970006463918
12230.0 0.6156864763803557
12240.0 0.6155759521143197
12250.0 0.6155759521143197
12260.0 0.6155759521143197
12270.0 0.6154654278482836
12280.0 0.6153549035822475
12290.000000000002 0.6153106938758331
12300.0 0.6152664841694186
12310.000000000002 0.6151338550501755
12320.0 0.6149570162245178
12330.000000000002 0.6148243871052745
12340.0 0.6147359676924458
12350.000000000002 0.614647548279617
12360.0 0.614559128866788
12370.000000000002 0.6144043948943376
12380.0 0.6143380803347159
12390.000000000002 0.6143822900411304
12400.0 0.6143601851879232
12410.000000000002 0.6141391366558512
12420.0 0.6139622978301934
12430.000000000002 0.6140065075366078
12440.0 0.6140507172430223
12450.000000000002 0.6138738784173646
12460.0 0.6136307250320853
12470.000000000002 0.6135865153256709
12480.0 0.6136086201788782
12490.000000000002 0.6135865153256709
12500.0 0.6134980959128421
12509.999999999998 0.6133875716468061
12520.0 0.6132328376743557
12529.999999999998 0.6131444182615268
12540.0 0.6130781037019051
12549.999999999998 0.6130781037019051
12560.0 0.613055998848698
12569.999999999998 0.6129896842890763
12580.0 0.6127907406102115
12589.999999999998 0.612525482371725
12600.0 0.6123486435460673
12609.999999999998 0.6123707483992745
12620.0 0.6124370629588961
12629.999999999998 0.6123707483992745
12640.0 0.6122602241332384
12649.999999999998 0.612216014426824
12660.0 0.6121275950139953
12669.999999999998 0.6119286513351303
12680.0 0.6117076028030582
12689.999999999998 0.6116412882434367
12700.0 0.6116191833902295
12709.999999999998 0.6115749736838151
12720.0 0.6115307639774007
12730.0 0.6115528688306078
12740.0 0.6114865542709863
12750.0 0.6112212960324996
12760.0 0.6110002475004276
12770.0 0.6110223523536349
12780.0 0.6111328766196709
12790.0 0.6111549814728782
12800.0 0.6110444572068421
12810.0 0.6108013038215627
12820.0 0.6105802552894907
12830.0 0.610513940729869
12840.0 0.6105581504362835
12850.0 0.610602360142698
12860.0 0.6105802552894907
12870.0 0.6104697310234546
12880.0 0.6103371019042114
12890.0 0.6102928921977969
12900.0 0.6102928921977969
12910.0 0.6102707873445898
12920.0 0.6102044727849681
12930.0 0.6100939485189321
12940.0 0.6100276339593105
12950.0 0.6100276339593105
12960.0 0.6100055291061033
12970.0 0.6098950048400673
12980.0 0.6098065854272384
12990.0 0.6098507951336528
13000.0 0.6099171096932744
13010.0 0.6098507951336528
13020.0 0.6097402708676168
13030.0 0.6096297466015808
13040.0 0.6095634320419592
13050.0 0.6095855368951663
13060.0 0.6096297466015808
13070.0 0.6096960611612023
13080.0 0.6097402708676168
13090.0 0.6097181660144096
13100.0 0.609762375720824
13110.0 0.6100055291061033
13120.0 0.610182367931761
13130.0 0.6100497388125177
13140.0 0.6098507951336528
13150.0 0.6098065854272384
13160.0 0.60987289998686
13170.0 0.6099613193996889
13180.0 0.6099834242528961
13190.0 0.6099392145464817
13200.0 0.6098950048400673
13210.0 0.6099171096932744
13220.0 0.6100055291061033
13230.0 0.6100497388125177
13240.0 0.6100939485189321
13250.0 0.6101160533721394
13260.0 0.6101381582253466
13270.0 0.610182367931761
13280.0 0.6102044727849681
13290.0 0.6101602630785538
13300.0 0.6101160533721394
13310.0 0.6102265776381754
13320.0 0.6103813116106258
13330.0 0.6104918358766619
13340.0 0.610513940729869
13350.0 0.6104476261702475
13360.0 0.6104476261702475
13370.0 0.6105802552894907
13380.0 0.6106686747023196
13390.0 0.6105360455830763
13400.0 0.6103592067574186
13410.0 0.6103371019042114
13420.0 0.610403416463833
13430.0 0.610513940729869
13440.0 0.610602360142698
13450.0 0.6106465698491124
13460.0 0.6106907795555268
13470.0 0.6107349892619411
13480.0 0.6108013038215627
13490.0 0.6107791989683555
13500.0 0.6107570941151483
13510.0 0.610712884408734
13520.0 0.6106465698491124
13530.0 0.6105581504362835
13540.000000000002 0.6104918358766619
13550.0 0.6105360455830763
13560.000000000002 0.610513940729869
13570.0 0.6103813116106258
13580.000000000002 0.6102486824913825
13590.0 0.6103149970510042
13600.000000000002 0.6103813116106258
13610.0 0.6102707873445898
13620.000000000002 0.6100718436657249
13630.0 0.6099171096932744
13640.000000000002 0.6098065854272384
13650.0 0.6096960611612023
13660.000000000002 0.6096739563079953
13670.0 0.6097181660144096
13680.000000000002 0.6097844805740312
13690.0 0.6097402708676168
13700.000000000002 0.6096297466015808
13710.0 0.6094971174823375
13720.000000000002 0.6093865932163015
13730.0 0.6092981738034727
13740.000000000002 0.609231859243851
13750.0 0.6092097543906437
13759.999999999998 0.6091876495374366
13770.0 0.6091434398310221
13779.999999999998 0.6090329155649862
13790.0 0.6088560767393285
13799.999999999998 0.6086792379136708
13810.0 0.6085687136476348
13819.999999999998 0.608480294234806
13830.0 0.6083255602623554
13839.999999999998 0.6081045117302835
13850.0 0.6078171486385897
13859.999999999998 0.6075961001065177
13870.0 0.6075076806936888
13879.999999999998 0.6074634709872744
13890.0 0.6073087370148239
13899.999999999998 0.6072424224552023
13910.0 0.6073529467212383
13919.999999999998 0.6074634709872744
13930.0 0.6072866321616167
13939.999999999998 0.6069992690699231
13950.0 0.6068003253910581
13959.999999999998 0.6067340108314366
13970.0 0.6067561156846437
13980.0 0.6067119059782293
13990.0 0.6064466477397429
14000.0 0.6061150749416347
14010.0 0.6058719215563554
14020.0 0.6057392924371122
14030.0 0.6056729778774906
14040.0 0.6056066633178689
14050.0 0.6054298244922113
14060.0 0.6051645662537247
14070.0 0.6048772031620312
14080.0 0.6045898400703374
14090.0 0.6043466866850581
14100.0 0.6040372187401573
14110.0 0.603595121676013
14120.0 0.6032193391714905
14130.0 0.6030646051990401
14140.0 0.6029540809330041
14150.0 0.6026888226945176
14160.0 0.6023351450432022
14170.0 0.6020477819515084
14180.0 0.6018488382726437
14190.0 0.6017604188598149
14200.0 0.6016941043001932
14210.0 0.6015614751809499
14220.0 0.6015393703277427
14230.0 0.6017604188598149
14240.0 0.6020698868047157
14250.0 0.6022688304835806
14260.0 0.6022909353367878
14270.0 0.6021583062175445
14280.0 0.602003572245094
14290.0 0.601981467391887
14300.0 0.601981467391887
14310.0 0.6019151528322653
14320.0 0.6018267334194364
14330.0 0.6017604188598149
14340.0 0.6016941043001932
14350.0 0.601671999446986
14360.0 0.6016277897405715
14370.0 0.6015835800341571
14380.0 0.6014509509149139
14390.0 0.6012962169424635
14400.0 0.6011856926764274
14410.0 0.6011856926764274
14420.0 0.6012299023828418
14430.0 0.6012077975296347
14440.0 0.6010972732635986
14450.0 0.6009425392911482
14460.0 0.6007878053186977
14470.0 0.6007214907590761
14480.0 0.6006993859058688
14490.0 0.6006993859058688
14500.0 0.6007435956122832
14510.0 0.6007878053186977
14520.0 0.6007657004654905
14530.0 0.6006551761994544
14540.0 0.6005225470802111
14550.0 0.6005225470802111
14560.0 0.6005446519334184
14570.0 0.6005225470802111
14580.0 0.600500442227004
14590.0 0.6005446519334184
14600.0 0.60061096649304
14610.0 0.6005667567866256
14620.0 0.600500442227004
14630.0 0.6005225470802111
14640.0 0.6005225470802111
14650.0 0.6004562325205896
14660.0 0.600389917960968
14670.0 0.6004562325205896
14680.0 0.6005667567866256
14690.0 0.6006330713462472
14700.0 0.6006330713462472
14710.0 0.6005446519334184
14720.0 0.6004783373737967
14730.0 0.6005888616398328
14740.0 0.6007214907590761
14750.0 0.6007657004654905
14760.0 0.6007657004654905
