mejiro/data/roman_filter_response/RomanSCA15-F158.ecsv
# %ECSV 1.0
# ---
# datatype:
# - {name: wavelength, unit: Angstrom, datatype: float64}
# - {name: response, datatype: float64}
# meta:
#   __serialized_columns__:
#     wavelength:
#       __class__: astropy.units.quantity.Quantity
#       unit: !astropy.units.Unit {unit: Angstrom}
#       value: !astropy.table.SerializedColumn {name: wavelength}
#   band_name: F158
#   group_name: RomanSCA15
# schema: astropy-2.0
wavelength response
13680.000000000002 0.0
13690.0 2.2104853207207685e-05
13700.000000000002 0.00011052426603603843
13710.0 0.0003094679449009076
13720.000000000002 0.000839984421873892
13730.0 0.0020999610546847303
13740.000000000002 0.004840962852378483
13750.0 0.010367176154180403
13759.999999999998 0.020491198923081527
13770.0 0.03753404074583865
13779.999999999998 0.0638167112092086
13790.0 0.10101917915693913
13799.999999999998 0.14922986400185909
13810.0 0.20656985322135582
13819.999999999998 0.26908237809133917
13830.0 0.33150648354849366
13839.999999999998 0.38862542423591834
13850.0 0.43650453628273017
13859.999999999998 0.4733754314323526
13870.0 0.49948126307006485
13879.999999999998 0.5163914757735788
13890.0 0.5263828694232366
13899.999999999998 0.5318648730186241
13910.0 0.5348048184951827
13919.999999999998 0.5362416339536512
13930.0 0.5367279407242098
13939.999999999998 0.5367721504306242
13950.0 0.5367942552838314
13959.999999999998 0.5368605698434531
13970.0 0.5370153038159035
13980.0 0.5370816183755251
13990.0 0.5369710941094891
14000.0 0.5367942552838314
14010.0 0.5367058358710026
14020.0 0.5367058358710026
14030.0 0.5367942552838314
14040.0 0.5368384649902458
14050.0 0.5368163601370387
14060.0 0.5367058358710026
14070.0 0.5365732067517593
14080.0 0.5364626824857233
14090.0 0.5363742630728945
14100.0 0.5362195291004441
14110.0 0.5359763757151648
14120.0 0.5357774320362999
14130.0 0.5357774320362999
14140.0 0.5357995368895071
14150.0 0.535689012623471
14160.0 0.5355121737978135
14170.0 0.5353795446785702
14180.0 0.5353574398253629
14190.0 0.5354016495317774
14200.0 0.535467964091399
14210.0 0.5354900689446062
14220.0 0.5356226980638494
14230.0 0.5359542708619575
14240.0 0.5363521582196873
14250.0 0.5366616261645882
14260.0 0.5368163601370387
14270.0 0.5368384649902458
14280.0 0.5368384649902458
14290.0 0.5369489892562819
14300.0 0.5370816183755251
14310.0 0.5371479329351468
14320.0 0.5372142474947683
14330.0 0.5372584572011828
14340.0 0.5373468766140116
14350.0 0.5374352960268404
14360.0 0.5375458202928765
14370.0 0.5376121348524981
14380.0 0.5376342397057053
14390.0 0.5376121348524981
14400.0 0.5376342397057053
14410.0 0.5377668688249485
14420.0 0.537921602797399
14430.0 0.5380321270634351
14440.0 0.5380542319166423
14450.0 0.5380321270634351
14460.0 0.5380100222102279
14470.0 0.5380542319166423
14480.0 0.538142651329471
14490.0 0.5382531755955071
14500.0 0.5384079095679576
14510.0 0.5385626435404081
14520.0 0.5386289581000296
14530.0 0.5386289581000296
14540.0 0.5386289581000296
14550.0 0.5387173775128585
14560.0 0.5388279017788946
14570.0 0.5388942163385162
14580.0 0.538982635751345
14590.0 0.5391152648705883
14600.0 0.5392478939898314
14610.0 0.5393142085494531
14620.0 0.5393584182558675
14630.0 0.5394468376686964
14640.0 0.5395352570815252
14650.0 0.5395573619347324
14660.0 0.5395794667879396
14670.0 0.5397120959071829
14680.0 0.5398889347328405
14690.0 0.540043668705291
14700.0 0.5401099832649126
14710.0 0.5401099832649126
14720.0 0.5401320881181197
14730.0 0.5402868220905702
14740.0 0.5404857657694351
14750.0 0.5405962900354712
14760.0 0.5406626045950927
14770.0 0.5407731288611288
14780.0 0.5408836531271648
14790.000000000002 0.5409941773932009
14800.0 0.5411268065124442
14810.000000000002 0.5413036453381018
14820.0 0.541436274457345
14830.000000000002 0.5415246938701739
14840.0 0.5415910084297955
14850.000000000002 0.5417015326958315
14860.0 0.5418341618150748
14870.000000000002 0.5419446860811109
14880.0 0.5420110006407325
14890.000000000002 0.5420773152003541
14900.0 0.542165734613183
14910.000000000002 0.5423204685856333
14920.0 0.5424530977048766
14930.000000000002 0.5425415171177055
14940.0 0.5426520413837415
14950.000000000002 0.5428288802093992
14960.0 0.543027823888264
14970.000000000002 0.5431383481543001
14980.0 0.5432046627139216
14990.000000000002 0.543248872420336
15000.0 0.5433151869799577
15009.999999999998 0.5434478160992009
15020.0 0.5436467597780659
15029.999999999998 0.5438014937505163
15040.0 0.5439562277229667
15049.999999999998 0.5441109616954172
15060.0 0.5442656956678676
15069.999999999998 0.5443983247871109
15080.0 0.5445088490531469
15089.999999999998 0.5445309539063541
15100.0 0.5445751636127686
15109.999999999998 0.5447520024384261
15120.0 0.5449951558237055
15129.999999999998 0.5451940995025704
15140.0 0.5453267286218136
15149.999999999998 0.5453930431814352
15160.0 0.5454372528878496
15169.999999999998 0.545481462594264
15180.0 0.5455698820070929
15189.999999999998 0.5456583014199218
15200.0 0.5457688256859577
15209.999999999998 0.5459014548052009
15220.0 0.5460340839244443
15230.0 0.5461446081904803
15240.0 0.5462551324565164
15250.0 0.5464098664289668
15260.0 0.5465646004014172
15270.0 0.5467193343738677
15280.0 0.5468519634931109
15290.0 0.5469182780527326
15300.0 0.5470066974655614
15310.0 0.5472056411444262
15320.0 0.5473824799700839
15330.0 0.5474487945297055
15340.0 0.5474708993829128
15350.0 0.5475372139425343
15360.0 0.5476256333553632
15370.0 0.5476919479149849
15380.0 0.547824577034228
15390.0 0.5480235207130929
15400.0 0.5482003595387506
15410.0 0.548244569245165
15420.0 0.548244569245165
15430.0 0.548244569245165
15440.0 0.5483329886579938
15450.0 0.5485319323368587
15460.0 0.5487529808689308
15470.0 0.548885609988174
15480.0 0.5489740294010028
15490.0 0.5490845536670389
15500.0 0.549195077933075
15510.0 0.549195077933075
15520.0 0.5492171827862822
15530.0 0.5493277070523183
15540.0 0.5494603361715614
15550.0 0.5495487555843903
15560.0 0.5495929652908047
15570.0 0.5495708604375975
15580.0 0.5495929652908047
15590.0 0.5497698041164624
15600.0 0.5499245380889128
15610.0 0.5499245380889128
15620.0 0.5499466429421199
15630.0 0.5501455866209849
15640.0 0.550366635153057
15650.0 0.5504329497126785
15660.0 0.5504329497126785
15670.0 0.5504550545658858
15680.0 0.550587683685129
15690.0 0.5508087322172011
15700.0 0.5509192564832371
15710.0 0.5508750467768228
15720.0 0.5508087322172011
15730.0 0.5509634661896516
15740.0 0.5512066195749308
15750.0 0.5513392486941742
15760.0 0.5513834584005886
15770.0 0.5513613535473812
15780.0 0.5513613535473812
15790.0 0.5514276681070029
15800.0 0.5514939826666245
15810.0 0.5515602972262462
15820.0 0.5516266117858678
15830.0 0.5517813457583183
15840.0 0.5518918700243544
15850.0 0.5519139748775614
15860.0 0.5519581845839758
15870.0 0.5521129185564264
15880.0 0.5523118622352913
15890.0 0.5524223865013272
15900.0 0.5524887010609489
15910.0 0.5525329107673633
15920.0 0.5526213301801921
15930.0 0.5527981690058498
15940.0 0.5529750078315074
15950.0 0.5530413223911291
15960.0 0.5530634272443362
15970.0 0.5530855320975435
15980.0 0.5532181612167867
15990.0 0.5534171048956517
16000.0 0.5536160485745165
16010.0 0.5537265728405525
16020.0 0.5537707825469669
16030.0 0.5538592019597958
16040.000000000002 0.5539697262258318
16050.0 0.5541244601982823
16060.000000000002 0.5542791941707327
16070.0 0.5544560329963905
16080.000000000002 0.5546107669688408
16090.0 0.5547212912348769
16100.000000000002 0.5548318155009129
16110.0 0.5550307591797777
16120.000000000002 0.5552075980054354
16130.0 0.5552739125650571
16140.000000000002 0.5553402271246787
16150.0 0.5555391708035435
16160.000000000002 0.5557823241888228
16170.0 0.5560033727208948
16180.000000000002 0.5562023163997598
16190.0 0.5563570503722103
16200.000000000002 0.5564675746382463
16210.0 0.5566002037574895
16220.000000000002 0.5567328328767328
16230.0 0.5569096717023905
16240.000000000002 0.5570644056748408
16250.0 0.5571528250876697
16259.999999999998 0.557285454206913
16270.0 0.557506502738985
16279.999999999998 0.5577275512710571
16290.0 0.5577938658306788
16299.999999999998 0.5578601803903003
16310.0 0.558037019215958
16319.999999999998 0.5582801726012373
16330.0 0.5585012211333095
16339.999999999998 0.5587001648121742
16350.0 0.5588548987846247
16359.999999999998 0.558987527903868
16370.0 0.5591864715827328
16379.999999999998 0.5593854152615977
16390.0 0.5595622540872554
16400.0 0.5597169880597057
16410.0 0.5597833026193274
16420.0 0.5599159317385707
16430.0 0.5601590851238499
16440.0 0.5604022385091293
16450.0 0.5605127627751653
16460.0 0.5605569724815797
16470.0 0.5606453918944085
16480.0 0.5607780210136518
16490.0 0.5608664404264806
16500.0 0.5610432792521383
16510.0 0.561330642343832
16520.0 0.5615295860226968
16530.0 0.5615074811694897
16540.0 0.5614632714630752
16550.0 0.5616622151419401
16560.0 0.561971683086841
16570.0 0.5621485219124986
16580.0 0.5622369413253274
16590.0 0.5623474655913635
16600.0 0.5625464092702285
16610.0 0.562833772361922
16620.0 0.5630106111875798
16630.0 0.5629442966279581
16640.0 0.5628779820683365
16650.0 0.5630769257472014
16660.0 0.5633863936921023
16670.0 0.5636074422241744
16680.0 0.5636737567837959
16690.0 0.5636295470773816
16700.0 0.5636295470773816
16710.0 0.563784281049832
16720.0 0.5639390150222825
16730.0 0.5639832247286969
16740.0 0.5640274344351113
16750.0 0.5642263781139762
16760.0 0.5644474266460483
16770.0 0.5645800557652915
16780.0 0.5646905800313275
16790.0 0.5648895237101924
16800.0 0.5651105722422646
16810.0 0.5652432013615077
16820.0 0.565375830480751
16830.0 0.5655305644532014
16840.0 0.5656631935724447
16850.0 0.5657295081320662
16860.0 0.5658179275448951
16870.0 0.5659505566641383
16880.0 0.5661052906365888
16890.0 0.5662600246090393
16900.0 0.5663705488750753
16910.0 0.5664810731411114
16920.0 0.566657911966769
16930.0 0.5669231702052555
16940.0 0.5671442187373276
16950.0 0.5671884284437421
16960.0 0.5672768478565708
16970.0 0.5675863158014717
16980.0 0.5678736788931654
16990.0 0.5678736788931654
17000.0 0.5678736788931654
17010.0 0.5681389371316519
17020.0 0.5685368244893817
17030.0 0.5688020827278681
17040.0 0.5689347118471114
17050.0 0.5689789215535258
17060.0 0.5690452361131475
17070.0 0.5692883894984268
17080.0 0.569531542883706
17090.0 0.5697083817093637
17100.0 0.5698410108286069
17110.0 0.5699736399478502
17120.0 0.5701504787735078
17130.0 0.5703715273055798
17140.0 0.5705262612780303
17150.0 0.570592575837652
17160.0 0.5707694146633097
17170.0 0.5711451971678322
17180.0 0.5715209796723547
17190.0 0.571653608791598
17200.0 0.5717199233512196
17210.0 0.57187465732367
17220.0 0.5720957058557421
17230.0 0.5722504398281926
17240.0 0.5724272786538502
17250.0 0.5726704320391295
17260.0 0.5728914805712015
17270.0 0.5730020048372376
17280.0 0.5730904242500665
17290.0 0.573245158222517
17300.0 0.5734441019013817
17310.0 0.5736651504334539
17320.0 0.573886198965526
17330.0 0.5740630377911836
17340.0 0.5742619814700485
17350.0 0.5744830300021205
17360.0 0.5746598688277782
17370.0 0.5747703930938143
17380.0 0.5748146028002287
17390.0 0.5747924979470214
17400.0 0.5748809173598503
17410.0 0.5751461755983368
17420.0 0.5754556435432376
17430.0 0.5756324823688953
17440.0 0.5757430066349314
17450.0 0.575919845460589
17460.0 0.5760745794330395
17470.0 0.5761187891394539
17480.0 0.5761187891394539
17490.0 0.5761851036990755
17500.0 0.5762735231119044
17510.0 0.576339837671526
17520.0 0.576450361937562
17530.0 0.5767156201760485
17540.0 0.5769808784145349
17550.0 0.5770692978273638
17560.0 0.5770692978273638
17570.0 0.577091402680571
17580.0 0.5771356123869854
17590.0 0.5772240317998143
17600.0 0.5773345560658504
17610.0 0.5774892900383007
17620.0 0.5775777094511295
17630.0 0.5775556045979224
17640.0 0.577511394891508
17650.0 0.5775556045979224
17660.0 0.577511394891508
17670.0 0.5771798220933999
17680.0 0.576339837671526
17690.0 0.5747040785341926
17700.0 0.5717199233512196
17710.0 0.5665694925539402
17720.0 0.5581696483352013
17730.0 0.5451719946493632
17740.0 0.5262281354507862
17750.0 0.5001444086662811
17760.0 0.4661250395803884
17770.0 0.4242363427527299
17780.0 0.375605665696873
17790.0 0.32231086461429526
17800.0 0.26713715100910485
17810.0 0.21317920433031093
17820.0 0.16333276034805758
17830.0 0.11989672379589449
17840.0 0.08417528101304687
17850.0 0.05641158538479401
17860.0 0.036053015580955736
17870.0 0.021928014381550023
17880.0 0.012688185740937212
17890.0 0.006985133613477629
17900.0 0.0036473007791892683
17910.0 0.0018125979629910304
17920.0 0.000839984421873892
17930.0 0.00037578250452253065
17940.0 0.0001547339724504538
17950.0 6.631455962162305e-05
17960.0 2.2104853207207685e-05
17970.0 0.0
