mejiro/data/roman_filter_response/RomanSCA07-Prism.ecsv
# %ECSV 1.0
# ---
# datatype:
# - {name: wavelength, unit: Angstrom, datatype: float64}
# - {name: response, datatype: float64}
# meta:
#   __serialized_columns__:
#     wavelength:
#       __class__: astropy.units.quantity.Quantity
#       unit: !astropy.units.Unit {unit: Angstrom}
#       value: !astropy.table.SerializedColumn {name: wavelength}
#   band_name: Prism
#   group_name: RomanSCA07
# schema: astropy-2.0
wavelength response
[from data line 574]
13230.0 0.5520466039968047
13240.0 0.5522013379692552
13250.0 0.5523118622352913
13260.0 0.5524444913545346
13270.0 0.5525992253269849
13280.0 0.552709749593021
13290.0 0.5527760641526426
13300.0 0.5528644835654715
13310.0 0.5530634272443362
13320.0 0.5533065806296156
13330.0 0.5535055243084804
13340.0 0.5536381534277237
13350.0 0.5536823631341381
13360.0 0.5537707825469669
13370.0 0.553991831079039
13380.0 0.5541686699046967
13390.0 0.5541686699046967
13400.0 0.554102355345075
13410.0 0.5541686699046967
13420.0 0.5543234038771471
13430.0 0.5545002427028048
13440.0 0.5546770815284625
13450.0 0.5548097106477057
13460.0 0.5549202349137418
13470.0 0.555052864032985
13480.0 0.555163388299021
13490.0 0.5552297028586427
13500.0 0.5552739125650571
13510.0 0.5552960174182643
13520.0 0.5552960174182643
13530.0 0.5552518077118498
13540.000000000002 0.5552518077118498
13550.0 0.5553402271246787
13560.000000000002 0.5553623319778859
13570.0 0.5552739125650571
13580.000000000002 0.5552075980054354
13590.0 0.5552960174182643
13600.000000000002 0.5553844368310932
13610.0 0.5553181222714715
13620.000000000002 0.555163388299021
13630.0 0.555052864032985
13640.000000000002 0.5549644446201561
13650.0 0.5548981300605346
13660.000000000002 0.5548981300605346
13670.0 0.5549644446201561
13680.000000000002 0.5550307591797777
13690.0 0.5550086543265706
13700.000000000002 0.5549202349137418
13710.0 0.5548318155009129
13720.000000000002 0.5547212912348769
13730.0 0.5546770815284625
13740.000000000002 0.554632871822048
13750.0 0.554632871822048
13759.999999999998 0.5546107669688408
13770.0 0.5545886621156336
13779.999999999998 0.5545002427028048
13790.0 0.5543676135835615
13799.999999999998 0.5542349844643183
13810.0 0.5541465650514894
13819.999999999998 0.5540802504918679
13830.0 0.5539697262258318
13839.999999999998 0.5537928874001742
13850.0 0.5535497340148948
13859.999999999998 0.5533728951892373
13870.0 0.5533286854828228
13879.999999999998 0.5533065806296156
13890.0 0.5532181612167867
13899.999999999998 0.5531739515103723
13910.0 0.5533286854828228
13919.999999999998 0.5534834194552732
13930.0 0.5533728951892373
13939.999999999998 0.5531518466571652
13950.0 0.5530192175379218
13959.999999999998 0.5530192175379218
13970.0 0.5531076369507507
13980.0 0.5531076369507507
13990.0 0.5529529029783002
14000.0 0.5527318544462282
14010.0 0.5525771204737777
14020.0 0.5525329107673633
14030.0 0.5525771204737777
14040.0 0.5525992253269849
14050.0 0.5525329107673633
14060.0 0.5523781767949129
14070.0 0.5522234428224625
14080.0 0.5520687088500119
14090.0 0.5519581845839758
14100.0 0.5517813457583183
14110.0 0.5514939826666245
14120.0 0.5512729341345525
14130.0 0.5512729341345525
14140.0 0.5512950389877598
14150.0 0.5511624098685164
14160.0 0.5509634661896516
14170.0 0.5508308370704083
14180.0 0.5507866273639939
14190.0 0.5508308370704083
14200.0 0.55089715163003
14210.0 0.5509192564832371
14220.0 0.5510297807492731
14230.0 0.5513834584005886
14240.0 0.5518034506115255
14250.0 0.5521129185564264
14260.0 0.552289757382084
14270.0 0.5523118622352913
14280.0 0.5523118622352913
14290.0 0.55240028164812
14300.0 0.5525550156205705
14310.0 0.5526434350333994
14320.0 0.5526876447398138
14330.0 0.5527539592994354
14340.0 0.5528423787122642
14350.0 0.5529529029783002
14360.0 0.5530634272443362
14370.0 0.5531297418039579
14380.0 0.5531518466571652
14390.0 0.5531297418039579
14400.0 0.5531518466571652
14410.0 0.5532844757764084
14420.0 0.553461314602066
14430.0 0.5535497340148948
14440.0 0.5535718388681021
14450.0 0.5535497340148948
14460.0 0.5535276291616877
14470.0 0.5535497340148948
14480.0 0.5536381534277237
14490.0 0.5537486776937598
14500.0 0.553881306813003
14510.0 0.5540139359322462
14520.0 0.554102355345075
14530.0 0.5540581456386606
14540.0 0.5540360407854534
14550.0 0.5541244601982823
14560.0 0.5542128796111111
14570.0 0.5542570893175255
14580.0 0.55430129902394
14590.0 0.554411823289976
14600.0 0.554522347556012
14610.0 0.5545665572624264
14620.0 0.5545665572624264
14630.0 0.554632871822048
14640.0 0.5546770815284625
14650.0 0.5546770815284625
14660.0 0.5546549766752552
14670.0 0.5547655009412913
14680.0 0.5548981300605346
14690.0 0.5550086543265706
14700.0 0.555052864032985
14710.0 0.5549865494733633
14720.0 0.5549644446201561
14730.0 0.5550749688861921
14740.0 0.5552297028586427
14750.0 0.5552960174182643
14760.0 0.5553402271246787
14770.0 0.5553844368310932
14780.0 0.5554507513907148
14790.000000000002 0.5555170659503363
14800.0 0.5556054853631652
14810.000000000002 0.5557381144824084
14820.0 0.5558265338952373
14830.000000000002 0.5558486387484445
14840.0 0.5558707436016517
14850.000000000002 0.5559370581612734
14860.0 0.5560254775741021
14870.000000000002 0.5560696872805165
14880.0 0.5560917921337237
14890.000000000002 0.5561138969869309
14900.0 0.5561581066933454
14910.000000000002 0.5562465261061742
14920.0 0.556334945519003
14930.000000000002 0.5563791552254175
14940.0 0.5564233649318319
14950.000000000002 0.556555994051075
14960.0 0.5567107280235255
14970.000000000002 0.5567770425831472
14980.0 0.5567991474363544
14990.000000000002 0.5567770425831472
15000.0 0.5567991474363544
15009.999999999998 0.5568875668491832
15020.0 0.5570201959684264
15029.999999999998 0.5571528250876697
15040.0 0.5572633493537057
15049.999999999998 0.5573517687665346
15060.0 0.5574622930325707
15069.999999999998 0.5575507124453994
15080.0 0.5576170270050211
15089.999999999998 0.5575949221518138
15100.0 0.5575949221518138
15109.999999999998 0.5577275512710571
15120.0 0.5579043900967148
15129.999999999998 0.5580812289223724
15140.0 0.5581917531884084
15149.999999999998 0.5582138580416157
15160.0 0.5581917531884084
15169.999999999998 0.5582138580416157
15180.0 0.5582359628948229
15189.999999999998 0.5582801726012373
15200.0 0.5583685920140661
15209.999999999998 0.558457011426895
15220.0 0.5585454308397239
15230.0 0.5586338502525526
15240.0 0.5587001648121742
15250.0 0.5588106890782103
15260.0 0.5589433181974536
15270.0 0.5590759473166967
15280.0 0.5591643667295256
15290.0 0.5591864715827328
15300.0 0.5592527861423544
15310.0 0.5594296249680122
15320.0 0.5595843589404625
15330.0 0.5596285686468769
15340.0 0.5596064637936697
15350.0 0.5596285686468769
15360.0 0.5596948832064986
15370.0 0.5597611977661203
15380.0 0.5598496171789491
15390.0 0.5600264560046068
15400.0 0.5601811899770571
15410.0 0.5602032948302643
15420.0 0.5601811899770571
15430.0 0.5601590851238499
15440.0 0.5602253996834716
15450.0 0.5604022385091293
15460.0 0.5606232870412013
15470.0 0.5607338113072374
15480.0 0.560800125866859
15490.0 0.5609106501328951
15500.0 0.5609990695457239
15510.0 0.5609990695457239
15520.0 0.5609990695457239
15530.0 0.5610874889585526
15540.0 0.5612201180777959
15550.0 0.5613085374906247
15560.0 0.561330642343832
15570.0 0.5612864326374176
15580.0 0.561330642343832
15590.0 0.5614853763162824
15600.0 0.5616180054355258
15610.0 0.5616180054355258
15620.0 0.5616401102887328
15630.0 0.5618390539675978
15640.0 0.5620601024996698
15650.0 0.5621264170592914
15660.0 0.5621264170592914
15670.0 0.5621485219124986
15680.0 0.5622811510317418
15690.0 0.562502199563814
15700.0 0.56261272382985
15710.0 0.5625685141234356
15720.0 0.562502199563814
15730.0 0.5626569335362644
15740.0 0.5629000869215437
15750.0 0.563032716040787
15760.0 0.5630769257472014
15770.0 0.5630548208939942
15780.0 0.5630548208939942
15790.0 0.5631211354536158
15800.0 0.5632095548664445
15810.0 0.563253764572859
15820.0 0.5633421839856879
15830.0 0.5634748131049312
15840.0 0.5636074422241744
15850.0 0.5636295470773816
15860.0 0.5636516519305887
15870.0 0.5638284907562464
15880.0 0.5640274344351113
15890.0 0.5641379587011472
15900.0 0.5642042732607689
15910.0 0.5642263781139762
15920.0 0.564314797526805
15930.0 0.5644916363524627
15940.0 0.5646684751781204
15950.0 0.5647568945909491
15960.0 0.5647568945909491
15970.0 0.5647789994441564
15980.0 0.5648895237101924
15990.0 0.5651105722422646
16000.0 0.5653095159211293
16010.0 0.5653979353339581
16020.0 0.5654421450403726
16030.0 0.5655084595999942
16040.000000000002 0.5656189838660303
16050.0 0.5657516129852735
16060.000000000002 0.5659063469577239
16070.0 0.5660831857833817
16080.000000000002 0.566237919755832
16090.0 0.5663263391686608
16100.000000000002 0.5664147585814897
16110.0 0.5666137022603546
16120.000000000002 0.5667905410860122
16130.0 0.5668347507924266
16140.000000000002 0.5669010653520483
16150.0 0.5670557993244988
16160.000000000002 0.567298952709778
16170.0 0.5675200012418501
16180.000000000002 0.5676968400675078
16190.0 0.567829469186751
16200.000000000002 0.5679399934527871
16210.0 0.5680505177188231
16220.000000000002 0.5681831468380663
16230.0 0.5683378808105168
16240.000000000002 0.56847050992976
16250.0 0.5685589293425889
16259.999999999998 0.5686694536086249
16270.0 0.5688905021406969
16279.999999999998 0.5690894458195619
16290.0 0.5691336555259763
16299.999999999998 0.5691778652323907
16310.0 0.5693547040580483
16319.999999999998 0.5695757525901205
16330.0 0.5697968011221926
16339.999999999998 0.5699736399478502
16350.0 0.5701062690670934
16359.999999999998 0.5702610030395439
16370.0 0.5704378418652015
16379.999999999998 0.5706146806908592
16390.0 0.5707915195165169
16400.0 0.5709241486357601
16410.0 0.5709904631953817
16420.0 0.571123092314625
16430.0 0.5713662456999042
16440.0 0.5715872942319763
16450.0 0.5716757136448051
16460.0 0.5717199233512196
16470.0 0.5718083427640485
16480.0 0.5719409718832917
16490.0 0.5720293912961205
16500.0 0.5722062301217782
16510.0 0.5724935932134718
16520.0 0.5726925368923368
16530.0 0.5726483271859223
16540.0 0.5726041174795078
16550.0 0.57282516601158
16560.0 0.5731346339564809
16570.0 0.5733114727821386
16580.0 0.5734219970481745
16590.0 0.5735325213142105
16600.0 0.5737314649930755
16610.0 0.5740188280847692
16620.0 0.5742177717636341
16630.0 0.5741514572040124
16640.0 0.5740851426443908
16650.0 0.5742840863232557
16660.0 0.5746156591213638
16670.0 0.5748367076534359
16680.0 0.5749251270662648
16690.0 0.5748809173598503
16700.0 0.5748809173598503
16710.0 0.5750356513323007
16720.0 0.5752124901579584
16730.0 0.57527880471758
16740.0 0.5753230144239945
16750.0 0.5755219581028593
16760.0 0.5757651114881386
16770.0 0.5758977406073819
16780.0 0.5760082648734178
16790.0 0.5762293134054899
16800.0 0.576450361937562
16810.0 0.5766050959100124
16820.0 0.5767377250292558
16830.0 0.5768924590017062
16840.0 0.5770250881209494
16850.0 0.5771135075337782
16860.0 0.5772240317998143
16870.0 0.5773566609190575
16880.0 0.577511394891508
16890.0 0.5776661288639585
16900.0 0.5777987579832017
16910.0 0.5779092822492377
16920.0 0.5780640162216881
16930.0 0.5783513793133819
16940.0 0.5785724278454539
16950.0 0.5786166375518683
16960.0 0.5787050569646972
16970.0 0.5790145249095981
16980.0 0.5793018880012918
16990.0 0.5793018880012918
17000.0 0.5792797831480846
17010.0 0.579545041386571
17020.0 0.5799429287443009
17030.0 0.5802081869827873
17040.0 0.5803408161020306
17050.0 0.5803629209552378
17060.0 0.5804292355148594
17070.0 0.5806502840469314
17080.0 0.5808934374322108
17090.0 0.5810481714046613
17100.0 0.5811586956706973
17110.0 0.5812913247899405
17120.0 0.5814681636155982
17130.0 0.5816450024412558
17140.0 0.5817776315604991
17150.0 0.5818439461201207
17160.0 0.581976575239364
17170.0 0.5823523577438865
17180.0 0.582728140248409
17190.0 0.5828165596612378
17200.0 0.5828607693676523
17210.0 0.5829933984868955
17220.0 0.5831923421657604
17230.0 0.5833249712850036
17240.0 0.5834576004042469
17250.0 0.5836786489363189
17260.0 0.5838775926151838
17270.0 0.5839660120280126
17280.0 0.5840102217344271
17290.0 0.5841207460004632
17300.0 0.5842754799729136
17310.0 0.5844744236517784
17320.0 0.5846733673306432
17330.0 0.5848281013030938
17340.0 0.5849828352755442
17350.0 0.5851375692479946
17360.0 0.5852923032204451
17370.0 0.5853807226332739
17380.0 0.5853586177800667
17390.0 0.5852923032204451
17400.0 0.5853365129268595
17410.0 0.5855796663121388
17420.0 0.5858449245506253
17430.0 0.5859554488166613
17440.0 0.5860438682294901
17450.0 0.5861543924955261
17460.0 0.5862649167615622
17470.0 0.5862649167615622
17480.0 0.5861986022019406
17490.0 0.5862207070551478
17500.0 0.586242811908355
17510.0 0.586242811908355
17520.0 0.5863091264679766
17530.0 0.5865301750000487
17540.0 0.5867291186789136
17550.0 0.5867512235321207
17560.0 0.5866849089724993
17570.0 0.5866185944128776
17580.0 0.5865964895596704
17590.0 0.5865964895596704
17600.0 0.5866406992660848
17610.0 0.5866849089724993
17620.0 0.5866849089724993
17630.0 0.5865301750000487
17640.0 0.5863754410275982
17650.0 0.5862870216147694
17660.0 0.5862207070551478
17670.0 0.586021763376283
17680.0 0.585712295431382
17690.0 0.5852701983672379
17700.0 0.5847617867434721
17710.0 0.5841649557068775
17720.0 0.5834576004042469
17730.0 0.5825955111291657
17740.0 0.581556583028427
17750.0 0.580385025808445
17760.0 0.5789261054967694
17770.0 0.577091402680571
17780.0 0.5748809173598503
17790.0 0.5723388592410213
17800.0 0.5693104943516339
17810.0 0.5657074032788592
17820.0 0.5614190617566608
17830.0 0.5564233649318319
17840.0 0.5507645225107867
17850.0 0.5444646393467325
17860.0 0.537391086320426
17870.0 0.5295217585786601
17880.0 0.5207461318553986
17890.0 0.51099789159102
17900.0 0.5002107232259028
17910.0 0.4883846267600466
17920.0 0.4755196021934517
17930.0 0.46165985923253244
17940.0 0.4469380269965322
17950.0 0.4314204200450724
17960.0 0.41501861896532427
17970.0 0.39773262375728785
17980.0 0.3797392732466208
17990.0 0.361237511112188
18000.0 0.34238207132643983
18010.0 0.3231950587425836
18020.0 0.30376489277344804
18030.0 0.284179992831862
18040.0 0.26463930259669044
18050.0 0.24531966089359086
18060.0 0.2263536968418067
18070.0 0.20787403956058106
18080.0 0.18996910846274287
18090.0 0.17272732296112084
18100.0 0.15621499761533672
18110.0 0.14054265669142646
18120.0 0.12575450989580453
18130.0 0.11193897664129972
18140.0 0.09911816178111926
18150.0 0.08726996046205594
18160.0 0.07639437268410977
18170.0 0.06649139844728072
18180.0 0.05751682804515439
18190.0 0.0494706614777308
18200.0 0.042286584185388304
18210.0 0.035942491314919695
18220.0 0.03039417315991057
18230.0 0.025553210307532083
18240.0 0.02133118334495542
18250.0 0.017705987418973355
18260.0 0.014611307969964281
18270.0 0.011980830438306566
18280.0 0.009770345117585798
18290.0 0.00791353744818035
18300.0 0.006366197723675813
18310.0 0.005084116237657767
18320.0 0.004045188136919006
18330.0 0.0031830988618379067
18340.0 0.0024978484124144685
18350.0 0.0019452270822342764
18360.0 0.0015031300180901226
18370.0 0.0011715572199820074
18380.0 0.0008841941282883074
18390.0 0.0006852504494234382
18400.0 0.0005084116237657767
18410.0 0.00037578250452253065
18420.0 0.0002873630916936999
18430.0 0.00022104853207207686
18440.0 0.0001547339724504538
18450.0 0.00011052426603603843
18460.0 8.841941282883074e-05
18470.0 6.631455962162305e-05
18480.0 4.420970641441537e-05
18490.0 2.2104853207207685e-05
18500.0 2.2104853207207685e-05
18510.0 2.2104853207207685e-05
18520.0 0.0
