mejiro/data/roman_filter_response/RomanSCA07-F158.ecsv
# %ECSV 1.0
# ---
# datatype:
# - {name: wavelength, unit: Angstrom, datatype: float64}
# - {name: response, datatype: float64}
# meta:
#   __serialized_columns__:
#     wavelength:
#       __class__: astropy.units.quantity.Quantity
#       unit: !astropy.units.Unit {unit: Angstrom}
#       value: !astropy.table.SerializedColumn {name: wavelength}
#   band_name: F158
#   group_name: RomanSCA07
# schema: astropy-2.0
wavelength response
13650.0 0.0
13660.000000000002 4.420970641441537e-05
13670.0 0.00011052426603603843
13680.000000000002 0.0002873630916936999
13690.0 0.0007515650090450613
13700.000000000002 0.0018568076694054454
13710.0 0.004177817256162252
13720.000000000002 0.008797731576468659
13730.0 0.017197575795207577
13740.000000000002 0.03138889155423491
13750.0 0.0534937447614426
13759.999999999998 0.08528052367340724
13770.0 0.12756710785879555
13779.999999999998 0.17944719833611197
13790.0 0.23824610786728445
13799.999999999998 0.29985233375577225
13810.0 0.3594912277088186
13819.999999999998 0.4128081336446035
13830.0 0.4567967915269468
13839.999999999998 0.4902635392826593
13850.0 0.5137388933887138
13859.999999999998 0.5289912421016871
13870.0 0.5382310707422999
13879.999999999998 0.5433593966863721
13890.0 0.5459014548052009
13899.999999999998 0.5471172217315974
13910.0 0.547824577034228
13919.999999999998 0.5481782546855435
13930.0 0.5481561498323362
13939.999999999998 0.5479793110066785
13950.0 0.5478687867406424
13959.999999999998 0.5478687867406424
13970.0 0.5479351013002641
13980.0 0.5479572061534713
13990.0 0.5478024721810208
14000.0 0.5475593187957416
14010.0 0.5474266896764983
14020.0 0.5473824799700839
14030.0 0.5474266896764983
14040.0 0.5474487945297055
14050.0 0.5473824799700839
14060.0 0.5472277459976335
14070.0 0.547073012025183
14080.0 0.5469403829059397
14090.0 0.5468077537866965
14100.0 0.5466309149610389
14110.0 0.5463656567225523
14120.0 0.5461446081904803
14130.0 0.5461225033372731
14140.0 0.5461446081904803
14150.0 0.5460340839244443
14160.0 0.5458351402455794
14170.0 0.5456804062731289
14180.0 0.5456361965667145
14190.0 0.5457025111263362
14200.0 0.5457688256859577
14210.0 0.5457909305391649
14220.0 0.5459014548052009
14230.0 0.546233027603309
14240.0 0.5466530198142461
14250.0 0.546962487759147
14260.0 0.5471393265848047
14270.0 0.5471393265848047
14280.0 0.5471614314380118
14290.0 0.5472498508508407
14300.0 0.5474045848232911
14310.0 0.5474930042361199
14320.0 0.5475372139425343
14330.0 0.547603528502156
14340.0 0.5476919479149849
14350.0 0.5478024721810208
14360.0 0.5478908915938497
14370.0 0.5479793110066785
14380.0 0.5480014158598857
14390.0 0.5479793110066785
14400.0 0.5480014158598857
14410.0 0.548134044979129
14420.0 0.5482887789515795
14430.0 0.5483993032176155
14440.0 0.5483993032176155
14450.0 0.5483771983644082
14460.0 0.548355093511201
14470.0 0.5483771983644082
14480.0 0.548465617777237
14490.0 0.5485982468964803
14500.0 0.5487308760157236
14510.0 0.5488635051349668
14520.0 0.5489298196945884
14530.0 0.548885609988174
14540.0 0.5488635051349668
14550.0 0.5489519245477956
14560.0 0.5490403439606245
14570.0 0.5490845536670389
14580.0 0.5491287633734533
14590.0 0.5492613924926966
14600.0 0.5493498119055253
14610.0 0.5493940216119397
14620.0 0.5493940216119397
14630.0 0.5494603361715614
14640.0 0.5495045458779758
14650.0 0.5495045458779758
14660.0 0.5494824410247686
14670.0 0.5495929652908047
14680.0 0.5497255944100479
14690.0 0.549836118676084
14700.0 0.5498803283824983
14710.0 0.5498140138228768
14720.0 0.5497919089696696
14730.0 0.5499024332357055
14740.0 0.550057167208156
14750.0 0.5501234817677777
14760.0 0.5501455866209849
14770.0 0.5502119011806065
14780.0 0.5502782157402281
14790.000000000002 0.5503445302998498
14800.0 0.5504329497126785
14810.000000000002 0.5505434739787146
14820.0 0.5506318933915435
14830.000000000002 0.5506761030979579
14840.0 0.5506761030979579
14850.000000000002 0.5507645225107867
14860.0 0.5508308370704083
14870.000000000002 0.55089715163003
14880.0 0.5509192564832371
14890.000000000002 0.5509192564832371
14900.0 0.5509634661896516
14910.000000000002 0.5510518856024804
14920.0 0.5511624098685164
14930.000000000002 0.5511845147217237
14940.0 0.5512287244281381
14950.000000000002 0.5513613535473812
14960.0 0.5515160875198318
14970.000000000002 0.5515824020794533
14980.0 0.5516045069326606
14990.000000000002 0.5515824020794533
15000.0 0.5516045069326606
15009.999999999998 0.5516929263454894
15020.0 0.5518255554647327
15029.999999999998 0.5519581845839758
15040.0 0.5520466039968047
15049.999999999998 0.5521571282628408
15060.0 0.5522676525288769
15069.999999999998 0.5523560719417057
15080.0 0.55240028164812
15089.999999999998 0.5523781767949129
15100.0 0.55240028164812
15109.999999999998 0.552510805914156
15120.0 0.552709749593021
15129.999999999998 0.5528865884186785
15140.0 0.5529750078315074
15149.999999999998 0.5529971126847146
15160.0 0.5529971126847146
15169.999999999998 0.5529971126847146
15180.0 0.5530413223911291
15189.999999999998 0.5530855320975435
15200.0 0.5531518466571652
15209.999999999998 0.553240266069994
15220.0 0.55335079033603
15230.0 0.5534171048956517
15240.0 0.5535055243084804
15250.0 0.5536160485745165
15260.0 0.5537265728405525
15270.0 0.5538592019597958
15280.0 0.5539476213726245
15290.0 0.5539697262258318
15300.0 0.5540360407854534
15310.0 0.5542128796111111
15320.0 0.5543676135835615
15330.0 0.5543897184367688
15340.0 0.5543897184367688
15350.0 0.554411823289976
15360.0 0.5544781378495975
15370.0 0.5545444524092192
15380.0 0.554632871822048
15390.0 0.5548097106477057
15400.0 0.554942339766949
15410.0 0.5549865494733633
15420.0 0.5549644446201561
15430.0 0.554942339766949
15440.0 0.5549865494733633
15450.0 0.5551854931522282
15460.0 0.5553844368310932
15470.0 0.5554949610971291
15480.0 0.5555612756567507
15490.0 0.5556717999227867
15500.0 0.5557602193356157
15510.0 0.5557602193356157
15520.0 0.5557602193356157
15530.0 0.5558486387484445
15540.0 0.5559812678676878
15550.0 0.5560696872805165
15560.0 0.5560917921337237
15570.0 0.5560696872805165
15580.0 0.5560917921337237
15590.0 0.5562465261061742
15600.0 0.5563791552254175
15610.0 0.5563791552254175
15620.0 0.5564012600786247
15630.0 0.5566002037574895
15640.0 0.5568212522895616
15650.0 0.5568875668491832
15660.0 0.5568875668491832
15670.0 0.5569096717023905
15680.0 0.5570423008216336
15690.0 0.5572412445004986
15700.0 0.5573738736197418
15710.0 0.5573075590601202
15720.0 0.5572633493537057
15730.0 0.5574180833261562
15740.0 0.5576612367114355
15750.0 0.5577938658306788
15760.0 0.5578380755370932
15770.0 0.5578159706838859
15780.0 0.5577938658306788
15790.0 0.5578601803903003
15800.0 0.5579485998031292
15810.0 0.5579928095095437
15820.0 0.5580812289223724
15830.0 0.5582359628948229
15840.0 0.5583464871608589
15850.0 0.5583685920140661
15860.0 0.5583906968672734
15870.0 0.5585675356929309
15880.0 0.5587664793717959
15890.0 0.558877003637832
15900.0 0.5589433181974536
15910.0 0.5589654230506608
15920.0 0.5590538424634895
15930.0 0.5592306812891472
15940.0 0.5594075201148049
15950.0 0.5594738346744266
15960.0 0.5594959395276337
15970.0 0.559518044380841
15980.0 0.5596285686468769
15990.0 0.5598275123257418
16000.0 0.5600264560046068
16010.0 0.5601148754174355
16020.0 0.5601590851238499
16030.0 0.5602475045366788
16040.000000000002 0.5603580288027149
16050.0 0.5604906579219581
16060.000000000002 0.5606453918944085
16070.0 0.560800125866859
16080.000000000002 0.5609548598393095
16090.0 0.5610432792521383
16100.000000000002 0.561131698664967
16110.0 0.561330642343832
16120.000000000002 0.5615074811694897
16130.0 0.5615516908759041
16140.000000000002 0.5615959005823185
16150.0 0.5617727394079761
16160.000000000002 0.5619937879400483
16170.0 0.5622148364721203
16180.000000000002 0.5624137801509851
16190.0 0.5625243044170212
16200.000000000002 0.5626348286830573
16210.0 0.5627453529490932
16220.000000000002 0.5628779820683365
16230.0 0.563032716040787
16240.000000000002 0.5631653451600301
16250.0 0.563253764572859
16259.999999999998 0.5633642888388951
16270.0 0.5635853373709672
16279.999999999998 0.563784281049832
16290.0 0.5638284907562464
16299.999999999998 0.5638727004626608
16310.0 0.5640274344351113
16319.999999999998 0.5642705878203906
16330.0 0.5644916363524627
16339.999999999998 0.5646684751781204
16350.0 0.5648011042973635
16359.999999999998 0.5649337334166068
16370.0 0.5651105722422646
16379.999999999998 0.5652874110679221
16390.0 0.5654642498935798
16400.0 0.5655968790128231
16410.0 0.5656631935724447
16420.0 0.5657958226916879
16430.0 0.5660389760769673
16440.0 0.5662600246090393
16450.0 0.5663484440218681
16460.0 0.5663926537282825
16470.0 0.5664810731411114
16480.0 0.5665915974071474
16490.0 0.5667021216731835
16500.0 0.5668568556456339
16510.0 0.5671663235905348
16520.0 0.5673652672693996
16530.0 0.5673210575629852
16540.0 0.5672768478565708
16550.0 0.5674978963886429
16560.0 0.5677852594803366
16570.0 0.5679620983059942
16580.0 0.5680726225720303
16590.0 0.5681831468380663
16600.0 0.5683820905169312
16610.0 0.5686694536086249
16620.0 0.5688683972874898
16630.0 0.5688020827278681
16640.0 0.5687357681682466
16650.0 0.5689347118471114
16660.0 0.5692441797920124
16670.0 0.5694652283240844
16680.0 0.5695536477369132
16690.0 0.5695094380304988
16700.0 0.5695094380304988
16710.0 0.5696862768561565
16720.0 0.5698631156818141
16730.0 0.5699073253882285
16740.0 0.5699515350946429
16750.0 0.5701504787735078
16760.0 0.5703936321587871
16770.0 0.5705262612780303
16780.0 0.5706367855440664
16790.0 0.5708578340761384
16800.0 0.5710788826082105
16810.0 0.5712336165806611
16820.0 0.5713662456999042
16830.0 0.5715209796723547
16840.0 0.571653608791598
16850.0 0.5717420282044268
16860.0 0.5718304476172557
16870.0 0.5719630767364988
16880.0 0.5721399155621565
16890.0 0.5722725446813998
16900.0 0.572405173800643
16910.0 0.572515698066679
16920.0 0.5726704320391295
16930.0 0.5729577951308232
16940.0 0.5731567388096881
16950.0 0.5732230533693097
16960.0 0.5733114727821386
16970.0 0.5736209407270395
16980.0 0.573886198965526
16990.0 0.573886198965526
17000.0 0.573886198965526
17010.0 0.5741514572040124
17020.0 0.5745272397085349
17030.0 0.5748146028002287
17040.0 0.5749251270662648
17050.0 0.574947231919472
17060.0 0.5750135464790935
17070.0 0.5752345950111656
17080.0 0.5754777483964449
17090.0 0.5756324823688953
17100.0 0.5757430066349314
17110.0 0.5758756357541747
17120.0 0.5760303697266251
17130.0 0.5762293134054899
17140.0 0.5763619425247333
17150.0 0.5764061522311477
17160.0 0.576560886203598
17170.0 0.5769366687081205
17180.0 0.577290346359436
17190.0 0.577400870625472
17200.0 0.5774229754786792
17210.0 0.5775556045979224
17220.0 0.5777545482767873
17230.0 0.5778871773960306
17240.0 0.5780198065152737
17250.0 0.5782408550473458
17260.0 0.5784397987262108
17270.0 0.5785061132858323
17280.0 0.5785724278454539
17290.0 0.57868295211149
17300.0 0.5788376860839404
17310.0 0.5790366297628053
17320.0 0.5792134685884629
17330.0 0.5793682025609135
17340.0 0.579522936533364
17350.0 0.5796997753590216
17360.0 0.5798324044782648
17370.0 0.5799208238910936
17380.0 0.5798987190378865
17390.0 0.5798324044782648
17400.0 0.5798766141846792
17410.0 0.5800976627167512
17420.0 0.580385025808445
17430.0 0.5804955500744811
17440.0 0.5805618646341026
17450.0 0.5806944937533458
17460.0 0.5808050180193819
17470.0 0.5807829131661748
17480.0 0.5807387034597603
17490.0 0.5807608083129675
17500.0 0.5807829131661748
17510.0 0.5807829131661748
17520.0 0.5808492277257964
17530.0 0.5810702762578683
17540.0 0.5812692199367333
17550.0 0.5812913247899405
17560.0 0.5812250102303189
17570.0 0.5812029053771117
17580.0 0.5811808005239044
17590.0 0.5812029053771117
17600.0 0.5812471150835261
17610.0 0.5812913247899405
17620.0 0.5812250102303189
17630.0 0.580915542285418
17640.0 0.5803408161020306
17650.0 0.5794345171205351
17660.0 0.5777103385703729
17670.0 0.5745493445617422
17680.0 0.5691557603791836
17690.0 0.560579077334787
17700.0 0.5476919479149849
17710.0 0.529300710046588
17720.0 0.5043443307756506
17730.0 0.47213755965274895
17740.0 0.43274671123750486
17750.0 0.38703387480499934
17760.0 0.3365905997861514
17770.0 0.28373789576771785
17780.0 0.2312388694005996
17790.0 0.18179031277607602
17800.0 0.13753639665524622
17810.0 0.09995814620299315
17820.0 0.06965239245591141
17830.0 0.04648650629475776
17840.0 0.02968681785727992
17850.0 0.0181259796299103
17860.0 0.010566119833045274
17870.0 0.0058798909531172444
17880.0 0.0031167843022162837
17890.0 0.0015694445777117458
17900.0 0.0007515650090450613
17910.0 0.00035367765131532296
17920.0 0.0001547339724504538
17930.0 6.631455962162305e-05
17940.0 2.2104853207207685e-05
17950.0 0.0
