mejiro/data/roman_filter_response/RomanSCA18-F146.ecsv
# %ECSV 1.0
# ---
# datatype:
# - {name: wavelength, unit: Angstrom, datatype: float64}
# - {name: response, datatype: float64}
# meta:
#   __serialized_columns__:
#     wavelength:
#       __class__: astropy.units.quantity.Quantity
#       unit: !astropy.units.Unit {unit: Angstrom}
#       value: !astropy.table.SerializedColumn {name: wavelength}
#   band_name: F146
#   group_name: RomanSCA18
# schema: astropy-2.0
wavelength response
[from data line 567]
14780.0 0.6008541198783193
14790.000000000002 0.6008983295847337
14800.0 0.6009867489975625
14810.000000000002 0.6010972732635986
14820.0 0.6011856926764274
14830.000000000002 0.6011856926764274
14840.0 0.6012077975296347
14850.000000000002 0.6012741120892563
14860.0 0.6013404266488779
14870.000000000002 0.6014067412084995
14880.0 0.6014067412084995
14890.000000000002 0.6014067412084995
14900.0 0.6014509509149139
14910.000000000002 0.6015393703277427
14920.0 0.6016498945937788
14930.000000000002 0.601671999446986
14940.0 0.6017162091534004
14950.000000000002 0.6018709431258509
14960.0 0.6020256770983013
14970.000000000002 0.602091991657923
14980.0 0.602091991657923
14990.000000000002 0.6020698868047157
15000.0 0.602091991657923
15009.999999999998 0.6021804110707518
15020.0 0.6023351450432022
15029.999999999998 0.6024677741624455
15040.0 0.6025782984284815
15049.999999999998 0.6026667178413103
15060.0 0.6027772421073464
15069.999999999998 0.6028877663733824
15080.0 0.6029319760797968
15089.999999999998 0.6028877663733824
15100.0 0.6028877663733824
15109.999999999998 0.6030203954926258
15120.0 0.6032193391714905
15129.999999999998 0.6033961779971482
15140.0 0.6034845974099771
15149.999999999998 0.6035067022631843
15160.0 0.6034845974099771
15169.999999999998 0.6034624925567698
15180.0 0.6034845974099771
15189.999999999998 0.6035288071163915
15200.0 0.603595121676013
15209.999999999998 0.6036835410888418
15220.0 0.6037498556484635
15230.0 0.6038161702080851
15240.0 0.6038824847677068
15250.0 0.6039930090337429
15260.0 0.6041035332997788
15270.0 0.6042140575658149
15280.0 0.6042803721254365
15290.0 0.6042803721254365
15300.0 0.604324581831851
15310.0 0.6044793158043014
15320.0 0.6046119449235445
15330.0 0.6046119449235445
15340.0 0.6045677352171301
15350.0 0.6045677352171301
15360.0 0.6045898400703374
15370.0 0.6046119449235445
15380.0 0.6046782594831662
15390.0 0.6048108886024095
15400.0 0.6049435177216527
15410.0 0.6049214128684456
15420.0 0.6048550983088239
15430.0 0.6047666788959951
15440.0 0.6047666788959951
15450.0 0.6049214128684456
15460.0 0.6050982516941033
15470.0 0.6051424614005176
15480.0 0.6051645662537247
15490.0 0.6052087759601392
15500.0 0.6052529856665537
15510.0 0.605186671106932
15520.0 0.6050982516941033
15530.0 0.6051424614005176
15540.0 0.6052087759601392
15550.0 0.6052087759601392
15560.0 0.6051645662537247
15570.0 0.6050540419876888
15580.0 0.6049877274280672
15590.0 0.605076146840896
15600.0 0.6051645662537247
15610.0 0.605076146840896
15620.0 0.6050098322812744
15630.0 0.6051424614005176
15640.0 0.6052971953729681
15650.0 0.6052750905197608
15660.0 0.6051645662537247
15670.0 0.6051203565473103
15680.0 0.6051645662537247
15690.0 0.6052971953729681
15700.0 0.6053635099325897
15710.0 0.6052087759601392
15720.0 0.6050540419876888
15730.0 0.6051424614005176
15740.0 0.6053193002261752
15750.0 0.6053856147857969
15760.0 0.6053414050793825
15770.0 0.6052308808133464
15780.0 0.6051424614005176
15790.0 0.6051424614005176
15800.0 0.6051424614005176
15810.0 0.6051203565473103
15820.0 0.6051203565473103
15830.0 0.6052087759601392
15840.0 0.6052750905197608
15850.0 0.6052308808133464
15860.0 0.605186671106932
15870.0 0.6053193002261752
15880.0 0.6054740341986258
15890.0 0.6055403487582472
15900.0 0.6055403487582472
15910.0 0.6055182439050402
15920.0 0.6055624536114546
15930.0 0.605717187583905
15940.0 0.6058498167031483
15950.0 0.6058940264095627
15960.0 0.6058719215563554
15970.0 0.6058719215563554
15980.0 0.6059603409691843
15990.0 0.6061592846480491
16000.0 0.6063361234737068
16010.0 0.6064245428865356
16020.0 0.6064466477397429
16030.0 0.6065350671525717
16040.000000000002 0.6066455914186077
16050.0 0.606778220537851
16060.000000000002 0.6069550593635087
16070.0 0.6071540030423735
16080.000000000002 0.6073087370148239
16090.0 0.60741926128086
16100.000000000002 0.6075297855468961
16110.0 0.6077508340789681
16120.000000000002 0.6079718826110402
16130.0 0.6080381971706619
16140.000000000002 0.6081266165834907
16150.0 0.6083255602623554
16160.000000000002 0.6086129233540492
16170.0 0.6088781815925357
16180.000000000002 0.6090992301246078
16190.0 0.6092760689502654
16200.000000000002 0.6094086980695087
16210.0 0.6095634320419592
16220.000000000002 0.6097402708676168
16230.0 0.6099392145464817
16240.000000000002 0.6101381582253466
16250.0 0.6102486824913825
16259.999999999998 0.610403416463833
16270.0 0.6106686747023196
16279.999999999998 0.610933932940806
16290.0 0.6110223523536349
16299.999999999998 0.6111107717664637
16310.0 0.6113097154453285
16319.999999999998 0.6115970785370223
16330.0 0.6118623367755087
16339.999999999998 0.6120833853075809
16350.0 0.6122602241332384
16359.999999999998 0.6124370629588961
16370.0 0.6126581114909682
16379.999999999998 0.6128791600230403
16390.0 0.6131002085551124
16400.0 0.6132549425275629
16410.0 0.6133433619403917
16420.0 0.6134759910596349
16430.0 0.6137633541513287
16440.0 0.6140065075366078
16450.0 0.6141170318026439
16460.0 0.6141612415090584
16470.0 0.6142717657750945
16480.0 0.6143822900411304
16490.0 0.6144928143071665
16500.0 0.614647548279617
16510.0 0.6149349113713105
16520.0 0.6151559599033827
16530.0 0.6150675404905539
16540.0 0.6150012259309322
16550.0 0.6152001696097972
16560.0 0.6154875327014908
16570.0 0.6156422666739412
16580.0 0.6157306860867701
16590.0 0.6157970006463918
16600.0 0.6159738394720493
16610.0 0.6162390977105359
16620.0 0.6163938316829863
16630.0 0.6162612025637431
16640.0 0.616150678297707
16650.0 0.6163054122701574
16660.0 0.616570670508644
16670.0 0.6167475093343016
16680.0 0.616791719040716
16690.0 0.61668119477468
16700.0 0.6166148802150584
16710.0 0.6167032996278872
16720.0 0.6168359287471306
16730.0 0.6168138238939233
16740.0 0.6168138238939233
16750.0 0.6169464530131665
16760.0 0.6171232918388241
16770.0 0.617211711251653
16780.0 0.6172559209580675
16790.0 0.6174106549305178
16800.0 0.6175874937561755
16810.0 0.6176759131690043
16820.0 0.6177643325818333
16830.0 0.617852751994662
16840.0 0.6179411714074908
16850.0 0.617963276260698
16860.0 0.6179853811139053
16870.0 0.6180738005267341
16880.0 0.6181843247927702
16890.0 0.618272744205599
16900.0 0.6183611636184279
16910.0 0.6184053733248422
16920.0 0.6185380024440854
16930.0 0.6187811558293648
16940.0 0.6189579946550224
16950.0 0.6189579946550224
16960.0 0.6190022043614368
16970.0 0.6192895674531306
16980.0 0.619554825691617
16990.0 0.6195106159852026
17000.0 0.6194443014255809
17010.0 0.6197095596640675
17020.0 0.6201074470217972
17030.0 0.6203727052602838
17040.0 0.6204832295263197
17050.0 0.6204832295263197
17060.0 0.6205274392327341
17070.0 0.6207484877648062
17080.0 0.6210137460032927
17090.0 0.6211684799757431
17100.0 0.6212790042417792
17110.0 0.6214116333610225
17120.0 0.6215884721866801
17130.0 0.621787415865545
17140.0 0.6219421498379955
17150.0 0.622008464397617
17160.0 0.6221631983700675
17170.0 0.6225831905810044
17180.0 0.6229810779387341
17190.0 0.6231137070579775
17200.0 0.6231579167643919
17210.0 0.6233347555900496
17220.0 0.6235558041221216
17230.0 0.6237105380945721
17240.0 0.6238873769202298
17250.0 0.6241526351587162
17260.0 0.6243957885439955
17270.0 0.6245063128100315
17280.0 0.6245947322228604
17290.0 0.6247494661953108
17300.0 0.624970514727383
17310.0 0.6252136681126621
17320.0 0.6254568214979415
17330.0 0.6256557651768063
17340.0 0.6258547088556712
17350.0 0.6260757573877432
17360.0 0.6262968059198153
17370.0 0.6264294350390586
17380.0 0.6264515398922659
17390.0 0.6264294350390586
17400.0 0.6265178544518873
17410.0 0.6268273223967884
17420.0 0.6271588951948965
17430.0 0.6273578388737613
17440.0 0.6274683631397974
17450.0 0.6276673068186622
17460.0 0.6278441456443199
17470.0 0.6278662504975271
17480.0 0.6278883553507343
17490.0 0.627954669910356
17500.0 0.6280430893231848
17510.0 0.6280872990295993
17520.0 0.6282420330020496
17530.0 0.6285072912405362
17540.0 0.6287946543322298
17550.0 0.6288830737450587
17560.0 0.6288830737450587
17570.0 0.6288830737450587
17580.0 0.6289493883046803
17590.0 0.6290378077175091
17600.0 0.6291483319835451
17610.0 0.6293251708092028
17620.0 0.6294135902220316
17630.0 0.6293914853688245
17640.0 0.6293914853688245
17650.0 0.6295020096348605
17660.0 0.6296567436073109
17670.0 0.6297230581669326
17680.0 0.6297230581669326
17690.0 0.6297009533137253
17700.0 0.6296788484605181
17710.0 0.6296788484605181
17720.0 0.6297009533137253
17730.0 0.6297230581669326
17740.0 0.6297893727265541
17750.0 0.6299441066990047
17760.0 0.6300767358182479
17770.0 0.6301430503778694
17780.0 0.6301872600842839
17790.0 0.6303198892035272
17800.0 0.6304525183227704
17810.0 0.6304746231759776
17820.0 0.6304304134695632
17830.0 0.6302977843503199
17840.0 0.6302314697906983
17850.0 0.6302535746439055
17860.0 0.6303862037631488
17870.0 0.6305630425888064
17880.0 0.6307840911208785
17890.0 0.6309609299465362
17900.0 0.6310935590657795
17910.0 0.6311377687721939
17920.0 0.6311377687721939
17930.0 0.6311156639189867
17940.0 0.631159873625401
17950.0 0.6314030270106803
17960.0 0.6316019706895452
17970.0 0.6316019706895452
17980.0 0.6315577609831308
17990.0 0.6316461803959595
18000.0 0.6318672289280316
18010.0 0.6321766968729327
18020.0 0.6324198502582119
18030.0 0.6324861648178335
18040.0 0.6325082696710408
18050.0 0.6325745842306623
18060.0 0.6327514230563199
18070.0 0.6329724715883921
18080.0 0.6332377298268785
18090.0 0.6334808832121579
18100.0 0.6336798268910226
18110.0 0.6337682463038516
18120.0 0.6339008754230948
18130.0 0.6341882385147886
18140.0 0.6344977064596894
18150.0 0.6347408598449688
18160.0 0.6349619083770408
18170.0 0.6351387472026985
18180.0 0.6351829569091129
18190.0 0.6350503277898696
18200.0 0.6349619083770408
18210.0 0.6351608520559057
18220.0 0.6355366345604282
18230.0 0.6359124170649506
18240.0 0.6363324092758876
18250.0 0.6367966111932389
18260.0 0.6372387082573832
18270.0 0.6375923859086985
18280.0 0.6377913295875633
18290.0 0.6378134344407707
18300.0 0.6378797490003921
18310.0 0.6381229023856715
18320.0 0.6383881606241579
18330.0 0.6384765800369867
18340.0 0.6385428945966084
18350.0 0.6387860479818878
18360.0 0.639139725633203
18370.0 0.6395155081377255
18380.0 0.639891290642248
18390.0 0.640200758587149
18400.0 0.6404218071192211
18410.0 0.6405544362384643
18420.0 0.6406207507980859
18430.0 0.6406428556512932
18440.0 0.6406870653577076
18450.0 0.6408196944769509
18460.0 0.6410186381558157
18470.0 0.6412175818346805
18480.0 0.6414607352199598
18490.0 0.6417480983116536
18500.0 0.641902832284104
18510.0 0.6418144128712752
18520.0 0.6417480983116536
18530.0 0.6419249371373111
18540.0 0.6421680905225905
18550.0 0.6422344050822122
18560.0 0.6422344050822122
18570.0 0.6423670342014554
18580.0 0.642543873027113
18590.0 0.6427207118527707
18600.0 0.6428975506784282
18610.0 0.6430522846508788
18620.0 0.6432070186233293
18630.0 0.6432954380361581
18640.0 0.643184913770122
18650.0 0.6428312361188068
18660.0 0.642543873027113
18670.0 0.6425880827335274
18680.0 0.6427428167059779
18690.0 0.6427870264123923
18700.0 0.6426986069995635
18710.0 0.6425880827335274
18720.0 0.6426986069995635
18730.0 0.6431628089169149
18740.0 0.6435828011278518
18750.0 0.6435385914214374
18760.0 0.643405962302194
18770.0 0.6435164865682301
18780.0 0.6436712205406806
18790.0 0.6435828011278518
18800.0 0.6434722768618157
18810.0 0.6435385914214374
18820.0 0.6436491156874734
18830.0 0.643604905981059
18840.0 0.6435164865682301
18850.0 0.6435606962746445
18860.0 0.6436270108342662
18870.0 0.6436270108342662
18880.0 0.6435606962746445
18890.0 0.6435385914214374
18900.0 0.6436270108342662
18910.0 0.6438701642195455
18920.0 0.6439143739259598
18930.0 0.6434943817150229
18940.0 0.6430301797976715
18950.0 0.6429638652380499
18960.0 0.6429859700912571
18970.0 0.6427870264123923
18980.0 0.6426543972931491
18990.0 0.6428754458252212
19000.0 0.6431407040637076
19010.0 0.643184913770122
19020.0 0.6431407040637076
19030.0 0.6432291234765364
19040.0 0.643383857448987
19050.0 0.6434943817150229
19060.0 0.6434280671554014
19070.0 0.6431628089169149
19080.0 0.6428754458252212
19090.0 0.6427428167059779
19100.0 0.6428091312655995
19110.0 0.6429859700912571
19120.0 0.6431185992105004
19130.0 0.6431407040637076
19140.0 0.6431185992105004
19150.0 0.6431628089169149
19160.0 0.6431185992105004
19170.0 0.6429196555316355
19180.0 0.6425659778803202
19190.0 0.6422123002290049
19200.0 0.6421901953757976
19210.0 0.6426986069995635
19220.0 0.6432291234765364
19230.0 0.6432954380361581
19240.0 0.6431185992105004
19250.0 0.6430080749444643
19260.0 0.6428091312655995
19270.0 0.6423891390546626
19280.0 0.6421238808161761
19290.0 0.6424112439078697
19300.0 0.6428754458252212
19310.0 0.6430743895040859
19320.0 0.6429859700912571
19330.0 0.6426322924399418
19340.0 0.6423670342014554
19350.0 0.6424112439078697
19360.0 0.6425217681739057
19370.0 0.6425217681739057
19380.0 0.6424554536142842
19390.0 0.6425217681739057
19400.0 0.6426986069995635
19410.0 0.6429859700912571
19420.0 0.6431407040637076
19430.0 0.6429859700912571
19440.0 0.6426765021463563
19450.0 0.6424333487610769
19460.0 0.6423449293482482
19470.0 0.6424554536142842
19480.0 0.6425659778803202
19490.0 0.6424554536142842
19500.0 0.6424112439078697
19510.0 0.6426322924399418
19520.0 0.6429417603848427
19530.0 0.6430522846508788
19540.0 0.6430743895040859
19550.0 0.6431628089169149
19560.0 0.6433175428893653
19570.0 0.6434943817150229
19580.0 0.6435164865682301
19590.0 0.6433175428893653
19600.0 0.6432291234765364
19610.0 0.6435606962746445
19620.0 0.6439143739259598
19630.0 0.6438259545131311
19640.0 0.6436270108342662
19650.0 0.6436933253938878
19660.0 0.6439143739259598
19670.0 0.6441133176048247
19680.0 0.6442901564304824
19690.0 0.6444227855497257
19700.0 0.6444669952561402
19710.0 0.6443564709901041
19720.0 0.6443343661368968
19730.0 0.6445112049625545
19740.0 0.6446217292285905
19750.0 0.6444891001093472
19760.0 0.6442901564304824
19770.0 0.6443564709901041
19780.0 0.6445333098157617
19790.0 0.6447101486414193
19800.0 0.644776463201041
19810.0 0.6446659389350049
19820.0 0.6442901564304824
19830.0 0.643383857448987
19840.0 0.6412175818346805
19850.0 0.6367302966336174
19860.0 0.6284630815341218
19870.0 0.6144264997475448
19880.0 0.5921227028614723
19890.0 0.55920857643594
19900.0 0.5143799341317228
19910.0 0.45794624389372157
19920.0 0.39218430560227874
19930.0 0.3212056219539349
19940.0 0.25031535771841984
19950.0 0.18479657281225625
19960.0 0.12871656022557035
19970.0 0.08430791013229012
19980.0 0.05183588077090202
19990.0 0.029863656682937584
20000.0 0.016092333134847196
20010.0 0.008090376273838013
20019.999999999996 0.003779929898432514
20030.0 0.0016578639905405763
20040.0 0.0006631455962162305
20050.0 0.00024315338527928454
20059.999999999996 8.841941282883074e-05
20070.0 2.2104853207207685e-05
20080.0 0.0
