mejiro/data/roman_filter_response/RomanSCA17-F087.ecsv
# %ECSV 1.0
# ---
# datatype:
# - {name: wavelength, unit: Angstrom, datatype: float64}
# - {name: response, datatype: float64}
# meta:
#   __serialized_columns__:
#     wavelength:
#       __class__: astropy.units.quantity.Quantity
#       unit: !astropy.units.Unit {unit: Angstrom}
#       value: !astropy.table.SerializedColumn {name: wavelength}
#   band_name: F087
#   group_name: RomanSCA17
# schema: astropy-2.0
wavelength response
7490.0 0.0
7500.0 2.2104853207207685e-05
7510.0 0.00011052426603603843
7520.0 0.0005305164769729844
7530.0 0.0021662756143063532
7540.0 0.00744933553082899
7550.0 0.021286973638541002
7560.0 0.05097379149582092
7570.0 0.1032517693308671
7580.0 0.1786293187674453
7590.0 0.2676676674860779
7600.0 0.3537660707281518
7610.0 0.42209217199163074
7620.0 0.46681029002981195
7630.0 0.49103720914491156
7640.0 0.5019570066292721
7650.0 0.5061348238854343
7660.0 0.5076821636099389
7670.0 0.5087210917106777
7680.0 0.5101358023159389
7690.0 0.5115505129212002
7700.0 0.5124568119026958
7710.0 0.5130978526457048
7720.0 0.5137388933887138
7730.0 0.5144683535445517
7740.0 0.5152641282600111
7750.0 0.516104112681885
7760.0 0.5170325165165878
7770.0 0.5177619766724256
7780.0 0.5181819688833625
7790.0 0.5186019610942995
7800.0 0.5193314212501374
7810.0 0.520038776552768
7820.0 0.5203703493508761
7830.0 0.5204587687637049
7840.0 0.5205250833233266
7850.0 0.520569293029741
7860.0 0.5206135027361554
7870.0 0.5207240270021914
7880.0 0.5209892852406779
7890.0 0.5214092774516149
7900.0 0.5219176890753806
7910.0 0.5223376812863176
7920.0 0.5226029395248041
7930.0 0.523022931735741
7940.0 0.5238629161576149
7950.0 0.5245039569006239
7960.0 0.5245702714602456
7970.0 0.5252334170564619
7980.0 0.5273775878175609
7990.0 0.5287701935696151
8000.0 0.5273996926707681
8010.0 0.5252334170564619
8020.000000000001 0.5245260617538312
8030.000000000001 0.525144997643633
8040.000000000001 0.5263607645700294
8050.000000000001 0.5275765314964258
8060.000000000001 0.5284165159182996
8070.000000000001 0.5291017663677232
8080.000000000001 0.5298975410831827
8090.000000000001 0.5305164769729844
8100.000000000001 0.5306933157986421
8110.000000000001 0.5308038400646782
8120.000000000001 0.5312017274224079
8129.999999999999 0.5315996147801376
8139.999999999999 0.5317543487525881
8149.999999999999 0.5319311875782458
8159.999999999999 0.5325501234680475
8169.999999999999 0.5333237933302999
8179.999999999999 0.533986938926516
8189.999999999999 0.5345395602566962
8200.0 0.5350921815868764
8210.0 0.5358658514491287
8220.0 0.5369710941094891
8230.0 0.5381868610358855
8240.0 0.5391373697237954
8250.0 0.5394910473751108
8260.0 0.5392257891366243
8270.0 0.5393805231090748
8280.0 0.5406626045950927
8290.0 0.5419225812279036
8300.0 0.541966790934318
8310.0 0.5415025890169667
8320.0 0.5414583793105523
8330.0 0.5416573229894172
8340.0 0.5417899521086604
8350.0 0.5420552103471469
8360.0 0.5425857268241199
8370.0 0.5431825578607145
8380.0 0.5436025500716514
8390.0 0.5436909694844803
8400.0 0.5434920258056153
8410.0 0.5434920258056153
8420.0 0.5440225422825884
8430.0 0.5444867441999397
8440.0 0.5443320102274892
8450.0 0.5444867441999397
8460.0 0.5457246159795434
8470.0 0.5470951168783902
8480.0 0.5475814236489488
8490.0 0.5476477382085704
8500.0 0.5479793110066785
8510.0 0.5485319323368587
8520.0 0.5490624488138317
8530.0 0.5496150701440119
8540.0 0.5502119011806065
8550.0 0.5506318933915435
8560.0 0.5507203128043723
8570.0 0.55089715163003
8580.0 0.5515602972262462
8590.0 0.5525992253269849
8600.0 0.5536823631341381
8610.0 0.5543897184367688
8620.0 0.554522347556012
8630.0 0.5547655009412913
8640.0 0.5558486387484445
8650.0 0.5573517687665346
8660.0 0.5587222696653815
8670.0 0.5598938268853635
8680.0 0.560800125866859
8690.0 0.5614632714630752
8700.0 0.5618832636740122
8710.0 0.5624358850041924
8720.0 0.5634084985453095
8730.0 0.5646021606184987
8740.0 0.5657295081320662
8750.0 0.5665694925539402
8760.0 0.5670336944712915
8770.0 0.5675642109482646
8780.0 0.5685810341957961
8790.0 0.5697304865625709
8800.0 0.5706367855440664
8810.0 0.5714988748191475
8820.0 0.5724935932134718
8830.0 0.573245158222517
8840.0 0.5734441019013817
8850.0 0.5735546261674178
8860.0 0.5740409329379764
8870.0 0.5747924979470214
8880.0 0.5755219581028593
8890.0 0.5761851036990755
8900.0 0.5768040395888774
8910.0 0.5772682415062287
8920.0 0.5775998143043368
8930.0 0.5780198065152737
8940.0 0.5786608472582828
8950.0 0.5791692588820485
8960.0 0.5792134685884629
8970.0 0.5790808394692197
8980.0 0.5790808394692197
8990.0 0.5792355734416702
9000.0 0.5794566219737423
9010.0 0.5796113559461927
9020.0 0.5796555656526071
9030.0 0.579545041386571
9040.0 0.5793460977077062
9050.0 0.5791913637352558
9060.0 0.5791029443224269
9070.0 0.5790587346160125
9080.0 0.5789924200563908
9090.0 0.5788597909371477
9100.0 0.5786387424050756
9110.0 0.5784397987262108
9120.0 0.5782629599005531
9130.0 0.578152435634517
9140.0 0.578041911368481
9150.0 0.5778871773960306
9160.0 0.5776219191575441
9170.0 0.577290346359436
9180.0 0.5770471929741566
9190.0 0.5769808784145349
9200.0 0.5769145638549134
9210.0 0.5767598298824629
9220.0 0.576560886203598
9230.0 0.5764724667907692
9240.0 0.5764724667907692
9250.0 0.576450361937562
9260.0 0.5764724667907692
9270.0 0.576560886203598
9280.0 0.5766714104696341
9290.0 0.5767598298824629
9300.0 0.5769366687081205
9310.0 0.5771798220933999
9320.0 0.5774450803318864
9330.0 0.5776661288639585
9340.0 0.5778871773960306
9350.0 0.5782408550473458
9360.0 0.5786387424050756
9370.0 0.5790366297628053
9380.0 0.5794566219737423
9390.0 0.5799208238910936
9400.0 0.5803408161020306
9410.0 0.5806281791937243
9420.0 0.5809376471386252
9430.0 0.5813797442027694
9440.0 0.5818218412669135
9450.0 0.5820649946521927
9460.0 0.5823302528906792
9470.0 0.5827723499548234
9480.0 0.5832144470189675
9490.0 0.5835460198170757
9500.0 0.5838554877619766
9510.0 0.584319689679328
9520.0 0.5847838915966793
9530.0 0.585071254688373
9540.0 0.5852923032204451
9550.0 0.5855354566057244
9560.0 0.5858449245506253
9570.0 0.5861986022019406
9580.0 0.5865080701468416
9590.0 0.5867070138257063
9600.0 0.5869059575045713
9610.0 0.5871712157430578
9620.0 0.5874585788347514
9630.0 0.5876796273668234
9640.0 0.5878785710456884
9650.0 0.5880775147245533
9660.0 0.5882543535502109
9670.0 0.5883206681098326
9680.0 0.5884311923758686
9690.0 0.5887185554675622
9700.0 0.589005918559256
9710.0 0.589116442825292
9720.0 0.5891606525317064
9730.0 0.5890722331188776
9740.0 0.5879669904585172
9750.0 0.5830376081933099
9760.0 0.5683820905169312
9770.0 0.5340311486329306
9780.0 0.46979444521278496
9790.0 0.3744562133300982
9800.0 0.2622740833035192
9810.0 0.1573202402756971
9820.0 0.07922379389463234
9830.0 0.03298044098515387
9840.0 0.011251370282468712
9850.0 0.0031167843022162837
9860.0 0.0007073553026306459
9870.0 0.0001326291192432461
9880.0 2.2104853207207685e-05
9890.0 0.0
