mejiro/data/roman_filter_response/RomanSCA04-F146.ecsv
# %ECSV 1.0
# ---
# datatype:
# - {name: wavelength, unit: Angstrom, datatype: float64}
# - {name: response, datatype: float64}
# meta:
#   __serialized_columns__:
#     wavelength:
#       __class__: astropy.units.quantity.Quantity
#       unit: !astropy.units.Unit {unit: Angstrom}
#       value: !astropy.table.SerializedColumn {name: wavelength}
#   band_name: F146
#   group_name: RomanSCA04
# schema: astropy-2.0
wavelength response
[from data line 567]
14810.000000000002 0.5437351791908946
14820.0 0.5438899131633451
14830.000000000002 0.5439562277229667
14840.0 0.5440446471357955
14850.000000000002 0.5441551714018316
14860.0 0.5442878005210748
14870.000000000002 0.5443983247871109
14880.0 0.5444867441999397
14890.000000000002 0.5445309539063541
14900.0 0.5446414781723902
14910.000000000002 0.5447741072916334
14920.0 0.5449288412640838
14930.000000000002 0.5450172606769127
14940.0 0.5451056800897416
14950.000000000002 0.5453046237686063
14960.0 0.545481462594264
14970.000000000002 0.5456140917135074
14980.0 0.5456804062731289
14990.000000000002 0.5457025111263362
15000.0 0.5457909305391649
15009.999999999998 0.5459235596584082
15020.0 0.5461003984840659
15029.999999999998 0.5462772373097234
15040.0 0.546431971282174
15049.999999999998 0.5465867052546245
15060.0 0.5467193343738677
15069.999999999998 0.5468740683463181
15080.0 0.546962487759147
15089.999999999998 0.5469845926123542
15100.0 0.5470288023187686
15109.999999999998 0.5472056411444262
15120.0 0.5474487945297055
15129.999999999998 0.5476477382085704
15140.0 0.5477803673278137
15149.999999999998 0.5478466818874353
15160.0 0.5478687867406424
15169.999999999998 0.5479129964470569
15180.0 0.5479793110066785
15189.999999999998 0.5480677304195074
15200.0 0.5481782546855435
15209.999999999998 0.5483108838047867
15220.0 0.5484435129240299
15230.0 0.5485319323368587
15240.0 0.5486424566028948
15250.0 0.5487971905753452
15260.0 0.5489519245477956
15270.0 0.5490845536670389
15280.0 0.549195077933075
15290.0 0.5492613924926966
15300.0 0.5493498119055253
15310.0 0.5495487555843903
15320.0 0.5497034895568408
15330.0 0.5497698041164624
15340.0 0.5497698041164624
15350.0 0.5498140138228768
15360.0 0.5498803283824983
15370.0 0.5499687477953272
15380.0 0.550057167208156
15390.0 0.5502340060338137
15400.0 0.5504108448594714
15410.0 0.5504550545658858
15420.0 0.5504329497126785
15430.0 0.5504108448594714
15440.0 0.5504550545658858
15450.0 0.5506539982447506
15460.0 0.5508529419236156
15470.0 0.5509634661896516
15480.0 0.5510297807492731
15490.0 0.5511403050153092
15500.0 0.5512066195749308
15510.0 0.5512066195749308
15520.0 0.5511845147217237
15530.0 0.5512729341345525
15540.0 0.5513834584005886
15550.0 0.5514497729602101
15560.0 0.5514497729602101
15570.0 0.5514055632537957
15580.0 0.5514055632537957
15590.0 0.5515602972262462
15600.0 0.5516708214922822
15610.0 0.551648716639075
15620.0 0.551648716639075
15630.0 0.5518255554647327
15640.0 0.5520244991435975
15650.0 0.5520466039968047
15660.0 0.5520244991435975
15670.0 0.5520244991435975
15680.0 0.5521350234096335
15690.0 0.5523118622352913
15700.0 0.55240028164812
15710.0 0.5523339670884985
15720.0 0.5522455476756696
15730.0 0.5523781767949129
15740.0 0.5525992253269849
15750.0 0.552709749593021
15760.0 0.552709749593021
15770.0 0.5526655398866065
15780.0 0.5526434350333994
15790.0 0.5526876447398138
15800.0 0.5527539592994354
15810.0 0.5527760641526426
15820.0 0.5528423787122642
15830.0 0.5529750078315074
15840.0 0.5530855320975435
15850.0 0.5530855320975435
15860.0 0.5531076369507507
15870.0 0.5532623709232012
15880.0 0.5534392097488587
15890.0 0.5535497340148948
15900.0 0.5535939437213092
15910.0 0.5536381534277237
15920.0 0.5537265728405525
15930.0 0.5539034116662102
15940.0 0.5540802504918679
15950.0 0.5541465650514894
15960.0 0.5541686699046967
15970.0 0.5542128796111111
15980.0 0.5543234038771471
15990.0 0.5545444524092192
16000.0 0.5547655009412913
16010.0 0.5548760252073274
16020.0 0.554942339766949
16030.0 0.5550307591797777
16040.000000000002 0.5551854931522282
16050.0 0.5553402271246787
16060.000000000002 0.5555391708035435
16070.0 0.5557381144824084
16080.000000000002 0.5559149533080661
16090.0 0.5560475824273093
16100.000000000002 0.5561802115465525
16110.0 0.5564233649318319
16120.000000000002 0.556644413463904
16130.0 0.5567328328767328
16140.000000000002 0.5568433571427688
16150.0 0.5570644056748408
16160.000000000002 0.5573517687665346
16170.0 0.5576170270050211
16180.000000000002 0.5578601803903003
16190.0 0.558037019215958
16200.000000000002 0.5581917531884084
16210.0 0.5583685920140661
16220.000000000002 0.5585454308397239
16230.0 0.5587664793717959
16240.000000000002 0.5589654230506608
16250.0 0.5591201570231111
16259.999999999998 0.5592748909955616
16270.0 0.5595622540872554
16279.999999999998 0.5598275123257418
16290.0 0.5599380365917779
16299.999999999998 0.5600485608578138
16310.0 0.560269609389886
16319.999999999998 0.5605569724815797
16330.0 0.5608443355732734
16339.999999999998 0.5610874889585526
16350.0 0.5612864326374176
16359.999999999998 0.5614853763162824
16370.0 0.5617064248483545
16379.999999999998 0.5619495782336338
16390.0 0.562192731618913
16400.0 0.5623695704445707
16410.0 0.562502199563814
16420.0 0.5626790383894716
16430.0 0.5629664014811654
16440.0 0.563253764572859
16450.0 0.5634084985453095
16460.0 0.5634969179581383
16470.0 0.5636295470773816
16480.0 0.563784281049832
16490.0 0.5639390150222825
16500.0 0.5641379587011472
16510.0 0.5644695314992554
16520.0 0.5647126848845347
16530.0 0.5647126848845347
16540.0 0.5647126848845347
16550.0 0.564955838269814
16560.0 0.5652874110679221
16570.0 0.565486354746787
16580.0 0.5656189838660303
16590.0 0.5657516129852735
16600.0 0.5659726615173456
16610.0 0.5663042343154537
16620.0 0.5665031779943186
16630.0 0.5664589682879042
16640.0 0.5664147585814897
16650.0 0.5666358071135619
16660.0 0.56696737991167
16670.0 0.5672105332969491
16680.0 0.567298952709778
16690.0 0.5672768478565708
16700.0 0.5672768478565708
16710.0 0.5674536866822285
16720.0 0.5676305255078862
16730.0 0.5676968400675078
16740.0 0.5677631546271293
16750.0 0.5679620983059942
16760.0 0.5681831468380663
16770.0 0.5683157759573096
16780.0 0.5684484050765528
16790.0 0.5686473487554177
16800.0 0.5688905021406969
16810.0 0.5690452361131475
16820.0 0.5691778652323907
16830.0 0.5693104943516339
16840.0 0.5694652283240844
16850.0 0.569531542883706
16860.0 0.5696199622965349
16870.0 0.5697525914157782
16880.0 0.5699073253882285
16890.0 0.570062059360679
16900.0 0.5701725836267151
16910.0 0.570283107892751
16920.0 0.5704378418652015
16930.0 0.570703100103688
16940.0 0.5709241486357601
16950.0 0.5709683583421745
16960.0 0.5710567777550034
16970.0 0.5713662456999042
16980.0 0.5716315039383907
16990.0 0.5716093990851836
17000.0 0.5715872942319763
17010.0 0.5718525524704628
17020.0 0.5722283349749853
17030.0 0.5724935932134718
17040.0 0.5726262223327151
17050.0 0.5726262223327151
17060.0 0.5726925368923368
17070.0 0.5728914805712015
17080.0 0.5731346339564809
17090.0 0.5732893679289314
17100.0 0.5733998921949673
17110.0 0.5735104164610034
17120.0 0.5736872552866611
17130.0 0.5738640941123186
17140.0 0.5739967232315619
17150.0 0.5740409329379764
17160.0 0.5741956669104268
17170.0 0.5745493445617422
17180.0 0.5749030222130574
17190.0 0.5750135464790935
17200.0 0.5750356513323007
17210.0 0.5751903853047512
17220.0 0.5753672241304089
17230.0 0.575499853249652
17240.0 0.5756545872221026
17250.0 0.5758535309009675
17260.0 0.5760524745798322
17270.0 0.5761408939926611
17280.0 0.5761851036990755
17290.0 0.5762956279651116
17300.0 0.5764724667907692
17310.0 0.5766714104696341
17320.0 0.576870354148499
17330.0 0.5770250881209494
17340.0 0.5771798220933999
17350.0 0.5773566609190575
17360.0 0.577511394891508
17370.0 0.5775998143043368
17380.0 0.5775998143043368
17390.0 0.5775556045979224
17400.0 0.5775998143043368
17410.0 0.5778429676896161
17420.0 0.5781303307813098
17430.0 0.5782629599005531
17440.0 0.5783513793133819
17450.0 0.5784840084326252
17460.0 0.5786166375518683
17470.0 0.5786166375518683
17480.0 0.5785945326986612
17490.0 0.5786166375518683
17500.0 0.57868295211149
17510.0 0.5787050569646972
17520.0 0.578793476377526
17530.0 0.5790366297628053
17540.0 0.5792576782948774
17550.0 0.5793018880012918
17560.0 0.5792797831480846
17570.0 0.5792797831480846
17580.0 0.5793018880012918
17590.0 0.5793460977077062
17600.0 0.5794345171205351
17610.0 0.5795671462397783
17620.0 0.5796334607993999
17630.0 0.5795892510929855
17640.0 0.579545041386571
17650.0 0.5796334607993999
17660.0 0.579743985065436
17670.0 0.5797881947718504
17680.0 0.5797660899186431
17690.0 0.5797218802122287
17700.0 0.5796555656526071
17710.0 0.5796555656526071
17720.0 0.5796334607993999
17730.0 0.5796334607993999
17740.0 0.5796776705058143
17750.0 0.5797881947718504
17760.0 0.5798766141846792
17770.0 0.5798987190378865
17780.0 0.5799208238910936
17790.0 0.5800092433039225
17800.0 0.5800976627167512
17810.0 0.5800976627167512
17820.0 0.5800092433039225
17830.0 0.5798766141846792
17840.0 0.5797660899186431
17850.0 0.5797660899186431
17860.0 0.5798324044782648
17870.0 0.5799871384507153
17880.0 0.5801197675699585
17890.0 0.5802523966892017
17900.0 0.5803408161020306
17910.0 0.5803408161020306
17920.0 0.5802966063956162
17930.0 0.5802302918359945
17940.0 0.5802302918359945
17950.0 0.5804071306616523
17960.0 0.5805397597808954
17970.0 0.5804955500744811
17980.0 0.580385025808445
17990.0 0.5804292355148594
18000.0 0.5805839694873098
18010.0 0.5808050180193819
18020.0 0.5809597519918324
18030.0 0.5809818568450396
18040.0 0.5809376471386252
18050.0 0.5809376471386252
18060.0 0.581026066551454
18070.0 0.5811586956706973
18080.0 0.581335534496355
18090.0 0.5815123733220126
18100.0 0.5816007927348414
18110.0 0.5816228975880486
18120.0 0.5816892121476702
18130.0 0.5818660509733279
18140.0 0.5820870995054
18150.0 0.5822418334778504
18160.0 0.5823523577438865
18170.0 0.5824628820099225
18180.0 0.5824407771567153
18190.0 0.5822197286246432
18200.0 0.5820649946521927
18210.0 0.5821755189182288
18220.0 0.5824407771567153
18230.0 0.582728140248409
18240.0 0.5830376081933099
18250.0 0.5833912858446253
18260.0 0.5837228586427333
18270.0 0.5839660120280126
18280.0 0.5840765362940487
18290.0 0.5840323265876343
18300.0 0.5840102217344271
18310.0 0.5841870605600846
18320.0 0.5843417945325352
18330.0 0.5843417945325352
18340.0 0.5843417945325352
18350.0 0.5844965285049857
18360.0 0.5847396818902649
18370.0 0.5850270449819586
18380.0 0.5852923032204451
18390.0 0.5855133517525172
18400.0 0.5856680857249676
18410.0 0.5857344002845892
18420.0 0.5857344002845892
18430.0 0.5856680857249676
18440.0 0.5856680857249676
18450.0 0.5857344002845892
18460.0 0.5858449245506253
18470.0 0.5859775536698686
18480.0 0.5861322876423191
18490.0 0.5863533361743911
18500.0 0.5864638604404271
18510.0 0.5863312313211838
18520.0 0.5862207070551478
18530.0 0.5863533361743911
18540.0 0.5865301750000487
18550.0 0.586552279853256
18560.0 0.5865080701468416
18570.0 0.5865964895596704
18580.0 0.5867291186789136
18590.0 0.5868617477981568
18600.0 0.5869722720641929
18610.0 0.5871049011834362
18620.0 0.5872154254494721
18630.0 0.5872596351558865
18640.0 0.5871270060366434
18650.0 0.5867954332385352
18660.0 0.5865080701468416
18670.0 0.5865301750000487
18680.0 0.5866406992660848
18690.0 0.586662804119292
18700.0 0.5865743847064632
18710.0 0.5864638604404271
18720.0 0.586552279853256
18730.0 0.5869722720641929
18740.0 0.5873259497155082
18750.0 0.5872817400090938
18760.0 0.5871270060366434
18770.0 0.5872375303026794
18780.0 0.5873701594219226
18790.0 0.5872817400090938
18800.0 0.5871712157430578
18810.0 0.5872375303026794
18820.0 0.5873259497155082
18830.0 0.5872817400090938
18840.0 0.587193320596265
18850.0 0.5872375303026794
18860.0 0.5872817400090938
18870.0 0.5872817400090938
18880.0 0.5872375303026794
18890.0 0.587193320596265
18900.0 0.5872817400090938
18910.0 0.5875027885411659
18920.0 0.5875469982475803
18930.0 0.5871712157430578
18940.0 0.5867512235321207
18950.0 0.5866849089724993
18960.0 0.5867070138257063
18970.0 0.5865301750000487
18980.0 0.5864196507340127
18990.0 0.5865964895596704
19000.0 0.5868617477981568
19010.0 0.5869059575045713
19020.0 0.5868617477981568
19030.0 0.5869280623577784
19040.0 0.5870606914770218
19050.0 0.5871712157430578
19060.0 0.5871270060366434
19070.0 0.586883852651364
19080.0 0.5866185944128776
19090.0 0.5865080701468416
19100.0 0.586552279853256
19110.0 0.5867070138257063
19120.0 0.5868396429449496
19130.0 0.5868617477981568
19140.0 0.5868396429449496
19150.0 0.586883852651364
19160.0 0.5868396429449496
19170.0 0.586662804119292
19180.0 0.5863533361743911
19190.0 0.586021763376283
19200.0 0.5859996585230757
19210.0 0.5864638604404271
19220.0 0.5869501672109857
19230.0 0.5869943769174001
19240.0 0.5868396429449496
19250.0 0.5867512235321207
19260.0 0.586552279853256
19270.0 0.5861543924955261
19280.0 0.5859333439634541
19290.0 0.5861764973487334
19300.0 0.5865964895596704
19310.0 0.5867954332385352
19320.0 0.5866849089724993
19330.0 0.5863975458808055
19340.0 0.5861322876423191
19350.0 0.5861543924955261
19360.0 0.5862649167615622
19370.0 0.5862649167615622
19380.0 0.5861986022019406
19390.0 0.586242811908355
19400.0 0.5864196507340127
19410.0 0.586662804119292
19420.0 0.5868175380917424
19430.0 0.586662804119292
19440.0 0.5863754410275982
19450.0 0.5861322876423191
19460.0 0.5860438682294901
19470.0 0.5861543924955261
19480.0 0.586242811908355
19490.0 0.5861322876423191
19500.0 0.5860880779359047
19510.0 0.5862870216147694
19520.0 0.586552279853256
19530.0 0.5866406992660848
19540.0 0.586662804119292
19550.0 0.5867291186789136
19560.0 0.5868617477981568
19570.0 0.5870164817706074
19580.0 0.5870164817706074
19590.0 0.5868175380917424
19600.0 0.5867291186789136
19610.0 0.5870385866238145
19620.0 0.5873259497155082
19630.0 0.5872375303026794
19640.0 0.5870385866238145
19650.0 0.5870827963302289
19660.0 0.5872817400090938
19670.0 0.5874585788347514
19680.0 0.5875912079539947
19690.0 0.5877017322200307
19700.0 0.5877017322200307
19710.0 0.587613312807202
19720.0 0.5875691031007875
19730.0 0.5877017322200307
19740.0 0.5877901516328595
19750.0 0.587635417660409
19760.0 0.5874585788347514
19770.0 0.5874806836879587
19780.0 0.587635417660409
19790.0 0.5877680467796523
19800.0 0.5878785710456884
19810.0 0.5879006758988956
19820.0 0.5879448856053101
19830.0 0.5879890953117245
19840.0 0.5880112001649316
19850.0 0.5878785710456884
19860.0 0.5877680467796523
19870.0 0.5877459419264451
19880.0 0.5876575225136164
19890.0 0.5873259497155082
19900.0 0.5865080701468416
19910.0 0.5847175770370577
19920.0 0.5808271228725892
19930.0 0.5730904242500665
19940.0 0.5590096327570752
19950.0 0.5356669077702638
19960.0 0.5003654571983531
19970.0 0.4517789898489107
19980.0 0.391255901767576
19990.0 0.3226203325591962
20000.0 0.2513542858191586
20010.0 0.1837355398583103
20019.999999999996 0.1254450419509036
20030.0 0.0796437861055693
20040.0 0.046884393652487505
20050.0 0.02550900060111767
20059.999999999996 0.01279871000697325
20070.0 0.005901995806324453
20080.0 0.0024978484124144685
20090.0 0.0009726135411171382
20099.999999999996 0.00035367765131532296
20110.0 0.00011052426603603843
20120.0 4.420970641441537e-05
20130.0 0.0
