mejiro/data/roman_filter_response/RomanSCA01-Grism_1stOrder.ecsv
# %ECSV 1.0
# ---
# datatype:
# - {name: wavelength, unit: Angstrom, datatype: float64}
# - {name: response, datatype: float64}
# meta:
#   __serialized_columns__:
#     wavelength:
#       __class__: astropy.units.quantity.Quantity
#       unit: !astropy.units.Unit {unit: Angstrom}
#       value: !astropy.table.SerializedColumn {name: wavelength}
#   band_name: Grism_1stOrder
#   group_name: RomanSCA01
# schema: astropy-2.0
wavelength response
[from data line 545]
15370.0 0.40175570704099967
15380.0 0.4014020293896844
15390.0 0.40109256144478345
15400.0 0.40078309349988256
15410.0 0.40040731099536
15420.0 0.3999431090780086
15430.0 0.39950101201386445
15440.0 0.399125229509342
15450.0 0.3988378664176483
15460.0 0.39855050332595454
15470.0 0.3981968256746392
15480.0 0.39782104317011674
15490.0 0.3974673655188014
15500.0 0.3970915830142789
15510.0 0.3966494859501347
15520.0 0.39620738888599055
15530.0 0.395831606381468
15540.0 0.3954779287301527
15550.0 0.39510214622563017
15560.0 0.39468215401469325
15570.0 0.3942179520973419
15580.0 0.39377585503319773
15590.0 0.3934442822350896
15600.0 0.39311270943698146
15610.0 0.3926485075196301
15620.0 0.3922285153086932
15630.0 0.39191904736379224
15640.0 0.39160957941889135
15650.0 0.39121169206116163
15660.0 0.39074749014381027
15670.0 0.3903053930796661
15680.0 0.3899517154283508
15690.0 0.38964224748344983
15700.0 0.3892664649789273
15710.0 0.38875805335516156
15720.0 0.388271746584603
15730.0 0.3879180689332877
15740.0 0.387630705841594
15750.0 0.38727702819027865
15760.0 0.3868349311261345
15770.0 0.3863707292087831
15780.0 0.38590652729143177
15790.0 0.38548653508049485
15800.0 0.3850886477227651
15810.0 0.38466865551182816
15820.0 0.3842486633008912
15830.0 0.38389498564957586
15840.0 0.3835192031450534
15850.0 0.3830771060809092
15860.0 0.38263500901676506
15870.0 0.38228133136544973
15880.0 0.3819497585673416
15890.0 0.38157397606281906
15900.0 0.3811539838518821
15910.0 0.3807339916409452
15920.0 0.3803139994300082
15930.0 0.3799824266319001
15940.0 0.379650853833792
15950.0 0.3792308616228551
15960.0 0.3787887645587109
15970.0 0.37834666749456675
15980.0 0.3779708849900442
15990.0 0.3776614170451433
16000.0 0.3773298442470352
16010.0 0.3769319568893055
16020.0 0.3765119646783685
16030.0 0.3761140773206388
16040.000000000002 0.37573829481611626
16050.0 0.3753625123115937
16060.000000000002 0.37500883466027835
16070.0 0.37467726186217026
16080.000000000002 0.37432358421085493
16090.0 0.3739256968531252
16100.000000000002 0.3735499143486027
16110.0 0.37321834155049455
16120.000000000002 0.37288676875238647
16130.0 0.3724667765414495
16140.000000000002 0.3720467843305126
16150.0 0.37171521153240444
16160.000000000002 0.3714057435875035
16170.0 0.37111838049580986
16180.000000000002 0.3707868076977017
16190.0 0.3704110251931792
16200.000000000002 0.3700352426886566
16210.0 0.3696594601841341
16220.000000000002 0.3692836776796116
16230.0 0.3689300000282963
16240.000000000002 0.36857632237698096
16250.0 0.3681784350192512
16259.999999999998 0.36780265251472866
16270.0 0.3674710797166206
16279.999999999998 0.3671616117717197
16290.0 0.3667416195607827
16299.999999999998 0.36632162734984575
16310.0 0.3659679496985304
16319.999999999998 0.3656584817536295
16330.0 0.36532690895552145
16339.999999999998 0.3649953361574133
16350.0 0.3646195536528908
16359.999999999998 0.36426587600157545
16370.0 0.3639121983502602
16379.999999999998 0.36355852069894484
16390.0 0.3632269479008367
16400.0 0.36282906054310693
16410.0 0.36240906833217
16420.0 0.36203328582764743
16430.0 0.3617238178827466
16440.0 0.36139224508463846
16450.0 0.3609943577269087
16460.0 0.3605522606627646
16470.0 0.3601322684518276
16480.0 0.3597343810940979
16490.0 0.3593143888831609
16500.0 0.3589607112318456
16510.0 0.3586733481401519
16520.0 0.35831967048883656
16530.0 0.3578112588650708
16540.0 0.35730284724130507
16550.0 0.35694916958998973
16560.0 0.356661806498296
16570.0 0.3563081288469807
16580.0 0.35588813663604374
16590.0 0.3554681444251068
16600.0 0.3550923619205843
16610.0 0.35480499882889055
16620.0 0.354429216324368
16630.0 0.353898699847395
16640.0 0.3533902882236293
16650.0 0.35301450571910675
16660.0 0.352727142627413
16670.0 0.35237346497609773
16680.0 0.35193136791195356
16690.0 0.3514229562881878
16700.0 0.3509366495176292
16710.0 0.3505387621598995
16720.0 0.35016297965537696
16730.0 0.3496987777380256
16740.0 0.34923457582067424
16750.0 0.3488808981693589
16760.0 0.3485272205180436
16770.0 0.3481072283071066
16780.0 0.3477093409493769
16790.0 0.34733355844485436
16800.0 0.3469798807935391
16810.0 0.3466040982890165
16820.0 0.3461841060780796
16830.0 0.3457862187203498
16840.0 0.3453883313626201
16850.0 0.3449683391516831
16860.0 0.34452624208753896
16870.0 0.34412835472980924
16880.0 0.3437304673720795
16890.0 0.34335468486755694
16900.0 0.34293469265662
16910.0 0.3425147004456831
16920.0 0.3421389179411606
16930.0 0.34182944999625964
16940.0 0.3414757723449443
16950.0 0.34103367528080014
16960.0 0.3406136830698632
16970.0 0.34032631997816953
16980.0 0.34001685203326865
16990.0 0.33953054526271004
17000.0 0.3390663433453587
17010.0 0.3387568754004578
17020.0 0.33851372201517854
17030.0 0.3382042540702776
17040.0 0.3378063667125478
17050.0 0.3373642696484037
17060.0 0.33694427743746674
17070.0 0.3365905997861514
17080.0 0.3362811318412505
17090.0 0.3359274541899352
17100.0 0.3355295668322055
17110.0 0.33515378432768295
17120.0 0.33477800182316036
17130.0 0.3344464290250523
17140.0 0.33407064652052976
17150.0 0.33365065430959284
17160.0 0.33327487180507026
17170.0 0.33303171841979096
17180.0 0.3327885650345117
17190.0 0.3324127825299892
17200.0 0.331970685465845
17210.0 0.3316170078145297
17220.0 0.33128543501642155
17230.0 0.3309096525118991
17240.0 0.33055597486058375
17250.0 0.3302244020624756
17260.0 0.32989282926436747
17270.0 0.32949494190663775
17280.0 0.329097054548908
17290.0 0.3287212720443855
17300.0 0.3283675943930702
17310.0 0.32803602159496204
17320.0 0.3277044487968539
17330.0 0.3273507711455386
17340.0 0.3269970934942233
17350.0 0.32666552069611515
17360.0 0.3263118430447998
17370.0 0.3259139556870701
17380.0 0.32547185862292594
17390.0 0.3250076567055746
17400.0 0.32458766449463766
17410.0 0.32430030140294397
17420.0 0.3240129383112503
17430.0 0.3236371558067277
17440.0 0.32326137330220517
17450.0 0.3228855907976827
17460.0 0.32250980829316017
17470.0 0.3220898160822232
17480.0 0.32162561416487184
17490.0 0.3212056219539349
17500.0 0.32078562974299796
17510.0 0.320365637532061
17520.0 0.31996775017433127
17530.0 0.3196582822294303
17540.0 0.31934881428452944
17550.0 0.3189288220735925
17560.0 0.31846462015624116
17570.0 0.318022523092097
17580.0 0.31758042602795283
17590.0 0.3171825386702231
17600.0 0.31678465131249334
17610.0 0.3164088688079708
17620.0 0.31598887659703384
17630.0 0.3155246746796825
17640.0 0.3150604727623311
17650.0 0.3146625854046014
17660.0 0.3142868029000789
17670.0 0.3138668106891419
17680.0 0.31340260877179055
17690.0 0.3129384068544392
17700.0 0.31247420493708783
17710.0 0.31201000301973647
17720.0 0.3115679059555923
17730.0 0.31112580889144814
17740.0 0.3107058166805112
17750.0 0.3103300341759887
17760.0 0.3099321468182589
17770.0 0.30949004975411476
17780.0 0.3090700575431779
17790.0 0.3086721701854481
17800.0 0.3082742828277184
17810.0 0.30783218576357424
17820.0 0.3073458789930157
17830.0 0.3068374673692499
17840.0 0.3063511605986913
17850.0 0.3058869586813399
17860.0 0.30551117617681744
17870.0 0.3051353936722949
17880.0 0.3047817160209796
17890.0 0.30440593351645706
17900.0 0.3040080461587273
17910.0 0.3035880539477903
17920.0 0.30312385203043896
17930.0 0.3026375452598804
17940.0 0.3022175530489435
17950.0 0.30186387539762816
17960.0 0.3015101977463129
17970.0 0.3010459958289615
17980.0 0.30055968905840286
17990.0 0.30013969684746594
18000.0 0.29978601919615067
18010.0 0.2994765512512497
18020.0 0.2991228735999344
18030.0 0.2987028813889974
18040.0 0.29823867947164606
18050.0 0.29781868726070915
18060.0 0.29742079990297937
18070.0 0.2970671222516641
18080.0 0.29673554945355596
18090.0 0.2963818718022406
18100.0 0.2960060892977181
18110.0 0.2955860970867812
18120.0 0.2951882097290514
18130.0 0.2948566369309433
18140.0 0.29454716898604244
18150.0 0.29419349133472705
18160.0 0.2938398136834117
18170.0 0.293441926325682
18180.0 0.29302193411474503
18190.0 0.2924914176377721
18200.0 0.2919830060140063
18210.0 0.29160722350948376
18220.0 0.2913198604177901
18230.0 0.29105460217930357
18240.0 0.2907672390876099
18250.0 0.2905240857023306
18260.0 0.2902588274638441
18270.0 0.28997146437215043
18280.0 0.2895956818676279
18290.0 0.28915358480348374
18300.0 0.2887335925925468
18310.0 0.28837991494123144
18320.0 0.28804834214312336
18330.0 0.2876283499321864
18340.0 0.2871862528680422
18350.0 0.28685468006993414
18360.0 0.28654521212503326
18370.0 0.2862799538865467
18380.0 0.28599259079485306
18390.0 0.2856610179967449
18400.0 0.2853294451986368
18410.0 0.28493155784090707
18420.0 0.2845115656299701
18430.0 0.28406946856582593
18440.0 0.28362737150168177
18450.0 0.2832515889971593
18460.0 0.28289791134584397
18470.0 0.28254423369452863
18480.0 0.2821905560432133
18490.0 0.28188108809831236
18500.0 0.2815053055937899
18510.0 0.28101899882323134
18520.0 0.28055479690588
18530.0 0.28020111925456465
18540.0 0.2798695464564565
18550.0 0.27944955424551954
18560.0 0.2790295620345826
18570.0 0.27863167467685285
18580.0 0.27830010187874477
18590.0 0.27794642422742943
18600.0 0.2775706417229069
18610.0 0.2772169640715916
18620.0 0.27684118156706905
18630.0 0.2764432942093393
18640.0 0.2759790922919879
18650.0 0.27540436610860053
18660.0 0.2748517447784204
18670.0 0.2744538574206906
18680.0 0.2741001797693753
18690.0 0.27368018755843837
18700.0 0.273215985641087
18710.0 0.27275178372373565
18720.0 0.27237600121921307
18730.0 0.272154952687141
18740.0 0.2719117993018617
18750.0 0.2714918070909248
18760.0 0.27100550032036624
18770.0 0.2706518226690509
18780.0 0.2702981450177356
18790.0 0.2698339431003842
18800.0 0.26936974118303286
18810.0 0.26899395867851034
18820.0 0.2686181761739878
18830.0 0.26817607910984365
18840.0 0.2677339820456995
18850.0 0.26731398983476257
18860.0 0.26693820733024
18870.0 0.2664961102660959
18880.0 0.2660319083487445
18890.0 0.26556770643139316
18900.0 0.2651477142204562
18910.0 0.26474982686272647
18920.0 0.26424141523896066
18930.0 0.2635119550831228
18940.0 0.2626940755144561
18950.0 0.2619646153586183
18960.0 0.2611688406431588
18970.0 0.26015201739562727
18980.0 0.25900256502885244
18990.0 0.257786798102456
19000.0 0.2563278777907803
19010.0 0.25449317497458207
19020.0 0.2522826896538613
19030.0 0.249696421828618
19040.0 0.24664595208602333
19050.0 0.24306496586645568
19060.0 0.23884293890387903
19070.0 0.23386934693225733
19080.0 0.22821050451121214
19090.0 0.22188851649395075
19100.0 0.2148812780272659
19110.0 0.20718878911115765
19120.0 0.1987226303327971
19130.0 0.1895491162518059
19140.0 0.17971245657459847
19150.0 0.16934528042041808
19160.0 0.1585139023488863
19170.0 0.147306741772832
19180.0 0.13585642781149845
19190.0 0.12433979929054323
19200.0 0.11295579988883128
19210.0 0.10185916357881301
19220.0 0.09107199521369566
19230.0 0.08066060935310085
19240.0 0.070779739969479
19250.0 0.061539911328866194
19260.0 0.05300743799088403
19270.0 0.045204424808739714
19280.0 0.03817508148884767
19290.0 0.0319415128844151
19300.0 0.026481614142234808
19310.0 0.021706965849477945
19320.0 0.017617568006144523
19330.0 0.01412500119940571
19340.0 0.011229265429261504
19350.0 0.008819836429675865
19360.0 0.006852504494234382
19370.0 0.005283059916522637
19380.0 0.004000978430504592
19390.0 0.003006260036180245
19400.0 0.002254695027135184
19410.0 0.0016578639905405763
19420.0 0.0011936620731892152
19430.0 0.0008620892750810997
19440.0 0.0006189358898018152
19450.0 0.0004420970641441537
19460.0 0.0003094679449009076
19470.0 0.00019894367886486917
19480.0 0.0001326291192432461
19490.0 8.841941282883074e-05
19500.0 6.631455962162305e-05
19510.0 4.420970641441537e-05
19520.0 2.2104853207207685e-05
19530.0 2.2104853207207685e-05
19540.0 0.0
