mejiro/data/roman_filter_response/RomanSCA03-F158.ecsv
# %ECSV 1.0
# ---
# datatype:
# - {name: wavelength, unit: Angstrom, datatype: float64}
# - {name: response, datatype: float64}
# meta:
#   __serialized_columns__:
#     wavelength:
#       __class__: astropy.units.quantity.Quantity
#       unit: !astropy.units.Unit {unit: Angstrom}
#       value: !astropy.table.SerializedColumn {name: wavelength}
#   band_name: F158
#   group_name: RomanSCA03
# schema: astropy-2.0
wavelength response
13700.000000000002 0.0
13710.0 4.420970641441537e-05
13720.000000000002 0.00011052426603603843
13730.0 0.00035367765131532296
13740.000000000002 0.0010168232475315534
13750.0 0.002608372678450507
13759.999999999998 0.006145149191603736
13770.0 0.013240807071117404
13779.999999999998 0.026238460756955524
13790.0 0.04787911204681184
13799.999999999998 0.08063850449989364
13810.0 0.12577661474901172
13819.999999999998 0.182320829253049
13830.0 0.2467564763520594
13839.999999999998 0.3134910281846194
13850.0 0.37635723070591803
13859.999999999998 0.43022675797188314
13870.0 0.47231439847840656
13879.999999999998 0.5022001600145514
13890.0 0.5214092774516149
13899.999999999998 0.532704857440498
13910.0 0.5389163211917234
13919.999999999998 0.5419888957875253
13930.0 0.5432046627139216
13939.999999999998 0.5435362355120298
13950.0 0.5436025500716514
13959.999999999998 0.543668864631273
13970.0 0.543757284044102
13980.0 0.543779388897309
13990.0 0.5436246549248586
14000.0 0.5434036063927865
14010.0 0.543248872420336
14020.0 0.5432046627139216
14030.0 0.543248872420336
14040.0 0.543248872420336
14050.0 0.5431825578607145
14060.0 0.543027823888264
14070.0 0.5428509850626063
14080.0 0.5426962510901558
14090.0 0.5425636219709126
14100.0 0.5423646782920477
14110.0 0.5420773152003541
14120.0 0.5418341618150748
14130.0 0.5417899521086604
14140.0 0.5417899521086604
14150.0 0.5416573229894172
14160.0 0.541436274457345
14170.0 0.5412815404848946
14180.0 0.5412152259252729
14190.0 0.5412373307784802
14200.0 0.5412815404848946
14210.0 0.5412594356316873
14220.0 0.5413478550445162
14230.0 0.5416573229894172
14240.0 0.5420552103471469
14250.0 0.5423425734388405
14260.0 0.5424752025580838
14270.0 0.5424752025580838
14280.0 0.5424530977048766
14290.0 0.5425194122644982
14300.0 0.5426299365305343
14310.0 0.5426962510901558
14320.0 0.5427404607965702
14330.0 0.5427846705029846
14340.0 0.5428288802093992
14350.0 0.542917299622228
14360.0 0.5430057190350568
14370.0 0.5430720335946784
14380.0 0.5430720335946784
14390.0 0.543027823888264
14400.0 0.543027823888264
14410.0 0.5431604530075073
14420.0 0.5433151869799577
14430.0 0.5434036063927865
14440.0 0.5434036063927865
14450.0 0.5433815015395793
14460.0 0.5433372918331649
14470.0 0.5433815015395793
14480.0 0.5434699209524082
14490.0 0.5435804452184442
14500.0 0.5437130743376875
14510.0 0.5438678083101379
14520.0 0.5439341228697595
14530.0 0.5439341228697595
14540.0 0.5439120180165523
14550.0 0.5440004374293811
14560.0 0.5441330665486244
14570.0 0.544199381108246
14580.0 0.5442656956678676
14590.0 0.5443983247871109
14600.0 0.5445309539063541
14610.0 0.5445972684659757
14620.0 0.5446414781723902
14630.0 0.5447298975852191
14640.0 0.5448183169980478
14650.0 0.544840421851255
14660.0 0.5448846315576694
14670.0 0.5449951558237055
14680.0 0.5451940995025704
14690.0 0.5453488334750207
14700.0 0.5454151480346424
14710.0 0.5454151480346424
14720.0 0.5454372528878496
14730.0 0.5455919868603001
14740.0 0.5457909305391649
14750.0 0.5459014548052009
14760.0 0.5459677693648226
14770.0 0.5460782936308587
14780.0 0.5461888178968947
14790.000000000002 0.5463214470161379
14800.0 0.5464540761353812
14810.000000000002 0.5466309149610389
14820.0 0.5467635440802822
14830.000000000002 0.5468519634931109
14840.0 0.5469182780527326
14850.000000000002 0.5470288023187686
14860.0 0.5471835362912191
14870.000000000002 0.5472719557040479
14880.0 0.5473603751168767
14890.000000000002 0.5474266896764983
14900.0 0.5475151090893272
14910.000000000002 0.5476477382085704
14920.0 0.5478024721810208
14930.000000000002 0.5478908915938497
14940.0 0.5479793110066785
14950.000000000002 0.5481561498323362
14960.0 0.548355093511201
14970.000000000002 0.5484877226304443
14980.0 0.5485319323368587
14990.000000000002 0.5485761420432731
15000.0 0.5486424566028948
15009.999999999998 0.5487750857221381
15020.0 0.5489519245477956
15029.999999999998 0.5491066585202462
15040.0 0.5492613924926966
15049.999999999998 0.549416126465147
15060.0 0.5495487555843903
15069.999999999998 0.5496813847036335
15080.0 0.5497698041164624
15089.999999999998 0.5497919089696696
15100.0 0.549836118676084
15109.999999999998 0.5499908526485344
15120.0 0.5502340060338137
15129.999999999998 0.5504108448594714
15140.0 0.5505434739787146
15149.999999999998 0.5506097885383362
15160.0 0.5506318933915435
15169.999999999998 0.5506761030979579
15180.0 0.5507424176575795
15189.999999999998 0.5508087322172011
15200.0 0.5509192564832371
15209.999999999998 0.5510297807492731
15220.0 0.5511403050153092
15230.0 0.5512508292813452
15240.0 0.5513613535473812
15250.0 0.5514939826666245
15260.0 0.551648716639075
15270.0 0.5517813457583183
15280.0 0.5518918700243544
15290.0 0.5519360797307687
15300.0 0.5520244991435975
15310.0 0.5522234428224625
15320.0 0.5523781767949129
15330.0 0.5524223865013272
15340.0 0.5524223865013272
15350.0 0.5524887010609489
15360.0 0.5525550156205705
15370.0 0.5526213301801921
15380.0 0.5527318544462282
15390.0 0.5529086932718859
15400.0 0.5530634272443362
15410.0 0.5531297418039579
15420.0 0.5530855320975435
15430.0 0.5530855320975435
15440.0 0.5531518466571652
15450.0 0.55335079033603
15460.0 0.5535497340148948
15470.0 0.5536602582809309
15480.0 0.5537265728405525
15490.0 0.5538592019597958
15500.0 0.5539476213726245
15510.0 0.5539476213726245
15520.0 0.5539476213726245
15530.0 0.5540360407854534
15540.0 0.5541686699046967
15550.0 0.5542570893175255
15560.0 0.5542570893175255
15570.0 0.5542349844643183
15580.0 0.5542570893175255
15590.0 0.554411823289976
15600.0 0.5545444524092192
15610.0 0.5545444524092192
15620.0 0.5545665572624264
15630.0 0.5547655009412913
15640.0 0.5549644446201561
15650.0 0.5550307591797777
15660.0 0.5550086543265706
15670.0 0.5550307591797777
15680.0 0.555163388299021
15690.0 0.5553623319778859
15700.0 0.555472856243922
15710.0 0.5554065416843003
15720.0 0.5553623319778859
15730.0 0.5555170659503363
15740.0 0.5557381144824084
15750.0 0.5558707436016517
15760.0 0.5558928484548589
15770.0 0.5558707436016517
15780.0 0.5558707436016517
15790.0 0.5559149533080661
15800.0 0.5560033727208948
15810.0 0.5560475824273093
15820.0 0.5561138969869309
15830.0 0.5562686309593814
15840.0 0.5563791552254175
15850.0 0.5564012600786247
15860.0 0.5564233649318319
15870.0 0.5566002037574895
15880.0 0.5567991474363544
15890.0 0.5569096717023905
15900.0 0.5569759862620121
15910.0 0.5569980911152193
15920.0 0.5570865105280481
15930.0 0.557285454206913
15940.0 0.5574622930325707
15950.0 0.5575286075921922
15960.0 0.5575507124453994
15970.0 0.5575728172986067
15980.0 0.5577054464178499
15990.0 0.5579043900967148
16000.0 0.5581254386287868
16010.0 0.5582138580416157
16020.0 0.5582801726012373
16030.0 0.5583685920140661
16040.000000000002 0.5585012211333095
16050.0 0.5586338502525526
16060.000000000002 0.5588106890782103
16070.0 0.5590096327570752
16080.000000000002 0.5591643667295256
16090.0 0.5592527861423544
16100.000000000002 0.5593854152615977
16110.0 0.5595843589404625
16120.000000000002 0.5597833026193274
16130.0 0.5598496171789491
16140.000000000002 0.5599380365917779
16150.0 0.5601148754174355
16160.000000000002 0.560380133655922
16170.0 0.5606232870412013
16180.000000000002 0.5608222307200662
16190.0 0.5609769646925166
16200.000000000002 0.5610874889585526
16210.0 0.5612201180777959
16220.000000000002 0.5613748520502464
16230.0 0.5615737957291113
16240.000000000002 0.5617285297015617
16250.0 0.5618169491143905
16259.999999999998 0.5619495782336338
16270.0 0.562192731618913
16279.999999999998 0.5624137801509851
16290.0 0.562502199563814
16299.999999999998 0.5625685141234356
16310.0 0.5627453529490932
16319.999999999998 0.5629885063343726
16330.0 0.5632316597196518
16339.999999999998 0.5634306033985167
16350.0 0.5635853373709672
16359.999999999998 0.5637400713434176
16370.0 0.5639169101690753
16379.999999999998 0.5641379587011472
16390.0 0.564314797526805
16400.0 0.5644695314992554
16410.0 0.5645579509120843
16420.0 0.5646905800313275
16430.0 0.5649337334166068
16440.0 0.565176886801886
16450.0 0.5652653062147149
16460.0 0.5653316207743366
16470.0 0.5654200401871654
16480.0 0.5655526693064087
16490.0 0.5656410887192375
16500.0 0.5658179275448951
16510.0 0.5661052906365888
16520.0 0.5663042343154537
16530.0 0.5662600246090393
16540.0 0.5662158149026248
16550.0 0.5664147585814897
16560.0 0.5667242265263907
16570.0 0.5669010653520483
16580.0 0.5669894847648771
16590.0 0.5671000090309132
16600.0 0.5672768478565708
16610.0 0.5675642109482646
16620.0 0.5677410497739221
16630.0 0.5676526303610934
16640.0 0.5675863158014717
16650.0 0.5677631546271293
16660.0 0.5680505177188231
16670.0 0.568249461397688
16680.0 0.5683157759573096
16690.0 0.5682715662508953
16700.0 0.568249461397688
16710.0 0.5683820905169312
16720.0 0.5685368244893817
16730.0 0.5685810341957961
16740.0 0.5686031390490033
16750.0 0.568779977874661
16760.0 0.5689789215535258
16770.0 0.5690894458195619
16780.0 0.569199970085598
16790.0 0.5693768089112556
16800.0 0.5695757525901205
16810.0 0.5697083817093637
16820.0 0.5698189059753996
16830.0 0.5699515350946429
16840.0 0.570062059360679
16850.0 0.5701283739203007
16860.0 0.5701946884799223
16870.0 0.5703052127459584
16880.0 0.5704378418652015
16890.0 0.5705704709844448
16900.0 0.5706588903972736
16910.0 0.5707473098101024
16920.0 0.5709020437825529
16930.0 0.5711451971678322
16940.0 0.571344140846697
16950.0 0.5713662456999042
16960.0 0.5714325602595259
16970.0 0.5717199233512196
16980.0 0.5719851815897061
16990.0 0.5719630767364988
17000.0 0.5719188670300844
17010.0 0.5721841252685709
17020.0 0.5725378029198863
17030.0 0.5728030611583728
17040.0 0.5729135854244088
17050.0 0.5729135854244088
17060.0 0.5729577951308232
17070.0 0.5731788436628953
17080.0 0.5733998921949673
17090.0 0.5735546261674178
17100.0 0.5736430455802466
17110.0 0.5737756746994899
17120.0 0.5739304086719403
17130.0 0.574107247497598
17140.0 0.5742398766168413
17150.0 0.5742840863232557
17160.0 0.5744167154424988
17170.0 0.5747924979470214
17180.0 0.5751461755983368
17190.0 0.5752566998643728
17200.0 0.57527880471758
17210.0 0.5754335386900306
17220.0 0.5756103775156881
17230.0 0.5757651114881386
17240.0 0.5758977406073819
17250.0 0.5761187891394539
17260.0 0.5763177328183188
17270.0 0.5764282570843547
17280.0 0.5764724667907692
17290.0 0.5766050959100124
17300.0 0.5767819347356702
17310.0 0.5769808784145349
17320.0 0.5771798220933999
17330.0 0.5773566609190575
17340.0 0.5775334997447151
17350.0 0.5777324434235801
17360.0 0.5779092822492377
17370.0 0.5779977016620665
17380.0 0.5780198065152737
17390.0 0.5779977016620665
17400.0 0.578041911368481
17410.0 0.5783071696069675
17420.0 0.5786166375518683
17430.0 0.5787713715243189
17440.0 0.5788818957903549
17450.0 0.5790587346160125
17460.0 0.5791913637352558
17470.0 0.5792355734416702
17480.0 0.5792355734416702
17490.0 0.5792797831480846
17500.0 0.5793682025609135
17510.0 0.5794124122673279
17520.0 0.579545041386571
17530.0 0.5798102996250576
17540.0 0.5800534530103368
17550.0 0.5801418724231656
17560.0 0.5801418724231656
17570.0 0.5801639772763729
17580.0 0.5802302918359945
17590.0 0.5803187112488234
17600.0 0.5804513403680667
17610.0 0.580606074340517
17620.0 0.5807165986065531
17630.0 0.5806944937533458
17640.0 0.5806944937533458
17650.0 0.5807829131661748
17660.0 0.580915542285418
17670.0 0.5808934374322108
17680.0 0.5806944937533458
17690.0 0.5802302918359945
17700.0 0.5792797831480846
17710.0 0.577511394891508
17720.0 0.5742840863232557
17730.0 0.5686915584618322
17740.0 0.5596506735000842
17750.0 0.5458130353923721
17760.0 0.5256976189738132
17770.0 0.4980886573180107
17780.0 0.4624335290947848
17790.0 0.4190638071022433
17800.0 0.36912894370716115
17810.0 0.3148615290834663
17820.0 0.25917940385451016
17830.0 0.20528777173533777
17840.0 0.15606026364288625
17850.0 0.11364105033825471
17860.0 0.0790911647753891
17870.0 0.052543236073532666
17880.0 0.03324569922364036
17890.0 0.020026997005730164
17900.0 0.011472418814540789
17910.0 0.0062335686044325675
17920.0 0.0032273085682523223
17930.0 0.0015694445777117458
17940.0 0.0007294601558378536
17950.0 0.00033157279810811527
17960.0 0.0001326291192432461
17970.0 4.420970641441537e-05
17980.0 2.2104853207207685e-05
17990.0 0.0
