mejiro/data/roman_filter_response/RomanSCA02-F062.ecsv
# %ECSV 1.0
# ---
# datatype:
# - {name: wavelength, unit: Angstrom, datatype: float64}
# - {name: response, datatype: float64}
# meta:
#   __serialized_columns__:
#     wavelength:
#       __class__: astropy.units.quantity.Quantity
#       unit: !astropy.units.Unit {unit: Angstrom}
#       value: !astropy.table.SerializedColumn {name: wavelength}
#   band_name: F062
#   group_name: RomanSCA02
# schema: astropy-2.0
wavelength response
4730.0 0.0
4740.0 2.2104853207207685e-05
4750.0 0.0001326291192432461
4760.0 0.0007073553026306459
4770.0 0.002873630916936999
4780.0 0.009372457759856059
4790.0 0.02482375015169423
4800.0 0.05393584182558675
4810.0 0.09717293469888498
4820.0 0.1481025164882915
4830.0 0.1955395314709592
4840.0 0.23046519953834732
4850.0 0.2507353499293568
4860.0 0.26006359798279843
4870.0 0.263423535670294
4880.0 0.26441825406461833
4890.0 0.26468351230310483
4900.0 0.26479403656914086
4910.0 0.2648824559819697
4920.0 0.2649045608351769
4930.0 0.2649266656883841
4940.0 0.26503718995442016
4950.0 0.2652582384864922
4960.0 0.26556770643139316
4970.0 0.2659876986423301
4980.0 0.26645190055968143
4990.0 0.2668939976238256
5000.0 0.26724767527514093
5010.0 0.2676013529264562
5020.0 0.26810976455022206
5030.0 0.26875080529323103
5040.0 0.2694581605958617
5050.0 0.27023183045811394
5060.0 0.27104971002678063
5070.0 0.2719117993018617
5080.0 0.27281809828335724
5090.0 0.2737907118244744
5100.0 0.2748959544848348
5110.0 0.27600119714519517
5120.0 0.27706223009914116
5130.0 0.2781674727595015
5140.0 0.27942744939231234
5150.0 0.2807316357315376
5160.0 0.2820800317771773
5170.0 0.28342842782281696
5180.0 0.28484313842807824
5190.0 0.2862799538865467
5200.0 0.2877167693450153
5210.0 0.28919779450989813
5220.0 0.2907451342344027
5230.0 0.2923366836653216
5240.0 0.29401665250906944
5250.0 0.29569662135281716
5260.0 0.2973544853433578
5270.0 0.29899024448069117
5280.0 0.30064810847123175
5290.0 0.30241649672780835
5300.0 0.30431751410362823
5310.0 0.3062627411858625
5320.0 0.3081416537084751
5330.0 0.3099984613778806
5340.0 0.31189947875370044
5350.0 0.3138668106891419
5360.0 0.3158783523309978
5370.0 0.3179341036792681
5380.0 0.31998985502753846
5390.0 0.32202350152260156
5400.0 0.3240129383112503
5410.0 0.326002375099899
5420.0 0.32803602159496204
5430.0 0.330158087502854
5440.0 0.3324348873831964
5450.0 0.33475589696995317
5460.0 0.3370326968502956
5470.0 0.33922107731780915
5480.0 0.3413431432257011
5490.0 0.3434431042803858
5500.0 0.34560937989469215
5510.0 0.3477977603622057
5520.000000000001 0.3500082456829265
5530.000000000001 0.35224083585685445
5540.000000000001 0.35451763573719686
5550.000000000001 0.35681654047074646
5560.000000000001 0.3590491306446745
5570.000000000001 0.361237511112188
5580.000000000001 0.3634479964329088
5590.000000000001 0.3656805866068368
5600.000000000001 0.3678468622211431
5610.000000000001 0.3700131378354494
5620.000000000001 0.3722236231561702
5629.999999999999 0.3744783181833054
5639.999999999999 0.37675511806364775
5649.999999999999 0.3790761276504046
5659.999999999999 0.3813971372371614
5669.999999999999 0.38349709829184614
5679.999999999999 0.3852212768420083
5689.999999999999 0.3869675602453777
5699.999999999999 0.3891338358596841
5709.999999999999 0.3914106357400265
5719.999999999999 0.3934221773818824
5729.999999999999 0.39527898505128783
5740.0 0.39715789757390046
5750.0 0.39908101980292754
5760.0 0.40107045659157625
5770.0 0.4029714739673961
5780.0 0.4046956525175583
5790.0 0.4064198310677205
5800.0 0.40829874359033314
5810.0 0.4101776561129458
5820.0 0.4118576249566936
5830.0 0.41342706953440533
5840.0 0.4149965141121171
5850.0 0.41643332957058554
5860.0 0.4176048867905676
5870.0 0.4187543391573424
5880.0 0.42003642064336044
5890.0 0.42138481668900013
5900.0 0.42262268846860374
5910.0 0.4237500359821713
5920.0 0.42478896408291006
5930.0 0.4256510533579912
5940.0 0.42631419895420747
5950.0 0.42691102999080205
5960.0 0.4276183852934327
5970.0 0.42839205515568496
5980.0 0.4290994104583156
5990.0 0.4297404512013246
6000.0 0.43031517738471203
6010.0 0.4307572744488562
6020.0 0.43113305695337867
6030.0 0.43155304916431564
6040.0 0.43217198505411747
6050.0 0.4328793403567481
6060.0 0.43352038109975716
6070.0 0.4339624781639013
6080.0 0.43420563154918057
6090.0 0.43438247037483824
6100.0 0.4346256237601175
6110.0 0.43489088199860404
6120.0 0.4351340353838833
6130.0 0.43533297906274815
6140.0 0.4354656081819914
6150.0 0.4355761324480274
6160.0 0.4356866567140635
6170.0 0.4357971809800995
6180.0 0.43588560039292834
6190.0 0.43588560039292834
6200.0 0.4357971809800995
6210.0 0.4356424470076491
6220.0 0.435531922741613
6230.0 0.4354435033287842
6240.0 0.4353771887691626
6250.0 0.43524455964991937
6260.0 0.43500140626464007
6270.0 0.4348466722921896
6280.0 0.43493509170501843
6290.0 0.4351340353838833
6300.0 0.4351561402370905
6310.0 0.4351561402370905
6320.0 0.4351782450902977
6330.0 0.4351782450902977
6340.0 0.4351340353838833
6350.0 0.43511193053067604
6360.0 0.43524455964991937
6370.0 0.4353992936223698
6380.0 0.435421398475577
6390.0 0.4353771887691626
6400.0 0.4353550839159554
6410.0 0.4354435033287842
6420.0 0.43570876156727073
6430.0 0.43595191495255
6440.0 0.43599612465896437
6450.0 0.43590770524613554
6460.0 0.43581928583330676
6470.0 0.43584139068651395
6480.0 0.43604033436537876
6490.0 0.4363276974570725
6500.0 0.43665927025518064
6510.0 0.4369245284936671
6520.0 0.43705715761291036
6530.0 0.4371013673193248
6540.0 0.4371013673193248
6550.0 0.437123472172532
6560.0 0.4371455770257392
6570.0 0.4372561012917752
6580.0 0.4374992546770545
6590.0 0.4376981983559194
6600.0 0.4377866177687482
6610.0 0.4377866177687482
6620.0 0.4377424080623338
6630.0 0.4377203032091266
6640.0 0.4377424080623338
6650.0 0.4378087226219554
6660.0 0.4379413517411987
6670.0 0.4380297711540275
6680.0 0.4380739808604419
6690.0 0.4380297711540275
6700.0 0.4379413517411987
6710.0 0.43787503718157705
6720.0 0.4379192468879915
6730.0 0.4380297711540275
6740.0 0.4380960857136491
6750.0 0.4381181905668563
6760.0 0.4380297711540275
6770.000000000001 0.4379192468879915
6780.000000000001 0.4378087226219554
6790.000000000001 0.4376760935027122
6800.000000000001 0.4375434643834689
6810.000000000001 0.43747714982384733
6820.000000000001 0.4374992546770545
6830.000000000001 0.43747714982384733
6840.000000000001 0.43732241585139686
6850.000000000001 0.4371013673193248
6860.000000000001 0.4369466333468743
6870.000000000001 0.4369024236404599
6879.999999999999 0.4369466333468743
6889.999999999999 0.4369245284936671
6899.999999999999 0.4367255848148022
6909.999999999999 0.4365266411359374
6919.999999999999 0.43641611686990134
6929.999999999999 0.4363276974570725
6939.999999999999 0.4362171731910365
6949.999999999999 0.43612875377820765
6959.999999999999 0.4361950683378293
6969.999999999999 0.4363055926038653
6979.999999999999 0.43641611686990134
6990.0 0.4365708508423518
7000.0 0.43683610908083825
7010.0 0.43705715761291036
7020.0 0.43705715761291036
7030.0 0.4369908430532888
7040.0 0.43703505275970317
7050.0 0.4371013673193248
7060.0 0.4371676818789464
7070.0 0.4373003109981896
7080.0 0.4375213595302617
7090.0 0.43787503718157705
7100.0 0.43822871483289233
7110.0 0.4385381827777933
7120.0 0.43873712645665813
7130.0 0.4388697555759014
7140.0 0.43911290896118066
7150.0 0.4395550060253248
7160.0 0.4402402564747483
7170.0 0.44090340207096446
7180.0 0.4413454991351086
7190.0 0.44167707193321676
7200.0 0.44209706414415373
7210.0 0.44251705635509064
7220.0 0.4428707340064059
7230.0 0.44320230680451406
7240.0 0.44355598445582944
7250.0 0.4438875572539376
7260.0 0.44419702519883847
7270.0 0.4445285979969466
7280.0 0.4450149047675051
7290.0 0.4455675260976853
7300.0 0.44607593772145104
7310.0 0.4464738250791808
7320.0 0.4467169784644601
7330.0 0.4469822367029466
7340.0 0.44742433376709073
7350.0 0.4480653745100998
7360.0 0.4488611492255593
7370.0 0.44963481908781155
7380.0 0.4501874404179917
7390.0 0.4505853277757215
7400.0 0.45096111028024394
7410.0 0.4513811024911809
7420.0 0.45193372382136116
7430.0 0.4524200305919197
7440.0 0.4527073936836134
7450.0 0.45299475677530715
7460.0 0.4534589586926585
7470.0 0.4539010557568026
7480.0 0.4541663139952892
7490.0 0.45463051591264053
7500.0 0.45555891974734325
7510.0 0.45657574299487474
7520.0 0.45715046917826213
7530.0 0.4572388885910909
7540.0 0.45653153328846036
7550.0 0.4539010557568026
7560.0 0.44691592214332493
7570.0 0.4316635734303517
7580.0 0.4032588370590898
7590.0 0.35796599283752123
7600.0 0.29635976694903343
7610.0 0.22496109108975262
7620.0 0.15426977053310242
7630.0 0.09440982804798402
7640.0 0.051062210908649756
7650.0 0.024226919115099624
7660.0 0.010013498502865082
7670.0 0.0036030910727748522
7680.0 0.001127347513567592
7690.0 0.0003094679449009076
7700.0 6.631455962162305e-05
7710.0 2.2104853207207685e-05
7720.0 0.0
