mejiro/data/roman_filter_response/RomanSCA12-Prism.ecsv
# %ECSV 1.0
# ---
# datatype:
# - {name: wavelength, unit: Angstrom, datatype: float64}
# - {name: response, datatype: float64}
# meta:
#   __serialized_columns__:
#     wavelength:
#       __class__: astropy.units.quantity.Quantity
#       unit: !astropy.units.Unit {unit: Angstrom}
#       value: !astropy.table.SerializedColumn {name: wavelength}
#   band_name: Prism
#   group_name: RomanSCA12
# schema: astropy-2.0
wavelength response
[from data line 573]
13220.0 0.5418783715214892
13230.0 0.5419888957875253
13240.0 0.5420773152003541
13250.0 0.5421436297599757
13260.0 0.5422099443195973
13270.0 0.5423204685856333
13280.0 0.542386783145255
13290.0 0.542386783145255
13300.0 0.5424309928516694
13310.0 0.5425857268241199
13320.0 0.5427625656497775
13330.0 0.542917299622228
13340.0 0.5430057190350568
13350.0 0.5430057190350568
13360.0 0.5430499287414713
13370.0 0.5432267675671288
13380.0 0.5433593966863721
13390.0 0.5433151869799577
13400.0 0.5432267675671288
13410.0 0.543248872420336
13420.0 0.5433815015395793
13430.0 0.5435362355120298
13440.0 0.543668864631273
13450.0 0.543757284044102
13460.0 0.5438678083101379
13470.0 0.543978332576174
13480.0 0.5440667519890028
13490.0 0.5441330665486244
13500.0 0.5441772762550389
13510.0 0.544199381108246
13520.0 0.544199381108246
13530.0 0.5441772762550389
13540.000000000002 0.5441772762550389
13550.0 0.5442656956678676
13560.000000000002 0.5443320102274892
13570.0 0.5442656956678676
13580.000000000002 0.5442214859614533
13590.0 0.5443320102274892
13600.000000000002 0.5444425344935253
13610.0 0.544420429640318
13620.000000000002 0.544309905374282
13630.0 0.5442435908146604
13640.000000000002 0.544199381108246
13650.0 0.544199381108246
13660.000000000002 0.5442214859614533
13670.0 0.5443541150806965
13680.000000000002 0.5444646393467325
13690.0 0.5445088490531469
13700.000000000002 0.5444646393467325
13710.0 0.544420429640318
13720.000000000002 0.5443983247871109
13730.0 0.5443983247871109
13740.000000000002 0.544420429640318
13750.0 0.5444646393467325
13759.999999999998 0.5445309539063541
13770.0 0.5445751636127686
13779.999999999998 0.5445530587595613
13790.0 0.5444867441999397
13799.999999999998 0.5443983247871109
13810.0 0.5443983247871109
13819.999999999998 0.5443983247871109
13830.0 0.5443541150806965
13839.999999999998 0.5442435908146604
13850.0 0.5440667519890028
13859.999999999998 0.5439562277229667
13870.0 0.543978332576174
13879.999999999998 0.5440225422825884
13890.0 0.543978332576174
13899.999999999998 0.5440225422825884
13910.0 0.5442214859614533
13919.999999999998 0.544420429640318
13930.0 0.5443762199339036
13939.999999999998 0.5442214859614533
13950.0 0.5441551714018316
13959.999999999998 0.5441772762550389
13970.0 0.544309905374282
13980.0 0.5443762199339036
13990.0 0.5442656956678676
14000.0 0.54408885684221
14010.0 0.543978332576174
14020.0 0.543978332576174
14030.0 0.5440446471357955
14040.0 0.54408885684221
14050.0 0.5440667519890028
14060.0 0.5439562277229667
14070.0 0.5438235986037234
14080.0 0.5436909694844803
14090.0 0.5436025500716514
14100.0 0.5434478160992009
14110.0 0.5431825578607145
14120.0 0.5429836141818496
14130.0 0.5429836141818496
14140.0 0.5430057190350568
14150.0 0.542917299622228
14160.0 0.5427183559433632
14170.0 0.5425857268241199
14180.0 0.5425415171177055
14190.0 0.5426078316773271
14200.0 0.5426741462369487
14210.0 0.5426962510901558
14220.0 0.5428067753561919
14230.0 0.5431383481543001
14240.0 0.543558340365237
14250.0 0.5438678083101379
14260.0 0.5440446471357955
14270.0 0.5440446471357955
14280.0 0.5440446471357955
14290.0 0.5441551714018316
14300.0 0.5442878005210748
14310.0 0.5443541150806965
14320.0 0.5443983247871109
14330.0 0.5444646393467325
14340.0 0.5445309539063541
14350.0 0.5446414781723902
14360.0 0.5447298975852191
14370.0 0.5447962121448406
14380.0 0.5448183169980478
14390.0 0.5447741072916334
14400.0 0.5447962121448406
14410.0 0.5449288412640838
14420.0 0.5450835752365343
14430.0 0.5451719946493632
14440.0 0.5451719946493632
14450.0 0.5451277849429488
14460.0 0.5451056800897416
14470.0 0.5451277849429488
14480.0 0.5452162043557776
14490.0 0.5453267286218136
14500.0 0.5454593577410568
14510.0 0.5455698820070929
14520.0 0.5456361965667145
14530.0 0.5456140917135074
14540.0 0.5455919868603001
14550.0 0.5456583014199218
14560.0 0.5457688256859577
14570.0 0.5457909305391649
14580.0 0.5458572450987865
14590.0 0.5459677693648226
14600.0 0.5460782936308587
14610.0 0.5461003984840659
14620.0 0.5461225033372731
14630.0 0.5461888178968947
14640.0 0.5462551324565164
14650.0 0.546233027603309
14660.0 0.546233027603309
14670.0 0.5463435518693451
14680.0 0.5464761809885884
14690.0 0.5466088101078316
14700.0 0.5466530198142461
14710.0 0.5466088101078316
14720.0 0.5465867052546245
14730.0 0.5467193343738677
14740.0 0.5468740683463181
14750.0 0.546962487759147
14760.0 0.5469845926123542
14770.0 0.5470509071719758
14780.0 0.5471393265848047
14790.000000000002 0.5472277459976335
14800.0 0.5473161654104622
14810.000000000002 0.5474487945297055
14820.0 0.5475593187957416
14830.000000000002 0.5475814236489488
14840.0 0.5476256333553632
14850.000000000002 0.547714052768192
14860.0 0.5478024721810208
14870.000000000002 0.5478687867406424
14880.0 0.5479129964470569
14890.000000000002 0.5479351013002641
14900.0 0.5479793110066785
14910.000000000002 0.5480898352727145
14920.0 0.5482003595387506
14930.000000000002 0.548244569245165
14940.0 0.5483108838047867
14950.000000000002 0.548465617777237
14960.0 0.5486203517496876
14970.000000000002 0.5487087711625164
14980.0 0.5487308760157236
14990.000000000002 0.5487308760157236
15000.0 0.5487529808689308
15009.999999999998 0.5488635051349668
15020.0 0.5490182391074172
15029.999999999998 0.5491508682266606
15040.0 0.5492613924926966
15049.999999999998 0.5493940216119397
15060.0 0.5495045458779758
15069.999999999998 0.5496150701440119
15080.0 0.5496813847036335
15089.999999999998 0.5496592798504263
15100.0 0.5496813847036335
15109.999999999998 0.549836118676084
15120.0 0.5500350623549489
15129.999999999998 0.5502119011806065
15140.0 0.5503224254466424
15149.999999999998 0.5503445302998498
15160.0 0.5503445302998498
15169.999999999998 0.550366635153057
15180.0 0.5504108448594714
15189.999999999998 0.550477159419093
15200.0 0.5505655788319218
15209.999999999998 0.5506539982447506
15220.0 0.5507645225107867
15230.0 0.5508529419236156
15240.0 0.5509413613364443
15250.0 0.5510518856024804
15260.0 0.5511845147217237
15270.0 0.5513171438409669
15280.0 0.5514055632537957
15290.0 0.5514497729602101
15300.0 0.5515160875198318
15310.0 0.5516929263454894
15320.0 0.5518476603179399
15330.0 0.5518918700243544
15340.0 0.551869765171147
15350.0 0.5519139748775614
15360.0 0.5519802894371831
15370.0 0.5520244991435975
15380.0 0.5521350234096335
15390.0 0.552289757382084
15400.0 0.5524444913545346
15410.0 0.5524887010609489
15420.0 0.5524444913545346
15430.0 0.5524223865013272
15440.0 0.5524665962077416
15450.0 0.5526655398866065
15460.0 0.5528644835654715
15470.0 0.5529529029783002
15480.0 0.5530192175379218
15490.0 0.5531297418039579
15500.0 0.5531960563635796
15510.0 0.5531960563635796
15520.0 0.5531739515103723
15530.0 0.5532623709232012
15540.0 0.5533728951892373
15550.0 0.553461314602066
15560.0 0.553461314602066
15570.0 0.5534171048956517
15580.0 0.5534392097488587
15590.0 0.5535718388681021
15600.0 0.5537044679873453
15610.0 0.5536823631341381
15620.0 0.5537044679873453
15630.0 0.553881306813003
15640.0 0.5540802504918679
15650.0 0.5541244601982823
15660.0 0.554102355345075
15670.0 0.554102355345075
15680.0 0.5542128796111111
15690.0 0.554411823289976
15700.0 0.554522347556012
15710.0 0.5544339281431832
15720.0 0.5543676135835615
15730.0 0.554522347556012
15740.0 0.5547212912348769
15750.0 0.5548539203541201
15760.0 0.5548760252073274
15770.0 0.5548318155009129
15780.0 0.5548097106477057
15790.0 0.5548539203541201
15800.0 0.5549202349137418
15810.0 0.5549644446201561
15820.0 0.5550307591797777
15830.0 0.555163388299021
15840.0 0.5552739125650571
15850.0 0.5552739125650571
15860.0 0.5552960174182643
15870.0 0.5554507513907148
15880.0 0.5556275902163723
15890.0 0.5557381144824084
15900.0 0.5557823241888228
15910.0 0.5558044290420301
15920.0 0.5558928484548589
15930.0 0.5560696872805165
15940.0 0.556224421252967
15950.0 0.5562907358125886
15960.0 0.5562907358125886
15970.0 0.556334945519003
15980.0 0.5564454697850391
15990.0 0.556644413463904
16000.0 0.5568433571427688
16010.0 0.5569317765555976
16020.0 0.5569759862620121
16030.0 0.5570644056748408
16040.000000000002 0.5571749299408769
16050.0 0.5573075590601202
16060.000000000002 0.5574622930325707
16070.0 0.5576612367114355
16080.000000000002 0.5578159706838859
16090.0 0.5579043900967148
16100.000000000002 0.5580149143627509
16110.0 0.5582138580416157
16120.000000000002 0.5583906968672734
16130.0 0.558457011426895
16140.000000000002 0.5585233259865166
16150.0 0.5587001648121742
16160.000000000002 0.5589654230506608
16170.0 0.5591864715827328
16180.000000000002 0.5593854152615977
16190.0 0.5595401492340482
16200.000000000002 0.5596506735000842
16210.0 0.5597833026193274
16220.000000000002 0.5599380365917779
16230.0 0.5601148754174355
16240.000000000002 0.560269609389886
16250.0 0.5603580288027149
16259.999999999998 0.5604906579219581
16270.0 0.5607338113072374
16279.999999999998 0.5609548598393095
16290.0 0.5610211743989311
16299.999999999998 0.5610874889585526
16310.0 0.5612643277842103
16319.999999999998 0.5615074811694897
16330.0 0.5617506345547689
16339.999999999998 0.5619495782336338
16350.0 0.5621043122060843
16359.999999999998 0.5622590461785347
16370.0 0.5624358850041924
16379.999999999998 0.5626569335362644
16390.0 0.5628558772151293
16400.0 0.5629885063343726
16410.0 0.5630769257472014
16420.0 0.5632095548664445
16430.0 0.5634748131049312
16440.0 0.5637179664902103
16450.0 0.5638063859030392
16460.0 0.5638727004626608
16470.0 0.5639611198754897
16480.0 0.5640937489947329
16490.0 0.5642042732607689
16500.0 0.5643811120864266
16510.0 0.5646684751781204
16520.0 0.5648895237101924
16530.0 0.564845314003778
16540.0 0.5648232091505708
16550.0 0.5650221528294356
16560.0 0.5653316207743366
16570.0 0.5655305644532014
16580.0 0.5656189838660303
16590.0 0.5657295081320662
16600.0 0.5659284518109312
16610.0 0.5662158149026248
16620.0 0.5664147585814897
16630.0 0.5663484440218681
16640.0 0.5662821294622464
16650.0 0.5664810731411114
16660.0 0.566768436232805
16670.0 0.5669894847648771
16680.0 0.567077904177706
16690.0 0.5670336944712915
16700.0 0.5670115896180844
16710.0 0.5671663235905348
16720.0 0.5673431624161925
16730.0 0.5673652672693996
16740.0 0.5674094769758141
16750.0 0.567608420654679
16760.0 0.567829469186751
16770.0 0.5679399934527871
16780.0 0.5680505177188231
16790.0 0.568249461397688
16800.0 0.5684484050765528
16810.0 0.5685810341957961
16820.0 0.5686915584618322
16830.0 0.5688241875810754
16840.0 0.5689568167003186
16850.0 0.5690231312599402
16860.0 0.5690894458195619
16870.0 0.5692220749388051
16880.0 0.5693547040580483
16890.0 0.5694873331772916
16900.0 0.5695757525901205
16910.0 0.5696641720029493
16920.0 0.5698189059753996
16930.0 0.570062059360679
16940.0 0.5702610030395439
16950.0 0.570283107892751
16960.0 0.5703494224523727
16970.0 0.5706367855440664
16980.0 0.5708799389293456
16990.0 0.5708578340761384
17000.0 0.570813624369724
17010.0 0.5710567777550034
17020.0 0.5714104554063186
17030.0 0.571653608791598
17040.0 0.571764133057634
17050.0 0.5717420282044268
17060.0 0.5717862379108412
17070.0 0.5719630767364988
17080.0 0.5721841252685709
17090.0 0.5723167543878143
17100.0 0.572405173800643
17110.0 0.5724935932134718
17120.0 0.5726262223327151
17130.0 0.5727809563051656
17140.0 0.5728914805712015
17150.0 0.5729356902776159
17160.0 0.573046214543652
17170.0 0.5733998921949673
17180.0 0.5737093601398683
17190.0 0.5737977795526972
17200.0 0.5737977795526972
17210.0 0.5739304086719403
17220.0 0.574107247497598
17230.0 0.5741956669104268
17240.0 0.5743282960296701
17250.0 0.5745272397085349
17260.0 0.5747040785341926
17270.0 0.5747703930938143
17280.0 0.5747924979470214
17290.0 0.5748809173598503
17300.0 0.5750356513323007
17310.0 0.5752124901579584
17320.0 0.575389328983616
17330.0 0.5755440629560665
17340.0 0.5756766920753097
17350.0 0.5758535309009675
17360.0 0.5759861600202106
17370.0 0.5760524745798322
17380.0 0.5760524745798322
17390.0 0.5759861600202106
17400.0 0.5760303697266251
17410.0 0.5762735231119044
17420.0 0.5765387813503908
17430.0 0.5766714104696341
17440.0 0.5767598298824629
17450.0 0.5768924590017062
17460.0 0.5770029832677422
17470.0 0.5770250881209494
17480.0 0.5769808784145349
17490.0 0.5770250881209494
17500.0 0.5770692978273638
17510.0 0.5771135075337782
17520.0 0.5772019269466071
17530.0 0.5774450803318864
17540.0 0.5776882337171656
17550.0 0.5777545482767873
17560.0 0.5777324434235801
17570.0 0.5777324434235801
17580.0 0.5777766531299945
17590.0 0.5778429676896161
17600.0 0.5779534919556522
17610.0 0.5780861210748954
17620.0 0.5781745404877242
17630.0 0.578152435634517
17640.0 0.5781303307813098
17650.0 0.5782408550473458
17660.0 0.5783734841665891
17670.0 0.5784397987262108
17680.0 0.5784397987262108
17690.0 0.5784176938730035
17700.0 0.5783734841665891
17710.0 0.5783955890197963
17720.0 0.5784176938730035
17730.0 0.5784397987262108
17740.0 0.5785061132858323
17750.0 0.5786387424050756
17760.0 0.5787713715243189
17770.0 0.5788155812307333
17780.0 0.5788597909371477
17790.0 0.5789703152031838
17800.0 0.5790808394692197
17810.0 0.5791250491756341
17820.0 0.5790587346160125
17830.0 0.5789482103499765
17840.0 0.5788818957903549
17850.0 0.5789040006435621
17860.0 0.5790145249095981
17870.0 0.5791692588820485
17880.0 0.5793460977077062
17890.0 0.5795008316801566
17900.0 0.5796113559461927
17910.0 0.5796334607993999
17920.0 0.5795892510929855
17930.0 0.5795008316801566
17940.0 0.5794566219737423
17950.0 0.579522936533364
17960.0 0.5794787268269496
17970.0 0.5790808394692197
17980.0 0.5784397987262108
17990.0 0.5776219191575441
18000.0 0.5764724667907692
18010.0 0.5747261833873999
18020.0 0.5720736010025349
18030.0 0.5680947274252375
18040.0 0.5625685141234356
18050.0 0.5552297028586427
18060.0 0.5457025111263362
18070.0 0.5335669467155791
18080.0 0.5184693319750563
18090.0 0.5000780941066595
18100.0 0.4782163942847311
18110.0 0.4528400228028566
18120.0 0.4242363427527299
18130.0 0.39282534634528776
18140.0 0.35911544520429606
18150.0 0.32370347036634933
18160.0 0.287473615959736
18170.0 0.251287971259537
18180.0 0.2160307303940407
18190.0 0.18247556322549946
18200.0 0.15139613961616544
18210.0 0.12336718574942611
18220.0 0.09867606471697511
18230.0 0.07738909107843411
18240.0 0.059484159980595884
18250.0 0.04480653745100998
18260.0 0.0330688603979827
18270.0 0.0238732414637843
18280.0 0.01688810785030667
18290.0 0.011671362493405658
18300.0 0.007891432594973144
18310.0 0.005238850210108221
18320.0 0.0033820425407027756
18330.0 0.0021441707610991454
18340.0 0.001326291192432461
18350.0 0.0007957747154594767
18360.0 0.00046420191735136135
18370.0 0.0002652582384864922
18380.0 0.0001547339724504538
18390.0 8.841941282883074e-05
18400.0 4.420970641441537e-05
18410.0 2.2104853207207685e-05
18420.0 2.2104853207207685e-05
18430.0 0.0
