mejiro/data/roman_filter_response/RomanSCA14-F087.ecsv
# %ECSV 1.0
# ---
# datatype:
# - {name: wavelength, unit: Angstrom, datatype: float64}
# - {name: response, datatype: float64}
# meta:
#   __serialized_columns__:
#     wavelength:
#       __class__: astropy.units.quantity.Quantity
#       unit: !astropy.units.Unit {unit: Angstrom}
#       value: !astropy.table.SerializedColumn {name: wavelength}
#   band_name: F087
#   group_name: RomanSCA14
# schema: astropy-2.0
wavelength response
7520.0 0.0
7530.0 4.420970641441537e-05
7540.0 0.00024315338527928454
7550.0 0.0011936620731892152
7560.0 0.004642019173513614
7570.0 0.014743937089207525
7580.0 0.03850665428695579
7590.0 0.08362265968286668
7600.0 0.1524792774233186
7610.0 0.23709665550050962
7620.0 0.3209182588622412
7630.0 0.3877854398140444
7640.0 0.4306246453296129
7650.0 0.45268528883040615
7660.0 0.4618366980581902
7670.0 0.4651966357456857
7680.0 0.4669208142958479
7690.0 0.4680702666626228
7700.0 0.46864499284601013
7710.0 0.4689544607909111
7720.0 0.4693523481486408
7730.0 0.46986075977240654
7740.0 0.4704575908090011
7750.0 0.47118705096483904
7760.0 0.47200493053350573
7770.0 0.4727564955425508
7780.0 0.47322069745990214
7790.0 0.47377331879008233
7800.0 0.47463540806516347
7810.0 0.4755196021934517
7820.0 0.4760943283768391
7830.0 0.4764922157345689
7840.0 0.4768901030922986
7850.0 0.47731009530323554
7860.0 0.47775219236737976
7870.0 0.4782827088443527
7880.0 0.4789458544405689
7890.0 0.47978583886244286
7900.0 0.4807142426971456
7910.0 0.4815763319722266
7920.0 0.4823057921280645
7930.0 0.48318998625635284
7940.0 0.48442785803595645
7950.0 0.48551099584310964
7960.0 0.4860194074668754
7970.0 0.4871025452740285
7980.0 0.4895119742736142
7990.0 0.4912361528237764
8000.0 0.4903740635486953
8010.0 0.48871619955815476
8020.000000000001 0.488428836466461
8030.000000000001 0.48931303059474934
8040.000000000001 0.4907498460532178
8050.000000000001 0.49216455665847914
8060.000000000001 0.4932034847592178
8070.000000000001 0.49408767888750615
8080.000000000001 0.49506029242862326
8090.000000000001 0.4958339622908756
8100.000000000001 0.49620974479539814
8110.000000000001 0.49647500303388464
8120.000000000001 0.4970276243640648
8129.999999999999 0.4975360359878306
8139.999999999999 0.497801294226317
8149.999999999999 0.498110762171218
8159.999999999999 0.49879601262064144
8169.999999999999 0.4996359970425153
8179.999999999999 0.5003654571983531
8189.999999999999 0.500984393088155
8200.0 0.5016033289779568
8210.0 0.5023991036934163
8220.0 0.5035485560601911
8230.0 0.5047643229865875
8240.0 0.5057148316744974
8250.0 0.5061348238854343
8260.0 0.5059800899129839
8270.0 0.506201138445056
8280.0 0.5075053247842812
8290.0 0.5087874062702993
8300.0 0.5089200353895424
8310.0 0.5085663577382272
8320.0 0.5086105674446416
8330.0 0.5089200353895424
8340.0 0.5091631887748218
8350.0 0.5095168664261371
8360.0 0.5101136974627318
8370.0 0.5108210527653625
8380.0 0.5113294643891282
8390.0 0.5115505129212002
8400.0 0.5115063032147859
8410.0 0.5116389323340291
8420.0 0.5123020779302453
8430.0 0.51289890896684
8440.0 0.5129431186732544
8450.0 0.5132525866181552
8460.0 0.5146009826637948
8470.0 0.516104112681885
8480.0 0.516745153424894
8490.0 0.5170325165165878
8500.0 0.5175630329935608
8510.0 0.5182924931493986
8520.0 0.5190440581584437
8530.0 0.5198177280206959
8540.0 0.5206356075893627
8550.0 0.5212987531855788
8560.0 0.5216524308368942
8570.0 0.5220945279010383
8580.0 0.523022931735741
8590.0 0.5243050132217592
8600.0 0.5256313044141915
8610.0 0.5266260228085159
8620.0 0.52706811987266
8630.0 0.5276207412028402
8640.0 0.5289912421016871
8650.0 0.5307596303582638
8660.0 0.5324395992020116
8670.0 0.53387641466048
8680.0 0.5351363912932908
8690.0 0.5361311096876151
8700.0 0.5369047795498675
8710.0 0.5378110785313629
8720.0 0.5391373697237954
8730.0 0.5406847094483
8740.0 0.542165734613183
8750.0 0.5433593966863721
8760.0 0.5442214859614533
8770.0 0.5451719946493632
8780.0 0.5465424955482101
8790.0 0.5480677304195074
8800.0 0.5493719167587326
8810.0 0.5506318933915435
8820.0 0.5520023942903903
8830.0 0.5531076369507507
8840.0 0.5537044679873453
8850.0 0.5542128796111111
8860.0 0.555052864032985
8870.0 0.5561360018401381
8880.0 0.5571970347940841
8890.0 0.5581696483352013
8900.0 0.5590759473166967
8910.0 0.5598275123257418
8920.0 0.5604022385091293
8930.0 0.5610432792521383
8940.0 0.5618832636740122
8950.0 0.5625906189766429
8960.0 0.5627895626555076
8970.0 0.5627895626555076
8980.0 0.5629000869215437
8990.0 0.5630990306004086
9000.0 0.5633421839856879
9010.0 0.5634748131049312
9020.0 0.5634748131049312
9030.0 0.5632758694260662
9040.0 0.5629885063343726
9050.0 0.5627011432426788
9060.0 0.5624358850041924
9070.0 0.562192731618913
9080.0 0.5619274733804266
9090.0 0.5615516908759041
9100.0 0.56110959381176
9110.0 0.5606232870412013
9120.0 0.5601811899770571
9130.0 0.5597833026193274
9140.0 0.5593854152615977
9150.0 0.5589212133442464
9160.0 0.5583685920140661
9170.0 0.5577496561242643
9180.0 0.5571970347940841
9190.0 0.5568433571427688
9200.0 0.5564896794914534
9210.0 0.5560475824273093
9220.0 0.5555833805099579
9230.0 0.5552518077118498
9240.0 0.5549865494733633
9250.0 0.5547655009412913
9260.0 0.5545665572624264
9270.0 0.5544781378495975
9280.0 0.554411823289976
9290.0 0.5543676135835615
9300.0 0.5543897184367688
9310.0 0.554522347556012
9320.0 0.5546991863816696
9330.0 0.5548097106477057
9340.0 0.5549865494733633
9350.0 0.5552739125650571
9360.0 0.5556275902163723
9370.0 0.5560033727208948
9380.0 0.5564012600786247
9390.0 0.5568654619959761
9400.0 0.557285454206913
9410.0 0.5575949221518138
9420.0 0.557926494949922
9430.0 0.5584128017204805
9440.0 0.5588991084910391
9450.0 0.5592306812891472
9460.0 0.5595622540872554
9470.0 0.5600485608578138
9480.0 0.560579077334787
9490.0 0.5609990695457239
9500.0 0.5614190617566608
9510.0 0.561971683086841
9520.0 0.5625243044170212
9530.0 0.5629442966279581
9540.0 0.5632758694260662
9550.0 0.5636295470773816
9560.0 0.5640716441415258
9570.0 0.5645358460588771
9580.0 0.5649779431230212
9590.0 0.5653095159211293
9600.0 0.5656410887192375
9610.0 0.5660610809301744
9620.0 0.5664810731411114
9630.0 0.5668568556456339
9640.0 0.5671884284437421
9650.0 0.5675421060950573
9660.0 0.5678515740399582
9670.0 0.5680726225720303
9680.0 0.5683378808105168
9690.0 0.5687578730214538
9700.0 0.569199970085598
9710.0 0.5694652283240844
9720.0 0.5697083817093637
9730.0 0.5700841642138863
9740.0 0.5704378418652015
9750.0 0.5706146806908592
9760.0 0.5704599467184088
9770.0 0.5689126069939042
9780.0 0.5621264170592914
9790.0 0.5418120569618675
9800.0 0.49616553508898376
9810.0 0.4168091120751081
9820.0 0.309401630341286
9830.0 0.19626899162679703
9840.0 0.10367176154180403
9850.0 0.04476232774459556
9860.0 0.01556181665787421
9870.0 0.004310446375405498
9880.0 0.0009505086879099305
9890.0 0.0001547339724504538
9900.0 2.2104853207207685e-05
9910.0 0.0
