mejiro/data/roman_filter_response/RomanSCA11-Prism.ecsv
# %ECSV 1.0
# ---
# datatype:
# - {name: wavelength, unit: Angstrom, datatype: float64}
# - {name: response, datatype: float64}
# meta:
#   __serialized_columns__:
#     wavelength:
#       __class__: astropy.units.quantity.Quantity
#       unit: !astropy.units.Unit {unit: Angstrom}
#       value: !astropy.table.SerializedColumn {name: wavelength}
#   band_name: Prism
#   group_name: RomanSCA11
# schema: astropy-2.0
wavelength response
[from data line 574]
13260.0 0.5226029395248041
13270.0 0.5227134637908402
13280.0 0.5228018832036689
13290.0 0.5228239880568762
13300.0 0.5228681977632906
13310.0 0.523022931735741
13320.0 0.523221875414606
13330.0 0.5233766093870564
13340.0 0.5234650287998852
13350.0 0.5234871336530924
13360.0 0.523553448212714
13370.0 0.5237302870383717
13380.0 0.5238629161576149
13390.0 0.5238187064512005
13400.0 0.5237302870383717
13410.0 0.523752391891579
13420.0 0.5238850210108221
13430.0 0.5240176501300654
13440.0 0.5241502792493087
13450.0 0.5242386986621375
13460.0 0.5243271180749662
13470.0 0.5244376423410023
13480.0 0.5245260617538312
13490.0 0.5245702714602456
13500.0 0.5245923763134528
13510.0 0.52461448116666
13520.0 0.5245923763134528
13530.0 0.5245702714602456
13540.000000000002 0.5245702714602456
13550.0 0.5246365860198673
13560.000000000002 0.5246586908730744
13570.0 0.5245702714602456
13580.000000000002 0.5245260617538312
13590.0 0.52461448116666
13600.000000000002 0.5247029005794888
13610.0 0.5246586908730744
13620.000000000002 0.5245260617538312
13630.0 0.5244376423410023
13640.000000000002 0.5243713277813807
13650.0 0.5243492229281735
13660.000000000002 0.5243492229281735
13670.0 0.5244376423410023
13680.000000000002 0.5245260617538312
13690.0 0.5245260617538312
13700.000000000002 0.5244818520474167
13710.0 0.5244155374877951
13720.000000000002 0.5243492229281735
13730.0 0.5243271180749662
13740.000000000002 0.5243271180749662
13750.0 0.5243492229281735
13759.999999999998 0.5243713277813807
13770.0 0.5243713277813807
13779.999999999998 0.5243492229281735
13790.0 0.5242386986621375
13799.999999999998 0.5241502792493087
13810.0 0.5241060695428942
13819.999999999998 0.524083964689687
13830.0 0.5240176501300654
13839.999999999998 0.5238850210108221
13850.0 0.5237081821851646
13859.999999999998 0.523553448212714
13870.0 0.523553448212714
13879.999999999998 0.5235755530659212
13890.0 0.5235313433595068
13899.999999999998 0.5235313433595068
13910.0 0.5237081821851646
13919.999999999998 0.5238850210108221
13930.0 0.5238187064512005
13939.999999999998 0.5236418676255429
13950.0 0.523553448212714
13959.999999999998 0.5235976579191285
13970.0 0.5237081821851646
13980.0 0.523752391891579
13990.0 0.5236197627723356
14000.0 0.523442923946678
14010.0 0.5233323996806419
14020.0 0.5233102948274347
14030.0 0.5233766093870564
14040.0 0.5234208190934708
14050.0 0.5233766093870564
14060.0 0.5232881899742275
14070.0 0.5231555608549843
14080.0 0.523022931735741
14090.0 0.5229345123229122
14100.0 0.5228018832036689
14110.0 0.5225587298183897
14120.0 0.5223597861395248
14130.0 0.5223597861395248
14140.0 0.5224039958459392
14150.0 0.5223155764331103
14160.0 0.5221387376074527
14170.0 0.5220061084882095
14180.0 0.5219840036350023
14190.0 0.5220503181946239
14200.0 0.5221387376074527
14210.0 0.52216084246066
14220.0 0.5222934715799032
14230.0 0.5226250443780113
14240.0 0.5230450365889483
14250.0 0.5233545045338491
14260.0 0.5235313433595068
14270.0 0.523553448212714
14280.0 0.5235755530659212
14290.0 0.5236860773319573
14300.0 0.5238187064512005
14310.0 0.5239292307172366
14320.0 0.5239955452768581
14330.0 0.5240618598364798
14340.0 0.5241502792493087
14350.0 0.5242608035153447
14360.0 0.5243713277813807
14370.0 0.5244597471942095
14380.0 0.5245039569006239
14390.0 0.5244818520474167
14400.0 0.5245260617538312
14410.0 0.5246586908730744
14420.0 0.524835529698732
14430.0 0.5249460539647681
14440.0 0.5249681588179753
14450.0 0.5249460539647681
14460.0 0.5249460539647681
14470.0 0.5249902636711825
14480.0 0.5250786830840114
14490.0 0.5252113122032546
14500.0 0.525366046175705
14510.0 0.5254986752949483
14520.0 0.5255870947077771
14530.0 0.5255870947077771
14540.0 0.52556498985457
14550.0 0.5256534092673988
14560.0 0.5257860383866421
14570.0 0.5258302480930565
14580.0 0.5258965626526781
14590.0 0.5260291917719213
14600.0 0.5261618208911646
14610.0 0.526206030597579
14620.0 0.5262502403039934
14630.0 0.526316554863615
14640.0 0.5264049742764438
14650.0 0.5264049742764438
14660.0 0.526427079129651
14670.0 0.5265376033956871
14680.0 0.5267144422213448
14690.0 0.526847071340588
14700.0 0.5268912810470023
14710.0 0.5268691761937953
14720.0 0.5268912810470023
14730.0 0.5270239101662456
14740.0 0.5272007489919033
14750.0 0.5272891684047322
14760.0 0.5273333781111466
14770.0 0.5274217975239754
14780.0 0.5275323217900114
14790.000000000002 0.5276207412028402
14800.0 0.5277312654688763
14810.000000000002 0.5278859994413267
14820.0 0.5279965237073627
14830.000000000002 0.5280628382669844
14840.0 0.5281070479733988
14850.000000000002 0.5282175722394349
14860.0 0.5283280965054709
14870.000000000002 0.5284165159182996
14880.0 0.5284607256247141
14890.000000000002 0.5285049353311285
14900.0 0.5285933547439574
14910.000000000002 0.5287259838632007
14920.0 0.5288365081292367
14930.000000000002 0.5289249275420654
14940.0 0.5289912421016871
14950.000000000002 0.5291680809273448
14960.0 0.5293449197530024
14970.000000000002 0.5294554440190384
14980.0 0.5294996537254529
14990.000000000002 0.5295217585786601
15000.0 0.5295880731382817
15009.999999999998 0.529720702257525
15020.0 0.5298754362299755
15029.999999999998 0.5300522750556331
15040.0 0.5301849041748763
15049.999999999998 0.5303175332941196
15060.0 0.53047226726657
15069.999999999998 0.5306048963858132
15080.0 0.5306933157986421
15089.999999999998 0.5307154206518493
15100.0 0.5307596303582638
15109.999999999998 0.5309364691839213
15120.0 0.5311575177159934
15129.999999999998 0.5313564613948584
15140.0 0.5314890905141015
15149.999999999998 0.5315554050737232
15160.0 0.5315775099269304
15169.999999999998 0.5316217196333448
15180.0 0.5317101390461737
15189.999999999998 0.5317985584590025
15200.0 0.5319090827250386
15209.999999999998 0.5320196069910745
15220.0 0.5321522361103178
15230.0 0.5322627603763539
15240.0 0.5323732846423899
15250.0 0.5325059137616331
15260.0 0.5326827525872908
15270.0 0.5328374865597413
15280.0 0.5329480108257773
15290.0 0.533014325385399
15300.0 0.5331027447982278
15310.0 0.5333016884770926
15320.0 0.5334785273027504
15330.0 0.5335227370091647
15340.0 0.5335227370091647
15350.0 0.5335890515687863
15360.0 0.5336774709816151
15370.0 0.5337437855412368
15380.0 0.5338543098072728
15390.0 0.5340311486329306
15400.0 0.5342079874585881
15410.0 0.5342521971650026
15420.0 0.5342300923117953
15430.0 0.5342300923117953
15440.0 0.534296406871417
15450.0 0.5344953505502819
15460.0 0.5346942942291467
15470.0 0.5348048184951827
15480.0 0.5348711330548044
15490.0 0.5349816573208404
15500.0 0.535047971880462
15510.0 0.535047971880462
15520.0 0.535047971880462
15530.0 0.5351363912932908
15540.0 0.5352469155593269
15550.0 0.5353132301189485
15560.0 0.5353132301189485
15570.0 0.5352690204125341
15580.0 0.5352911252657414
15590.0 0.5354237543849846
15600.0 0.5355342786510205
15610.0 0.5355342786510205
15620.0 0.5355342786510205
15630.0 0.535689012623471
15640.0 0.535887956302336
15650.0 0.5359100611555431
15660.0 0.535887956302336
15670.0 0.535887956302336
15680.0 0.535998480568372
15690.0 0.5361532145408224
15700.0 0.5362637388068585
15710.0 0.5361753193940296
15720.0 0.5360868999812007
15730.0 0.5362195291004441
15740.0 0.5364184727793089
15750.0 0.536528997045345
15760.0 0.536528997045345
15770.0 0.5364847873389306
15780.0 0.5364626824857233
15790.0 0.5364847873389306
15800.0 0.5365511018985522
15810.0 0.5365732067517593
15820.0 0.5366174164581737
15830.0 0.5367279407242098
15840.0 0.5368384649902458
15850.0 0.5368163601370387
15860.0 0.5368384649902458
15870.0 0.5369710941094891
15880.0 0.5371479329351468
15890.0 0.5372363523479756
15900.0 0.53728056205439
15910.0 0.5373026669075972
15920.0 0.5373689814672189
15930.0 0.5375237154396694
15940.0 0.5376784494121197
15950.0 0.5377447639717414
15960.0 0.5377447639717414
15970.0 0.5377668688249485
15980.0 0.5378773930909846
15990.0 0.5380763367698496
16000.0 0.5382752804487143
16010.0 0.5383636998615432
16020.0 0.5384079095679576
16030.0 0.5384963289807865
16040.000000000002 0.5386068532468224
16050.0 0.5387394823660657
16060.000000000002 0.5389163211917234
16070.0 0.5390931600173811
16080.000000000002 0.5392478939898314
16090.0 0.5393584182558675
16100.000000000002 0.5394689425219036
16110.0 0.5396678862007684
16120.000000000002 0.5398668298796333
16130.0 0.539933144439255
16140.000000000002 0.5400215638520838
16150.0 0.5401984026777414
16160.000000000002 0.5404636609162279
16170.0 0.5407068143015071
16180.000000000002 0.5409057579803721
16190.0 0.5410604919528226
16200.000000000002 0.5411931210720657
16210.0 0.541325750191309
16220.000000000002 0.5415025890169667
16230.0 0.5416794278426244
16240.000000000002 0.5418562666682819
16250.0 0.541966790934318
16259.999999999998 0.5420994200535613
16270.0 0.5423425734388405
16279.999999999998 0.5425636219709126
16290.0 0.5426741462369487
16299.999999999998 0.5427404607965702
16310.0 0.5429394044754352
16319.999999999998 0.5431825578607145
16330.0 0.5434257112459938
16339.999999999998 0.5436246549248586
16350.0 0.5438014937505163
16359.999999999998 0.5439562277229667
16370.0 0.5441551714018316
16379.999999999998 0.5443762199339036
16390.0 0.5445751636127686
16400.0 0.5447298975852191
16410.0 0.5448183169980478
16420.0 0.5449730509704982
16430.0 0.5452162043557776
16440.0 0.5454593577410568
16450.0 0.5455698820070929
16460.0 0.5456361965667145
16470.0 0.5457467208327506
16480.0 0.5458793499519938
16490.0 0.5459898742180299
16500.0 0.5461667130436875
16510.0 0.5464540761353812
16520.0 0.5466530198142461
16530.0 0.5466309149610389
16540.0 0.5465867052546245
16550.0 0.5468077537866965
16560.0 0.5470951168783902
16570.0 0.5472719557040479
16580.0 0.5473603751168767
16590.0 0.5474708993829128
16600.0 0.5476698430617776
16610.0 0.5479351013002641
16620.0 0.5481119401259218
16630.0 0.5480456255663001
16640.0 0.5479793110066785
16650.0 0.5481561498323362
16660.0 0.5484435129240299
16670.0 0.5486424566028948
16680.0 0.5487087711625164
16690.0 0.548664561456102
16700.0 0.5486424566028948
16710.0 0.5487750857221381
16720.0 0.5489298196945884
16730.0 0.5489740294010028
16740.0 0.5489961342542101
16750.0 0.5491729730798677
16760.0 0.5493719167587326
16770.0 0.5494824410247686
16780.0 0.5495708604375975
16790.0 0.5497476992632552
16800.0 0.5499466429421199
16810.0 0.5500792720613633
16820.0 0.5501676914741921
16830.0 0.5503003205934354
16840.0 0.5504108448594714
16850.0 0.5504550545658858
16860.0 0.5505213691255074
16870.0 0.5506318933915435
16880.0 0.5507645225107867
16890.0 0.5508750467768228
16900.0 0.5509855710428587
16910.0 0.5510518856024804
16920.0 0.5512066195749308
16930.0 0.5514276681070029
16940.0 0.5516045069326606
16950.0 0.551648716639075
16960.0 0.5517150311986966
16970.0 0.5519802894371831
16980.0 0.5522234428224625
16990.0 0.5522013379692552
17000.0 0.5521571282628408
17010.0 0.55240028164812
17020.0 0.5527539592994354
17030.0 0.5529971126847146
17040.0 0.5531076369507507
17050.0 0.5531076369507507
17060.0 0.5531518466571652
17070.0 0.5533286854828228
17080.0 0.5535497340148948
17090.0 0.5536823631341381
17100.0 0.5537707825469669
17110.0 0.553881306813003
17120.0 0.5540360407854534
17130.0 0.5541907747579039
17140.0 0.5543234038771471
17150.0 0.5543676135835615
17160.0 0.5544781378495975
17170.0 0.5548318155009129
17180.0 0.555163388299021
17190.0 0.5552518077118498
17200.0 0.5552739125650571
17210.0 0.5554065416843003
17220.0 0.5555833805099579
17230.0 0.5557160096292012
17240.0 0.5558486387484445
17250.0 0.5560475824273093
17260.0 0.556224421252967
17270.0 0.5563128406657959
17280.0 0.5563570503722103
17290.0 0.5564675746382463
17300.0 0.5566223086106967
17310.0 0.5567991474363544
17320.0 0.5569980911152193
17330.0 0.5571528250876697
17340.0 0.557285454206913
17350.0 0.5574622930325707
17360.0 0.5576170270050211
17370.0 0.5577054464178499
17380.0 0.5577054464178499
17390.0 0.5576612367114355
17400.0 0.5576833415646427
17410.0 0.557926494949922
17420.0 0.5582138580416157
17430.0 0.5583464871608589
17440.0 0.5584128017204805
17450.0 0.5585675356929309
17460.0 0.558678059958967
17470.0 0.558678059958967
17480.0 0.5586559551057598
17490.0 0.5587001648121742
17500.0 0.5587443745185886
17510.0 0.5587664793717959
17520.0 0.558877003637832
17530.0 0.559098052169904
17540.0 0.5593191007019761
17550.0 0.5593633104083905
17560.0 0.5593412055551833
17570.0 0.5593412055551833
17580.0 0.5593633104083905
17590.0 0.5594296249680122
17600.0 0.559518044380841
17610.0 0.5596285686468769
17620.0 0.5596948832064986
17630.0 0.5596727783532913
17640.0 0.5596285686468769
17650.0 0.5597169880597057
17660.0 0.5598496171789491
17670.0 0.5598938268853635
17680.0 0.5598717220321563
17690.0 0.5598275123257418
17700.0 0.5597833026193274
17710.0 0.5597611977661203
17720.0 0.5597611977661203
17730.0 0.5597833026193274
17740.0 0.5598275123257418
17750.0 0.5599380365917779
17760.0 0.5600264560046068
17770.0 0.5600706657110212
17780.0 0.5600927705642283
17790.0 0.5601811899770571
17800.0 0.560269609389886
17810.0 0.5602917142430932
17820.0 0.5602253996834716
17830.0 0.5600927705642283
17840.0 0.5600043511513995
17850.0 0.5600043511513995
17860.0 0.5600927705642283
17870.0 0.5602475045366788
17880.0 0.5604022385091293
17890.0 0.5605348676283725
17900.0 0.5606232870412013
17910.0 0.5606453918944085
17920.0 0.5606232870412013
17930.0 0.5605569724815797
17940.0 0.560579077334787
17950.0 0.5607559161604445
17960.0 0.5608664404264806
17970.0 0.560800125866859
17980.0 0.5606453918944085
17990.0 0.560579077334787
18000.0 0.5605348676283725
18010.0 0.5604464482155437
18020.0 0.5600706657110212
18030.0 0.5592748909955616
18040.0 0.5579928095095437
18050.0 0.5561581066933454
18060.0 0.5535718388681021
18070.0 0.5499466429421199
18080.0 0.5449288412640838
18090.0 0.538142651329471
18100.0 0.5291459760741376
18110.0 0.5175409281403536
18120.0 0.5030843541428397
18130.0 0.4856215201091456
18140.0 0.4648871678007848
18150.0 0.44077077295172123
18160.0 0.4134491743876126
18170.0 0.3832981546129813
18180.0 0.35075981069197154
18190.0 0.31649728822079964
18200.0 0.28143899103416825
18210.0 0.2465133229667801
18220.0 0.2124718490276803
18230.0 0.1800219245194994
18240.0 0.1498487998916609
18250.0 0.12246088676793059
18260.0 0.09821186279962374
18270.0 0.07723435710598366
18280.0 0.059528369687010294
18290.0 0.04496127142346043
18300.0 0.03324569922364036
18310.0 0.024094289995856378
18320.0 0.01708705152917154
18330.0 0.011870306172270527
18340.0 0.008068271420630805
18350.0 0.00534937447614426
18360.0 0.0034925668067388145
18370.0 0.0022104853207207684
18380.0 0.0013705008988468765
18390.0 0.000839984421873892
18400.0 0.0004863067705585691
18410.0 0.0002873630916936999
18420.0 0.0001547339724504538
18430.0 8.841941282883074e-05
18440.0 4.420970641441537e-05
18450.0 2.2104853207207685e-05
18460.0 2.2104853207207685e-05
18470.0 0.0
