mejiro/data/hst_filter_response/WFC3_UVIS-F475W.ecsv
# %ECSV 1.0
# ---
# datatype:
# - {name: wavelength, unit: Angstrom, datatype: float64}
# - {name: response, datatype: float64}
# meta:
#   __serialized_columns__:
#     wavelength:
#       __class__: astropy.units.quantity.Quantity
#       unit: !astropy.units.Unit {unit: Angstrom}
#       value: !astropy.table.SerializedColumn {name: wavelength}
#   band_name: F475W
#   group_name: WFC3_UVIS
# schema: astropy-2.0
wavelength response
1989.0 0.0
1990.0 1.4051747127257205e-07
1991.0 1.4059560189594058e-07
1992.0 1.393941384618584e-07
1993.0 1.3819562421006964e-07
1994.0 1.3697433555075098e-07
1995.0 1.357557214736558e-07
1996.0 1.345144802876817e-07
1997.0 1.3327561994361948e-07
1998.0 1.3202652876555452e-07
1999.0 1.307550605800667e-07
2000.0 1.2948552484008147e-07
2001.0 1.280480885037164e-07
2002.0 1.2685410393922595e-07
2003.0 1.256454026427274e-07
2004.0 1.2444536921430962e-07
2005.0 1.2324225357822599e-07
2006.0 1.2202475503331716e-07
2007.0 1.2081557080308278e-07
2008.0 1.195922411129035e-07
2009.0 1.1837701104244187e-07
2010.0 1.171478471007377e-07
2011.0 1.1635433789433519e-07
2012.0 1.1635436392359697e-07
2013.0 1.1634334697798461e-07
2014.0 1.1634282656658532e-07
2015.0 1.1633126491373432e-07
2016.0 1.1633019734937335e-07
2017.0 1.1631809037892497e-07
2018.0 1.1631647495180541e-07
2019.0 1.1631457191447851e-07
2020.0 1.1630164523227293e-07
2021.0 1.1593629587820347e-07
2022.0 1.1488026898101334e-07
2023.0 1.1383233321834361e-07
2024.0 1.1277132795739172e-07
2025.0 1.1171821633301823e-07
2026.0 1.1066246625363598e-07
2027.0 1.0959393961642124e-07
2028.0 1.0853300858909441e-07
2029.0 1.0745949752012483e-07
2030.0 1.0639338234031476e-07
2031.0 1.0541235295912273e-07
2032.0 1.0462386480791368e-07
2033.0 1.038237891514522e-07
2034.0 1.0303138911840955e-07
2035.0 1.0223698926192684e-07
2036.0 1.0143121109993787e-07
2037.0 1.0063288394529173e-07
2038.0 9.982332662444415e-08
2039.0 9.902106978153599e-08
2040.0 9.820773160770963e-08
2041.0 9.742707179779509e-08
2042.0 9.6694216882214e-08
2043.0 9.595066716602692e-08
2044.0 9.52142158111546e-08
2045.0 9.446721691470459e-08
2046.0 9.372718806220508e-08
2047.0 9.297673842308187e-08
2048.0 9.223311940822336e-08
2049.0 9.148766970470019e-08
2050.0 9.073200631382222e-08
2051.0 9.009046585350767e-08
2052.0 8.961027591379981e-08
2053.0 8.913694928257316e-08
2054.0 8.865397356917348e-08
2055.0 8.817776990942594e-08
2056.0 8.769200436257674e-08
2057.0 8.721290951342967e-08
2058.0 8.673235925650956e-08
2059.0 8.62423788036089e-08
2060.0 8.575894000925513e-08
2061.0 8.511494071548819e-08
2062.0 8.418591984659316e-08
2063.0 8.324662572059355e-08
2064.0 8.231251478736211e-08
2065.0 8.137581238723676e-08
2066.0 8.042909208611584e-08
2067.0 7.948728800667744e-08
2068.0 7.853563746721702e-08
2069.0 7.758871560424286e-08
2070.0 7.66321282671001e-08
2071.0 7.581824828058087e-08
2072.0 7.526631695228774e-08
2073.0 7.471982544010241e-08
2074.0 7.417177570965012e-08
2075.0 7.361537426997679e-08
2076.0 7.306425574256305e-08
2077.0 7.25048861668887e-08
2078.0 7.195069428114824e-08
2079.0 7.138835255279928e-08
2080.0 7.083108275973706e-08
2081.0 7.024918929772568e-08
2082.0 6.964118431990042e-08
2083.0 6.903150104593328e-08
2084.0 6.841384401149659e-08
2085.0 6.780088009319599e-08
2086.0 6.718004660253604e-08
2087.0 6.656378964953663e-08
2088.0 6.593977555046268e-08
2089.0 6.532022084171686e-08
2090.0 6.469302199632063e-08
2091.0 6.410774830874201e-08
2092.0 6.359711073114263e-08
2093.0 6.30792697924252e-08
2094.0 6.256590170518312e-08
2095.0 6.204542403359354e-08
2096.0 6.152931481613121e-08
2097.0 6.10061970908173e-08
2098.0 6.048735646862672e-08
2099.0 5.996712106976906e-08
2100.0 5.944001258429596e-08
2101.0 5.903988688649107e-08
2102.0 5.8625032891866475e-08
2103.0 5.821200904065026e-08
2104.0 5.7790038537566775e-08
2105.0 5.736979625647874e-08
2106.0 5.694066086142942e-08
2107.0 5.651315036048944e-08
2108.0 5.607680150275488e-08
2109.0 5.564196668750115e-08
2110.0 5.520343969071009e-08
2111.0 5.482674710833186e-08
2112.0 5.459646978179816e-08
2113.0 5.4358884202228143e-08
2114.0 5.4124015826760984e-08
2115.0 5.388186734709903e-08
2116.0 5.364237583824828e-08
2117.0 5.3395633149878e-08
2118.0 5.3151486296635994e-08
2119.0 5.290498808164901e-08
2120.0 5.2651283434331616e-08
2121.0 5.2359216433530867e-08
2122.0 5.197796996745224e-08
2123.0 5.159837973951089e-08
2124.0 5.1210902199789995e-08
2125.0 5.082498904555409e-08
2126.0 5.0431239337874207e-08
2127.0 5.003896093711003e-08
2128.0 4.9643465584923534e-08
2129.0 4.9240211679699564e-08
2130.0 4.883828700281272e-08
2131.0 4.8572122454430495e-08
2132.0 4.8605519631541824e-08
2133.0 4.8633999551570074e-08
2134.0 4.866650046700143e-08
2135.0 4.86940804411079e-08
2136.0 4.872568803552744e-08
2137.0 4.875236048971525e-08
2138.0 4.8783061670530747e-08
2139.0 4.881330790890196e-08
2140.0 4.883860597170376e-08
2141.0 4.872407358444554e-08
2142.0 4.8306503516866665e-08
2143.0 4.789019378759042e-08
2144.0 4.74662892501147e-08
2145.0 4.704354700681326e-08
2146.0 4.6613267776504244e-08
2147.0 4.618405155654106e-08
2148.0 4.575155766630388e-08
2149.0 4.5311620480439186e-08
2150.0 4.4872594891274183e-08
2151.0 4.4463696421226715e-08
2152.0 4.4136393166011756e-08
2153.0 4.380248994282224e-08
2154.0 4.347006031090099e-08
2155.0 4.313107618876642e-08
2156.0 4.279348743242327e-08
2157.0 4.2449390533148594e-08
2158.0 4.210660978162764e-08
2159.0 4.176120462392825e-08
2160.0 4.1409362368732255e-08
2161.0 4.113074250311791e-08
2162.0 4.100058880759694e-08
2163.0 4.087294777183338e-08
2164.0 4.074029485880132e-08
2165.0 4.061012218595358e-08
2166.0 4.0474953938943075e-08
2167.0 4.034223302290899e-08
2168.0 4.020453326573188e-08
2169.0 4.0069247437730834e-08
2170.0 3.9932666444159835e-08
2171.0 3.980225922594729e-08
2172.0 3.969993222520101e-08
2173.0 3.9592893458305915e-08
2174.0 3.948841489655042e-08
2175.0 3.937924175744287e-08
2176.0 3.9272606289142827e-08
2177.0 3.91612851322185e-08
2178.0 3.905247437343989e-08
2179.0 3.893899151472517e-08
2180.0 3.8827991361466436e-08
2181.0 3.8814424033906274e-08
2182.0 3.902631216704446e-08
2183.0 3.923899752363358e-08
2184.0 3.944886233824509e-08
2185.0 3.9663128808457264e-08
2186.0 3.987453994647538e-08
2187.0 4.009039087995588e-08
2188.0 4.030335578335007e-08
2189.0 4.052080768309481e-08
2190.0 4.073533386446664e-08
2191.0 4.0686756489878124e-08
2192.0 4.005273727953976e-08
2193.0 3.941838662680924e-08
2194.0 3.8776404054895655e-08
2195.0 3.813394957051495e-08
2196.0 3.7487395752936104e-08
2197.0 3.683335286831028e-08
2198.0 3.617862429756847e-08
2199.0 3.551650374247635e-08
2200.0 3.485354936276191e-08
2201.0 3.436540389261983e-08
2202.0 3.42559253264361e-08
2203.0 3.414216688162985e-08
2204.0 3.403039528125499e-08
2205.0 3.391435762055256e-08
2206.0 3.3800278478838856e-08
2207.0 3.368194748580498e-08
2208.0 3.356554624260665e-08
2209.0 3.344797294381429e-08
2210.0 3.332616979230828e-08
2211.0 3.3322945810238814e-08
2212.0 3.3577430740241715e-08
2213.0 3.383611552976104e-08
2214.0 3.409283338837597e-08
2215.0 3.435380748501114e-08
2216.0 3.461276959013718e-08
2217.0 3.4876041042195936e-08
2218.0 3.5137258720938655e-08
2219.0 3.5402839282964096e-08
2220.0 3.566632389951126e-08
2221.0 3.5890547729353176e-08
2222.0 3.601991941474023e-08
2223.0 3.614631262093876e-08
2224.0 3.62763370742635e-08
2225.0 3.640336105340158e-08
2226.0 3.653404070100531e-08
2227.0 3.666169776914896e-08
2228.0 3.6793031028959306e-08
2229.0 3.6921323494441584e-08
2230.0 3.705332082226377e-08
2231.0 3.71042593640006e-08
2232.0 3.702848576839703e-08
2233.0 3.694862884395388e-08
2234.0 3.687145922251127e-08
2235.0 3.679021855221141e-08
2236.0 3.671164797079194e-08
2237.0 3.6632371275565106e-08
2238.0 3.654904238641949e-08
2239.0 3.646835725295188e-08
2240.0 3.638363282881322e-08
2241.0 3.626842535694225e-08
2242.0 3.607584228353325e-08
2243.0 3.5885372786970026e-08
2244.0 3.569043100920408e-08
2245.0 3.549756345194969e-08
2246.0 3.5300255595549445e-08
2247.0 3.510498216874988e-08
2248.0 3.490530084956584e-08
2249.0 3.4707613733220156e-08
2250.0 3.450555155722549e-08
2251.0 3.433226701132967e-08
2252.0 3.421917788430831e-08
2253.0 3.4108441549137245e-08
2254.0 3.39969130880038e-08
2255.0 3.388150050202758e-08
2256.0 3.376840560352761e-08
2257.0 3.365144162350672e-08
2258.0 3.353677159546775e-08
2259.0 3.341825152560472e-08
2260.0 3.3302001386577783e-08
2261.0 3.3426675133653327e-08
2262.0 3.4128645704395044e-08
2263.0 3.4830317684224606e-08
2264.0 3.553799834191735e-08
2265.0 3.624525962524204e-08
2266.0 3.695866636643935e-08
2267.0 3.7671531949189965e-08
2268.0 3.839067661032601e-08
2269.0 3.910916142889207e-08
2270.0 3.983406833327454e-08
2271.0 4.0362571470731805e-08
2272.0 4.0421817872972935e-08
2273.0 4.048472567858772e-08
2274.0 4.0543903142326676e-08
2275.0 4.0606752609189326e-08
2276.0 4.066586070890301e-08
2277.0 4.072865139751571e-08
2278.0 4.078768970705194e-08
2279.0 4.085042117721237e-08
2280.0 4.090938926978954e-08
2281.0 4.097403571741663e-08
2282.0 4.104226957744103e-08
2283.0 4.111425960809789e-08
2284.0 4.118250334908416e-08
2285.0 4.12545156264639e-08
2286.0 4.1322769053327555e-08
2287.0 4.1394803382812346e-08
2288.0 4.14630663001404e-08
2289.0 4.153512248674787e-08
2290.0 4.160339469879871e-08
2291.0 4.1558075314801444e-08
2292.0 4.123188261385043e-08
2293.0 4.0900315091249907e-08
2294.0 4.0570867088312655e-08
2295.0 4.0236100910549535e-08
2296.0 3.990338492613542e-08
2297.0 3.9565412364505326e-08
2298.0 3.9229428766346485e-08
2299.0 3.888824200998242e-08
2300.0 3.8548978061400885e-08
2301.0 3.8556626341260766e-08
2302.0 3.947979263921282e-08
2303.0 4.040185611150524e-08
2304.0 4.133010722021734e-08
2305.0 4.225709237378819e-08
2306.0 4.319043940308346e-08
2307.0 4.412235647062565e-08
2308.0 4.506081054295553e-08
2309.0 4.599766976808673e-08
2310.0 4.6941236916110104e-08
2311.0 4.772195099721935e-08
2312.0 4.8115881007434505e-08
2313.0 4.850637164148781e-08
2314.0 4.89022348216872e-08
2315.0 4.9299083962376336e-08
2316.0 4.969238954387852e-08
2317.0 5.009117789208949e-08
2318.0 5.048635278335184e-08
2319.0 5.088708431398627e-08
2320.0 5.128413215747476e-08
2321.0 5.156223791526719e-08
2322.0 5.1529263995528615e-08
2323.0 5.150075468121175e-08
2324.0 5.146733038088547e-08
2325.0 5.1438369704545994e-08
2326.0 5.140449405307535e-08
2327.0 5.137507536745412e-08
2328.0 5.1340747396861695e-08
2329.0 5.13108696516088e-08
2330.0 5.127608839291353e-08
2331.0 5.1395527609973615e-08
2332.0 5.1889354656531495e-08
2333.0 5.238908800193015e-08
2334.0 5.288522868968307e-08
2335.0 5.338736815360988e-08
2336.0 5.388582664824756e-08
2337.0 5.439037090778108e-08
2338.0 5.4891151324554375e-08
2339.0 5.539811672068608e-08
2340.0 5.590122328725456e-08
2341.0 5.639012934840229e-08
2342.0 5.6825530893348535e-08
2343.0 5.7267099867136415e-08
2344.0 5.770444774413043e-08
2345.0 5.814804436758129e-08
2346.0 5.8592676198612904e-08
2347.0 5.9032969883478575e-08
2348.0 5.9479634989851414e-08
2349.0 5.99218834551253e-08
2350.0 6.037057898418277e-08
2351.0 6.081132374366346e-08
2352.0 6.125221550667631e-08
2353.0 6.168849695336728e-08
2354.0 6.213135841810144e-08
2355.0 6.256953170485523e-08
2356.0 6.301436631879999e-08
2357.0 6.345443455732451e-08
2358.0 6.390124577113885e-08
2359.0 6.434321207580729e-08
2360.0 6.479200334332107e-08
2361.0 6.520092062193614e-08
2362.0 6.552851793177875e-08
2363.0 6.585080747920749e-08
2364.0 6.617973471847459e-08
2365.0 6.650330368980196e-08
2366.0 6.683357738994882e-08
2367.0 6.715842780949462e-08
2368.0 6.749004304817382e-08
2369.0 6.781617690691744e-08
2370.0 6.814913590399189e-08
2371.0 6.852490360346532e-08
2372.0 6.903714866067567e-08
2373.0 6.954420484910294e-08
2374.0 7.005867461343501e-08
2375.0 7.056786491134215e-08
2376.0 7.108456299932922e-08
2377.0 7.159589064479429e-08
2378.0 7.211482067597845e-08
2379.0 7.262828890956859e-08
2380.0 7.314944658130462e-08
2381.0 7.359670386635726e-08
2382.0 7.387265658889394e-08
2383.0 7.414238443958495e-08
2384.0 7.441934105155862e-08
2385.0 7.469002443385709e-08
2386.0 7.49679864525766e-08
2387.0 7.52396267150457e-08
2388.0 7.551859565899618e-08
2389.0 7.57911941511609e-08
2390.0 7.607117154000401e-08
2391.0 7.654057507483849e-08
2392.0 7.754637964965533e-08
2393.0 7.854734876083157e-08
2394.0 7.955765661790099e-08
2395.0 8.056295872257317e-08
2396.0 8.157779391644454e-08
2397.0 8.259493698306775e-08
2398.0 8.360679625614778e-08
2399.0 8.462846876057833e-08
2400.0 8.564467675430498e-08
2401.0 8.630568256473431e-08
2402.0 8.627145360932131e-08
2403.0 8.624504777657026e-08
2404.0 8.621079980184755e-08
2405.0 8.618436874283276e-08
2406.0 8.615010177381311e-08
2407.0 8.612363619168378e-08
2408.0 8.608935025712389e-08
2409.0 8.606286881576767e-08
2410.0 8.602856393704039e-08
2411.0 8.636325977226378e-08
2412.0 8.768306861852907e-08
2413.0 8.901049283716775e-08
2414.0 9.032949444131132e-08
2415.0 9.165634942975857e-08
2416.0 9.297454096923133e-08
2417.0 9.43008237350615e-08
2418.0 9.561820238507343e-08
2419.0 9.694390993313758e-08
2420.0 9.826047286665713e-08
2421.0 9.920720692624788e-08
2422.0 9.909679602171498e-08
2423.0 9.899538257226298e-08
2424.0 9.888499527923263e-08
2425.0 9.878358550036345e-08
2426.0 9.867322199348683e-08
2427.0 9.857181606605541e-08
2428.0 9.846147652012727e-08
2429.0 9.836007462516265e-08
2430.0 9.824975921512116e-08
2431.0 9.831422073887741e-08
2432.0 9.887626804816913e-08
2433.0 9.944693774400261e-08
2434.0 1.000082455201185e-07
2435.0 1.0057826627830451e-07
2436.0 1.0113883379967526e-07
2437.0 1.0170822649369262e-07
2438.0 1.0226805315993223e-07
2439.0 1.0283680617652841e-07
2440.0 1.033958913265255e-07
2441.0 1.040331648715093e-07
2442.0 1.0485847402101895e-07
2443.0 1.0569278299561151e-07
2444.0 1.0651700722208234e-07
2445.0 1.0735038021719336e-07
2446.0 1.0817351859088994e-07
2447.0 1.0900595446639907e-07
2448.0 1.0982800605753035e-07
2449.0 1.106595036731316e-07
2450.0 1.1148046755185109e-07
2451.0 1.1221225416830404e-07
2452.0 1.1265040916171995e-07
2453.0 1.1309848052658624e-07
2454.0 1.1353601554981264e-07
2455.0 1.1398354596970779e-07
2456.0 1.1442046051969442e-07
2457.0 1.1486744937196701e-07
2458.0 1.1530374294565022e-07
2459.0 1.1573970609812122e-07
2460.0 1.1618586170186855e-07
2461.0 1.1661845075550328e-07
2462.0 1.1705408958792562e-07
2463.0 1.1747884002598037e-07
2464.0 1.1791394167271553e-07
2465.0 1.183380777504899e-07
2466.0 1.187726287909459e-07
2467.0 1.1919614997840589e-07
2468.0 1.1963017540035395e-07
2469.0 1.200530812589465e-07
2470.0 1.2048656768739747e-07
2471.0 1.207999102386806e-07
2472.0 1.208034435792938e-07
2473.0 1.207960093935547e-07
2474.0 1.2079947748091302e-07
2475.0 1.2079197937016318e-07
2476.0 1.2079538215750705e-07
2477.0 1.207878200864392e-07
2478.0 1.207911575270088e-07
2479.0 1.207835314603197e-07
2480.0 1.2078679048020562e-07
2481.0 1.211978575747795e-07
2482.0 1.228689754288406e-07
2483.0 1.2452793684985242e-07
2484.0 1.261971257606449e-07
2485.0 1.278538571461848e-07
2486.0 1.2952111490994664e-07
2487.0 1.3117561448692045e-07
2488.0 1.328409388996408e-07
2489.0 1.3449320489494903e-07
2490.0 1.361565937523694e-07
2491.0 1.374731052204159e-07
2492.0 1.377938120806968e-07
2493.0 1.3810182816750954e-07
2494.0 1.3842209019462885e-07
2495.0 1.3872962043366403e-07
2496.0 1.390494669654322e-07
2497.0 1.3935651101430381e-07
2498.0 1.396759266956419e-07
2499.0 1.399824841787609e-07
2500.0 1.4030146854107386e-07
2501.0 1.4058783717210794e-07
2502.0 1.4097319598940997e-07
2503.0 1.413451774341807e-07
2504.0 1.417293022975569e-07
2505.0 1.420999820804691e-07
2506.0 1.4248287183849443e-07
2507.0 1.4285224904952484e-07
2508.0 1.4323388712208872e-07
2509.0 1.436019608115835e-07
2510.0 1.439823768646396e-07
2511.0 1.4450898313812487e-07
2512.0 1.4552866223555655e-07
2513.0 1.465600080413322e-07
2514.0 1.475766264384009e-07
2515.0 1.486050941445426e-07
2516.0 1.4961864960679628e-07
2517.0 1.506442364087775e-07
2518.0 1.516547267017475e-07
2519.0 1.5267742979472462e-07
2520.0 1.5368485268392684e-07
2521.0 1.5448596550314874e-07
2522.0 1.545848760014323e-07
2523.0 1.5469743266254303e-07
2524.0 1.5479573409016122e-07
2525.0 1.5490771587738484e-07
2526.0 1.550054078197698e-07
2527.0 1.5511679755396164e-07
2528.0 1.552138795858945e-07
2529.0 1.5532467673009058e-07
2530.0 1.5542114842634983e-07
2531.0 1.5577665584152593e-07
2532.0 1.5689452557554414e-07
2533.0 1.5802491646772887e-07
2534.0 1.591393969769344e-07
