mejiro/data/hst_filter_response/WFC3_UVIS-F606W.ecsv
# %ECSV 1.0
# ---
# datatype:
# - {name: wavelength, unit: Angstrom, datatype: float64}
# - {name: response, datatype: float64}
# meta:
#   __serialized_columns__:
#     wavelength:
#       __class__: astropy.units.quantity.Quantity
#       unit: !astropy.units.Unit {unit: Angstrom}
#       value: !astropy.table.SerializedColumn {name: wavelength}
#   band_name: F606W
#   group_name: WFC3_UVIS
# schema: astropy-2.0
wavelength response
[from data line 547]
2546.0 3.667711831698316e-08
2547.0 3.7773779314765606e-08
2548.0 3.887234910407605e-08
2549.0 3.996591184348982e-08
2550.0 4.106157947407482e-08
2551.0 4.215211928541588e-08
2552.0 4.32449635400083e-08
2553.0 4.433240824121436e-08
2554.0 4.5422347445444254e-08
2555.0 4.6506694444353904e-08
2556.0 4.75937351956889e-08
2557.0 4.867498213344083e-08
2558.0 4.975911661294315e-08
2559.0 5.0837261013580295e-08
2560.0 5.191848616805258e-08
2561.0 5.2503501499776406e-08
2562.0 5.147475077735906e-08
2563.0 5.0442683247722745e-08
2564.0 4.941648867071365e-08
2565.0 4.8387164518496595e-08
2566.0 4.735925923407395e-08
2567.0 4.63369503265195e-08
2568.0 4.5311791668934415e-08
2569.0 4.4292040928433035e-08
2570.0 4.326963125929323e-08
2571.0 4.225252858165792e-08
2572.0 4.1232943804042115e-08
2573.0 4.021840212071469e-08
2574.0 3.9201563268053634e-08
2575.0 3.8189585373655876e-08
2576.0 3.71754947291883e-08
2577.0 3.616608341888655e-08
2578.0 3.515474326607592e-08
2579.0 3.414790133558026e-08
2580.0 3.313931395811416e-08
2581.0 3.213511947193795e-08
2582.0 3.1129357706999255e-08
2583.0 3.0127725558364276e-08
2584.0 2.912471185097217e-08
2585.0 2.812311810194809e-08
2586.0 2.7125388018151e-08
2587.0 2.6126545576709122e-08
2588.0 2.513138802596419e-08
2589.0 2.4135299216347306e-08
2590.0 2.3142717035240654e-08
2591.0 2.214942854457452e-08
2592.0 2.1159464965136518e-08
2593.0 2.0168926816880225e-08
2594.0 1.918153636686558e-08
2595.0 1.819375091998944e-08
2596.0 1.720893647028162e-08
2597.0 1.622390608404265e-08
2598.0 1.5241668870726866e-08
2599.0 1.4259396010064994e-08
2600.0 1.327974228134074e-08
2601.0 1.2685943932061159e-08
2602.0 1.3458447146115743e-08
2603.0 1.4227886699790881e-08
2604.0 1.4995403929886754e-08
2605.0 1.5762416849133218e-08
2606.0 1.6526156371272757e-08
2607.0 1.728952751078365e-08
2608.0 1.804948623626072e-08
2609.0 1.8809211814303698e-08
2610.0 1.9565386654061574e-08
2611.0 2.0321496686422745e-08
2612.0 2.1073920850115242e-08
2613.0 2.1826382756688283e-08
2614.0 2.2575021831239673e-08
2615.0 2.332382928957983e-08
2616.0 2.4068680066565152e-08
2617.0 2.4813834176226263e-08
2618.0 2.5554893606982538e-08
2619.0 2.6294022948414848e-08
2620.0 2.703365307916173e-08
2621.0 2.77690377016324e-08
2622.0 2.8505056532762066e-08
2623.0 2.9236647550167453e-08
2624.0 2.996900278093475e-08
2625.0 3.069679702039633e-08
2626.0 3.142548478301835e-08
2627.0 3.214947907124454e-08
2628.0 3.2874495497080024e-08
2629.0 3.3594686660367264e-08
2630.0 3.431602420280407e-08
2631.0 3.503408012827881e-08
2632.0 3.575348217603009e-08
2633.0 3.646786560963329e-08
2634.0 3.718037920802002e-08
2635.0 3.7894428290090605e-08
2636.0 3.8603263308160724e-08
2637.0 3.9313759152373104e-08
2638.0 4.001891141597318e-08
2639.0 4.072584917343666e-08
2640.0 4.142731450584397e-08
2641.0 4.1630117667446534e-08
2642.0 3.998523305182375e-08
2643.0 3.834772846112893e-08
2644.0 3.6710567263315744e-08
2645.0 3.508049257909106e-08
2646.0 3.345106388797833e-08
2647.0 3.18284371306709e-08
2648.0 3.020674969087178e-08
2649.0 2.8589008890708197e-08
2650.0 2.6977640005858847e-08
2651.0 2.5367687807376008e-08
2652.0 2.3763818399119237e-08
2653.0 2.216162074538559e-08
2654.0 2.0565222558406984e-08
2655.0 1.8970788452942077e-08
2656.0 1.7381871913977976e-08
2657.0 1.579521036594065e-08
2658.0 1.4213785908730857e-08
2659.0 1.2634905932921578e-08
2660.0 1.1060982814468789e-08
2661.0 9.855477352524777e-09
2662.0 1.0039042759510416e-08
2663.0 1.0223021082488881e-08
2664.0 1.0405592794195463e-08
2665.0 1.0588609629446663e-08
2666.0 1.0770186494566111e-08
2667.0 1.0952240508855716e-08
2668.0 1.1132821375356745e-08
2669.0 1.1313911234552867e-08
2670.0 1.14934949496807e-08
2671.0 1.167363498209759e-08
2672.0 1.1852236533782617e-08
2673.0 1.203033098505164e-08
2674.0 1.2209013742532535e-08
2675.0 1.2386109150183123e-08
2676.0 1.2563822724172789e-08
2677.0 1.2739917905897372e-08
2678.0 1.2916663618884804e-08
2679.0 1.3091757429417209e-08
2680.0 1.3267532609449658e-08
2681.0 1.344164177896555e-08
2682.0 1.3616463437191428e-08
2683.0 1.3789569826083475e-08
2684.0 1.3963419174873756e-08
2685.0 1.413552160853103e-08
2686.0 1.4307113927858947e-08
2687.0 1.447949459306926e-08
2688.0 1.4650081239637512e-08
2689.0 1.4821486244787845e-08
2690.0 1.4991066042163443e-08
2691.0 1.5161511644150815e-08
2692.0 1.5330101422534416e-08
2693.0 1.5499567770390915e-08
2694.0 1.5667149103423085e-08
2695.0 1.5835638123300512e-08
2696.0 1.600220984313236e-08
2697.0 1.6168268866936232e-08
2698.0 1.6335279446485397e-08
2699.0 1.650032712286891e-08
2700.0 1.666635535517506e-08
2701.0 1.6992592373633573e-08
2702.0 1.7889617450712085e-08
2703.0 1.8784898543362103e-08
2704.0 1.9681722812053747e-08
2705.0 2.0576642194068594e-08
2706.0 2.147326477053651e-08
2707.0 2.2367821637007424e-08
2708.0 2.326215686825051e-08
2709.0 2.4158432601783533e-08
2710.0 2.5052404033410667e-08
2711.0 2.5948499995714042e-08
2712.0 2.6842130033700015e-08
2713.0 2.773802420576472e-08
2714.0 2.863129190211606e-08
2715.0 2.9526983394969394e-08
2716.0 3.0419887939691666e-08
2717.0 3.131537586363104e-08
2718.0 3.22079164461307e-08
2719.0 3.310023477621252e-08
2720.0 3.399537571980751e-08
2721.0 3.488735207526728e-08
2722.0 3.5782311614567646e-08
2723.0 3.6673924366718656e-08
2724.0 3.756867559887625e-08
2725.0 3.845992383796184e-08
2726.0 3.9354473793666104e-08
2727.0 4.0245356799640026e-08
2728.0 4.1136017004565396e-08
2729.0 4.2030217625692994e-08
2730.0 4.292051139350915e-08
2731.0 4.381454065873013e-08
2732.0 4.470450468919902e-08
2733.0 4.559832857868408e-08
2734.0 4.6487927462319045e-08
2735.0 4.738154507635984e-08
2736.0 4.827077799279335e-08
2737.0 4.9159787827350654e-08
2738.0 5.005305455919344e-08
2739.0 5.09416972148484e-08
2740.0 5.183474990926647e-08
2741.0 5.272307776333443e-08
2742.0 5.361598157643463e-08
2743.0 5.450394419257216e-08
2744.0 5.5396641286391763e-08
2745.0 5.628423783848518e-08
2746.0 5.717672730686623e-08
2747.0 5.8063956968184926e-08
2748.0 5.895096319088752e-08
2749.0 5.98430998474147e-08
2750.0 6.072973795810668e-08
2751.0 6.162171540367379e-08
2752.0 6.250803668990991e-08
2753.0 6.339980627121662e-08
2754.0 6.428576069635443e-08
2755.0 6.517731455349323e-08
2756.0 6.606290119115804e-08
2757.0 6.694826407480961e-08
2758.0 6.783947032644975e-08
2759.0 6.872446428801131e-08
2760.0 6.961545950203088e-08
2761.0 6.993532441753234e-08
2762.0 6.776205618311048e-08
2763.0 6.558306000586761e-08
2764.0 6.34102601955301e-08
2765.0 6.123212314283978e-08
2766.0 5.9054513760945795e-08
2767.0 5.6882518048639364e-08
2768.0 5.470577076898394e-08
2769.0 5.25342489468283e-08
2770.0 5.0358365787851404e-08
2771.0 4.8187339251278106e-08
2772.0 4.601234458785457e-08
2773.0 4.3841797337532764e-08
2774.0 4.16676664456411e-08
2775.0 3.9494065338026405e-08
2776.0 3.732433023724049e-08
2777.0 3.51515958943444e-08
2778.0 3.2982340207810725e-08
2779.0 3.0810474658533945e-08
2780.0 2.8641700605904236e-08
2781.0 2.6888613588803594e-08
2782.0 2.70435205698597e-08
2783.0 2.7200817001038195e-08
2784.0 2.7355655984232233e-08
2785.0 2.7512912011214334e-08
2786.0 2.7667682845394724e-08
2787.0 2.782489830232327e-08
2788.0 2.797960083622509e-08
2789.0 2.8136772561512755e-08
2790.0 2.8291406627294494e-08
2791.0 2.8446018349412302e-08
2792.0 2.860314378536605e-08
2793.0 2.8757687239757346e-08
2794.0 2.8914771938538798e-08
2795.0 2.906924697317592e-08
2796.0 2.9226290768013865e-08
2797.0 2.938069723075488e-08
2798.0 2.953769995473924e-08
2799.0 2.9692037693327937e-08
2800.0 2.984633412394728e-08
2801.0 3.0018470505480995e-08
2802.0 3.018806545503036e-08
2803.0 3.036049455388709e-08
2804.0 3.053035204586224e-08
2805.0 3.070307085854209e-08
2806.0 3.0873191094002194e-08
2807.0 3.104343519373468e-08
2808.0 3.1216589615664805e-08
2809.0 3.138709679486441e-08
2810.0 3.156054484515339e-08
2811.0 3.17313309944637e-08
2812.0 3.190508877818779e-08
2813.0 3.2076138782148006e-08
2814.0 3.224731315787037e-08
2815.0 3.242150514035824e-08
2816.0 3.2592943690280876e-08
2817.0 3.276743055449892e-08
2818.0 3.2939133499206445e-08
2819.0 3.311391551025451e-08
2820.0 3.3285883070455794e-08
2821.0 3.346096255149353e-08
2822.0 3.3633200602858354e-08
2823.0 3.380556352429679e-08
2824.0 3.3981082640971766e-08
2825.0 3.415371083436932e-08
2826.0 3.4329526132258045e-08
2827.0 3.450241981898954e-08
2828.0 3.4678531564144545e-08
2829.0 3.4851690965709516e-08
2830.0 3.5024975580247976e-08
2831.0 3.519781533984843e-08
2832.0 3.536762032869987e-08
2833.0 3.554068367473697e-08
2834.0 3.571068199826073e-08
2835.0 3.588396903255983e-08
2836.0 3.6054160760796196e-08
2837.0 3.6224441626088134e-08
2838.0 3.639805292027896e-08
2839.0 3.6568527269259286e-08
2840.0 3.674236634806247e-08
2841.0 3.6807449747141896e-08
2842.0 3.634050858676359e-08
2843.0 3.587002202488508e-08
2844.0 3.539927139056796e-08
2845.0 3.4931370206565854e-08
2846.0 3.446004932924802e-08
2847.0 3.3991493775838966e-08
2848.0 3.351960244445768e-08
2849.0 3.3050392216398456e-08
2850.0 3.257793021992105e-08
2851.0 3.210520925623409e-08
2852.0 3.163504274202147e-08
2853.0 3.116175050253224e-08
2854.0 3.069092499767572e-08
2855.0 3.0217061321262764e-08
2856.0 2.974558308910019e-08
2857.0 2.9271147714080024e-08
2858.0 2.8796447556883712e-08
2859.0 2.8324005854185612e-08
2860.0 2.7848733704909995e-08
2861.0 2.7644082244455438e-08
2862.0 2.8847512767296516e-08
2863.0 3.0054277281439764e-08
2864.0 3.1259129311493084e-08
2865.0 3.2464638603091896e-08
2866.0 3.3673804283159407e-08
2867.0 3.488073580431744e-08
2868.0 3.609153895759848e-08
2869.0 3.729989322880592e-08
2870.0 3.851233461001022e-08
2871.0 3.9722105501439885e-08
2872.0 4.093253392632633e-08
2873.0 4.214736820836616e-08
2874.0 4.3359219686233455e-08
2875.0 4.457569755566479e-08
2876.0 4.5788972733961e-08
2877.0 4.7007090599699605e-08
2878.0 4.822178999732764e-08
2879.0 4.9437147602198986e-08
2880.0 5.065767274836466e-08
2881.0 5.187443844181234e-08
2882.0 5.309658776599116e-08
2883.0 5.431477733646553e-08
2884.0 5.553856764935553e-08
2885.0 5.67581816130922e-08
2886.0 5.797845366579111e-08
2887.0 5.920465253828304e-08
2888.0 6.042634969987071e-08
2889.0 6.165418483959525e-08
2890.0 6.287730749637464e-08
2891.0 6.410109943251788e-08
2892.0 6.533136325208553e-08
2893.0 6.655658234660826e-08
2894.0 6.77884916103887e-08
2895.0 6.901513838033149e-08
2896.0 7.024869383996007e-08
2897.0 7.14767688022839e-08
2898.0 7.270550340113851e-08
2899.0 7.39414748809525e-08
2900.0 7.517163838879005e-08
2901.0 7.579164537731446e-08
2902.0 7.272976161551646e-08
2903.0 6.966983047780355e-08
2904.0 6.659918606071475e-08
2905.0 6.352429657315723e-08
2906.0 6.045053070750525e-08
2907.0 5.73668753658425e-08
2908.0 5.428379964359388e-08
2909.0 5.119137418685137e-08
2910.0 4.8094699874314265e-08
2911.0 4.4997777364278644e-08
2912.0 4.189232779375773e-08
2913.0 3.878607533451646e-08
2914.0 3.567184606815838e-08
2915.0 3.255625821321175e-08
2916.0 2.943324531666884e-08
2917.0 2.630597813010763e-08
2918.0 2.3176516158622567e-08
2919.0 2.0040459819198015e-08
2920.0 1.690164921353607e-08
2921.0 1.4185700041974383e-08
2922.0 1.399147988883605e-08
2923.0 1.3798210817158545e-08
2924.0 1.3603425870661751e-08
2925.0 1.3409558719200613e-08
2926.0 1.3214208706433346e-08
2927.0 1.3019741643314564e-08
2928.0 1.2823826311959732e-08
2929.0 1.2627636943024358e-08
2930.0 1.2432278085257723e-08
2931.0 1.2235517036480676e-08
2932.0 1.2039551603006067e-08
2933.0 1.1842225017259206e-08
2934.0 1.1644624346493204e-08
2935.0 1.1447766486921741e-08
2936.0 1.124959992754687e-08
2937.0 1.1052140846757564e-08
2938.0 1.0853408148143982e-08
2939.0 1.065534637009216e-08
2940.0 1.045604730272879e-08
2941.0 1.0256468776122806e-08
2942.0 1.0057509178192146e-08
2943.0 9.857364303496152e-09
2944.0 9.657802683685465e-09
2945.0 9.457091211922933e-09
2946.0 9.256105272146518e-09
2947.0 9.055648906010383e-09
2948.0 8.854096020121122e-09
2949.0 8.653036790382047e-09
2950.0 8.450916709464113e-09
2951.0 8.248517795776604e-09
2952.0 8.046558693786918e-09
2953.0 7.843592642535786e-09
2954.0 7.641030241766907e-09
2955.0 7.437496805703489e-09
2956.0 7.234329996031354e-09
2957.0 7.0302289495220775e-09
2958.0 6.825853064687503e-09
2959.0 6.6217900128044835e-09
2960.0 6.416846149591932e-09
2961.0 6.353063891903552e-09
2962.0 7.189983901514625e-09
2963.0 8.027997829143472e-09
2964.0 8.867892740497379e-09
2965.0 9.708169508649897e-09
2966.0 1.0550476876987981e-08
2967.0 1.1393017460644674e-08
2968.0 1.2236652889704992e-08
2969.0 1.3082544023454725e-08
2970.0 1.3928444633150714e-08
2971.0 1.4776736908277518e-08
2972.0 1.5624887368575163e-08
2973.0 1.647413192041618e-08
2974.0 1.732600763685456e-08
2975.0 1.8177516336321827e-08
2976.0 1.9031805737992247e-08
2977.0 1.9885579456608987e-08
2978.0 2.0742287827360422e-08
2979.0 2.1598327616841974e-08
2980.0 2.2455462792362658e-08
2981.0 2.3206470196530365e-08
2982.0 2.322705123983149e-08
2983.0 2.3249702429026235e-08
2984.0 2.3270302254276207e-08
2985.0 2.329091055897703e-08
2986.0 2.3313594494790523e-08
2987.0 2.3334221589478167e-08
2988.0 2.335692797610086e-08
2989.0 2.3377573866633457e-08
2990.0 2.3398228241683397e-08
2991.0 2.3420955479775175e-08
2992.0 2.3441616713330083e-08
2993.0 2.3464363901389815e-08
2994.0 2.348504390143485e-08
2995.0 2.35057323710431e-08
2996.0 2.352851477881175e-08
2997.0 2.3549222025049563e-08
2998.0 2.3572026883154657e-08
2999.0 2.3592752911824974e-08
3000.0 2.361348741505937e-08
3001.0 2.3620939572787585e-08
3002.0 2.3626298546587414e-08
3003.0 2.3633751389041622e-08
3004.0 2.363911009731353e-08
3005.0 2.3644468435092757e-08
3006.0 2.365192206539097e-08
3007.0 2.3657280136388337e-08
3008.0 2.3664734448972476e-08
3009.0 2.3670092252329896e-08
3010.0 2.3675449684220668e-08
3011.0 2.368288675682983e-08
3012.0 2.3688228389993302e-08
3013.0 2.369566862706047e-08
3014.0 2.370100997776447e-08
3015.0 2.370635095036434e-08
3016.0 2.3713791945616924e-08
3017.0 2.3719132634508584e-08
3018.0 2.372657429170679e-08
3019.0 2.373191469603521e-08
3020.0 2.3737254721291308e-08
3021.0 2.4055178956716934e-08
3022.0 2.6640234903218427e-08
3023.0 2.9227813501556003e-08
3024.0 3.1812967372148016e-08
3025.0 3.439805562120209e-08
3026.0 3.6986352998986844e-08
3027.0 3.957153865978749e-08
3028.0 4.2160386620605105e-08
3029.0 4.474566907479599e-08
3030.0 4.7330885493004564e-08
3031.0 4.992017053002638e-08
3032.0 5.250516967246132e-08
3033.0 5.5094950146204215e-08
3034.0 5.767998691786778e-08
3035.0 6.02649280006675e-08
3036.0 6.285533668099427e-08
3037.0 6.544031501567678e-08
3038.0 6.803121841346612e-08
3039.0 7.061623374275971e-08
3040.0 7.320115308704761e-08
3041.0 7.523202912850016e-08
3042.0 7.29522167011618e-08
3043.0 7.067874579709604e-08
3044.0 6.839890646216621e-08
3045.0 6.611915462179999e-08
3046.0 6.384513254153559e-08
3047.0 6.156535436398623e-08
3048.0 5.9290909367350465e-08
3049.0 5.7011104837385626e-08
3050.0 5.473138806022413e-08
3051.0 5.245638161810199e-08
3052.0 5.017662244664934e-08
3053.0 4.790118986320631e-08
3054.0 4.562140801280662e-08
3055.0 4.334171573284958e-08
3056.0 4.106574523993068e-08
3057.0 3.878603061030708e-08
3058.0 3.650963460938003e-08
3059.0 3.4229897854943963e-08
3060.0 3.1950250928217097e-08
3061.0 2.991291218714523e-08
3062.0 2.980446146165663e-08
3063.0 2.9698640939305442e-08
3064.0 2.9590188876703402e-08
3065.0 2.948174094421521e-08
3066.0 2.9375891358077308e-08
3067.0 2.9267442115383723e-08
3068.0 2.9161575142666534e-08
3069.0 2.9053124588903473e-08
3070.0 2.894467817736358e-08
3071.0 2.8838770926457957e-08
3072.0 2.8730308974652654e-08
3073.0 2.862185128132815e-08
3074.0 2.8515918454151904e-08
3075.0 2.8407459697572566e-08
3076.0 2.8301506638435704e-08
3077.0 2.8193046829136734e-08
3078.0 2.8084591290356742e-08
3079.0 2.7978612698602805e-08
3080.0 2.787015612253216e-08
3081.0 2.776413918138554e-08
3082.0 2.7655663574579173e-08
3083.0 2.7547192393495896e-08
3084.0 2.7441147496521636e-08
3085.0 2.733267560024434e-08
3086.0 2.722661371384565e-08
3087.0 2.7118141101444236e-08
3088.0 2.7009672926709217e-08
