mejiro/data/hst_filter_response/WFC3_UVIS-F814W.ecsv
# %ECSV 1.0
# ---
# datatype:
# - {name: wavelength, unit: Angstrom, datatype: float64}
# - {name: response, datatype: float64}
# meta:
#   __serialized_columns__:
#     wavelength:
#       __class__: astropy.units.quantity.Quantity
#       unit: !astropy.units.Unit {unit: Angstrom}
#       value: !astropy.table.SerializedColumn {name: wavelength}
#   band_name: F814W
#   group_name: WFC3_UVIS
# schema: astropy-2.0
wavelength response
[from data line 4361]
6350.0 2.4691233305336876e-08
6351.0 2.5624811774008333e-08
6352.0 2.6064199056112483e-08
6353.0 2.4973359427966305e-08
6354.0 2.3882447952913818e-08
6355.0 2.278951732586547e-08
6356.0 2.1698555425633664e-08
6357.0 2.0607521732633228e-08
6358.0 1.9516416262861747e-08
6359.0 1.8425239032315744e-08
6360.0 1.733399005699073e-08
6361.0 1.624126940638129e-08
6362.0 1.5390136394489933e-08
6363.0 1.5292491580858204e-08
6364.0 1.5194840381075564e-08
6365.0 1.5097182796600054e-08
6366.0 1.4999518828889595e-08
6367.0 1.490057351610816e-08
6368.0 1.4802905143267506e-08
6369.0 1.4705230392110895e-08
6370.0 1.460754926409576e-08
6371.0 1.4509852617957211e-08
6372.0 1.4308620908647433e-08
6373.0 1.3776122948842845e-08
6374.0 1.3244815775802366e-08
6375.0 1.271347508445637e-08
6376.0 1.2182100882773691e-08
6377.0 1.1650693178722613e-08
6378.0 1.1119251980270898e-08
6379.0 1.0586871277738868e-08
6380.0 1.0055408596622027e-08
6381.0 9.523906356337958e-09
6382.0 9.272865197502588e-09
6383.0 9.928225665646657e-09
6384.0 1.0583626386351843e-08
6385.0 1.12381055175307e-08
6386.0 1.1893530617940535e-08
6387.0 1.2548995937712952e-08
6388.0 1.3204501466931383e-08
6389.0 1.3860047195679945e-08
6390.0 1.4515633114043452e-08
6391.0 1.5169951335510396e-08
6392.0 1.5913759502766102e-08
6393.0 1.694734269005959e-08
6394.0 1.798098794457326e-08
6395.0 1.9014695250498927e-08
6396.0 2.0048464592029534e-08
6397.0 2.1080493585944242e-08
6398.0 2.2114298561667654e-08
6399.0 2.3148165520281934e-08
6400.0 2.418209444598572e-08
6401.0 2.5216073460171843e-08
6402.0 2.5905426941782737e-08
6403.0 2.544486833240457e-08
6404.0 2.4986499997439145e-08
6405.0 2.4528104405068265e-08
6406.0 2.40696815623794e-08
6407.0 2.3611231476459507e-08
6408.0 2.3152754154395078e-08
6409.0 2.2692306779096945e-08
6410.0 2.2233814260289035e-08
6411.0 2.1775277111057528e-08
6412.0 2.1393717214445395e-08
6413.0 2.1272834163771373e-08
6414.0 2.1151944030646233e-08
6415.0 2.102924622320643e-08
6416.0 2.0908352282234426e-08
6417.0 2.0787451265132355e-08
6418.0 2.066654317380481e-08
6419.0 2.0545628010156264e-08
6420.0 2.042295694507934e-08
6421.0 2.0302025194150788e-08
6422.0 2.003231177371038e-08
6423.0 1.9251839884290275e-08
6424.0 1.8471324156494718e-08
6425.0 1.7690764602664184e-08
6426.0 1.6908713207095122e-08
6427.0 1.6128132885534558e-08
6428.0 1.5347508778704866e-08
6429.0 1.4566840898941895e-08
6430.0 1.3786129258580625e-08
6431.0 1.3005135841560995e-08
6432.0 1.2641202829383402e-08
6433.0 1.3738151236794068e-08
6434.0 1.4835120694460925e-08
6435.0 1.5932111181574842e-08
6436.0 1.7029122677329224e-08
6437.0 1.812615516091996e-08
6438.0 1.9221564196108223e-08
6439.0 2.0318544745677152e-08
6440.0 2.141554621889501e-08
6441.0 2.2512554181073295e-08
6442.0 2.3358621838690413e-08
6443.0 2.3314045853964404e-08
6444.0 2.3271469684484404e-08
6445.0 2.3228892603417964e-08
6446.0 2.3186314611594244e-08
6447.0 2.3143735709842406e-08
6448.0 2.3101155898991456e-08
6449.0 2.3056599982816554e-08
6450.0 2.3014022003795264e-08
6451.0 2.2971424946395683e-08
6452.0 2.2731277642444807e-08
6453.0 2.1779498760884207e-08
6454.0 2.082770436459955e-08
6455.0 1.987419175731811e-08
6456.0 1.8922447926732318e-08
6457.0 1.797068863756386e-08
6458.0 1.7018913908078963e-08
6459.0 1.6067123756541652e-08
6460.0 1.5114023201522492e-08
6461.0 1.416227046770619e-08
6462.0 1.355676021428249e-08
6463.0 1.4216658740657273e-08
6464.0 1.4876566503837647e-08
6465.0 1.5536483491083054e-08
6466.0 1.61950219489275e-08
6467.0 1.685490080150497e-08
6468.0 1.751478883914837e-08
6469.0 1.8174686049124594e-08
6470.0 1.8834592418702205e-08
6471.0 1.9492818915225508e-08
6472.0 1.997512261359296e-08
6473.0 1.979715848262093e-08
6474.0 1.9619192067468497e-08
6475.0 1.9441223371614037e-08
6476.0 1.926325239853545e-08
6477.0 1.908364555600319e-08
6478.0 1.8905685272641085e-08
6479.0 1.8727722722680025e-08
6480.0 1.8549757909595872e-08
6481.0 1.8371770408200778e-08
6482.0 1.8139647169858848e-08
6483.0 1.771068424135479e-08
6484.0 1.7281717013496035e-08
6485.0 1.685274549471613e-08
6486.0 1.64237696934475e-08
6487.0 1.5994789618121513e-08
6488.0 1.5564471110766837e-08
6489.0 1.5135519281813668e-08
6490.0 1.4706563204454772e-08
6491.0 1.4277591717439751e-08
6492.0 1.4001436166974259e-08
6493.0 1.4311126363115074e-08
6494.0 1.4622019153715087e-08
6495.0 1.4932914347586618e-08
6496.0 1.52438119386036e-08
6497.0 1.5554711920640845e-08
6498.0 1.586561428757389e-08
6499.0 1.6175132284048217e-08
6500.0 1.6486012749560803e-08
6501.0 1.6794166383826066e-08
6502.0 1.7099112497568987e-08
6503.0 1.7391838642107668e-08
6504.0 1.768295523690678e-08
6505.0 1.7975469515739572e-08
6506.0 1.8267890431123663e-08
6507.0 1.8560217997190083e-08
6508.0 1.8852452228068654e-08
6509.0 1.914295166592621e-08
6510.0 1.9434974228430002e-08
6511.0 1.9726878578367288e-08
6512.0 1.9909363985869188e-08
6513.0 1.965774425119994e-08
6514.0 1.940620428552981e-08
6515.0 1.9153103551201313e-08
6516.0 1.890174461667952e-08
6517.0 1.8650465407771988e-08
6518.0 1.839926591229666e-08
6519.0 1.814814611807247e-08
6520.0 1.7895571238423197e-08
6521.0 1.7644612691995245e-08
6522.0 1.7557629005910594e-08
6523.0 1.8131379818612464e-08
6524.0 1.870494515698743e-08
6525.0 1.9276671686438295e-08
6526.0 1.9849817003646636e-08
6527.0 2.0422776948678987e-08
6528.0 2.0995551550278164e-08
6529.0 2.1568140837184323e-08
6530.0 2.2140544838135005e-08
6531.0 2.2710801147470905e-08
6532.0 2.3233881194501618e-08
6533.0 2.355602385491398e-08
6534.0 2.3878061431766227e-08
6535.0 2.41999939414757e-08
6536.0 2.4519717979330027e-08
6537.0 2.4841412807446826e-08
6538.0 2.5163002626671988e-08
6539.0 2.5484487453415378e-08
6540.0 2.5805867304085427e-08
6541.0 2.6124884361533812e-08
6542.0 2.6404551843415196e-08
6543.0 2.651120458954038e-08
6544.0 2.6617821717678797e-08
6545.0 2.6724403233458987e-08
6546.0 2.6828647255219678e-08
6547.0 2.693514842540883e-08
6548.0 2.704161400317609e-08
6549.0 2.7148043994147462e-08
6550.0 2.725443840394839e-08
6551.0 2.7358436778708993e-08
6552.0 2.7409692262976383e-08
6553.0 2.7226953657201384e-08
6554.0 2.704427367645049e-08
6555.0 2.686165231152081e-08
6556.0 2.6676803030043525e-08
6557.0 2.6494314510614003e-08
6558.0 2.631188457438082e-08
6559.0 2.6129513212145298e-08
6560.0 2.5947200414709586e-08
6561.0 2.5762714735585085e-08
6562.0 2.560596208969272e-08
6563.0 2.5559162142741734e-08
6564.0 2.5512376613685632e-08
6565.0 2.546560550027262e-08
6566.0 2.54188488002511e-08
6567.0 2.5369929034440967e-08
6568.0 2.5323205164713842e-08
6569.0 2.527649570038829e-08
6570.0 2.5229800639213712e-08
6571.0 2.5183095952785214e-08
6572.0 2.5322546167339106e-08
6573.0 2.629317939452372e-08
6574.0 2.726349128569318e-08
6575.0 2.8233481892428143e-08
6576.0 2.920315126630439e-08
6577.0 3.016990955961449e-08
6578.0 3.113885344466919e-08
6579.0 3.210747627912366e-08
6580.0 3.307577811452987e-08
6581.0 3.404372683437767e-08
6582.0 3.512843720037978e-08
6583.0 3.6753132799020176e-08
6584.0 3.837728739919747e-08
6585.0 4.000090108852071e-08
6586.0 4.1623973954590585e-08
6587.0 4.324279332244182e-08
6588.0 4.486464555492959e-08
6589.0 4.6485957273324184e-08
6590.0 4.8106728565185634e-08
6591.0 4.972691956627343e-08
6592.0 5.104948503918366e-08
6593.0 5.103994801451589e-08
6594.0 5.1030412254680056e-08
6595.0 5.1020877759554794e-08
6596.0 5.101134452901882e-08
6597.0 5.099743324687311e-08
6598.0 5.0987903363514015e-08
6599.0 5.097837474427178e-08
6600.0 5.096884738902515e-08
6601.0 5.0959273115005975e-08
6602.0 5.122617192244874e-08
6603.0 5.280079090288126e-08
6604.0 5.437487875951589e-08
6605.0 5.594843557979421e-08
6606.0 5.751652147125951e-08
6607.0 5.908888143423953e-08
6608.0 6.066071066872103e-08
6609.0 6.223200926210448e-08
6610.0 6.38027773017821e-08
6611.0 6.536736920341513e-08
6612.0 6.707575134465973e-08
6613.0 6.944109700913455e-08
6614.0 7.180564249309053e-08
6615.0 7.416938792883672e-08
6616.0 7.65257596738167e-08
6617.0 7.888770251258407e-08
6618.0 8.124884576867935e-08
6619.0 8.360918957434949e-08
6620.0 8.596873406182861e-08
6621.0 8.831987758218037e-08
6622.0 9.042595591506931e-08
6623.0 9.131902699460186e-08
6624.0 9.221179298808943e-08
6625.0 9.310425394617931e-08
6626.0 9.398834429854339e-08
6627.0 9.4880118810024e-08
6628.0 9.577158846418077e-08
6629.0 9.666275331163701e-08
6630.0 9.755361340301126e-08
6631.0 9.843184919880865e-08
6632.0 9.958098101325749e-08
6633.0 1.0202253014396602e-07
6634.0 1.044630572137983e-07
6635.0 1.0690256245816944e-07
6636.0 1.0933165099331338e-07
6637.0 1.1176890385414893e-07
6638.0 1.1420513568329932e-07
6639.0 1.1664034671601968e-07
6640.0 1.1906430483986119e-07
6641.0 1.2149716926931277e-07
6642.0 1.2381763384600562e-07
6643.0 1.255797048251993e-07
6644.0 1.2734103207420828e-07
6645.0 1.2909052081452973e-07
6646.0 1.3085020988025633e-07
6647.0 1.326091557968091e-07
6648.0 1.343673587365012e-07
6649.0 1.361248188716205e-07
6650.0 1.3786968586156673e-07
6651.0 1.396254002210067e-07
6652.0 1.4152358351546258e-07
6653.0 1.4415312286155742e-07
6654.0 1.4678154992371505e-07
6655.0 1.4939602260429498e-07
6656.0 1.5202200014168853e-07
6657.0 1.5464686626757134e-07
6658.0 1.5727062124080586e-07
6659.0 1.5987953698356313e-07
6660.0 1.6250084534469635e-07
6661.0 1.651209104442436e-07
6662.0 1.6765329777149663e-07
6663.0 1.6973404773006465e-07
6664.0 1.7179913982274633e-07
6665.0 1.7387793694486123e-07
6666.0 1.7595584740072628e-07
6667.0 1.7803287139813397e-07
6668.0 1.8010900914484633e-07
6669.0 1.8216859726340204e-07
6670.0 1.842427847849369e-07
6671.0 1.863159984577493e-07
6672.0 1.884010316980833e-07
6673.0 1.9053638683047534e-07
6674.0 1.9268702064983082e-07
6675.0 1.9483673389780444e-07
6676.0 1.9698552679086933e-07
6677.0 1.9913339954546625e-07
6678.0 2.012630439993611e-07
6679.0 2.0340889258582614e-07
6680.0 2.0555382176201596e-07
6681.0 2.0769776675600084e-07
6682.0 2.101424017237292e-07
6683.0 2.1420196632043384e-07
6684.0 2.1827786256501406e-07
6685.0 2.2235201887433993e-07
6686.0 2.264244356578984e-07
6687.0 2.3047528931898516e-07
6688.0 2.345438783252909e-07
6689.0 2.3861072918342196e-07
6690.0 2.4267584230258146e-07
6691.0 2.4673917830510855e-07
6692.0 2.5081793057412843e-07
6693.0 2.551306059035353e-07
6694.0 2.594414365126143e-07
6695.0 2.637504228361853e-07
6696.0 2.680345067355553e-07
6697.0 2.723394354462757e-07
6698.0 2.7664252133408447e-07
6699.0 2.809437648334999e-07
6700.0 2.852431663789738e-07
6701.0 2.8951572428194817e-07
6702.0 2.9386746334519973e-07
6703.0 2.9853637568340736e-07
6704.0 3.032032854750411e-07
6705.0 3.0784170551378533e-07
6706.0 3.125042104550306e-07
6707.0 3.171647144412412e-07
6708.0 3.2182321794535587e-07
6709.0 3.264797214402416e-07
6710.0 3.3110573355668274e-07
6711.0 3.357577839529417e-07
6712.0 3.4078239243834443e-07
6713.0 3.4796987190083264e-07
6714.0 3.5512370963934447e-07
6715.0 3.623044108910319e-07
6716.0 3.6948203337319574e-07
6717.0 3.766565778140006e-07
6718.0 3.8382804494150286e-07
6719.0 3.9096278711624733e-07
6720.0 3.981274851682837e-07
6721.0 4.052889197696203e-07
6722.0 4.124440504346661e-07
6723.0 4.1954099306770087e-07
6724.0 4.2667036326259645e-07
6725.0 4.337966645869343e-07
6726.0 4.4091989776903265e-07
6727.0 4.4804006353709914e-07
6728.0 4.5511803266014145e-07
6729.0 4.6223145418936556e-07
6730.0 4.693418107520317e-07
6731.0 4.7644886771426665e-07
6732.0 4.841529460920187e-07
6733.0 4.957684183533742e-07
6734.0 5.073788880274973e-07
6735.0 5.189843563046068e-07
6736.0 5.305848243747399e-07
6737.0 5.421336184191515e-07
6738.0 5.537230918486829e-07
6739.0 5.653075690704031e-07
6740.0 5.76887051273517e-07
6741.0 5.884106970909003e-07
6742.0 6.007798249905354e-07
6743.0 6.180762403921255e-07
6744.0 6.353651986751239e-07
6745.0 6.526467016170584e-07
6746.0 6.698630691838166e-07
6747.0 6.871281800789258e-07
6748.0 7.043858416053791e-07
6749.0 7.216360555394584e-07
6750.0 7.388151989092384e-07
6751.0 7.560487872750709e-07
6752.0 7.7401072993662e-07
6753.0 7.966100041380281e-07
6754.0 8.19128967725843e-07
6755.0 8.417067729778115e-07
6756.0 8.642748203471851e-07
6757.0 8.868331121656366e-07
6758.0 9.093816507644791e-07
6759.0 9.318402727819153e-07
6760.0 9.543673739402494e-07
6761.0 9.76884581048922e-07
6762.0 1.0000179587874504e-06
6763.0 1.0270874584029957e-06
6764.0 1.0542313408017548e-06
6765.0 1.0813634751521967e-06
6766.0 1.1084838642652293e-06
6767.0 1.135494691562719e-06
6768.0 1.1625892645174792e-06
6769.0 1.1896721016759564e-06
6770.0 1.2167432058470876e-06
6771.0 1.2438021892944952e-06
6772.0 1.273028247663164e-06
6773.0 1.317478861700837e-06
6774.0 1.361910223252194e-06
6775.0 1.4063223369318588e-06
6776.0 1.450590221916398e-06
6777.0 1.4949600307119409e-06
6778.0 1.539310607132487e-06
6779.0 1.5836419557894157e-06
6780.0 1.627813813870004e-06
6781.0 1.6721023474021886e-06
6782.0 1.7180845581195841e-06
6783.0 1.775619468933564e-06
6784.0 1.8331294033624548e-06
6785.0 1.8904514546684975e-06
6786.0 1.9479065030455284e-06
6787.0 2.0053365951871104e-06
6788.0 2.0627417370905388e-06
6789.0 2.1199394475506577e-06
6790.0 2.1772897701740532e-06
6791.0 2.234614481748426e-06
6792.0 2.295140381376985e-06
6793.0 2.3778130941739744e-06
6794.0 2.460647576077376e-06
6795.0 2.543446031269678e-06
6796.0 2.626208468424684e-06
6797.0 2.7087014091123068e-06
6798.0 2.7913847089986392e-06
6799.0 2.874032019963243e-06
6800.0 2.9566433506738025e-06
6801.0 3.039219173050009e-06
6802.0 3.1261322030561507e-06
6803.0 3.2461981746052337e-06
6804.0 3.366211955787257e-06
6805.0 3.486173559160681e-06
6806.0 3.605772130070436e-06
6807.0 3.7256190830365603e-06
6808.0 3.845413900352625e-06
6809.0 3.96515659456824e-06
6810.0 4.0844950081531335e-06
6811.0 4.204123179323936e-06
6812.0 4.329890135592576e-06
6813.0 4.500733246843206e-06
6814.0 4.671099278317609e-06
6815.0 4.8417790954786075e-06
6816.0 5.012384657567215e-06
6817.0 5.1829159824617555e-06
6818.0 5.352912024158533e-06
6819.0 5.5232802539141395e-06
6820.0 5.693574306483188e-06
6821.0 5.863794199731402e-06
6822.0 6.041547615452418e-06
6823.0 6.275711698609574e-06
6824.0 6.510294656527501e-06
6825.0 6.744775514502573e-06
6826.0 6.9791542971264905e-06
6827.0 7.2128089174241075e-06
6828.0 7.4469634270585965e-06
6829.0 7.681015943891181e-06
6830.0 7.914966492496204e-06
6831.0 8.148300784935467e-06
6832.0 8.381726097972224e-06
6833.0 8.611217910841238e-06
6834.0 8.840620364011822e-06
6835.0 9.06915111801078e-06
6836.0 9.298355134243214e-06
6837.0 9.527469853407648e-06
6838.0 9.756495293806893e-06
6839.0 9.984570072277935e-06
6840.0 1.0213397268376531e-05
6841.0 1.0442135248301385e-05
6842.0 1.0677745711052225e-05
6843.0 1.0967334900853333e-05
6844.0 1.1257732106944798e-05
6845.0 1.1548016148541192e-05
6846.0 1.1838187048843473e-05
6847.0 1.21271996447246e-05
6848.0 1.2417119345213696e-05
6849.0 1.2706925983738131e-05
6850.0 1.2996619583485058e-05
6851.0 1.328505372606918e-05
6852.0 1.3536580922806686e-05
6853.0 1.348087033559996e-05
6854.0 1.3425180706264618e-05
6855.0 1.3369512030547443e-05
6856.0 1.3312715376400332e-05
6857.0 1.3257093395507918e-05
6858.0 1.3201492353670098e-05
6859.0 1.3145912246636162e-05
6860.0 1.3089223332903333e-05
6861.0 1.3033685643801096e-05
6862.0 1.3100529863426134e-05
6863.0 1.4183858030748966e-05
6864.0 1.5265446544917397e-05
6865.0 1.6347837426600897e-05
6866.0 1.742980654675275e-05
6867.0 1.8511353992022665e-05
6868.0 1.9590788666586865e-05
6869.0 2.067139973782629e-05
6870.0 2.1751589430442388e-05
6871.0 2.2831354340952222e-05
6872.0 2.3944538239241744e-05
6873.0 2.536690373497129e-05
6874.0 2.678871411230896e-05
6875.0 2.8209969485462332e-05
6876.0 2.962811491765582e-05
6877.0 3.104813816592246e-05
6878.0 3.2467606800368707e-05
6879.0 3.3886520935134006e-05
6880.0 3.530183245080038e-05
6881.0 3.6719503582095734e-05
6882.0 3.803750734359827e-05
6883.0 3.847840298169974e-05
6884.0 3.891576407089074e-05
6885.0 3.9356273763957325e-05
6886.0 3.979660957362508e-05
6887.0 4.023677153585254e-05
6888.0 4.067324703690763e-05
6889.0 4.11130234318538e-05
6890.0 4.1552626102211015e-05
