mejiro/data/hst_filter_response/WFC3_UVIS-F775W.ecsv
# %ECSV 1.0
# ---
# datatype:
# - {name: wavelength, unit: Angstrom, datatype: float64}
# - {name: response, datatype: float64}
# meta:
#   __serialized_columns__:
#     wavelength:
#       __class__: astropy.units.quantity.Quantity
#       unit: !astropy.units.Unit {unit: Angstrom}
#       value: !astropy.table.SerializedColumn {name: wavelength}
#   band_name: F775W
#   group_name: WFC3_UVIS
# schema: astropy-2.0
wavelength response
[from data line 7213]
9202.0 2.220745857623715e-10
9203.0 2.443717485075134e-09
9204.0 7.55337671060493e-09
9205.0 1.2654290304488347e-08
9206.0 1.774453383199474e-08
9207.0 2.282698114777975e-08
9208.0 2.7897776356623437e-08
9209.0 3.295859501778411e-08
9210.0 3.8013035606638696e-08
9211.0 4.305439738997536e-08
9212.0 4.808577452110504e-08
9213.0 5.007437501988538e-08
9214.0 4.866843137654659e-08
9215.0 4.7265139087745706e-08
9216.0 4.5868852724079866e-08
9217.0 4.447073676928196e-08
9218.0 4.3075278291403054e-08
9219.0 4.168643573292782e-08
9220.0 4.029616651772286e-08
9221.0 3.891228977383507e-08
9222.0 3.752725141285549e-08
9223.0 3.643700866182321e-08
9224.0 3.56816846609105e-08
9225.0 3.492432818558034e-08
9226.0 3.4168399533593074e-08
9227.0 3.3417072900314275e-08
9228.0 3.2663931859727193e-08
9229.0 3.191222195003139e-08
9230.0 3.116490407328691e-08
9231.0 3.0417330958140006e-08
9232.0 2.967112622826701e-08
9233.0 3.3238432044040474e-08
9234.0 4.17136139430009e-08
9235.0 5.0177020668670175e-08
9236.0 5.861990989653128e-08
9237.0 6.704622943268103e-08
9238.0 7.546313466628614e-08
9239.0 8.385706811392281e-08
9240.0 9.223438539498967e-08
9241.0 1.0060470917518944e-07
9242.0 1.0894963233998381e-07
9243.0 1.13177295402332e-07
9244.0 1.126908497893424e-07
9245.0 1.1219433923050325e-07
9246.0 1.1169853510271644e-07
9247.0 1.1121398614319784e-07
9248.0 1.1071951288460302e-07
9249.0 1.102257355014631e-07
9250.0 1.097430902430882e-07
9251.0 1.0925074286381125e-07
9252.0 1.0876943666971251e-07
9253.0 1.076260719533346e-07
9254.0 1.057255233330891e-07
9255.0 1.038383748849938e-07
9256.0 1.0194469685138707e-07
9257.0 1.0005456022498546e-07
9258.0 9.817728555233309e-08
9259.0 9.629402893458298e-08
9260.0 9.441431242012762e-08
9261.0 9.254700235664287e-08
9262.0 9.067425296074237e-08
9263.0 8.77383959700554e-08
9264.0 8.356019103180121e-08
9265.0 7.938191009249116e-08
9266.0 7.521191094827603e-08
9267.0 7.105696507356398e-08
9268.0 6.690316490691406e-08
9269.0 6.275766178503344e-08
9270.0 5.862605300712858e-08
9271.0 5.4496823011528894e-08
9272.0 5.037591645940856e-08
9273.0 4.7167845386192175e-08
9274.0 4.503391994349026e-08
9275.0 4.2908356760115175e-08
9276.0 4.078278484070529e-08
9277.0 3.866149691113149e-08
9278.0 3.654797819593079e-08
9279.0 3.4435072867074084e-08
9280.0 3.2326459413022727e-08
9281.0 3.022504372551939e-08
9282.0 2.8124849865011556e-08
9283.0 2.57441371392994e-08
9284.0 2.3027130831527956e-08
9285.0 2.0313302365034852e-08
9286.0 1.760510999417787e-08
9287.0 1.490397928411542e-08
9288.0 1.2206817428084078e-08
9289.0 9.515308515117505e-09
9290.0 6.830106262745292e-09
9291.0 4.149661995481263e-09
9292.0 1.4748821421121647e-09
9293.0 9.293493685733386e-12
9294.0 9.283607163511694e-12
9295.0 9.273714705373423e-12
9296.0 9.264699819053733e-12
9297.0 9.254794626337183e-12
9298.0 9.244883494645298e-12
9299.0 9.235847348274838e-12
9300.0 9.225923473698546e-12
9301.0 9.215998930607388e-12
9302.0 9.206945721429465e-12
9303.0 3.414230768500841e-09
9304.0 1.0998740630809128e-08
9305.0 1.8568582872682364e-08
9306.0 2.612092006171063e-08
9307.0 3.365999896324184e-08
9308.0 4.118009868508882e-08
9309.0 4.868369708515829e-08
9310.0 5.617614110893965e-08
9311.0 6.364744450106337e-08
9312.0 7.110221784481379e-08
9313.0 7.288480646758785e-08
9314.0 6.761017316389815e-08
9315.0 6.234692916228768e-08
9316.0 5.7100536738947984e-08
9317.0 5.185960214465859e-08
9318.0 4.66300885924563e-08
9319.0 4.141596153783422e-08
9320.0 3.620882388220825e-08
9321.0 3.101314820954593e-08
9322.0 2.5831399888357123e-08
9323.0 2.286171271828858e-08
9324.0 2.267301759978247e-08
9325.0 2.2486820838227885e-08
9326.0 2.2298808399881487e-08
9327.0 2.2111146697659487e-08
9328.0 2.1925931171238283e-08
9329.0 2.1738954247191675e-08
9330.0 2.1552329063474564e-08
9331.0 2.1368107715113952e-08
9332.0 2.1182178808636813e-08
9333.0 2.01405310276967e-08
9334.0 1.8016487622987757e-08
9335.0 1.589529399923214e-08
9336.0 1.3778879671518188e-08
9337.0 1.1668364508303399e-08
9338.0 9.561320211196918e-09
9339.0 7.459068434929808e-09
9340.0 5.362126215496993e-09
9341.0 3.269273182716529e-09
9342.0 1.181224635319303e-09
9343.0 9.342020255872304e-10
9344.0 3.0458662855797455e-09
9345.0 5.1526360598457775e-09
9346.0 7.255201166856667e-09
9347.0 9.352369844583937e-09
9348.0 1.1444630663432447e-08
9349.0 1.3533274165201037e-08
9350.0 1.5615905624732596e-08
9351.0 1.769362110935302e-08
9352.0 1.9768303985351246e-08
9353.0 2.001875440250767e-08
9354.0 1.7906393963086723e-08
9355.0 1.5800454797893997e-08
9356.0 1.3697716880699015e-08
9357.0 1.1599895185826657e-08
9358.0 9.507906136726266e-09
9359.0 7.419733728064678e-09
9360.0 5.336492863742896e-09
9361.0 3.258501380217925e-09
9362.0 1.1849377561648962e-09
9363.0 2.314304488829795e-09
9364.0 7.647580181115235e-09
9365.0 1.2967837039180943e-08
9366.0 1.827528749176693e-08
9367.0 2.3572174690414425e-08
9368.0 2.8854479013414287e-08
9369.0 3.4123939775197035e-08
9370.0 3.938431909085053e-08
9371.0 4.462856164158739e-08
9372.0 4.985992553763871e-08
9373.0 5.3175965542109786e-08
9374.0 5.3950004920299283e-08
9375.0 5.472195827775514e-08
9376.0 5.5497143056211747e-08
9377.0 5.6264999494046046e-08
9378.0 5.703075796431404e-08
9379.0 5.7799964028207597e-08
9380.0 5.8561607373872616e-08
9381.0 5.932117089904245e-08
9382.0 6.008439694939987e-08
9383.0 5.790553486234199e-08
9384.0 5.179524384503834e-08
9385.0 4.5704303124237655e-08
9386.0 3.962337674299638e-08
9387.0 3.355744898638191e-08
9388.0 2.7509163353335927e-08
9389.0 2.147268131218602e-08
9390.0 1.545123488870968e-08
9391.0 9.445746409023279e-09
9392.0 3.453835120964436e-09
9393.0 8.303203679843319e-12
9394.0 8.29351116500901e-12
9395.0 8.283015777937846e-12
9396.0 8.272514273274878e-12
9397.0 8.26279968079001e-12
9398.0 8.252285949618932e-12
9399.0 8.241765152593027e-12
9400.0 8.232028462989787e-12
9401.0 8.220633785068135e-12
9402.0 8.209235370287363e-12
9403.0 8.19862039203065e-12
9404.0 8.187213485044497e-12
9405.0 8.175802841887147e-12
9406.0 8.164388462973463e-12
9407.0 8.15375343944409e-12
9408.0 8.142331500459642e-12
9409.0 8.130904893048007e-12
9410.0 8.12025457420286e-12
9411.0 8.108819474296334e-12
9412.0 8.097380640019308e-12
9413.0 2.2320791025695523e-09
9414.0 7.542340990685253e-09
9415.0 1.2837532548950524e-08
9416.0 1.811938760675511e-08
9417.0 2.3384922611079488e-08
9418.0 2.863536382788951e-08
9419.0 3.387395966405326e-08
9420.0 3.909469783372762e-08
9421.0 4.430032115325953e-08
9422.0 4.949557948282616e-08
9423.0 5.050029111486936e-08
9424.0 4.565502942746349e-08
9425.0 4.0827443069969836e-08
9426.0 3.600922458990755e-08
9427.0 3.1204770495246506e-08
9428.0 2.641662798395374e-08
9429.0 2.1639263569014622e-08
9430.0 1.6875686856843588e-08
9431.0 1.212786614206526e-08
9432.0 7.391598110400683e-09
9433.0 5.300870446707529e-09
9434.0 6.95078705884844e-09
9435.0 8.596876638292407e-09
9436.0 1.0237639517807148e-08
9437.0 1.1873741159396592e-08
9438.0 1.350647803760502e-08
9439.0 1.513340396267902e-08
9440.0 1.675566020457656e-08
9441.0 1.8375008438813346e-08
9442.0 1.9988065228035667e-08
9443.0 2.0067391948744636e-08
9444.0 1.795234706648477e-08
9445.0 1.584132844819481e-08
9446.0 1.3736272252876353e-08
9447.0 1.1638303373670145e-08
9448.0 9.544983264019018e-09
9449.0 7.457638832251324e-09
9450.0 5.376792151118679e-09
9451.0 3.3012118163351807e-09
9452.0 1.2316204254566875e-09
9453.0 5.031573810824355e-10
9454.0 1.717447926534006e-09
9455.0 2.9281961934558263e-09
9456.0 4.13539967890374e-09
9457.0 5.3395703745294435e-09
9458.0 6.539792495451239e-09
9459.0 7.736462004502055e-09
9460.0 8.9304370564373e-09
9461.0 1.012010831249072e-08
9462.0 1.1306217762042687e-08
9463.0 1.1517845199227567e-08
9464.0 1.0303256041357592e-08
9465.0 9.092218443781546e-09
9466.0 7.885495156924541e-09
9467.0 6.6814521694285285e-09
9468.0 5.4809685737361564e-09
9469.0 4.284460022227923e-09
9470.0 3.0909876664150746e-09
9471.0 1.9010825214122817e-09
9472.0 7.148160728483878e-10
9473.0 1.2378013701044364e-09
9474.0 4.289318395001998e-09
9475.0 7.331578032258551e-09
9476.0 1.036557382400262e-08
9477.0 1.3389591096225992e-08
9478.0 1.640433068137778e-08
9479.0 1.9411659209725016e-08
9480.0 2.2408113303366925e-08
9481.0 2.5395262039272988e-08
9482.0 2.8375843204689567e-08
9483.0 2.9770181063626762e-08
9484.0 2.87962123399956e-08
9485.0 2.7827779085979074e-08
9486.0 2.6859417542557726e-08
9487.0 2.5893909459393548e-08
9488.0 2.49336641924146e-08
9489.0 2.3973776575407714e-08
9490.0 2.3016748677050385e-08
9491.0 2.2062579014613838e-08
9492.0 2.1113312463734894e-08
9493.0 1.9714335098438428e-08
9494.0 1.7635064396981763e-08
9495.0 1.5563748502689165e-08
9496.0 1.349718557772959e-08
9497.0 1.1437083603062799e-08
9498.0 9.384353740885333e-09
9499.0 7.336989386431905e-09
9500.0 5.2961000293225985e-09
9501.0 3.264041345214845e-09
9502.0 1.2354265417211575e-09
9503.0 3.059800029006497e-10
9504.0 1.064353764978103e-09
9505.0 1.8214157049642566e-09
9506.0 2.576885652122878e-09
9507.0 3.330865393680076e-09
9508.0 4.083748655050428e-09
9509.0 4.8348173569929556e-09
9510.0 5.584392434976207e-09
9511.0 6.333082374813172e-09
9512.0 7.079735692074426e-09
9513.0 8.045540009218152e-09
9514.0 9.352771835767074e-09
9515.0 1.0656604567545093e-08
9516.0 1.1957814442075459e-08
9517.0 1.3256399544223178e-08
9518.0 1.4553765985449968e-08
9519.0 1.5847221082331964e-08
9520.0 1.7138045429955203e-08
9521.0 1.8428017567345878e-08
9522.0 1.971369614311263e-08
9523.0 1.97980588230213e-08
9524.0 1.8000480917673248e-08
9525.0 1.6204573735705532e-08
9526.0 1.441225603039487e-08
9527.0 1.2624752530546246e-08
9528.0 1.0839448912598313e-08
9529.0 9.057742941459963e-09
9530.0 7.279637236420297e-09
9531.0 5.505665133165888e-09
9532.0 3.734595503765403e-09
9533.0 2.54561862521154e-09
9534.0 2.2795245059653646e-09
9535.0 2.013724127198569e-09
9536.0 1.7484639270518763e-09
9537.0 1.4838883020468012e-09
9538.0 1.2196845785499234e-09
9539.0 9.560225190845553e-10
9540.0 6.929025153631474e-10
9541.0 4.30366472618185e-10
9542.0 1.6830640541692206e-10
9543.0 6.8346997216719125e-12
9544.0 6.828248285395399e-12
9545.0 6.821131839681453e-12
9546.0 6.8140111945649846e-12
9547.0 6.807547021904994e-12
9548.0 6.8004189276954395e-12
9549.0 6.79328742164379e-12
9550.0 6.786152503504539e-12
9551.0 6.779668535584454e-12
9552.0 6.7725231608853185e-12
9553.0 8.424660027081617e-10
9554.0 3.03379973753823e-09
9555.0 5.220409915628067e-09
9556.0 7.40237397017945e-09
9557.0 9.58061825510402e-09
9558.0 1.1753491695549792e-08
9559.0 1.3921709004215875e-08
9560.0 1.6085266863999448e-08
9561.0 1.824592439449178e-08
9562.0 2.040035283458056e-08
9563.0 2.1669307488930193e-08
9564.0 2.1489325928401178e-08
9565.0 2.1307574522424105e-08
9566.0 2.112615150262689e-08
9567.0 2.094709284250907e-08
9568.0 2.0766314939891822e-08
9569.0 2.0585868663157838e-08
9570.0 2.0405754254122777e-08
9571.0 2.0227924198793643e-08
9572.0 2.0048445457903842e-08
9573.0 1.9565450086703637e-08
9574.0 1.8579392227258982e-08
9575.0 1.7593539432368167e-08
9576.0 1.6609789061353372e-08
9577.0 1.5629662890035354e-08
9578.0 1.4650031117937993e-08
9579.0 1.3672508572214469e-08
9580.0 1.2697096741839987e-08
9581.0 1.172493112576843e-08
9582.0 1.075364659979307e-08
9583.0 1.0322929672288267e-08
9584.0 1.0801903058341818e-08
9585.0 1.127878065336514e-08
9586.0 1.1754566229220502e-08
9587.0 1.2229256355851853e-08
9588.0 1.270408650799781e-08
9589.0 1.3176632123361858e-08
9590.0 1.3648081212972093e-08
9591.0 1.4119795678519203e-08
9592.0 1.4589084372985892e-08
9593.0 1.5052525071831177e-08
9594.0 1.550827837389258e-08
9595.0 1.596149571780752e-08
9596.0 1.6413642051076215e-08
9597.0 1.686471288070278e-08
9598.0 1.7316393742836735e-08
9599.0 1.7765358886284036e-08
9600.0 1.8213248060185174e-08
9601.0 1.866117990608921e-08
9602.0 1.9106229011590355e-08
9603.0 1.8698149525150237e-08
9604.0 1.6824340332826186e-08
9605.0 1.495636577472395e-08
9606.0 1.3091137277692928e-08
9607.0 1.1230291388619248e-08
9608.0 9.374744819108316e-09
9609.0 7.522494713653786e-09
9610.0 5.674636667624258e-09
9611.0 3.831170308668375e-09
9612.0 1.992297580461151e-09
9613.0 9.253330733103773e-10
9614.0 1.1995013666559095e-09
9615.0 1.4731498166143736e-09
9616.0 1.7460179189414323e-09
9617.0 2.0182217502449214e-09
9618.0 2.2897611158822223e-09
9619.0 2.560885120375254e-09
9620.0 2.8311208098497812e-09
9621.0 3.100688655960094e-09
9622.0 3.3699184761108082e-09
9623.0 3.5707774773579982e-09
9624.0 3.652142199347828e-09
9625.0 3.733659341675545e-09
9626.0 3.81460944096574e-09
9627.0 3.895347419962856e-09
9628.0 3.975873597633172e-09
9629.0 4.05658330335552e-09
9630.0 4.136693382853089e-09
9631.0 4.2165755067635285e-09
9632.0 4.296663684407517e-09
9633.0 4.1902350541017706e-09
9634.0 3.751687372750978e-09
9635.0 3.3142192335083193e-09
9636.0 2.8781110910467753e-09
9637.0 2.442760118011001e-09
9638.0 2.0084901237670645e-09
9639.0 1.5754553667142828e-09
9640.0 1.1433069101718715e-09
9641.0 7.122405308861767e-10
9642.0 2.822584011664663e-10
9643.0 6.020768880287932e-10
9644.0 2.2711614800763205e-09
9645.0 3.936009168362135e-09
9646.0 5.59716398628421e-09
9647.0 7.253693765235873e-09
9648.0 8.905978920686464e-09
9649.0 1.0554017875123159e-08
9650.0 1.2198999324753228e-08
9651.0 1.3838691425378252e-08
9652.0 1.547412837330589e-08
9653.0 1.593950248428675e-08
9654.0 1.4269864949923349e-08
9655.0 1.2604474799242917e-08
9656.0 1.0943335527230298e-08
9657.0 9.287353732652372e-09
9658.0 7.634557506488067e-09
9659.0 5.986017932123673e-09
9660.0 4.341737230431064e-09
9661.0 2.7019788931750757e-09
9662.0 1.0660633513289889e-09
9663.0 5.960397756811842e-12
9664.0 5.95317024401754e-12
9665.0 5.945357590561641e-12
9666.0 5.937542939351234e-12
9667.0 5.929724906267843e-12
9668.0 5.922483099682793e-12
9669.0 5.914658979985209e-12
9670.0 5.90683217088835e-12
9671.0 5.899574349821044e-12
9672.0 5.891736355176177e-12
9673.0 5.883895685831364e-12
9674.0 5.876052341902463e-12
9675.0 5.868780270352821e-12
9676.0 5.8609315492559795e-12
9677.0 5.853079469438467e-12
9678.0 5.845796525992059e-12
9679.0 5.837938384465311e-12
9680.0 5.830077568252451e-12
9681.0 5.82220818970286e-12
9682.0 5.814905110145263e-12
9683.0 5.8070297023691325e-12
9684.0 5.799151637243173e-12
9685.0 5.7912715904662e-12
9686.0 5.783954304068598e-12
9687.0 5.77606755019773e-12
9688.0 5.768178139060322e-12
9689.0 5.760850013797145e-12
9690.0 5.752954570723893e-12
9691.0 5.7450515524340526e-12
9692.0 5.737145891608437e-12
9693.0 5.729798656473738e-12
9694.0 5.721886991101106e-12
9695.0 5.713972683166894e-12
9696.0 5.706614640152061e-12
9697.0 5.698694991721045e-12
9698.0 5.6907720345449614e-12
9699.0 5.682846434908563e-12
9700.0 5.6754742136976746e-12
9701.0 5.66753693693827e-12
9702.0 5.6595970348488556e-12
9703.0 9.564784325591554e-10
9704.0 3.749403131510096e-09
9705.0 6.534363887655029e-09
9706.0 9.311451622847187e-09
9707.0 1.2081844813254875e-08
9708.0 1.484344269681449e-08
9709.0 1.7597154055857235e-08
9710.0 2.03429749920317e-08
9711.0 2.3083141551981233e-08
9712.0 2.5813409128935023e-08
9713.0 2.6929116625379648e-08
9714.0 2.488396179213669e-08
9715.0 2.284679036482784e-08
9716.0 2.0812926941633592e-08
9717.0 1.878480972791154e-08
9718.0 1.676408867079044e-08
9719.0 1.4747279984736545e-08
9720.0 1.2736229166761169e-08
9721.0 1.073092667791516e-08
9722.0 8.732249139417874e-09
9723.0 7.153079365818361e-09
9724.0 6.4044207612140685e-09
9725.0 5.657916346453015e-09
9726.0 4.914048077350115e-09
9727.0 4.1717802883595425e-09
9728.0 3.4316693580702787e-09
9729.0 2.693980801581943e-09
9730.0 1.958114499891653e-09
9731.0 1.2244071772774177e-09
9732.0 4.928625349877114e-10
9733.0 5.4167256962296954e-12
9734.0 5.408678573510263e-12
9735.0 5.4006295127808875e-12
9736.0 5.392577248833717e-12
9737.0 5.385051382199747e-12
9738.0 5.376993238824112e-12
9739.0 5.368932525379834e-12
9740.0 5.360869242011185e-12
9741.0 5.353322467943833e-12
9742.0 5.345246399107817e-12
9743.0 2.45475524706184e-10
9744.0 9.737732828592306e-10
9745.0 1.6998364428337275e-09
9746.0 2.423687770981242e-09
