mejiro/data/hst_filter_response/WFC3_UVIS-F775W.ecsv
# %ECSV 1.0
# ---
# datatype:
# - {name: wavelength, unit: Angstrom, datatype: float64}
# - {name: response, datatype: float64}
# meta:
#   __serialized_columns__:
#     wavelength:
#       __class__: astropy.units.quantity.Quantity
#       unit: !astropy.units.Unit {unit: Angstrom}
#       value: !astropy.table.SerializedColumn {name: wavelength}
#   band_name: F775W
#   group_name: WFC3_UVIS
# schema: astropy-2.0
wavelength response
[from data line 8820]
10809.0 9.215020846793021e-11
10810.0 1.0702799143491062e-10
10811.0 1.2180943501982665e-10
10812.0 1.3649452441367772e-10
10813.0 1.5009599059642165e-10
10814.0 1.3939771680998578e-10
10815.0 1.2877911541314855e-10
10816.0 1.182113232213553e-10
10817.0 1.0770932847480893e-10
10818.0 9.727310008072133e-11
10819.0 8.690262900900768e-11
10820.0 7.65978986476247e-11
10821.0 6.635892320830135e-11
10822.0 5.618564219400278e-11
10823.0 4.656782053197268e-11
10824.0 5.003433364895801e-11
10825.0 5.347685125144596e-11
10826.0 5.69015014351456e-11
10827.0 6.029640246001483e-11
10828.0 6.366732020975804e-11
10829.0 6.701426504768967e-11
10830.0 7.033723464293664e-11
10831.0 7.363625959904772e-11
10832.0 7.691132734289042e-11
10833.0 7.978070785800849e-11
10834.0 7.155129235662632e-11
10835.0 6.337643716326544e-11
10836.0 5.52561321012095e-11
10837.0 4.719035582266189e-11
10838.0 3.9183323987635686e-11
10839.0 3.1225714485947174e-11
10840.0 2.33226023383812e-11
10841.0 1.5473983275165836e-11
10842.0 7.679824069399831e-12
10843.0 1.8113455848746122e-13
10844.0 1.8049542508177572e-13
10845.0 1.7985638688742743e-13
10846.0 1.792174555593447e-13
10847.0 1.785786311057875e-13
10848.0 1.7793992498244844e-13
10849.0 1.7730131426287142e-13
10850.0 1.7668188548608558e-13
10851.0 1.7604349503054324e-13
10852.0 1.754052109544814e-13
10853.0 5.150022580217427e-13
10854.0 1.2483082455149084e-11
10855.0 2.436345309409189e-11
10856.0 3.615613844780064e-11
10857.0 4.7861156562073315e-11
10858.0 5.947853095508342e-11
10859.0 7.100828357892529e-11
10860.0 8.245044169860642e-11
10861.0 9.380506871196364e-11
10862.0 1.0507215215020364e-10
10863.0 1.1651680215683875e-10
10864.0 1.375168984514296e-10
10865.0 1.5835427873949906e-10
10866.0 1.7902899109440382e-10
10867.0 1.995410760874817e-10
10868.0 2.1989058846825958e-10
10869.0 2.400775417722018e-10
10870.0 2.601019894445557e-10
10871.0 2.799641229665971e-10
10872.0 2.996638725946687e-10
10873.0 3.17969559740311e-10
10874.0 2.850038981958853e-10
10875.0 2.522883116147573e-10
10876.0 2.1984650021702496e-10
10877.0 1.876273413618705e-10
10878.0 1.556580814999912e-10
10879.0 1.239386586152668e-10
10880.0 9.246901665215026e-11
10881.0 6.124910513696795e-11
10882.0 3.027881873077598e-11
10883.0 9.025470567898587e-13
10884.0 3.8981123853159e-11
10885.0 7.67479748709646e-11
10886.0 1.1420317728219164e-10
10887.0 1.5134681804222518e-10
10888.0 1.881789571715616e-10
10889.0 2.24724035694006e-10
10890.0 2.609373459184262e-10
10891.0 2.9683956418250284e-10
10892.0 3.324306344285035e-10
10893.0 3.6651074173532757e-10
10894.0 3.295180046686316e-10
10895.0 2.928274433954554e-10
10896.0 2.564389434292984e-10
10897.0 2.203524517731333e-10
10898.0 1.8456789412568898e-10
10899.0 1.4908520581693124e-10
10900.0 1.1390429097394291e-10
10901.0 7.902512010147646e-11
10902.0 4.445238136559046e-11
10903.0 1.0624278612022829e-11
10904.0 9.53258425834091e-12
10905.0 8.450177180832922e-12
10906.0 7.377055102173252e-12
10907.0 6.313216153291409e-12
10908.0 5.258657171048087e-12
10909.0 4.2133763546125335e-12
10910.0 3.177371425559539e-12
10911.0 2.150641701340354e-12
10912.0 1.1331817231879129e-12
10913.0 1.3674313034599362e-13
10914.0 1.3611158831329857e-13
10915.0 1.3548014017844015e-13
10916.0 1.348634515293515e-13
10917.0 1.3423214190389176e-13
10918.0 1.336009350561825e-13
10919.0 1.329698396106476e-13
10920.0 1.3233883830734956e-13
10921.0 1.3170803009613442e-13
10922.0 1.3107733232866092e-13
10923.0 3.871752345968563e-13
10924.0 2.945411896405406e-11
10925.0 5.823874092909922e-11
10926.0 8.674111526628963e-11
10927.0 1.1496130107944903e-10
10928.0 1.4289937067439819e-10
10929.0 1.7055540365209477e-10
10930.0 1.9792944821344054e-10
10931.0 2.2504623130338632e-10
10932.0 2.518596356769034e-10
10933.0 2.7806544890005777e-10
10934.0 2.4899170609411793e-10
10935.0 2.2020005769593393e-10
10936.0 1.9169045376677415e-10
10937.0 1.6346282631813724e-10
10938.0 1.355171161495018e-10
10939.0 1.0785323586510527e-10
10940.0 8.047112805922162e-11
10941.0 5.3370764311334815e-11
10942.0 2.655199545653305e-11
10943.0 1.7022834347949202e-13
10944.0 1.3501538934421872e-11
10945.0 2.6689962195594835e-11
10946.0 3.973986181967852e-11
10947.0 5.264401619123622e-11
10948.0 6.540536906276183e-11
10949.0 7.802395979152881e-11
10950.0 9.04998133396562e-11
10951.0 1.0283302529059458e-10
10952.0 1.1502358642912501e-10
10953.0 1.270740847938455e-10
10954.0 1.4157158534556828e-10
10955.0 1.5589723369785715e-10
10956.0 1.700510709310557e-10
10957.0 1.840331501012234e-10
10958.0 1.978434892601329e-10
10959.0 2.1148214056481285e-10
10960.0 2.24949159754781e-10
10961.0 2.3827076934217703e-10
10962.0 2.5139625842846237e-10
10963.0 2.64350226869873e-10
10964.0 2.483015575160399e-10
10965.0 2.3237022246625595e-10
10966.0 2.1661290780496587e-10
10967.0 2.0102958852151447e-10
10968.0 1.856202355248845e-10
10969.0 1.7038478246820637e-10
10970.0 1.5532320125030585e-10
10971.0 1.4043556518480078e-10
10972.0 1.2572170275200036e-10
10973.0 1.1118155584482738e-10
10974.0 9.943775028571182e-11
10975.0 8.784706914287102e-11
10976.0 7.639653396153035e-11
10977.0 6.508610111406898e-11
10978.0 5.392164066237274e-11
10979.0 4.289011913406502e-11
10980.0 3.199862397331941e-11
10981.0 2.124713484969264e-11
10982.0 1.0635586632195015e-11
10983.0 1.639467052819731e-13
10984.0 3.696223457464891e-13
10985.0 6.445372471868925e-13
10986.0 9.15672235214787e-13
10987.0 1.1830282693979188e-12
10988.0 1.4466060951020859e-12
10989.0 1.7064066547240766e-12
10990.0 1.9624308310665432e-12
10991.0 2.214636039941852e-12
10992.0 2.463056719203819e-12
10993.0 2.707694103654012e-12
10994.0 2.4328443807128995e-12
10995.0 2.1568968543740556e-12
10996.0 1.8844709174599984e-12
10997.0 1.6158317401728681e-12
10998.0 1.3509783566338979e-12
10999.0 1.0899097312782738e-12
11000.0 0.0
