mejiro/data/hst_filter_response/WFC3_UVIS-F555W.ecsv
# %ECSV 1.0
# ---
# datatype:
# - {name: wavelength, unit: Angstrom, datatype: float64}
# - {name: response, datatype: float64}
# meta:
#   __serialized_columns__:
#     wavelength:
#       __class__: astropy.units.quantity.Quantity
#       unit: !astropy.units.Unit {unit: Angstrom}
#       value: !astropy.table.SerializedColumn {name: wavelength}
#   band_name: F555W
#   group_name: WFC3_UVIS
# schema: astropy-2.0
wavelength response
[from data line 4570]
6559.0 0.03230010320992828
6560.0 0.03216641259692689
6561.0 0.03202999017140969
6562.0 0.03189785266459168
6563.0 0.03177215738283599
6564.0 0.03164650216741416
6565.0 0.03152088701200791
6566.0 0.031395311910299525
6567.0 0.03126709323103754
6568.0 0.03114160898796752
6569.0 0.031016164776209908
6570.0 0.030890760589449846
6571.0 0.03076536706940363
6572.0 0.03063773189749253
6573.0 0.030514309212552822
6574.0 0.030390926140649185
6575.0 0.03026758267547654
6576.0 0.0301442788107304
6577.0 0.0300184376437513
6578.0 0.029895223538112442
6579.0 0.029772049010592588
6580.0 0.029648914054890174
6581.0 0.029525790765663258
6582.0 0.029400851372495165
6583.0 0.029281476224061798
6584.0 0.029162139634354246
6585.0 0.029042841597180295
6586.0 0.028923582106348274
6587.0 0.028801888267952477
6588.0 0.028682716083179967
6589.0 0.028563582422870264
6590.0 0.028444487280834572
6591.0 0.028325407893576904
6592.0 0.02820392673275702
6593.0 0.028084814758609036
6594.0 0.02796574150446299
6595.0 0.027846706964052288
6596.0 0.027727711131110916
6597.0 0.02760638334911226
6598.0 0.027487475123351444
6599.0 0.027368605582943475
6600.0 0.027249774721625274
6601.0 0.027130956880466312
6602.0 0.02701194065141141
6603.0 0.026904956790848464
6604.0 0.0267980078562117
6605.0 0.026691093841802897
6606.0 0.02658193167256383
6607.0 0.026475096657365936
6608.0 0.02636829654230715
6609.0 0.026261531321691914
6610.0 0.02615480098982521
6611.0 0.026045856003444865
6612.0 0.025938721414504772
6613.0 0.02582939153101661
6614.0 0.025720097521373015
6615.0 0.025610839379692288
6616.0 0.02549942662867227
6617.0 0.025390249583885232
6618.0 0.02528110838633999
6619.0 0.025172003030157646
6620.0 0.025062933509459824
6621.0 0.024951752195830137
6622.0 0.02484363693568153
6623.0 0.02473978313308239
6624.0 0.02463596345074968
6625.0 0.02453217788307983
6626.0 0.02442633027602531
6627.0 0.024322621820626132
6628.0 0.024218947460156487
6629.0 0.024115307189015465
6630.0 0.02401170100160267
6631.0 0.023905136959410104
6632.0 0.023800748999020523
6633.0 0.023696751701740282
6634.0 0.02359279640316563
6635.0 0.02348888309372835
6636.0 0.023383002408916116
6637.0 0.023279181970582877
6638.0 0.023175403489085637
6639.0 0.023071666954862687
6640.0 0.022965998667890845
6641.0 0.02286233672395845
6642.0 0.0227598400370508
6643.0 0.02266300625373342
6644.0 0.022566211709295732
6645.0 0.022467525376972972
6646.0 0.022370817595095276
6647.0 0.022274149021780983
6648.0 0.022177519648051383
6649.0 0.022080929464929108
6650.0 0.021982488970714167
6651.0 0.021885968231778057
6652.0 0.021789499963736886
6653.0 0.02169313827113754
6654.0 0.021596815837440272
6655.0 0.021498684587173533
6656.0 0.02140244891676521
6657.0 0.021306252474779252
6658.0 0.021210095252183273
6659.0 0.02111216440694765
6660.0 0.021016093845307032
6661.0 0.02092004562457985
6662.0 0.020824399391617628
6663.0 0.02073067993272063
6664.0 0.02063522469305914
6665.0 0.020541590007489716
6666.0 0.020447993666774435
6667.0 0.02035443566203815
6668.0 0.020260915984407133
6669.0 0.020165700697342106
6670.0 0.020072265681222258
6671.0 0.019978859494093053
6672.0 0.019886408458970554
6673.0 0.01979717013836982
6674.0 0.019709677635149955
6675.0 0.01962222102797541
6676.0 0.019534800308513976
6677.0 0.01944741546843474
6678.0 0.019358401700248343
6679.0 0.019271096102121688
6680.0 0.01918382635530878
6681.0 0.01909658647620026
6682.0 0.019009744401615132
6683.0 0.018923271725839363
6684.0 0.018838468749526913
6685.0 0.01875370064950875
6686.0 0.018668967417670317
6687.0 0.0185826706837544
6688.0 0.01849801444552313
6689.0 0.018413393048138358
6690.0 0.018328806483491045
6691.0 0.018244251801579722
6692.0 0.0181586529535127
6693.0 0.018077322419026418
6694.0 0.017996025373040844
6695.0 0.01791476180775417
6696.0 0.017831997657558444
6697.0 0.01775080801488187
6698.0 0.017669651826627678
6699.0 0.01758852908499945
6700.0 0.0175074397822019
6701.0 0.01742487912526473
6702.0 0.017343992398627505
6703.0 0.017263897746923867
6704.0 0.017183836172016756
6705.0 0.01710233612678181
6706.0 0.01702234756476222
6707.0 0.016942392053521885
6708.0 0.016862469585339303
6709.0 0.016782580152494155
6710.0 0.01670128659178879
6711.0 0.016621467392468045
6712.0 0.016542143271922948
6713.0 0.0164655226998207
6714.0 0.0163875235356899
6715.0 0.016310972914590695
6716.0 0.01623445396125636
6717.0 0.016157966668278914
6718.0 0.016081511028251585
6719.0 0.016003709668146158
6720.0 0.015927323885975734
6721.0 0.015850962356186864
6722.0 0.01577508284404186
6723.0 0.015700537822656666
6724.0 0.01562738083782436
6725.0 0.015554254193660947
6726.0 0.015481157883047634
6727.0 0.01540809189886674
6728.0 0.015333737875921547
6729.0 0.015260738799542612
6730.0 0.015187770025644188
6731.0 0.015114824080522638
6732.0 0.015041123494190593
6733.0 0.014971831596553737
6734.0 0.014902568505450037
6735.0 0.014833334214100024
6736.0 0.014764128715725243
6737.0 0.01469368695017132
6738.0 0.01462454497019646
6739.0 0.014555431760390737
6740.0 0.01448634731398041
6741.0 0.014416045982957952
6742.0 0.014346832489783662
6743.0 0.014276488924010452
6744.0 0.01420617471171036
6745.0 0.014135889845956514
6746.0 0.014064423234385918
6747.0 0.013994203087594729
6748.0 0.013924012264050446
6749.0 0.013853850756831
6750.0 0.013782531645016966
6751.0 0.013712430223337558
6752.0 0.013643135985060268
6753.0 0.013578781218508406
6754.0 0.013513289503533386
6755.0 0.013448994026859538
6756.0 0.013384725414565151
6757.0 0.01332048366029744
6758.0 0.013256268757704574
6759.0 0.01319094589080546
6760.0 0.013126790191789285
6761.0 0.013062659335242206
6762.0 0.012998824627664204
6763.0 0.012935638284668101
6764.0 0.012873597522699669
6765.0 0.012811582719600019
6766.0 0.01274959386922248
6767.0 0.01268653805903812
6768.0 0.01262460643088854
6769.0 0.012562700734792695
6770.0 0.012500820964608228
6771.0 0.012438963208449332
6772.0 0.012376496163498453
6773.0 0.012317976280905144
6774.0 0.012259480920470371
6775.0 0.012201010076376088
6776.0 0.012141517608021301
6777.0 0.01208310081245258
6778.0 0.012024708513664882
6779.0 0.01196634070584424
6780.0 0.011906971368912235
6781.0 0.011848653602977722
6782.0 0.011790487436190293
6783.0 0.01173320434785034
6784.0 0.01167594533163614
6785.0 0.011617709206777025
6786.0 0.01156050324745517
6787.0 0.011503321341012004
6788.0 0.011446163481725042
6789.0 0.011388049365467483
6790.0 0.01133094449899162
6791.0 0.011273860225012767
6792.0 0.011216813379695488
6793.0 0.011158921529967874
6794.0 0.011102020387833061
6795.0 0.011045143237167427
6796.0 0.010988290072249792
6797.0 0.010930518688589165
6798.0 0.010873718374132707
6799.0 0.01081694202620022
6800.0 0.010760189639074585
6801.0 0.01070346283851614
6802.0 0.010646497209926765
6803.0 0.010595123826729277
6804.0 0.010543772066298824
6805.0 0.010492441923483895
6806.0 0.010440233301253965
6807.0 0.010388950799476587
6808.0 0.01033768989800272
6809.0 0.01028645059168448
6810.0 0.01023435045735466
6811.0 0.010183158739718706
6812.0 0.010132014708553136
6813.0 0.010081082568442559
6814.0 0.010029307088603251
6815.0 0.009978422278641408
6816.0 0.009927558930359964
6817.0 0.009876717038640799
6818.0 0.009825050334538473
6819.0 0.009774255715699898
6820.0 0.00972348253622736
6821.0 0.00967273079100633
6822.0 0.009622293091473713
6823.0 0.009573244600304546
6824.0 0.009525046236959695
6825.0 0.009476868207885085
6826.0 0.009428710508229873
6827.0 0.009379764119653624
6828.0 0.009331651214071117
6829.0 0.009283558621607957
6830.0 0.009235486337416702
6831.0 0.009186854491681792
6832.0 0.009139298765897075
6833.0 0.00909376812419068
6834.0 0.009048254685434024
6835.0 0.009001981882757797
6836.0 0.00895650676236745
6837.0 0.008911048832962887
6838.0 0.008865608091051637
6839.0 0.00881942365266443
6840.0 0.008774021192282684
6841.0 0.008728635907437703
6842.0 0.008683455026390714
6843.0 0.00863902551796858
6844.0 0.008595361676764727
6845.0 0.008551714349402858
6846.0 0.008508083532526961
6847.0 0.008463739772840125
6848.0 0.008420145724035957
6849.0 0.008376568174230313
6850.0 0.008333007120069165
6851.0 0.008288747275849885
6852.0 0.008245547682751684
6853.0 0.008204994922386499
6854.0 0.008164457496104604
6855.0 0.008123935400789269
6856.0 0.00808273106906881
6857.0 0.008042243120570945
6858.0 0.008001770492369605
6859.0 0.007961313181349893
6860.0 0.007920187589141932
6861.0 0.007879761833524668
6862.0 0.007839276737560201
6863.0 0.007798186656816368
6864.0 0.007756442652535986
6865.0 0.007715387305625707
6866.0 0.007674347547611382
6867.0 0.007633323375314632
6868.0 0.007591659432599939
6869.0 0.007550669960636978
6870.0 0.007509696063514398
6871.0 0.007468736596358402
6872.0 0.007427436633059476
6873.0 0.007389239992033205
6874.0 0.007351057861722804
6875.0 0.007312890239166533
6876.0 0.0072741098212391105
6877.0 0.007235974493998081
6878.0 0.007197853664378016
6879.0 0.0071597473294189315
6880.0 0.0071210406003801964
6881.0 0.0070829642317237216
6882.0 0.007045192304891946
6883.0 0.007009999060159734
6884.0 0.006974216944628303
6885.0 0.006939053511891177
6886.0 0.006903903461615345
6887.0 0.006868766791062849
6888.0 0.006833053376850512
6889.0 0.006797946489456293
6890.0 0.006762852972418927
6891.0 0.006727773916621898
6892.0 0.006692119822069496
6893.0 0.006656965676245838
6894.0 0.006621824918288589
6895.0 0.006586697545459745
6896.0 0.006551017693988478
6897.0 0.006515920114847559
6898.0 0.006480835911467669
6899.0 0.006445765081112423
6900.0 0.0064101538796567225
6901.0 0.006375114887618929
6902.0 0.006340278281892738
6903.0 0.006307230852392573
6904.0 0.006273653995908662
6905.0 0.006240634555830162
6906.0 0.00620762767921189
6907.0 0.0061746333634883676
6908.0 0.006141121645860122
6909.0 0.006108155289127894
6910.0 0.0060752014845127265
6911.0 0.006041741011547318
6912.0 0.006008885238240288
6913.0 0.005976692268377308
6914.0 0.00594451152947052
6915.0 0.005911832148707797
6916.0 0.0058796786427813795
6917.0 0.005847537359281917
6918.0 0.005815408295719263
6919.0 0.005782791687113065
6920.0 0.005750689830272957
6921.0 0.00571860297703284
6922.0 0.0056867492994168295
6923.0 0.005656630734465689
6924.0 0.005627014858931488
6925.0 0.005597410208253063
6926.0 0.005567816780150488
6927.0 0.005537755903688362
6928.0 0.005508187469714407
6929.0 0.00547863025050889
6930.0 0.005449084243793235
6931.0 0.005419080165644655
6932.0 0.005389623770252178
6933.0 0.005360853674042647
6934.0 0.005332094501236768
6935.0 0.005302888349487138
6936.0 0.005274153498054048
6937.0 0.005245429562416877
6938.0 0.0052167165403546704
6939.0 0.0051875659142081665
6940.0 0.005158877193052589
6941.0 0.0051301977065847494
6942.0 0.005101182540623771
6943.0 0.005073632767089135
6944.0 0.00504609347962271
6945.0 0.005018564676085965
6946.0 0.004990614792613307
6947.0 0.004963109329047114
6948.0 0.004935614342090705
6949.0 0.0049081298296068275
6950.0 0.00488023373639879
6951.0 0.004852772494835963
6952.0 0.004825448395045477
6953.0 0.0047995338146968785
6954.0 0.004773216269066964
6955.0 0.004747323662909603
6956.0 0.00472144092025406
6957.0 0.004695568039087599
6958.0 0.004669301136383794
6959.0 0.004643450208188688
6960.0 0.004617609134593604
6961.0 0.004591780203281002
6962.0 0.0045656820859397585
6963.0 0.004541316579177342
6964.0 0.004516960331495919
6965.0 0.0044922247094044574
6966.0 0.004467889079559304
6967.0 0.004443562702344006
6968.0 0.004419245575875643
6969.0 0.004394557483163905
6970.0 0.00437026095466617
6971.0 0.004345976422162068
6972.0 0.004321780452999793
6973.0 0.004298164307808643
6974.0 0.004274930891814381
6975.0 0.004251706284758688
6976.0 0.004228490484855676
6977.0 0.004204919619629585
6978.0 0.004181723435945705
6979.0 0.004158536053296578
6980.0 0.004134999618734339
6981.0 0.004111832508638295
6982.0 0.0040887229055812735
6983.0 0.004066225374952174
6984.0 0.004043386422087435
6985.0 0.004020907896881207
6986.0 0.003998437898303341
6987.0 0.003975976424625888
6988.0 0.003953181706492461
6989.0 0.003930739217671585
6990.0 0.0039083052478321
6991.0 0.0038858797952470788
6992.0 0.003863207629561867
6993.0 0.0038418966122877713
6994.0 0.0038205936809741
6995.0 0.0037989699496851718
6996.0 0.003777685028052804
6997.0 0.003756408186764687
6998.0 0.0037351394241824953
6999.0 0.003713557220884926
7000.0 0.0036923064506806723
7001.0 0.00367066195350442
7002.0 0.003649129198160576
7003.0 0.003628624556171685
7004.0 0.003608447623971528
7005.0 0.003588282459121196
7006.0 0.003567820105381557
7007.0 0.0035476802108379705
7008.0 0.003527552074230688
7009.0 0.003507435692762272
7010.0 0.003487029080100122
7011.0 0.0034669384734480144
7012.0 0.003446899550937669
7013.0 0.003427429354174435
7014.0 0.0034076757432598154
7015.0 0.0033882299679474
7016.0 0.003368795557232645
7017.0 0.0033490824211138514
7018.0 0.003329672412723851
7019.0 0.003310273759842406
7020.0 0.003290886459768644
7021.0 0.003271229782857655
7022.0 0.0032519057677247733
7023.0 0.003233124079306442
7024.0 0.003214353356299001
7025.0 0.0031953167795667633
7026.0 0.003176569603707464
7027.0 0.003157833384532405
7028.0 0.003138836172373363
7029.0 0.003120123480050075
7030.0 0.003101421735688904
7031.0 0.00308262293436095
7032.0 0.0030636786884795765
7033.0 0.003046656853605298
7034.0 0.0030296460701981645
7035.0 0.003012646334953881
7036.0 0.002995398079914097
7037.0 0.002978421902146715
7038.0 0.002961456761676284
7039.0 0.0029442475008628617
7040.0 0.002927305893275073
7041.0 0.002910376236026961
7042.0 0.0028934876148554974
7043.0 0.0028768431608203037
7044.0 0.0028604598206331605
7045.0 0.002844087134599021
7046.0 0.0028277250995348818
7047.0 0.002811130051935702
7048.0 0.002794790725508599
7049.0 0.002778462039583519
7050.0 0.0027619045766221853
7051.0 0.002745598602059815
7052.0 0.002729321956529893
7053.0 0.002713370128960697
7054.0 0.0026971948732377364
7055.0 0.002681265217821358
7056.0 0.0026653459524307583
7057.0 0.0026492073888813765
7058.0 0.002633310272492952
7059.0 0.0026174235359093002
7060.0 0.002601547176024732
7061.0 0.002585457410594004
7062.0 0.0025696536757035047
7063.0 0.002554751422174281
7064.0 0.0025396386632292565
7065.0 0.0025247571338186227
7066.0 0.002509885316045166
7067.0 0.0024950232070050106
7068.0 0.002479955993157774
7069.0 0.002465114578419099
7070.0 0.002450282862864984
7071.0 0.002435250409283626
7072.0 0.0024204698061845776
7073.0 0.0024062533432692838
7074.0 0.0023920461602330123
7075.0 0.0023776420244423476
7076.0 0.0023634546234253444
7077.0 0.002349276493170876
7078.0 0.0023351076309093446
7079.0 0.002320746721483908
7080.0 0.0023065976142608666
7081.0 0.0022924581634727543
7082.0 0.002278198048307632
7083.0 0.002265492967772435
7084.0 0.0022527961685913653
7085.0 0.002240107648293525
7086.0 0.002227234170211213
7087.0 0.0022145632995899263
7088.0 0.0022019006997241416
7089.0 0.0021890564297584493
7090.0 0.002176411461166162
7091.0 0.002163775797916052
7092.0 0.002151151842305523
7093.0 0.0021384234904979816
7094.0 0.0021258897563101904
7095.0 0.002113364210259001
7096.0 0.0021006645494215702
7097.0 0.0020881564578065994
7098.0 0.00207565654630134
7099.0 0.0020631648124678414
7100.0 0.002050503291050071
7101.0 0.0020380296363239183
7102.0 0.002025568381796701
7103.0 0.0020130360602109406
7104.0 0.002000687625587962
7105.0 0.0019883472767979592
7106.0 0.0019760150114336663
7107.0 0.0019635203839154145
7108.0 0.0019512053471878019
7109.0 0.001938898385965569
7110.0 0.0019264322595839796
7111.0 0.0019141431367609562
7112.0 0.0019019101576604831
7113.0 0.0018908376566771161
7114.0 0.0018796092044425909
7115.0 0.001868552133986974
7116.0 0.0018575022949549878
7117.0 0.00184629956670643
7118.0 0.0018352651410232937
7119.0 0.00182423793969001
7120.0 0.0018130605233884212
7121.0 0.0018020487205209885
7122.0 0.0017910579853580057
7123.0 0.0017804337152886713
7124.0 0.0017696627214234166
7125.0 0.0017590532871740669
7126.0 0.0017484508064514912
7127.0 0.0017377043573618529
7128.0 0.0017271166970265252
7129.0 0.0017165359834095256
7130.0 0.0017059622144433631
