mejiro/data/hst_filter_response/WFC3_UVIS-F606W.ecsv
# %ECSV 1.0
# ---
# datatype:
# - {name: wavelength, unit: Angstrom, datatype: float64}
# - {name: response, datatype: float64}
# meta:
#   __serialized_columns__:
#     wavelength:
#       __class__: astropy.units.quantity.Quantity
#       unit: !astropy.units.Unit {unit: Angstrom}
#       value: !astropy.table.SerializedColumn {name: wavelength}
#   band_name: F606W
#   group_name: WFC3_UVIS
# schema: astropy-2.0
wavelength response
[from data line 5701]
7700.0 1.0519434679779451e-06
7701.0 1.039360927350878e-06
7702.0 1.0268832661993582e-06
7703.0 1.0168133907329258e-06
7704.0 1.0069880142056691e-06
7705.0 9.972617254928143e-07
7706.0 9.87457435454197e-07
7707.0 9.777505043734697e-07
7708.0 9.680528160504974e-07
7709.0 9.582797844698682e-07
7710.0 9.48601423159181e-07
7711.0 9.388493180702646e-07
7712.0 9.291902645314448e-07
7713.0 9.195404308714552e-07
7714.0 9.098193983555277e-07
7715.0 9.001888429141051e-07
7716.0 8.904887808961459e-07
7717.0 8.808774834442021e-07
7718.0 8.712753830263984e-07
7719.0 8.616063087695488e-07
7720.0 8.520234368350266e-07
7721.0 8.4244974840708e-07
7722.0 8.328116115799591e-07
7723.0 8.265222615935499e-07
7724.0 8.206304328286816e-07
7725.0 8.148171540894295e-07
7726.0 8.090093512231588e-07
7727.0 8.031360897104371e-07
7728.0 7.973397429734413e-07
7729.0 7.914788720264594e-07
7730.0 7.85693970044304e-07
7731.0 7.799145304034133e-07
7732.0 7.740720917970033e-07
7733.0 7.683040794287755e-07
7734.0 7.624740823545168e-07
7735.0 7.567174852917951e-07
7736.0 7.509663370588627e-07
7737.0 7.451547221409325e-07
7738.0 7.39414971759185e-07
7739.0 7.33615764142217e-07
7740.0 7.278873996637981e-07
7741.0 7.221644705244926e-07
7742.0 7.163835949641868e-07
7743.0 7.089482152373562e-07
7744.0 7.012007449683523e-07
7745.0 6.935233860862256e-07
7746.0 6.858534137334665e-07
7747.0 6.781308904057965e-07
7748.0 6.704763573814796e-07
7749.0 6.627705483772535e-07
7750.0 6.551314392224108e-07
7751.0 6.474997045728458e-07
7752.0 6.398187090078496e-07
7753.0 6.322023741987889e-07
7754.0 6.24538118481026e-07
7755.0 6.169371672718512e-07
7756.0 6.093435657199248e-07
7757.0 6.01704048723048e-07
7758.0 5.941258070803238e-07
7759.0 5.865549042302058e-07
7760.0 5.789400855594742e-07
7761.0 5.71384513344336e-07
7762.0 5.637863550840184e-07
7763.0 5.614974375439887e-07
7764.0 5.600315540810235e-07
7765.0 5.585175467655179e-07
7766.0 5.570543306182757e-07
7767.0 5.555431894240509e-07
7768.0 5.540826380197537e-07
7769.0 5.526233533552691e-07
7770.0 5.5111652948042e-07
7771.0 5.496599055831235e-07
7772.0 5.481559991030138e-07
7773.0 5.467020332497982e-07
7774.0 5.452493310686412e-07
7775.0 5.437497304637809e-07
7776.0 5.422996823572262e-07
7777.0 5.408029913375227e-07
7778.0 5.393555945868148e-07
7779.0 5.379094584450951e-07
7780.0 5.364170618756001e-07
7781.0 5.349735731265203e-07
7782.0 5.334841346804521e-07
7783.0 5.330451561037083e-07
7784.0 5.327702927663229e-07
7785.0 5.324483437510831e-07
7786.0 5.321736878527241e-07
7787.0 5.318519948910205e-07
7788.0 5.315775463178876e-07
7789.0 5.312561092635125e-07
7790.0 5.309818679018497e-07
7791.0 5.307077179556858e-07
7792.0 5.303866523447494e-07
7793.0 5.30112709447604e-07
7794.0 5.297918993868302e-07
7795.0 5.295181634250564e-07
7796.0 5.292445187610119e-07
7797.0 5.289240796284341e-07
7798.0 5.286506417374627e-07
7799.0 5.283305136233552e-07
7800.0 5.280572823630465e-07
7801.0 5.277841422828166e-07
7802.0 5.274643287281938e-07
7803.0 5.28833306619486e-07
7804.0 5.304342470129269e-07
7805.0 5.320802354436196e-07
7806.0 5.337243867904165e-07
7807.0 5.353192324768693e-07
7808.0 5.369595668552896e-07
7809.0 5.385503067554112e-07
7810.0 5.401868283558768e-07
7811.0 5.418214324891167e-07
7812.0 5.434060095515197e-07
7813.0 5.450368060006225e-07
7814.0 5.466172881994845e-07
7815.0 5.482442811514729e-07
7816.0 5.498694459991161e-07
7817.0 5.514439252640707e-07
7818.0 5.530652928992155e-07
7819.0 5.546356310865837e-07
7820.0 5.562532055175196e-07
7821.0 5.578690442543761e-07
7822.0 5.594334268267707e-07
7823.0 5.541575583287496e-07
7824.0 5.476102697464044e-07
7825.0 5.411185029054145e-07
7826.0 5.345856506738892e-07
7827.0 5.28107161091238e-07
7828.0 5.216350176809301e-07
7829.0 5.15123502394168e-07
7830.0 5.086646156335952e-07
7831.0 5.022150690782908e-07
7832.0 4.958157856223822e-07
7833.0 4.894216218605172e-07
7834.0 4.82989705320604e-07
7835.0 4.766063429818491e-07
7836.0 4.7018640685867715e-07
7837.0 4.6381383737118537e-07
7838.0 4.574463790684369e-07
7839.0 4.5104398792930966e-07
7840.0 4.446873117667384e-07
7841.0 4.3829682748086323e-07
7842.0 4.319509255692348e-07
7843.0 4.337259786321216e-07
7844.0 4.3705828746165657e-07
7845.0 4.403877457654743e-07
7846.0 4.43674955610662e-07
7847.0 4.4699842031133734e-07
7848.0 4.5027904852159534e-07
7849.0 4.535965240634464e-07
7850.0 4.569111538762279e-07
7851.0 4.6018207144134814e-07
7852.0 4.634907230931869e-07
7853.0 4.66755121947109e-07
7854.0 4.7005779576929423e-07
7855.0 4.7335762871893025e-07
7856.0 4.766122829585467e-07
7857.0 4.799061441312344e-07
7858.0 4.831542436070475e-07
7859.0 4.864421374372852e-07
7860.0 4.896836875911096e-07
7861.0 4.929656136658716e-07
7862.0 4.96244705553809e-07
7863.0 4.963370416800746e-07
7864.0 4.958638773653426e-07
7865.0 4.953469568718547e-07
7866.0 4.948743592949471e-07
7867.0 4.944020239587154e-07
7868.0 4.938860581285941e-07
7869.0 4.934142889879895e-07
7870.0 4.928990252347827e-07
7871.0 4.924278218630787e-07
7872.0 4.91913155235973e-07
7873.0 4.914425173064902e-07
7874.0 4.9097214105156e-07
7875.0 4.904584267375606e-07
7876.0 4.899886153834213e-07
7877.0 4.894755493105138e-07
7878.0 4.890063024808967e-07
7879.0 4.88537316925228e-07
7880.0 4.880252014987351e-07
7881.0 4.875567799267002e-07
7882.0 4.870453115920518e-07
7883.0 4.88099122806116e-07
7884.0 4.894154751596504e-07
7885.0 4.907739742964582e-07
7886.0 4.921312190950073e-07
7887.0 4.934433777315138e-07
7888.0 4.947979946751137e-07
7889.0 4.961072331945954e-07
7890.0 4.974592241196116e-07
7891.0 4.98765597109566e-07
7892.0 5.001149639953417e-07
7893.0 5.014630795616435e-07
7894.0 5.027652187051028e-07
7895.0 5.041107130882768e-07
7896.0 5.054099926496637e-07
7897.0 5.06752867826926e-07
7898.0 5.080944938225702e-07
7899.0 5.093895481754534e-07
7900.0 5.107285578182789e-07
7901.0 5.120207585296933e-07
7902.0 5.133571537947899e-07
7903.0 5.146392832041176e-07
7904.0 5.159642728293926e-07
7905.0 5.172880236088704e-07
7906.0 5.185643844352114e-07
7907.0 5.198855410824685e-07
7908.0 5.211590735949242e-07
7909.0 5.224776380706454e-07
7910.0 5.237483446699743e-07
7911.0 5.250643240998687e-07
7912.0 5.26379067699956e-07
7913.0 5.276456036054651e-07
7914.0 5.289577598735127e-07
7915.0 5.30221475803418e-07
7916.0 5.3153104669698e-07
7917.0 5.3283938387791e-07
7918.0 5.340989325237125e-07
7919.0 5.354046871550684e-07
7920.0 5.366614786628812e-07
7921.0 5.379646475446142e-07
7922.0 5.392185652121735e-07
7923.0 5.360980912737846e-07
7924.0 5.320184703636825e-07
7925.0 5.278951035532419e-07
7926.0 5.238223833465843e-07
7927.0 5.197066401557626e-07
7928.0 5.156408155874387e-07
7929.0 5.115326897884659e-07
7930.0 5.074737557955892e-07
7931.0 5.034181687885224e-07
7932.0 4.993213597800344e-07
7933.0 4.952726533371288e-07
7934.0 4.911834437314574e-07
7935.0 4.871416128019373e-07
7936.0 4.83059996388554e-07
7937.0 4.790250359238604e-07
7938.0 4.749933291832076e-07
7939.0 4.7092296146532235e-07
7940.0 4.668981174831204e-07
7941.0 4.6283558255487037e-07
7942.0 4.588178966918922e-07
7943.0 4.551854745755541e-07
7944.0 4.5169212213046654e-07
7945.0 4.4820157652251335e-07
7946.0 4.446742015917465e-07
7947.0 4.411895777525258e-07
7948.0 4.376687436157377e-07
7949.0 4.341900372105819e-07
7950.0 4.306757385344494e-07
7951.0 4.272031555390932e-07
7952.0 4.237333693874071e-07
7953.0 4.202289127977969e-07
7954.0 4.167650266772278e-07
7955.0 4.1326712954423276e-07
7956.0 4.098091387760997e-07
7957.0 4.063177075855793e-07
7958.0 4.028656082286715e-07
7959.0 3.9941629916911826e-07
7960.0 3.959344697114169e-07
7961.0 3.924910497164316e-07
7962.0 3.8901572127899356e-07
7963.0 3.877677752269643e-07
7964.0 3.869978238445394e-07
7965.0 3.862629709767185e-07
7966.0 3.855286318386585e-07
7967.0 3.8476048374060195e-07
7968.0 3.8402723702847753e-07
7969.0 3.832603117881038e-07
7970.0 3.825281567285157e-07
7971.0 3.8176299407658507e-07
7972.0 3.810324280104712e-07
7973.0 3.8026844170150317e-07
7974.0 3.7953896190786687e-07
7975.0 3.788099924413778e-07
7976.0 3.780477973853284e-07
7977.0 3.7731991309084936e-07
7978.0 3.7655893273308443e-07
7979.0 3.758321328470059e-07
7980.0 3.7507236624211673e-07
7981.0 3.7434974760134606e-07
7982.0 3.7362762623109643e-07
7983.0 3.744252758913388e-07
7984.0 3.75630997343215e-07
7985.0 3.768019878079993e-07
7986.0 3.7800541337873375e-07
7987.0 3.791739342681623e-07
7988.0 3.803750657151657e-07
7989.0 3.815751042148626e-07
7990.0 3.8273987730628905e-07
7991.0 3.839440312185057e-07
7992.0 3.851127455485725e-07
7993.0 3.8631468863048784e-07
7994.0 3.8748097818030825e-07
7995.0 3.8868071183022347e-07
7996.0 3.8984457837331403e-07
7997.0 3.910421039890836e-07
7998.0 3.922385795395582e-07
7999.0 3.933988682773647e-07
8000.0 3.945931377958931e-07
8001.0 3.9571489479274905e-07
8002.0 3.968705988657334e-07
8003.0 3.9377990993515604e-07
8004.0 3.8967428755310363e-07
8005.0 3.855380760031285e-07
8006.0 3.814405289167213e-07
8007.0 3.7734683503736615e-07
8008.0 3.732236467263287e-07
8009.0 3.691380221886669e-07
8010.0 3.650236312082116e-07
8011.0 3.609506072738965e-07
8012.0 3.5684944008490166e-07
8013.0 3.5278427161612297e-07
8014.0 3.4872284807698166e-07
8015.0 3.44634368132359e-07
8016.0 3.4058079507389507e-07
8017.0 3.365008883914903e-07
8018.0 3.324551622673545e-07
8019.0 3.2838382396287543e-07
8020.0 3.243459412267576e-07
8021.0 3.2028531600480466e-07
8022.0 3.1625733473867665e-07
8023.0 4.002806976895579e-07
8024.0 5.069512570258926e-07
8025.0 6.13556269349936e-07
8026.0 7.19995587674365e-07
8027.0 8.263884651731481e-07
8028.0 9.32596667303718e-07
8029.0 1.038777498568313e-06
8030.0 1.1447547093208622e-06
8031.0 1.2507409056664108e-06
8032.0 1.3566288262524622e-06
8033.0 1.4622876992124368e-06
8034.0 1.5679696456189733e-06
8035.0 1.673403677801649e-06
8036.0 1.7788797240380931e-06
8037.0 1.8840892254754757e-06
8038.0 1.9893594567807186e-06
8039.0 2.0943441460848997e-06
8040.0 2.1994086252353273e-06
8041.0 2.304378373029522e-06
8042.0 2.4090347562747563e-06
8043.0 2.4902707746055004e-06
8044.0 2.564914295624003e-06
8045.0 2.6397103896566506e-06
8046.0 2.714193385424466e-06
8047.0 2.7888423650256957e-06
8048.0 2.86316491240598e-06
8049.0 2.937666829310515e-06
8050.0 3.0120985648025762e-06
8051.0 3.0861849121221694e-06
8052.0 3.160470705340619e-06
8053.0 3.2343972310237653e-06
8054.0 3.3085361883741647e-06
8055.0 3.3823022867321027e-06
8056.0 3.456294451725015e-06
8057.0 3.529900536431255e-06
8058.0 3.6037459605072564e-06
8059.0 3.6775213357626354e-06
8060.0 3.7508908426982135e-06
8061.0 3.824519547937784e-06
8062.0 3.8977292262816155e-06
8063.0 3.97121131296101e-06
8064.0 4.044261239247537e-06
8065.0 4.1175967588279345e-06
8066.0 4.1904870095923985e-06
8067.0 4.263676013540497e-06
8068.0 4.336407128236451e-06
8069.0 4.409449675821853e-06
8070.0 4.482422278498004e-06
8071.0 4.554917708125037e-06
8072.0 4.627744702109355e-06
8073.0 4.700080766030837e-06
8074.0 4.772761466555949e-06
8075.0 4.844938241139467e-06
8076.0 4.9174726995344135e-06
8077.0 4.989490261148446e-06
8078.0 5.061878528747865e-06
8079.0 5.134196959941638e-06
8080.0 5.205979081905904e-06
8081.0 5.278152273621277e-06
8082.0 5.349776271652059e-06
8083.0 5.421803442487301e-06
8084.0 5.493269122934129e-06
8085.0 5.565150331759705e-06
8086.0 5.636456604931368e-06
8087.0 5.7081918952520615e-06
8088.0 5.7793394164477735e-06
8089.0 5.850928839467194e-06
8090.0 5.922448553433446e-06
8091.0 5.993360292456453e-06
8092.0 6.0647331866304056e-06
8093.0 6.13548631086045e-06
8094.0 6.206713412336786e-06
8095.0 6.277307998152398e-06
8096.0 6.34838935831819e-06
8097.0 6.4188254820986465e-06
8098.0 6.48976115234645e-06
8099.0 6.560039591644214e-06
8100.0 6.630829630938495e-06
8101.0 6.70155115810478e-06
8102.0 6.771595776484945e-06
8103.0 6.799605353183484e-06
8104.0 6.814441801502363e-06
8105.0 6.829870614855495e-06
8106.0 6.844667999641646e-06
8107.0 6.8600605236873145e-06
8108.0 6.874818864231337e-06
8109.0 6.8901751119986965e-06
8110.0 6.904894427591313e-06
8111.0 6.920213259394251e-06
8112.0 6.935514645931568e-06
8113.0 6.950174983582742e-06
8114.0 6.9654401150325695e-06
8115.0 6.980061464801239e-06
8116.0 6.995290354237367e-06
8117.0 7.009873485247324e-06
8118.0 7.025066147369871e-06
8119.0 7.039609580995317e-06
8120.0 7.0547660272518825e-06
8121.0 7.069271707927736e-06
8122.0 7.084393133246812e-06
8123.0 6.959162285608131e-06
8124.0 6.792287202937336e-06
8125.0 6.625568368440896e-06
8126.0 6.458425972309834e-06
8127.0 6.292034527723676e-06
8128.0 6.125249339203268e-06
8129.0 5.959185169790459e-06
8130.0 5.792757018053195e-06
8131.0 5.6270200090642175e-06
8132.0 5.460949307762373e-06
8133.0 5.295539326731433e-06
8134.0 5.1298247183827866e-06
8135.0 4.964741668272408e-06
8136.0 4.799383584245679e-06
8137.0 4.63462735026875e-06
8138.0 4.470027089626109e-06
8139.0 4.305196087085397e-06
8140.0 4.140922484378714e-06
8141.0 3.976446931732881e-06
8142.0 3.812499265400261e-06
8143.0 3.762302378347969e-06
8144.0 3.7481144685764277e-06
8145.0 3.7336031363992935e-06
8146.0 3.7194405519801346e-06
8147.0 3.7049574824608527e-06
8148.0 3.690820213105699e-06
8149.0 3.6763645980586818e-06
8150.0 3.662252636508867e-06
8151.0 3.648153298472372e-06
8152.0 3.6337394066218446e-06
8153.0 3.6196653547670054e-06
8154.0 3.6052792744005322e-06
8155.0 3.591230499978017e-06
8156.0 3.5768722180293482e-06
8157.0 3.5628487122888324e-06
8158.0 3.5485182156915225e-06
8159.0 3.534519969881695e-06
8160.0 3.5202172455691083e-06
8161.0 3.5062442166707847e-06
8162.0 3.4919695918053484e-06
8163.0 3.5369640317663334e-06
8164.0 3.6005681847165404e-06
8165.0 3.6644267797117265e-06
8166.0 3.7282218121501845e-06
8167.0 3.79161232052938e-06
8168.0 3.855274521149738e-06
8169.0 3.91852077142104e-06
8170.0 3.9820501873985555e-06
8171.0 4.045151617381283e-06
8172.0 4.108547643933395e-06
8173.0 4.171504916581026e-06
8174.0 4.234768213515848e-06
8175.0 4.297581399006698e-06
8176.0 4.360712013652377e-06
8177.0 4.4233816564910405e-06
8178.0 4.486379642935824e-06
8179.0 4.548904871397925e-06
8180.0 4.61177027021042e-06
8181.0 4.674572994119555e-06
8182.0 4.736886052857444e-06
8183.0 4.709726557308633e-06
8184.0 4.652399900230275e-06
8185.0 4.595550606745223e-06
8186.0 4.538346424863297e-06
8187.0 4.481609354866983e-06
8188.0 4.424527589307215e-06
8189.0 4.367902703202558e-06
8190.0 4.310943295090166e-06
8191.0 4.254430553275925e-06
8192.0 4.19759344373563e-06
8193.0 4.1411928066064085e-06
8194.0 4.0844783750626945e-06
8195.0 4.028189796968705e-06
8196.0 3.971597101910319e-06
8197.0 3.915420549289625e-06
8198.0 3.859297467884012e-06
8199.0 3.8028854094209084e-06
8200.0 3.746874298874219e-06
8201.0 3.6906359172427e-06
8202.0 3.6347868135371576e-06
8203.0 3.668896807902062e-06
8204.0 3.7339912027867926e-06
8205.0 3.7986794088217084e-06
8206.0 3.863639892259161e-06
8207.0 3.928182503403525e-06
8208.0 3.9930091131442676e-06
8209.0 4.057406625887796e-06
8210.0 4.12209940663826e-06
8211.0 4.186351711150565e-06
8212.0 4.250911408787111e-06
8213.0 4.315018343295876e-06
8214.0 4.379444323005423e-06
8215.0 4.44340594819516e-06
8216.0 4.507698247617854e-06
8217.0 4.5719266149256406e-06
8218.0 4.635673280965369e-06
8219.0 4.699768018703638e-06
8220.0 4.763369521405223e-06
8221.0 4.827330667238426e-06
8222.0 4.8907870673109285e-06
8223.0 5.001539841980689e-06
8224.0 5.128180828181624e-06
8225.0 5.2551469581260726e-06
8226.0 5.381502787113436e-06
8227.0 5.508207224923331e-06
8228.0 5.6342785528697e-06
8229.0 5.7607213722676884e-06
8230.0 5.88650831802115e-06
8231.0 6.0130422717231616e-06
8232.0 6.138912350327435e-06
8233.0 6.265214340575285e-06
8234.0 6.390829665867774e-06
8235.0 6.516899671682696e-06
8236.0 6.6422602625026285e-06
8237.0 6.768098262963353e-06
8238.0 6.893825922886501e-06
8239.0 7.018810867067429e-06
8240.0 7.144306493900444e-06
8241.0 7.269037202659217e-06
8242.0 7.394302006166813e-06
8243.0 7.3823502467510675e-06
8244.0 7.3219937197592136e-06
8245.0 7.261030842927461e-06
8246.0 7.200777341213405e-06
8247.0 7.139928367587622e-06
