mejiro/data/hst_filter_response/WFC3_UVIS-F625W.ecsv
# %ECSV 1.0
# ---
# datatype:
# - {name: wavelength, unit: Angstrom, datatype: float64}
# - {name: response, datatype: float64}
# meta:
#   __serialized_columns__:
#     wavelength:
#       __class__: astropy.units.quantity.Quantity
#       unit: !astropy.units.Unit {unit: Angstrom}
#       value: !astropy.table.SerializedColumn {name: wavelength}
#   band_name: F625W
#   group_name: WFC3_UVIS
# schema: astropy-2.0
wavelength response
[from data line 5066]
7055.0 0.1625868539137367
7056.0 0.15786170223283139
7057.0 0.15312646057399115
7058.0 0.14840808904617966
7059.0 0.14369290133747045
7060.0 0.1389808964874509
7061.0 0.13426045288856775
7062.0 0.12955793653696485
7063.0 0.12490658302240053
7064.0 0.12024794507945409
7065.0 0.11560327902118152
7066.0 0.1109617536170662
7067.0 0.1063233679197344
7068.0 0.10167931364902495
7069.0 0.09704760571644958
7070.0 0.09241903437783036
7071.0 0.08778601294134035
7072.0 0.08322754406783626
7073.0 0.07985696940010253
7074.0 0.07648867491765031
7075.0 0.07311631803341079
7076.0 0.06975287359627014
7077.0 0.06639170708627433
7078.0 0.06303281781686766
7079.0 0.05967102895843173
7080.0 0.05631698305658433
7081.0 0.05296522132409297
7082.0 0.049671685075490996
7083.0 0.04758354256112942
7084.0 0.04549681421657374
7085.0 0.04341149961587355
7086.0 0.041324013073640586
7087.0 0.039241705343514365
7088.0 0.03716080995729777
7089.0 0.03507828284355545
7090.0 0.03300039116129902
7091.0 0.0309239253259237
7092.0 0.028886376662507197
7093.0 0.027636035128300155
7094.0 0.026389042193584514
7095.0 0.0251428942004754
7096.0 0.023895517187236717
7097.0 0.022651166303016747
7098.0 0.021407659525291934
7099.0 0.020164996600218935
7100.0 0.018921535077310328
7101.0 0.017680672416328362
7102.0 0.016463985159323766
7103.0 0.015772510914993335
7104.0 0.01508293309936108
7105.0 0.014393822665711039
7106.0 0.01370517947371563
7107.0 0.013015873541587881
7108.0 0.0123282241033497
7109.0 0.011641041445408912
7110.0 0.010953374538522105
7111.0 0.010267187957255995
7112.0 0.009593719391725994
7113.0 0.009214360759329743
7114.0 0.008834492164393372
7115.0 0.00845568043885181
7116.0 0.008077125584642724
7117.0 0.007698159909485228
7118.0 0.007320151349276565
7119.0 0.006942399407091438
7120.0 0.00656433399178748
7121.0 0.006187127809418978
7122.0 0.00581586418945312
7123.0 0.00559234448278682
7124.0 0.005368510199590373
7125.0 0.005145313107867027
7126.0 0.004922267550719251
7127.0 0.004698965376985508
7128.0 0.004476242096119853
7129.0 0.004253670200285724
7130.0 0.004031249644037223
7131.0 0.00380865078465621
7132.0 0.0035895857325494744
7133.0 0.0034550837454572197
7134.0 0.0033203846087207275
7135.0 0.003186076813440814
7136.0 0.0030518602317866515
7137.0 0.0029177348364201354
7138.0 0.0027834587932857664
7139.0 0.002649527323494108
7140.0 0.0025156869500900197
7141.0 0.002381731748798276
7142.0 0.002249766410594264
7143.0 0.0021691455545966533
7144.0 0.0020883979617759368
7145.0 0.002007893523382673
7146.0 0.0019274437670534546
7147.0 0.0018470486764210184
7148.0 0.0017665547296616905
7149.0 0.0016862758971925226
7150.0 0.0016060516765895828
7151.0 0.0015257502109708122
7152.0 0.0014465379471429298
7153.0 0.0013970286481932667
7154.0 0.0013475529409260523
7155.0 0.0012979980056667898
7156.0 0.0012485937454292907
7157.0 0.001199223043877276
7158.0 0.0011497859538390784
7159.0 0.0011004866245936256
7160.0 0.001051220821057271
7161.0 0.0010019019166773824
7162.0 0.0009531997188804309
7163.0 0.0009226875620435703
7164.0 0.000892196097956609
7165.0 0.0008616505037437907
7166.0 0.000831203050405184
7167.0 0.0008007762695339428
7168.0 0.000770303184266125
7169.0 0.0007399203713542413
7170.0 0.000709558210637664
7171.0 0.0006791576509443435
7172.0 0.0006490490799121869
7173.0 0.0006275114107759554
7174.0 0.0006059883723056392
7175.0 0.0005844291406204883
7176.0 0.0005629372192474218
7177.0 0.0005414599141883824
7178.0 0.0005199520042961182
7179.0 0.0004985057838265651
7180.0 0.0004770741653280834
7181.0 0.0004556175894404142
7182.0 0.0004343998616248043
7183.0 0.0004217160734686107
7184.0 0.00040904090116872607
7185.0 0.00039633986910387036
7186.0 0.00038368302168993084
7187.0 0.00037103478168401224
7188.0 0.0003583639738420868
7189.0 0.00034573403958481524
7190.0 0.0003331127042925323
7191.0 0.0003204721753879821
7192.0 0.0003079312382151555
7193.0 0.0002987708090271529
7194.0 0.00028961660901971994
7195.0 0.00028044423734945
7196.0 0.000271303285411384
7197.0 0.00026216855654744687
7198.0 0.0002530180341129002
7199.0 0.0002438965394850011
7200.0 0.000234781261828587
7201.0 0.00022565267081074234
7202.0 0.00021658812010577025
7203.0 0.00020988565353774176
7204.0 0.00020317006574258777
7205.0 0.00019647729910867687
7206.0 0.0001897890887974473
7207.0 0.00018310543345434783
7208.0 0.0001764109784133898
7209.0 0.00016973700978929835
7210.0 0.00016306759167501956
7211.0 0.00015638916221871104
7212.0 0.00014975731944733494
7213.0 0.00014529525711507477
7214.0 0.00014082398702303973
7215.0 0.00013636838294204365
7216.0 0.00013191581267992612
7217.0 0.00012746627533601014
7218.0 0.00012300906155210102
7219.0 0.00011856597413266521
7220.0 0.0001141259166665406
7221.0 0.0001096793754789873
7222.0 0.00010526528788829543
7223.0 0.00010273515047011172
7224.0 0.0001001980077391346
7225.0 9.767152752150926e-05
7226.0 9.514676500128041e-05
7227.0 9.261565497978931e-05
7228.0 9.009454585784353e-05
7229.0 8.757515275701332e-05
7230.0 8.505747516856272e-05
7231.0 8.25310728287766e-05
7232.0 8.001676268511802e-05
7233.0 7.788008035680252e-05
7234.0 7.573842286516697e-05
7235.0 7.360516784085128e-05
7236.0 7.147353253316004e-05
7237.0 6.933748426655928e-05
7238.0 6.720927173979497e-05
7239.0 6.508267699112453e-05
7240.0 6.295221582466287e-05
7241.0 6.082905922812325e-05
7242.0 5.870866871562422e-05
7243.0 5.681954721182117e-05
7244.0 5.493697211431414e-05
7245.0 5.305582894027647e-05
7246.0 5.11761171600588e-05
7247.0 4.929354166910438e-05
7248.0 4.7416854589672826e-05
7249.0 4.554159719128065e-05
7250.0 4.366396450098591e-05
7251.0 4.1791741776796576e-05
7252.0 3.992300922490376e-05
7253.0 3.910630455812893e-05
7254.0 3.829369409903407e-05
7255.0 3.748169912620488e-05
7256.0 3.6667124046923103e-05
7257.0 3.585643001321822e-05
7258.0 3.504635073077222e-05
7259.0 3.423390594685149e-05
7260.0 3.342512588936837e-05
7261.0 3.261697060031343e-05
7262.0 3.180942856961346e-05
7263.0 3.081295855148051e-05
7264.0 2.981992569022656e-05
7265.0 2.8827648734508228e-05
7266.0 2.7833701196435025e-05
7267.0 2.68430215700639e-05
7268.0 2.5853096946232656e-05
7269.0 2.4861759706613164e-05
7270.0 2.387343040941818e-05
7271.0 2.2885866310008398e-05
7272.0 2.18971460120278e-05
7273.0 2.1871685225998827e-05
7274.0 2.1849532595779935e-05
7275.0 2.1825489611020338e-05
7276.0 2.1803364161532537e-05
7277.0 2.1781251330362467e-05
7278.0 2.1757253914902178e-05
7279.0 2.1735168233451e-05
7280.0 2.1713095156467013e-05
7281.0 2.1691031102387172e-05
7282.0 2.1667092402429645e-05
7283.0 2.117537637897219e-05
7284.0 2.0681266843566548e-05
7285.0 2.0185772493548994e-05
7286.0 1.969245716310677e-05
7287.0 1.919951718263019e-05
7288.0 1.87053209123758e-05
7289.0 1.8213174141933536e-05
7290.0 1.772140227327361e-05
7291.0 1.722850518788678e-05
7292.0 1.67375282155961e-05
7293.0 1.6367566324082228e-05
7294.0 1.5997559492456433e-05
7295.0 1.5629260754107643e-05
7296.0 1.526124228170751e-05
7297.0 1.4892204715374471e-05
7298.0 1.4524778520434273e-05
7299.0 1.4157632256875107e-05
7300.0 1.3789562658901231e-05
7301.0 1.3423012230690634e-05
7302.0 1.3056741165156478e-05
7303.0 1.2782709910072084e-05
7304.0 1.2508839584265805e-05
7305.0 1.2236292026105701e-05
7306.0 1.1963951846255585e-05
7307.0 1.1690799964440036e-05
7308.0 1.1418898011665353e-05
7309.0 1.114720318987843e-05
7310.0 1.0874766332765752e-05
7311.0 1.0603516219362036e-05
7312.0 1.03324726322723e-05
7313.0 1.0111667077379006e-05
7314.0 9.892661418907385e-06
7315.0 9.673822308693393e-06
7316.0 9.454324419896988e-06
7317.0 9.235837294195292e-06
7318.0 9.017516518568892e-06
7319.0 8.798593937726986e-06
7320.0 8.580624706842684e-06
7321.0 8.362824308698589e-06
7322.0 8.14447880845281e-06
7323.0 7.974560005894072e-06
7324.0 7.805572511890808e-06
7325.0 7.636046840729088e-06
7326.0 7.467331122611087e-06
7327.0 7.298743844895213e-06
7328.0 7.129663138601734e-06
7329.0 6.961347279975435e-06
7330.0 6.793159709007602e-06
7331.0 6.6245240617618915e-06
7332.0 6.45660966611518e-06
7333.0 6.328821843492113e-06
7334.0 6.201386054209971e-06
7335.0 6.0745994469969384e-06
7336.0 5.94790930401062e-06
7337.0 5.820807182450497e-06
7338.0 5.694320909417518e-06
7339.0 5.567930986007305e-06
7340.0 5.441637376842741e-06
7341.0 5.314977484246669e-06
7342.0 5.188889035502398e-06
7343.0 5.0888496115779255e-06
7344.0 4.989033269975415e-06
7345.0 4.889737034354391e-06
7346.0 4.790516362228704e-06
7347.0 4.690961395349973e-06
7348.0 4.591900421657904e-06
7349.0 4.492914921761554e-06
7350.0 4.393621438890675e-06
7351.0 4.294795428026004e-06
7352.0 4.196044801335867e-06
7353.0 4.1159988748375386e-06
7354.0 4.0368649526594645e-06
7355.0 3.957791297133795e-06
7356.0 3.878438953647443e-06
7357.0 3.799492664126308e-06
7358.0 3.7206065696777217e-06
7359.0 3.641462397013698e-06
7360.0 3.5627035096851515e-06
7361.0 3.4840058979401898e-06
7362.0 3.4050707183379116e-06
7363.0 3.3386642405529183e-06
7364.0 3.272650199624388e-06
7365.0 3.2064062020410406e-06
7366.0 3.1404985460228376e-06
7367.0 3.0746411698424407e-06
7368.0 3.0085710474206637e-06
7369.0 2.94281992353194e-06
7370.0 2.8771190197877525e-06
7371.0 2.811223271251703e-06
7372.0 2.7456288976343325e-06
7373.0 2.6971114456371745e-06
7374.0 2.64893068641698e-06
7375.0 2.601022255891286e-06
7376.0 2.5531503400725744e-06
7377.0 2.5050958740366333e-06
7378.0 2.4573011267710255e-06
7379.0 2.4095428508820342e-06
7380.0 2.3616145097484684e-06
7381.0 2.313934454603139e-06
7382.0 2.2662907803136104e-06
7383.0 2.228219276892051e-06
7384.0 2.190703735279705e-06
7385.0 2.1532167551350775e-06
7386.0 2.115573286710953e-06
7387.0 2.078146671694129e-06
7388.0 2.0407485843159317e-06
7389.0 2.0032037879453286e-06
7390.0 1.9658659905777385e-06
7391.0 1.9285573253161764e-06
7392.0 1.8911118803679321e-06
7393.0 1.8604302331600146e-06
7394.0 1.8300145704408971e-06
7395.0 1.7994646334581515e-06
7396.0 1.7690979345757241e-06
7397.0 1.7387543745311857e-06
7398.0 1.7082844769365493e-06
7399.0 1.6779898198563095e-06
7400.0 1.6477182742250593e-06
7401.0 1.6173290812090826e-06
7402.0 1.5871071205607083e-06
7403.0 1.5593216817455212e-06
7404.0 1.5315189184253368e-06
7405.0 1.503873696842153e-06
7406.0 1.4762495630659676e-06
7407.0 1.448519736549349e-06
7408.0 1.4209401690317071e-06
7409.0 1.393381664392296e-06
7410.0 1.365724677760025e-06
7411.0 1.3382111401888722e-06
7412.0 1.310604035916203e-06
7413.0 1.2899350916234474e-06
7414.0 1.2695726128864598e-06
7415.0 1.2491162895278787e-06
7416.0 1.2287865955564883e-06
7417.0 1.2084723942874448e-06
7418.0 1.1880696651236025e-06
7419.0 1.1677882079503315e-06
7420.0 1.1475222251860278e-06
7421.0 1.1271733814538672e-06
7422.0 1.1069404515419404e-06
7423.0 1.090915410160218e-06
7424.0 1.0749988203447122e-06
7425.0 1.0591897840625783e-06
7426.0 1.0433927794309335e-06
7427.0 1.0275178197263651e-06
7428.0 1.0117462464139948e-06
7429.0 9.959866905632471e-07
7430.0 9.801533057673217e-07
7431.0 9.644696295861892e-07
7432.0 9.487963159215533e-07
7433.0 9.351312458917115e-07
7434.0 9.216593563891796e-07
7435.0 9.081963567228399e-07
7436.0 8.94663969372959e-07
7437.0 8.81219918560104e-07
7438.0 8.677847497528178e-07
7439.0 8.542836226083414e-07
7440.0 8.408673860670848e-07
7441.0 8.274602979431573e-07
7442.0 8.139907583267412e-07
7443.0 8.033407506735384e-07
7444.0 7.928397560030014e-07
7445.0 7.822771403601922e-07
7446.0 7.717909047113573e-07
7447.0 7.613115858329005e-07
7448.0 7.50773394445495e-07
7449.0 7.403088206009489e-07
7450.0 7.297872033274568e-07
7451.0 7.193374840271413e-07
7452.0 7.088946677030444e-07
7453.0 7.010009445624819e-07
7454.0 6.933165461427481e-07
7455.0 6.856371989338104e-07
7456.0 6.779035546676844e-07
7457.0 6.702349772302186e-07
7458.0 6.625714465678461e-07
7459.0 6.548555587024054e-07
7460.0 6.472027884165808e-07
7461.0 6.395549544331221e-07
7462.0 6.318567724903406e-07
7463.0 6.249524320606232e-07
7464.0 6.180950138498994e-07
7465.0 6.11188528238867e-07
7466.0 6.043407430404727e-07
7467.0 5.974974719825823e-07
7468.0 5.906069294470447e-07
7469.0 5.837732822671168e-07
7470.0 5.769441452552324e-07
7471.0 5.700694345866898e-07
7472.0 5.63249820036731e-07
7473.0 5.563498157794643e-07
7474.0 5.495015459335589e-07
7475.0 5.426578076096867e-07
7476.0 5.357716667899112e-07
7477.0 5.289375865664405e-07
7478.0 5.221080338695952e-07
7479.0 5.15237815594776e-07
7480.0 5.084179125328348e-07
7481.0 5.01603027378538e-07
7482.0 4.94749252515515e-07
7483.0 4.894406538583837e-07
7484.0 4.842311513756176e-07
7485.0 4.789830610050053e-07
7486.0 4.7378087690050545e-07
7487.0 4.6858212214777866e-07
7488.0 4.633461447015997e-07
7489.0 4.5815470141322287e-07
7490.0 4.5292694395812544e-07
7491.0 4.477436857702759e-07
7492.0 4.425638315441181e-07
7493.0 4.3714387382235007e-07
7494.0 4.3175261627945766e-07
7495.0 4.263649066515809e-07
7496.0 4.209438473025396e-07
7497.0 4.155637023270581e-07
7498.0 4.1018710219616237e-07
7499.0 4.0477852074671093e-07
7500.0 3.9940947875847154e-07
7501.0 3.940310146359915e-07
7502.0 3.886223277344166e-07
7503.0 3.867697836794776e-07
7504.0 3.851647099848077e-07
7505.0 3.835270753967762e-07
7506.0 3.819243523706173e-07
7507.0 3.8028934905823436e-07
7508.0 3.786889751665357e-07
7509.0 3.7708970506882035e-07
7510.0 3.7545857491763364e-07
7511.0 3.7386226510420305e-07
7512.0 3.722670529198776e-07
7513.0 3.6790545206636306e-07
7514.0 3.6338058027012437e-07
7515.0 3.588589660430021e-07
7516.0 3.5430953339441655e-07
7517.0 3.4979482774659697e-07
7518.0 3.4528337685598084e-07
7519.0 3.4074525611333356e-07
7520.0 3.3624070779475584e-07
7521.0 3.3171071592880397e-07
7522.0 3.2721349122323716e-07
7523.0 3.239266182267937e-07
7524.0 3.207058686462858e-07
7525.0 3.175158494319471e-07
7526.0 3.143281107238759e-07
7527.0 3.1111532303052376e-07
7528.0 3.079324231771819e-07
7529.0 3.047518018808708e-07
7530.0 3.0154696782421357e-07
7531.0 2.983713237134052e-07
7532.0 2.951979531785676e-07
7533.0 2.93020364545793e-07
7534.0 2.9095074645174475e-07
7535.0 2.888572104526935e-07
7536.0 2.867906985620118e-07
7537.0 2.84725648299971e-07
7538.0 2.8263725282741676e-07
7539.0 2.8057530568029007e-07
7540.0 2.785148189186656e-07
7541.0 2.7643159111809714e-07
7542.0 2.743742952886708e-07
7543.0 2.727851115471451e-07
7544.0 2.712116677546831e-07
7545.0 2.696632812881148e-07
7546.0 2.6809241524128505e-07
7547.0 2.6654633361100997e-07
7548.0 2.6500133594461837e-07
7549.0 2.634342651751007e-07
7550.0 2.6189157022106274e-07
7551.0 2.6034996085646613e-07
7552.0 2.587866839788353e-07
7553.0 2.57506663928009e-07
7554.0 2.562496490821723e-07
7555.0 2.549710915839971e-07
7556.0 2.5371593514627793e-07
7557.0 2.524394826199975e-07
7558.0 2.5118618326755387e-07
7559.0 2.499337570160094e-07
7560.0 2.486603378457867e-07
7561.0 2.4740972357084167e-07
7562.0 2.4615998209547085e-07
7563.0 2.444021989544665e-07
7564.0 2.426240400223408e-07
7565.0 2.408471457384076e-07
7566.0 2.390504913207682e-07
7567.0 2.3727628140923762e-07
7568.0 2.3548262258122779e-07
7569.0 2.3371109531055777e-07
7570.0 2.3194083085708793e-07
7571.0 2.3015162178739207e-07
7572.0 2.2838407515519973e-07
7573.0 2.2682019583365823e-07
7574.0 2.252561614702751e-07
7575.0 2.2371317611344256e-07
7576.0 2.2217128716765847e-07
7577.0 2.206111079434563e-07
7578.0 2.1907154627405472e-07
7579.0 2.175139413458698e-07
7580.0 2.1597670561441344e-07
7581.0 2.1444056470816098e-07
7582.0 2.1288678509961413e-07
7583.0 2.1199029777421895e-07
7584.0 2.1115507412492467e-07
7585.0 2.1030191844021344e-07
7586.0 2.09467918807768e-07
7587.0 2.0861613353853886e-07
7588.0 2.0778335713891674e-07
7589.0 2.0695115544001267e-07
7590.0 2.0610138734837894e-07
7591.0 2.0527040976497611e-07
7592.0 2.0444000637966382e-07
7593.0 2.0405207158415577e-07
7594.0 2.0372773589940097e-07
7595.0 2.0340359808916325e-07
7596.0 2.0306180286128776e-07
7597.0 2.0273808911811038e-07
7598.0 2.0239675351440394e-07
7599.0 2.0207346360785178e-07
7600.0 2.017503712975061e-07
7601.0 2.0140974033080987e-07
7602.0 2.0108706951405465e-07
7603.0 1.9968517202538443e-07
7604.0 1.9815712590140613e-07
