mejiro/data/hst_filter_response/WFC3_UVIS-F625W.ecsv
# %ECSV 1.0
# ---
# datatype:
# - {name: wavelength, unit: Angstrom, datatype: float64}
# - {name: response, datatype: float64}
# meta:
#   __serialized_columns__:
#     wavelength:
#       __class__: astropy.units.quantity.Quantity
#       unit: !astropy.units.Unit {unit: Angstrom}
#       value: !astropy.table.SerializedColumn {name: wavelength}
#   band_name: F625W
#   group_name: WFC3_UVIS
# schema: astropy-2.0
wavelength response
[from data line 542]
2531.0 5.9036871919640376e-08
2532.0 5.9089665704970624e-08
2533.0 5.9147658846629394e-08
2534.0 5.9200176840553414e-08
2535.0 5.925790357327414e-08
2536.0 5.931014557630841e-08
2537.0 5.9367605649922745e-08
2538.0 5.941957146257809e-08
2539.0 5.947675822895848e-08
2540.0 5.9528447646179905e-08
2541.0 5.9338260220172115e-08
2542.0 5.837565618244558e-08
2543.0 5.7408996866248446e-08
2544.0 5.644873167385494e-08
2545.0 5.548458667449035e-08
2546.0 5.4526662802076886e-08
2547.0 5.356503412475586e-08
2548.0 5.2609454047379546e-08
2549.0 5.165034369744568e-08
2550.0 5.0697109890572895e-08
2551.0 5.025505077810899e-08
2552.0 5.149523151640363e-08
2553.0 5.272906395018112e-08
2554.0 5.3965942708461305e-08
2555.0 5.519625483540488e-08
2556.0 5.642983961664583e-08
2557.0 5.765662875649605e-08
2558.0 5.888691042321103e-08
2559.0 6.01101737628496e-08
2560.0 6.13371488459622e-08
2561.0 6.246092450030887e-08
2562.0 6.327163067473164e-08
2563.0 6.407547983394547e-08
2564.0 6.488395324387392e-08
2565.0 6.568542372409289e-08
2566.0 6.648566807121685e-08
2567.0 6.729075188307907e-08
2568.0 6.80886147773945e-08
2569.0 6.88914526213238e-08
2570.0 6.968693205429717e-08
2571.0 7.004329549976189e-08
2572.0 6.890602400455396e-08
2573.0 6.777641574173711e-08
2574.0 6.664215278232996e-08
2575.0 6.551534986695856e-08
2576.0 6.438409795157527e-08
2577.0 6.32601034530891e-08
2578.0 6.213186509020134e-08
2579.0 6.101068207863948e-08
2580.0 5.98854597769669e-08
2581.0 5.938600620858697e-08
2582.0 6.098095123421502e-08
2583.0 6.257914386178328e-08
2584.0 6.416946551525457e-08
2585.0 6.575740259312475e-08
2586.0 6.734902064124764e-08
2587.0 6.89323289172133e-08
2588.0 7.051960144995271e-08
2589.0 7.20982770463472e-08
2590.0 7.368119932565774e-08
2591.0 7.475092231461513e-08
2592.0 7.409029857053204e-08
2593.0 7.342382537329205e-08
2594.0 7.276478656124007e-08
2595.0 7.210001906543036e-08
2596.0 7.144256698326648e-08
2597.0 7.077950666886577e-08
2598.0 7.012363559063818e-08
2599.0 6.946228400877174e-08
2600.0 6.880801085239743e-08
2601.0 6.841869457198654e-08
2602.0 6.909176532046253e-08
2603.0 6.975683066955726e-08
2604.0 7.042004881484328e-08
2605.0 7.108781706340634e-08
2606.0 7.174739845162656e-08
2607.0 7.241164719352154e-08
2608.0 7.306758887710326e-08
2609.0 7.372831449882423e-08
2610.0 7.438061352986748e-08
2611.0 7.504675667807765e-08
2612.0 7.573548183190892e-08
2613.0 7.642913353740689e-08
2614.0 7.71140205633448e-08
2615.0 7.780394746020177e-08
2616.0 7.848499313865999e-08
2617.0 7.91712079896818e-08
2618.0 7.984840924716353e-08
2619.0 8.052365674432035e-08
2620.0 8.120425362272263e-08
2621.0 8.184184740298275e-08
2622.0 8.236334093497347e-08
2623.0 8.287590862004517e-08
2624.0 8.339441045422887e-08
2625.0 8.390389297144561e-08
2626.0 8.44193999953091e-08
2627.0 8.492579479516516e-08
2628.0 8.543830389551467e-08
2629.0 8.594160842818182e-08
2630.0 8.645110722752566e-08
2631.0 8.701853568364385e-08
2632.0 8.782106401547909e-08
2633.0 8.861353339858381e-08
2634.0 8.940376598099693e-08
2635.0 9.019986846266435e-08
2636.0 9.09856949545309e-08
2637.0 9.177753012974976e-08
2638.0 9.255894555814384e-08
2639.0 9.33465076468456e-08
2640.0 9.412350703578595e-08
2641.0 9.45692500161714e-08
2642.0 9.376174807975758e-08
2643.0 9.296427420416932e-08
2644.0 9.216005049266097e-08
2645.0 9.13657024475042e-08
2646.0 9.056476087757912e-08
2647.0 8.977356275145853e-08
2648.0 8.897590707028764e-08
2649.0 8.817993152613821e-08
2650.0 8.739348747427196e-08
2651.0 8.695796081147774e-08
2652.0 8.786502759039806e-08
2653.0 8.87617108342558e-08
2654.0 8.96638737936814e-08
2655.0 9.055548922823968e-08
2656.0 9.145274162963452e-08
2657.0 9.23392834393289e-08
2658.0 9.323161853965052e-08
2659.0 9.411308090528802e-08
2660.0 9.500048179005844e-08
2661.0 9.555934374759426e-08
2662.0 9.491218353496052e-08
2663.0 9.427478987437224e-08
2664.0 9.363017726664595e-08
2665.0 9.299521697718075e-08
2666.0 9.235315500437716e-08
2667.0 9.172063158535945e-08
2668.0 9.108112327941308e-08
2669.0 9.045104023254741e-08
2670.0 8.98140886273129e-08
2671.0 8.969783908977673e-08
2672.0 9.153799411024825e-08
2673.0 9.337303983625805e-08
2674.0 9.521151819190065e-08
2675.0 9.703650168348558e-08
2676.0 9.886522891564674e-08
2677.0 1.0068013824174532e-07
2678.0 1.0249912172664519e-07
2679.0 1.043039453380914e-07
2680.0 1.0611316110931035e-07
2681.0 1.0744616832590953e-07
2682.0 1.0698347525413084e-07
2683.0 1.0651196795340085e-07
2684.0 1.0605079945944392e-07
2685.0 1.0558090231979737e-07
2686.0 1.0511183203877105e-07
2687.0 1.046529756682564e-07
2688.0 1.0418551843506811e-07
2689.0 1.0372819224478032e-07
2690.0 1.032623500349328e-07
2691.0 1.030868698846186e-07
2692.0 1.0401165354028852e-07
2693.0 1.0494294989179349e-07
2694.0 1.0586204205569131e-07
2695.0 1.0678781961964087e-07
2696.0 1.077012137101356e-07
2697.0 1.0861171543927224e-07
2698.0 1.095291429823822e-07
2699.0 1.1043393686893022e-07
2700.0 1.1134581545897969e-07
2701.0 1.121208774544344e-07
2702.0 1.1184874225686056e-07
2703.0 1.1156661414997625e-07
2704.0 1.112945194044823e-07
2705.0 1.1101248244337847e-07
2706.0 1.1074042840219393e-07
2707.0 1.1045848281831509e-07
2708.0 1.1017659564134392e-07
2709.0 1.0990460402006811e-07
2710.0 1.0962280859267222e-07
2711.0 1.0951016190339682e-07
2712.0 1.1003847537553081e-07
2713.0 1.1057655621919255e-07
2714.0 1.1110463708775269e-07
2715.0 1.1164257970789735e-07
2716.0 1.1217042747608386e-07
2717.0 1.1270823132548546e-07
2718.0 1.1323584549613393e-07
2719.0 1.1376331905579862e-07
2720.0 1.1430089010270315e-07
2721.0 1.149378243423001e-07
2722.0 1.1604008776253753e-07
2723.0 1.1713177720902971e-07
2724.0 1.1823376368662042e-07
2725.0 1.1932499263568178e-07
2726.0 1.204267261835202e-07
2727.0 1.2151749373965337e-07
2728.0 1.226079813938681e-07
2729.0 1.2370926589163216e-07
2730.0 1.247992906585566e-07
2731.0 1.2574826428732562e-07
2732.0 1.260441722192645e-07
2733.0 1.263513067888547e-07
2734.0 1.2664707137364286e-07
2735.0 1.269541154052227e-07
2736.0 1.272497363485762e-07
2737.0 1.275452721331499e-07
2738.0 1.278521665247167e-07
2739.0 1.2814755823365793e-07
2740.0 1.2845434757937277e-07
2741.0 1.2883247965974596e-07
2742.0 1.2957667630704016e-07
2743.0 1.3030915043606891e-07
2744.0 1.3105315963610808e-07
2745.0 1.3178531486717382e-07
2746.0 1.32529135852779e-07
2747.0 1.3326097148724765e-07
2748.0 1.339926143289252e-07
2749.0 1.3473611882932686e-07
2750.0 1.3546744104275467e-07
2751.0 1.361542943477673e-07
2752.0 1.365829415011643e-07
2753.0 1.3702372731289602e-07
2754.0 1.374521758449495e-07
2755.0 1.3789282477461504e-07
2756.0 1.3832107421638297e-07
2757.0 1.3874920483009924e-07
2758.0 1.3918966512700808e-07
2759.0 1.3961759607124134e-07
2760.0 1.4005793303178257e-07
2761.0 1.4029584972349786e-07
2762.0 1.3970581339247407e-07
2763.0 1.3910336402402847e-07
2764.0 1.3851343296086845e-07
2765.0 1.3791119686923825e-07
2766.0 1.3730909453370233e-07
2767.0 1.3671934937355634e-07
2768.0 1.361174611031575e-07
2769.0 1.3552782265231226e-07
2770.0 1.3492614898106914e-07
2771.0 1.3467547618728514e-07
2772.0 1.3593655965826458e-07
2773.0 1.3720958397357686e-07
2774.0 1.384701338508497e-07
2775.0 1.3973036015874528e-07
2776.0 1.4100286438145278e-07
2777.0 1.4226255531284186e-07
2778.0 1.4353474871775804e-07
2779.0 1.447939030637163e-07
2780.0 1.4606578432543815e-07
2781.0 1.4722996263533453e-07
2782.0 1.479625419301255e-07
2783.0 1.487082126123365e-07
2784.0 1.4944046626567378e-07
2785.0 1.5018594179843455e-07
2786.0 1.5091786909145426e-07
2787.0 1.5166314868562715e-07
2788.0 1.5239474889892732e-07
2789.0 1.5313981546063033e-07
2790.0 1.538710877964148e-07
2791.0 1.5451825165846326e-07
2792.0 1.5478847712601635e-07
2793.0 1.550448212914241e-07
2794.0 1.553149572993296e-07
2795.0 1.555711660765583e-07
2796.0 1.5584121232246123e-07
2797.0 1.5609728543732713e-07
2798.0 1.5636724161862616e-07
2799.0 1.5662317879674282e-07
2800.0 1.5687903648043329e-07
2801.0 1.5714293706843277e-07
2802.0 1.569890529480366e-07
2803.0 1.568490224584997e-07
2804.0 1.5669482587864646e-07
2805.0 1.565544386010301e-07
2806.0 1.5639992929990364e-07
2807.0 1.562452704286349e-07
2808.0 1.5610439591615598e-07
2809.0 1.5594942390287994e-07
2810.0 1.5580820844327116e-07
2811.0 1.55956659284539e-07
2812.0 1.5758039427955866e-07
2813.0 1.591914093953319e-07
2814.0 1.6080362461477916e-07
2815.0 1.6243153523377603e-07
2816.0 1.6404629603880314e-07
2817.0 1.6567704150494545e-07
2818.0 1.6729435003467527e-07
2819.0 1.6892793291663593e-07
2820.0 1.705477913113998e-07
2821.0 1.7175586628601757e-07
2822.0 1.7085626496091283e-07
2823.0 1.6995594194402112e-07
2824.0 1.690699788536876e-07
2825.0 1.6816813121868982e-07
2826.0 1.672804819591462e-07
2827.0 1.663771084007875e-07
2828.0 1.6548777140854336e-07
2829.0 1.6458287062082527e-07
2830.0 1.6367724611433768e-07
2831.0 1.6315771122260052e-07
2832.0 1.6455969183357818e-07
2833.0 1.659772255051831e-07
2834.0 1.673808360634726e-07
2835.0 1.6880025030855227e-07
2836.0 1.7020549140902063e-07
2837.0 1.7161148532077143e-07
2838.0 1.7303364094067128e-07
2839.0 1.7444126607001818e-07
2840.0 1.7586532259233294e-07
2841.0 1.769748104658331e-07
2842.0 1.7658079206657462e-07
2843.0 1.7617074728319774e-07
2844.0 1.7576045326731445e-07
2845.0 1.753655409183217e-07
2846.0 1.7495471173340465e-07
2847.0 1.7455919087679212e-07
2848.0 1.7414782632009643e-07
2849.0 1.7375169666422994e-07
2850.0 1.733397965330376e-07
2851.0 1.7305757526634361e-07
2852.0 1.734610200546854e-07
2853.0 1.7384923323079777e-07
2854.0 1.7425314501290713e-07
2855.0 1.7464177453395478e-07
2856.0 1.7504619049550048e-07
2857.0 1.7543523655032365e-07
2858.0 1.7582447358809452e-07
2859.0 1.7622960117873575e-07
2860.0 1.7661925495463172e-07
2861.0 1.7680098386566546e-07
2862.0 1.7579071458050284e-07
2863.0 1.7479543656686057e-07
2864.0 1.7378392164011632e-07
2865.0 1.727718287925508e-07
2866.0 1.7177445653135766e-07
2867.0 1.7076111739959235e-07
2868.0 1.6976231812291025e-07
2869.0 1.6874773224430413e-07
2870.0 1.6774750528354362e-07
2871.0 1.6678529539294155e-07
2872.0 1.661096695495538e-07
2873.0 1.6544836573184265e-07
2874.0 1.647718964068179e-07
2875.0 1.641096460454829e-07
2876.0 1.6343233285334243e-07
2877.0 1.6276911786527832e-07
2878.0 1.6209096049229447e-07
2879.0 1.6141241111428033e-07
2880.0 1.6074777855671997e-07
2881.0 1.6024685110096432e-07
2882.0 1.6073319755083912e-07
2883.0 1.6120551664978074e-07
2884.0 1.6169246309918542e-07
2885.0 1.6216529820996003e-07
2886.0 1.6263837034369857e-07
2887.0 1.6312619623077256e-07
2888.0 1.635997846289019e-07
2889.0 1.6408819375856532e-07
2890.0 1.6456229855319831e-07
2891.0 1.6494512323823047e-07
2892.0 1.6483425914761454e-07
2893.0 1.6470862808549405e-07
2894.0 1.6459755104473548e-07
2895.0 1.644717293511742e-07
2896.0 1.6436043925374217e-07
2897.0 1.6423442685414463e-07
2898.0 1.641083246825193e-07
2899.0 1.6399672041328924e-07
2900.0 1.6387042743173892e-07
2901.0 1.637129514690022e-07
2902.0 1.6290084889252848e-07
2903.0 1.6210191295320067e-07
2904.0 1.6128723786604137e-07
2905.0 1.6047131236710276e-07
2906.0 1.5966831823310028e-07
2907.0 1.5884981866668137e-07
2908.0 1.5804412123002635e-07
2909.0 1.572230463399233e-07
2910.0 1.5640071990976856e-07
2911.0 1.5561881974506298e-07
2912.0 1.5498256614777868e-07
2913.0 1.5435903929992708e-07
2914.0 1.5372073614876739e-07
2915.0 1.5309504578562087e-07
2916.0 1.5245469214766857e-07
2917.0 1.5181334142316938e-07
2918.0 1.511844319242799e-07
2919.0 1.505410294023957e-07
2920.0 1.4990995325843212e-07
2921.0 1.4927422131656369e-07
2922.0 1.4869519644696935e-07
2923.0 1.4812841384840975e-07
2924.0 1.4754752425879166e-07
2925.0 1.46978788959688e-07
2926.0 1.4639603374553592e-07
2927.0 1.4582532882824165e-07
2928.0 1.4524070714644892e-07
2929.0 1.446551779286561e-07
2930.0 1.4408154245292055e-07
2931.0 1.4372701067252395e-07
2932.0 1.4478648886090373e-07
2933.0 1.4583447858606426e-07
2934.0 1.4688374993214853e-07
2935.0 1.4794744562658102e-07
2936.0 1.4899937418653595e-07
2937.0 1.5006591456460783e-07
2938.0 1.5112050149585678e-07
2939.0 1.521898720597302e-07
2940.0 1.5324711840767325e-07
2941.0 1.539875866382421e-07
2942.0 1.527900605082975e-07
2943.0 1.5157711956648168e-07
2944.0 1.5037579378077577e-07
2945.0 1.491592678312492e-07
2946.0 1.4794100287556633e-07
2947.0 1.467340276475354e-07
2948.0 1.4551217546312348e-07
2949.0 1.443013952304286e-07
2950.0 1.430759542338482e-07
2951.0 1.420756738599255e-07
2952.0 1.4250893823646853e-07
2953.0 1.4293002867945057e-07
2954.0 1.4336428584677544e-07
2955.0 1.4378629450670598e-07
2956.0 1.4422152974889006e-07
2957.0 1.4464445696655255e-07
2958.0 1.4506782484055588e-07
2959.0 1.4550454750197002e-07
2960.0 1.4592883451744964e-07
2961.0 1.4620496178809247e-07
2962.0 1.454350198135211e-07
2963.0 1.4466394923017983e-07
2964.0 1.4390451968272853e-07
2965.0 1.4313112279030168e-07
2966.0 1.4236922916615473e-07
2967.0 1.4159350494821873e-07
2968.0 1.4081665115156385e-07
2969.0 1.4005109327039227e-07
2970.0 1.3927191072401284e-07
2971.0 1.3850556963039456e-07
2972.0 1.3773764603940712e-07
2973.0 1.3696861135546964e-07
2974.0 1.362105481925875e-07
2975.0 1.3543922245654124e-07
2976.0 1.346787166666167e-07
2977.0 1.3390509897320088e-07
2978.0 1.3314217773300444e-07
2979.0 1.323662670137156e-07
2980.0 1.3158924386880864e-07
2981.0 1.3089925529048025e-07
2982.0 1.3070806823008678e-07
2983.0 1.3052810559243737e-07
2984.0 1.3033620113930619e-07
2985.0 1.3014394639617424e-07
2986.0 1.2996286475784903e-07
2987.0 1.2976989218213854e-07
2988.0 1.2958805833360883e-07
2989.0 1.2939436761142465e-07
2990.0 1.2920032630008838e-07
2991.0 1.2886129615584778e-07
2992.0 1.274437532700889e-07
2993.0 1.260354453065847e-07
2994.0 1.2461392831505767e-07
2995.0 1.2319048665787955e-07
2996.0 1.2177591378867912e-07
2997.0 1.2034849553715276e-07
2998.0 1.1892969219660769e-07
2999.0 1.1749829567803914e-07
3000.0 1.1606497291494452e-07
3001.0 1.1476767748557114e-07
3002.0 1.1487386525905661e-07
3003.0 1.149902390486742e-07
3004.0 1.1509642918417413e-07
3005.0 1.1520261579036623e-07
3006.0 1.153190166304009e-07
3007.0 1.154252055765156e-07
3008.0 1.1554162756660799e-07
3009.0 1.1564781883770417e-07
3010.0 1.1575400656175666e-07
3011.0 1.1569479864069764e-07
3012.0 1.1437125019812615e-07
3013.0 1.1305774574430279e-07
3014.0 1.1173413858033415e-07
3015.0 1.1041056074374754e-07
3016.0 1.0909667529247457e-07
3017.0 1.077730389970375e-07
3018.0 1.0645886069853033e-07
3019.0 1.0513516612106556e-07
3020.0 1.0381150108419007e-07
3021.0 1.0266321805873784e-07
3022.0 1.0272168808925458e-07
3023.0 1.0278925747756356e-07
3024.0 1.02847727537148e-07
3025.0 1.0290619501947984e-07
3026.0 1.0297377738553826e-07
3027.0 1.0303224488454489e-07
3028.0 1.0309982673728214e-07
3029.0 1.031582942383775e-07
3030.0 1.0321675915238594e-07
3031.0 1.032055494129951e-07
3032.0 1.0260005024731111e-07
3033.0 1.0200360172700592e-07
3034.0 1.0139809193747958e-07
3035.0 1.0079260365678308e-07
3036.0 1.0019600527248467e-07
3037.0 9.959050645571372e-08
3038.0 9.899379037952157e-08
3039.0 9.838828108647155e-08
3040.0 9.778279337127545e-08
3041.0 9.719683879145538e-08
3042.0 9.668663106422263e-08
3043.0 9.618495335912422e-08
3044.0 9.567473834908342e-08
3045.0 9.516454228920933e-08
3046.0 9.466273086595798e-08
3047.0 9.4152527650494e-08
3048.0 9.36506287951083e-08
3049.0 9.314041842031758e-08
3050.0 9.263022705324364e-08
3051.0 9.207096362832086e-08
3052.0 9.105353670460847e-08
3053.0 9.004411406426443e-08
3054.0 8.902667594283222e-08
3055.0 8.800927725729183e-08
3056.0 8.699961293975352e-08
3057.0 8.59822032030733e-08
3058.0 8.497234790944438e-08
3059.0 8.395492722169303e-08
3060.0 8.293754608444008e-08
3061.0 8.206488354334525e-08
3062.0 8.229309055904524e-08
3063.0 8.252858528101991e-08
3064.0 8.275679283872026e-08
3065.0 8.298499056976475e-08
3066.0 8.322052775626468e-08
3067.0 8.344872597189772e-08
3068.0 8.368431275452221e-08
3069.0 8.391251145596749e-08
3070.0 8.414070030483454e-08
3071.0 8.42079195798942e-08
3072.0 8.287576129261776e-08
