mejiro/data/hst_filter_response/WFC3_UVIS-F438W.ecsv
# %ECSV 1.0
# ---
# datatype:
# - {name: wavelength, unit: Angstrom, datatype: float64}
# - {name: response, datatype: float64}
# meta:
#   __serialized_columns__:
#     wavelength:
#       __class__: astropy.units.quantity.Quantity
#       unit: !astropy.units.Unit {unit: Angstrom}
#       value: !astropy.table.SerializedColumn {name: wavelength}
#   band_name: F438W
#   group_name: WFC3_UVIS
# schema: astropy-2.0
wavelength response
1989.0 0.0
1990.0 3.1024346885592625e-07
1991.0 3.092183239828847e-07
1992.0 3.1571369548527436e-07
1993.0 3.2227646764398924e-07
1994.0 3.288477034663581e-07
1995.0 3.3548781561634915e-07
1996.0 3.421353614241504e-07
1997.0 3.4885323835030487e-07
1998.0 3.5561048196320727e-07
1999.0 3.623736432520728e-07
2000.0 3.6920934737589477e-07
2001.0 3.717607238142188e-07
2002.0 3.679174497911934e-07
2003.0 3.640306437781046e-07
2004.0 3.601680930223623e-07
2005.0 3.5629571821074943e-07
2006.0 3.5238088502981526e-07
2007.0 3.4848917482705005e-07
2008.0 3.445557654563695e-07
2009.0 3.4064478444113386e-07
2010.0 3.366927891006266e-07
2011.0 3.338436210060122e-07
2012.0 3.3299812155681415e-07
2013.0 3.321191532421116e-07
2014.0 3.3126828164400305e-07
2015.0 3.303841022489581e-07
2016.0 3.2952785424946e-07
2017.0 3.2863846048555214e-07
2018.0 3.2777683186053363e-07
2019.0 3.269124338999706e-07
2020.0 3.2601517106657055e-07
2021.0 3.251050194464917e-07
2022.0 3.24089043687031e-07
2023.0 3.2310016566224296e-07
2024.0 3.220785078761438e-07
2025.0 3.2108375712758475e-07
2026.0 3.200860208722046e-07
2027.0 3.1905578619058984e-07
2028.0 3.180521704617972e-07
2029.0 3.170162452627502e-07
2030.0 3.1600674577258757e-07
2031.0 3.1495969069221777e-07
2032.0 3.1393198802234665e-07
2033.0 3.128723857398966e-07
2034.0 3.1183880928921764e-07
2035.0 3.1080222777415813e-07
2036.0 3.097340037901803e-07
2037.0 3.086915072788592e-07
2038.0 3.0761756427736417e-07
2039.0 3.065691486504634e-07
2040.0 3.0548948356754436e-07
2041.0 3.0424545494534543e-07
2042.0 3.0264067290907993e-07
2043.0 3.0100387280127636e-07
2044.0 2.9939080899989423e-07
2045.0 2.977460609796332e-07
2046.0 2.961247764179578e-07
2047.0 2.9447207663987053e-07
2048.0 2.9284253307759393e-07
2049.0 2.9120878140577087e-07
2050.0 2.8954407032270704e-07
2051.0 2.8785749100056787e-07
2052.0 2.8594308435834083e-07
2053.0 2.840496247030833e-07
2054.0 2.8212445636919594e-07
2055.0 2.802198716478362e-07
2056.0 2.782839261844651e-07
2057.0 2.7636816860307873e-07
2058.0 2.7444677404346594e-07
2059.0 2.7249454411632594e-07
2060.0 2.7056198064837714e-07
2061.0 2.6848638931098356e-07
2062.0 2.6621664306817436e-07
2063.0 2.6391605271632255e-07
2064.0 2.61633558384118e-07
2065.0 2.593445760166609e-07
2066.0 2.570253745375098e-07
2067.0 2.5472361463536765e-07
2068.0 2.5239205530415094e-07
2069.0 2.5007747116389485e-07
2070.0 2.4773353731255143e-07
2071.0 2.460939888423875e-07
2072.0 2.45774231231159e-07
2073.0 2.454758224133621e-07
2074.0 2.4517605071867034e-07
2075.0 2.4485232323242836e-07
2076.0 2.4454985183389027e-07
2077.0 2.442234822401184e-07
2078.0 2.439183063744154e-07
2079.0 2.435892903969902e-07
2080.0 2.4328140531051286e-07
2081.0 2.4440371126471363e-07
2082.0 2.4841812996243334e-07
2083.0 2.5244183321814866e-07
2084.0 2.5645123194779415e-07
2085.0 2.6049323678046676e-07
2086.0 2.6452018053902684e-07
2087.0 2.6858048335511644e-07
2088.0 2.7262499264893853e-07
2089.0 2.767036170841786e-07
2090.0 2.8076571233660534e-07
2091.0 2.823672158066502e-07
2092.0 2.7902383888697025e-07
2093.0 2.756462829531487e-07
2094.0 2.7228567217650857e-07
2095.0 2.688914946318498e-07
2096.0 2.6551359694724046e-07
2097.0 2.621027773269864e-07
2098.0 2.587076276321744e-07
2099.0 2.55303670324735e-07
2100.0 2.5186768981749916e-07
2101.0 2.500965661888443e-07
2102.0 2.505350238403842e-07
2103.0 2.509958776184891e-07
2104.0 2.5143291389748424e-07
2105.0 2.518924161491311e-07
2106.0 2.5232800966649816e-07
2107.0 2.5278613867991657e-07
2108.0 2.53220267947612e-07
2109.0 2.536769740595636e-07
2110.0 2.5413302215745513e-07
2111.0 2.536167146806848e-07
2112.0 2.512042597863681e-07
2113.0 2.487494020306544e-07
2114.0 2.4629811594841926e-07
2115.0 2.438047522961204e-07
2116.0 2.4131437406116236e-07
2117.0 2.387822501125591e-07
2118.0 2.3625251774495673e-07
2119.0 2.3370289139800632e-07
2120.0 2.3111202863177234e-07
2121.0 2.2893490703062152e-07
2122.0 2.2756919610703504e-07
2123.0 2.2621267371370736e-07
2124.0 2.2482353429261762e-07
2125.0 2.2344324979623887e-07
2126.0 2.22030525930401e-07
2127.0 2.206263187692199e-07
2128.0 2.1921002377844545e-07
2129.0 2.177615629056008e-07
2130.0 2.163211021446771e-07
2131.0 2.1612410561652542e-07
2132.0 2.18579229000003e-07
2133.0 2.2102671489031197e-07
2134.0 2.235070168782162e-07
2135.0 2.2597932649758281e-07
2136.0 2.2848500288778945e-07
2137.0 2.3098227929528215e-07
2138.0 2.3351345345024328e-07
2139.0 2.360575479958796e-07
2140.0 2.3859266000431556e-07
2141.0 2.402182851806234e-07
2142.0 2.398749905404766e-07
2143.0 2.395486408026985e-07
2144.0 2.391951360445548e-07
2145.0 2.3885847553100573e-07
2146.0 2.384946892828322e-07
2147.0 2.3814764459984565e-07
2148.0 2.3779533697069456e-07
2149.0 2.3741597667081495e-07
2150.0 2.370531998590419e-07
2151.0 2.3685611871352993e-07
2152.0 2.370908416541194e-07
2153.0 2.3730221320419732e-07
2154.0 2.3753382379384625e-07
2155.0 2.3774203024545052e-07
2156.0 2.3797050007642958e-07
2157.0 2.3817551355034e-07
2158.0 2.3840081409630445e-07
2159.0 2.386245285352117e-07
2160.0 2.388247092152488e-07
2161.0 2.3880389645032305e-07
2162.0 2.3825738206443165e-07
2163.0 2.377267213618707e-07
2164.0 2.3716817296368512e-07
2165.0 2.366253361364394e-07
2166.0 2.3605467464228898e-07
2167.0 2.354995802437072e-07
2168.0 2.349167262749356e-07
2169.0 2.3434929254885652e-07
2170.0 2.3377563107959338e-07
2171.0 2.3354253360772874e-07
2172.0 2.3412493643484842e-07
2173.0 2.3468650817544533e-07
2174.0 2.3527026402477258e-07
2175.0 2.358331110120249e-07
2176.0 2.3641827084423945e-07
2177.0 2.3698239244538627e-07
2178.0 2.3756893010288765e-07
2179.0 2.3813432560977287e-07
2180.0 2.3872224060175633e-07
2181.0 2.393638296682166e-07
2182.0 2.402021975429493e-07
2183.0 2.410427455310749e-07
2184.0 2.4186328493567915e-07
2185.0 2.427081305085993e-07
2186.0 2.435328247389542e-07
2187.0 2.443819575814767e-07
2188.0 2.452108222271836e-07
2189.0 2.460643121463165e-07
2190.0 2.4689736302139445e-07
2191.0 2.4561590649165135e-07
2192.0 2.3965378537429954e-07
2193.0 2.336774108819878e-07
2194.0 2.276432671550014e-07
2195.0 2.215935596716637e-07
2196.0 2.155067477952559e-07
2197.0 2.0936352419018954e-07
2198.0 2.0320274353047947e-07
2199.0 1.9698647286444626e-07
2200.0 1.9075127904451967e-07
2201.0 1.8876117328656964e-07
2202.0 1.961223262475667e-07
2203.0 2.035084137122132e-07
2204.0 2.109561943472693e-07
2205.0 2.1842779334584212e-07
2206.0 2.2596269380383175e-07
2207.0 2.3352028175256318e-07
2208.0 2.411427959083829e-07
2209.0 2.4880965294186223e-07
2210.0 2.5649747532530644e-07
2211.0 2.6179524541923116e-07
2212.0 2.6165371990308954e-07
2213.0 2.615320395607018e-07
2214.0 2.6138230952396467e-07
2215.0 2.612523987269268e-07
2216.0 2.610944099908651e-07
2217.0 2.609561843901325e-07
2218.0 2.6078988259484577e-07
2219.0 2.60643286211613e-07
2220.0 2.604686168001157e-07
2221.0 2.6013441965445056e-07
2222.0 2.5940932176073627e-07
2223.0 2.586529363595191e-07
2224.0 2.579126855698374e-07
2225.0 2.5714124113341916e-07
2226.0 2.5638574525950194e-07
2227.0 2.5559915218958046e-07
2228.0 2.5482829090793727e-07
2229.0 2.540264593824448e-07
2230.0 2.532401955555522e-07
2231.0 2.542454328924692e-07
2232.0 2.5971847674690166e-07
2233.0 2.651914565785046e-07
2234.0 2.707124606694127e-07
2235.0 2.762324705765269e-07
2236.0 2.818015871370494e-07
2237.0 2.8739507185101194e-07
2238.0 2.929861524117234e-07
2239.0 2.986279804941239e-07
2240.0 3.0426645316515857e-07
2241.0 3.068414620180131e-07
2242.0 3.022937504407133e-07
2243.0 2.9775014486738167e-07
2244.0 2.9315570933336306e-07
2245.0 2.8856446795668755e-07
2246.0 2.8392316610359045e-07
2247.0 2.792841379688297e-07
2248.0 2.7459582724527796e-07
2249.0 2.699088611841009e-07
2250.0 2.651733988496029e-07
2251.0 2.612015810451452e-07
2252.0 2.589679042091747e-07
2253.0 2.567458101242782e-07
2254.0 2.5451136268342847e-07
2255.0 2.522415328955306e-07
2256.0 2.499826112605092e-07
2257.0 2.4768865900901235e-07
2258.0 2.4540516001862545e-07
2259.0 2.4308701445378203e-07
2260.0 2.4077886282693245e-07
2261.0 2.385763773743411e-07
2262.0 2.3672797305548522e-07
2263.0 2.348479521116526e-07
2264.0 2.3297940467520648e-07
2265.0 2.3107955649021342e-07
2266.0 2.2919080669549318e-07
2267.0 2.2727107558628122e-07
2268.0 2.2536203956680159e-07
2269.0 2.2342236999095916e-07
2270.0 2.214930376494593e-07
2271.0 2.210171131761764e-07
2272.0 2.239859811095814e-07
2273.0 2.269864528401128e-07
2274.0 2.2997734140918236e-07
2275.0 2.330004081906853e-07
2276.0 2.3601337329878279e-07
2277.0 2.390590950517836e-07
2278.0 2.420941926698797e-07
2279.0 2.451626293920262e-07
2280.0 2.482199155587322e-07
2281.0 2.5019079303847595e-07
2282.0 2.4949016964839633e-07
2283.0 2.4880771905174164e-07
2284.0 2.480979314100921e-07
2285.0 2.4740617490120934e-07
2286.0 2.466871989350762e-07
2287.0 2.4598611076044343e-07
2288.0 2.452579223678174e-07
2289.0 2.445474767407121e-07
2290.0 2.4381005179047384e-07
2291.0 2.4365318775897996e-07
2292.0 2.4486527992404446e-07
2293.0 2.4605829229532086e-07
2294.0 2.4727703658528597e-07
2295.0 2.48476490343159e-07
2296.0 2.497018748397007e-07
2297.0 2.509077839461164e-07
2298.0 2.5213987809583136e-07
2299.0 2.533522567900203e-07
2300.0 2.5459104884142384e-07
2301.0 2.5568594254470484e-07
2302.0 2.5687417348641375e-07
2303.0 2.580415389784478e-07
2304.0 2.5923501802628546e-07
2305.0 2.6040742359110476e-07
2306.0 2.6160616158117897e-07
2307.0 2.627836171599672e-07
2308.0 2.6398762494040407e-07
2309.0 2.6517014048471557e-07
2310.0 2.6637939996070845e-07
2311.0 2.67871276376337e-07
2312.0 2.7015357122451964e-07
2313.0 2.724167509583057e-07
2314.0 2.7471029804869606e-07
2315.0 2.7700958360435985e-07
2316.0 2.7928915031328953e-07
2317.0 2.8159972329240846e-07
2318.0 2.838901723608316e-07
2319.0 2.862120559257916e-07
2320.0 2.8851340858063744e-07
2321.0 2.8993994169729945e-07
2322.0 2.891042208785078e-07
2323.0 2.8829178258330273e-07
2324.0 2.8745006047227476e-07
2325.0 2.8663149272363695e-07
2326.0 2.8578375712699563e-07
2327.0 2.8495901532624417e-07
2328.0 2.841052541291484e-07
2329.0 2.8327432507124954e-07
2330.0 2.824145261465959e-07
2331.0 2.823003949123195e-07
2332.0 2.8399011245102564e-07
2333.0 2.8570946406752954e-07
2334.0 2.8740655212642786e-07
2335.0 2.891335899953799e-07
2336.0 2.908380616358597e-07
2337.0 2.92572768380149e-07
2338.0 2.942846364899802e-07
2339.0 2.9602708984537473e-07
2340.0 2.97746367695445e-07
2341.0 2.9841709277966835e-07
2342.0 2.9633286718365604e-07
2343.0 2.942694689447402e-07
2344.0 2.921731118881876e-07
2345.0 2.900971894845834e-07
2346.0 2.88014899992269e-07
2347.0 2.8590020848265573e-07
2348.0 2.838053581926264e-07
2349.0 2.816784799786708e-07
2350.0 2.795710144712921e-07
2351.0 2.79406112877597e-07
2352.0 2.8434721758433954e-07
2353.0 2.892743080355758e-07
2354.0 2.9423960329262464e-07
2355.0 2.991900069114107e-07
2356.0 3.041795358845492e-07
2357.0 3.0915329169181036e-07
2358.0 3.141670975868466e-07
2359.0 3.1916424463719435e-07
2360.0 3.242023706999763e-07
2361.0 3.257302793299773e-07
2362.0 3.182359286528848e-07
2363.0 3.106930514121379e-07
2364.0 3.031588133726801e-07
2365.0 2.9557742345711856e-07
2366.0 2.880032948976047e-07
2367.0 2.8038332862586436e-07
2368.0 2.7276920607590956e-07
2369.0 2.6511060053263716e-07
2370.0 2.5745641414861293e-07
2371.0 2.5241989708020595e-07
2372.0 2.5438708163051173e-07
2373.0 2.563353421642953e-07
2374.0 2.5831112341577077e-07
2375.0 2.6026763259200745e-07
2376.0 2.6225202453801875e-07
2377.0 2.642167948871065e-07
2378.0 2.662098115326681e-07
2379.0 2.6818285559464274e-07
2380.0 2.701844816839475e-07
2381.0 2.7215396601516094e-07
2382.0 2.741301349316333e-07
2383.0 2.7608550454835677e-07
2384.0 2.780700878816621e-07
2385.0 2.800335223414471e-07
2386.0 2.82026533283011e-07
2387.0 2.8399804434793594e-07
2388.0 2.859994960995819e-07
2389.0 2.879790955402468e-07
2390.0 2.899890013141995e-07
2391.0 2.917038632178973e-07
2392.0 2.9272444286573486e-07
2393.0 2.937201709501603e-07
2394.0 2.947442952575933e-07
2395.0 2.957434211831374e-07
2396.0 2.9677115906993776e-07
2397.0 2.978007353273666e-07
2398.0 2.988050124140752e-07
2399.0 2.9983817840663397e-07
2400.0 3.00845865105428e-07
2401.0 3.0160798449915975e-07
2402.0 3.0265480327005346e-07
2403.0 3.0372880532417e-07
2404.0 3.047749277208677e-07
2405.0 3.058484221804664e-07
2406.0 3.0689384580873725e-07
2407.0 3.079667968109504e-07
2408.0 3.090115191615218e-07
2409.0 3.100839906985878e-07
2410.0 3.111280094863644e-07
2411.0 3.1141134236093414e-07
2412.0 3.0951008019538074e-07
2413.0 3.076373096349129e-07
2414.0 3.057370173068282e-07
2415.0 3.038648735576066e-07
2416.0 3.019655548909773e-07
2417.0 3.000940419865605e-07
2418.0 2.981957008084672e-07
2419.0 2.9632482278616444e-07
2420.0 2.9442746292678245e-07
2421.0 2.9351510675480756e-07
2422.0 2.9524002962455476e-07
2423.0 2.969912169245598e-07
2424.0 2.987149392508373e-07
2425.0 3.0046523687527305e-07
2426.0 3.021877549026814e-07
2427.0 3.039371588479029e-07
2428.0 3.056584688182569e-07
2429.0 3.07406975077197e-07
2430.0 3.091270732295261e-07
2431.0 3.1052891827826706e-07
2432.0 3.1105902259064627e-07
2433.0 3.116169483873249e-07
2434.0 3.1214623062496106e-07
2435.0 3.127033961888276e-07
2436.0 3.1323185559000933e-07
2437.0 3.1378832758763617e-07
2438.0 3.1431596350490786e-07
2439.0 3.14871707337676e-07
2440.0 3.1539851906632046e-07
2441.0 3.152539053502444e-07
2442.0 3.1309682791227947e-07
2443.0 3.1096927954337583e-07
2444.0 3.0881469550114186e-07
2445.0 3.066892510709935e-07
2446.0 3.045371626402363e-07
2447.0 3.0241382485240326e-07
2448.0 3.002642342490206e-07
2449.0 2.9814300580752785e-07
2450.0 2.9599591524756836e-07
2451.0 2.951600383374987e-07
2452.0 2.9799399946274224e-07
2453.0 3.008532110959635e-07
2454.0 3.036834176071629e-07
2455.0 3.065393858803798e-07
2456.0 3.093658346783155e-07
2457.0 3.122185557650097e-07
2458.0 3.1504124375036484e-07
2459.0 3.1786192242097214e-07
2460.0 3.2070963789685333e-07
2461.0 3.207348721771226e-07
2462.0 3.1266355845455445e-07
2463.0 3.0456864820842887e-07
2464.0 2.9650604175088395e-07
2465.0 2.8842130911347713e-07
2466.0 2.803673899644349e-07
2467.0 2.722928441321647e-07
2468.0 2.6424768397961506e-07
2469.0 2.561833324050329e-07
2470.0 2.4814691042302315e-07
2471.0 2.441624087705312e-07
2472.0 2.5218937705937717e-07
2473.0 2.601886380443036e-07
2474.0 2.68206570063368e-07
2475.0 2.7619534238224367e-07
2476.0 2.8420422771173844e-07
2477.0 2.9218250297455295e-07
2478.0 3.001823311935008e-07
2479.0 3.0815010101020713e-07
2480.0 3.161408275998874e-07
2481.0 3.20886410079649e-07
2482.0 3.1607532228186724e-07
2483.0 3.112384591358518e-07
2484.0 3.064325815222832e-07
2485.0 3.0160180630284645e-07
2486.0 2.9680114498147897e-07
2487.0 2.919764626158686e-07
2488.0 2.871810236954066e-07
2489.0 2.8236243911090885e-07
2490.0 2.7757222870077196e-07
2491.0 2.7432678252923664e-07
2492.0 2.7583757088453526e-07
2493.0 2.773224295185835e-07
2494.0 2.7883135514655375e-07
2495.0 2.803141115343164e-07
2496.0 2.818212323095282e-07
2497.0 2.8330188494258404e-07
2498.0 2.848071688981779e-07
2499.0 2.862857161080322e-07
2500.0 2.877891611705737e-07
2501.0 2.89624312745847e-07
2502.0 2.928822749389388e-07
2503.0 2.9610926728626443e-07
2504.0 2.993585314802042e-07
2505.0 3.025762390735404e-07
2506.0 3.0581679688480653e-07
2507.0 3.090252130719016e-07
2508.0 3.1225702248107667e-07
2509.0 3.154561402651549e-07
2510.0 3.186792598131567e-07
2511.0 3.1917471896562596e-07
2512.0 3.1131949368261445e-07
2513.0 3.0350227085686426e-07
2514.0 2.9566749806358706e-07
2515.0 2.8786931948393874e-07
2516.0 2.8005501441143837e-07
2517.0 2.722758991354445e-07
2518.0 2.644820770149667e-07
2519.0 2.567220441024406e-07
2520.0 2.4894872016542917e-07
2521.0 2.42992079157366e-07
2522.0 2.4261295930624695e-07
2523.0 2.4225595450459435e-07
2524.0 2.418773233702805e-07
2525.0 2.415207651853043e-07
2526.0 2.4114262315678616e-07
2527.0 2.407864859936903e-07
2528.0 2.4040883350080396e-07
2529.0 2.4005311788401707e-07
2530.0 2.3967595535662906e-07
2531.0 2.4084684212780893e-07
