mejiro/data/hst_filter_response/WFC3_UVIS-F775W.ecsv
# %ECSV 1.0
# ---
# datatype:
# - {name: wavelength, unit: Angstrom, datatype: float64}
# - {name: response, datatype: float64}
# meta:
#   __serialized_columns__:
#     wavelength:
#       __class__: astropy.units.quantity.Quantity
#       unit: !astropy.units.Unit {unit: Angstrom}
#       value: !astropy.table.SerializedColumn {name: wavelength}
#   band_name: F775W
#   group_name: WFC3_UVIS
# schema: astropy-2.0
wavelength response
[from data line 1638]
3627.0 7.861125866515925e-08
3628.0 8.03074875789589e-08
3629.0 8.199762610858952e-08
3630.0 8.368850010540636e-08
3631.0 8.53862557143423e-08
3632.0 8.52602830144995e-08
3633.0 8.506850381241886e-08
3634.0 8.487663976023335e-08
3635.0 8.469205148060501e-08
3636.0 8.450000102126898e-08
3637.0 8.430786568871348e-08
3638.0 8.412295600987429e-08
3639.0 8.393063420181862e-08
3640.0 8.373822749743777e-08
3641.0 8.355302255451058e-08
3642.0 8.454420929525101e-08
3643.0 8.558204957894628e-08
3644.0 8.662030780974556e-08
3645.0 8.766660117412399e-08
3646.0 8.870578566668034e-08
3647.0 8.97453882177071e-08
3648.0 9.079329700011938e-08
3649.0 9.183382614456479e-08
3650.0 9.287477345880346e-08
3651.0 9.391615328935759e-08
3652.0 9.369862657271874e-08
3653.0 9.341997110604905e-08
3654.0 9.314119476610877e-08
3655.0 9.287036474863416e-08
3656.0 9.259132240059744e-08
3657.0 9.231215914630672e-08
3658.0 9.20408694327829e-08
3659.0 9.17614400729339e-08
3660.0 9.148188977386003e-08
3661.0 9.120224893469375e-08
3662.0 8.961719783886962e-08
3663.0 8.796529589308979e-08
3664.0 8.631271244228344e-08
3665.0 8.466680012757961e-08
3666.0 8.301270989615643e-08
3667.0 8.135793797541671e-08
3668.0 7.970248432368071e-08
3669.0 7.805312664509055e-08
3670.0 7.639616552409046e-08
3671.0 7.473853387264126e-08
3672.0 7.648948680178514e-08
3673.0 7.839565572660697e-08
3674.0 8.030259685905117e-08
3675.0 8.221031024612723e-08
3676.0 8.412609105361602e-08
3677.0 8.603551466943844e-08
3678.0 8.794571074783597e-08
3679.0 8.986448068941765e-08
3680.0 9.177638781115042e-08
3681.0 9.368908186705902e-08
3682.0 9.454604060009557e-08
3683.0 9.535851223684798e-08
3684.0 9.616309697232905e-08
3685.0 9.69680025972102e-08
3686.0 9.778171632543203e-08
3687.0 9.858733371291114e-08
3688.0 9.939327207597846e-08
3689.0 1.0020822848852174e-07
3690.0 1.0101487887010907e-07
3691.0 1.0182183578840385e-07
3692.0 1.0121515537581109e-07
3693.0 1.0054205257680865e-07
3694.0 9.985988039278713e-08
3695.0 9.917742325166888e-08
3696.0 9.850322873005763e-08
3697.0 9.782014234749423e-08
3698.0 9.713677093051463e-08
3699.0 9.645311446159765e-08
3700.0 9.577747336526123e-08
3701.0 9.509320099489363e-08
3702.0 9.235451364757675e-08
3703.0 8.950753560823904e-08
3704.0 8.665137699586932e-08
3705.0 8.379405108545946e-08
3706.0 8.0935557805692e-08
3707.0 7.808267092768481e-08
3708.0 7.522159449068468e-08
3709.0 7.235935036918183e-08
3710.0 6.950196741652875e-08
3711.0 6.663712907515473e-08
3712.0 6.636315582113316e-08
3713.0 6.624188534187467e-08
3714.0 6.612629638391868e-08
3715.0 6.600490720364164e-08
3716.0 6.588346392752659e-08
3717.0 6.576196655216648e-08
3718.0 6.564610853583414e-08
3719.0 6.552449240404623e-08
3720.0 6.540282215810411e-08
3721.0 6.528675959904178e-08
3722.0 6.664576222479046e-08
3723.0 6.809667878272548e-08
3724.0 6.954817776932415e-08
3725.0 7.100640917186196e-08
3726.0 7.245919894879599e-08
3727.0 7.391257130993708e-08
3728.0 7.537306166711543e-08
3729.0 7.682772543132598e-08
3730.0 7.828297193528607e-08
3731.0 7.973881407747622e-08
3732.0 7.886023976088817e-08
3733.0 7.78227664541893e-08
3734.0 7.678486770431964e-08
3735.0 7.575311067626207e-08
3736.0 7.471427090315914e-08
3737.0 7.367500557224251e-08
3738.0 7.263531465760601e-08
3739.0 7.16014048663794e-08
3740.0 7.056077249989902e-08
3741.0 6.951968146794543e-08
3742.0 7.105092046612791e-08
3743.0 7.275003951326017e-08
3744.0 7.44498378961622e-08
3745.0 7.615031565512565e-08
3746.0 7.785822076262835e-08
3747.0 7.956020490464474e-08
3748.0 8.126286860243325e-08
3749.0 8.296621189624809e-08
3750.0 8.467756440579148e-08
3751.0 8.63824137631546e-08
3752.0 8.492923322668185e-08
3753.0 8.325972234510112e-08
3754.0 8.158217068385789e-08
3755.0 7.990393833847001e-08
3756.0 7.822502526837282e-08
3757.0 7.655206443735479e-08
3758.0 7.487164419286516e-08
3759.0 7.319054304303513e-08
3760.0 7.150876094733746e-08
3761.0 6.983233751678975e-08
3762.0 6.870736408486578e-08
3763.0 6.762306680635694e-08
3764.0 6.654409430320136e-08
3765.0 6.545882284002838e-08
3766.0 6.437311121688285e-08
3767.0 6.328695940770257e-08
3768.0 6.220575592592599e-08
3769.0 6.111862949478443e-08
3770.0 6.003106276131974e-08
3771.0 5.894814263131892e-08
3772.0 6.227924486920132e-08
3773.0 6.594975132447815e-08
3774.0 6.962172135381304e-08
3775.0 7.330150364491831e-08
3776.0 7.697671938588373e-08
3777.0 8.065339908276853e-08
3778.0 8.433154282055911e-08
3779.0 8.801876419594128e-08
3780.0 9.170015470603548e-08
3781.0 9.538299429268996e-08
3782.0 9.556432840328826e-08
3783.0 9.545789157433127e-08
3784.0 9.5351405403269e-08
3785.0 9.524486988706685e-08
3786.0 9.51465234707051e-08
3787.0 9.503988002119066e-08
3788.0 9.493318721316337e-08
3789.0 9.482644504359134e-08
3790.0 9.472785499608623e-08
3791.0 9.462096009284088e-08
3792.0 9.244995558920409e-08
3793.0 9.010727006443651e-08
3794.0 8.777124545034185e-08
3795.0 8.542648164423982e-08
3796.0 8.308078003168143e-08
3797.0 8.074112987259835e-08
3798.0 7.839334925277885e-08
3799.0 7.604463058537016e-08
3800.0 7.369497381708527e-08
3801.0 7.137847842165894e-08
3802.0 7.174282301674394e-08
3803.0 7.233797223691707e-08
3804.0 7.293377494782183e-08
3805.0 7.353658816966998e-08
3806.0 7.413374963869771e-08
3807.0 7.473156480918332e-08
3808.0 7.533655350900343e-08
3809.0 7.593572809033074e-08
3810.0 7.653555658384112e-08
3811.0 7.713598947870162e-08
3812.0 7.88743434733123e-08
3813.0 8.070843021774166e-08
3814.0 8.254461187491684e-08
3815.0 8.438288860693603e-08
3816.0 8.62307218641082e-08
3817.0 8.807334866899985e-08
3818.0 8.991807121616633e-08
3819.0 9.176488966758547e-08
3820.0 9.362190430963e-08
3821.0 9.547303013499138e-08
3822.0 9.448015311043733e-08
3823.0 9.323302974425296e-08
3824.0 9.197621064419329e-08
3825.0 9.071787007332133e-08
3826.0 8.94580079150009e-08
3827.0 8.820425412412714e-08
3828.0 8.694123918452801e-08
3829.0 8.567670217605189e-08
3830.0 8.441064298214962e-08
3831.0 8.315018663231692e-08
3832.0 8.148717681212508e-08
3833.0 7.978480558937066e-08
3834.0 7.808041489371685e-08
3835.0 7.638061070285177e-08
3836.0 7.467203283018163e-08
3837.0 7.29614348529831e-08
3838.0 7.124881661899452e-08
3839.0 6.954019196063403e-08
3840.0 6.782338428318783e-08
3841.0 6.610452391060041e-08
3842.0 6.883299654796679e-08
3843.0 7.199512909727554e-08
3844.0 7.516085033660512e-08
3845.0 7.833016053035099e-08
3846.0 8.151010789241991e-08
3847.0 8.468687147379324e-08
3848.0 8.786722511289962e-08
3849.0 9.105116907396312e-08
3850.0 9.424685217655833e-08
3851.0 9.743817632004002e-08
3852.0 9.582656576013488e-08
3853.0 9.372695668043728e-08
3854.0 9.163281386795168e-08
3855.0 8.952811146715354e-08
3856.0 8.742095290711877e-08
3857.0 8.531133801157031e-08
3858.0 8.320645079372816e-08
3859.0 8.109174011065906e-08
3860.0 7.897457235129336e-08
3861.0 7.685489880617844e-08
3862.0 7.722204597849898e-08
3863.0 7.7842116819226e-08
3864.0 7.846284311009006e-08
3865.0 7.908422489640688e-08
3866.0 7.971315181740205e-08
3867.0 8.033589855443e-08
3868.0 8.095930097947743e-08
3869.0 8.15904103734428e-08
3870.0 8.221517830429345e-08
3871.0 8.28405630947804e-08
3872.0 8.484910581503602e-08
3873.0 8.701625914635613e-08
3874.0 8.917846211625432e-08
3875.0 9.134304774705501e-08
3876.0 9.351001620129579e-08
3877.0 9.568763576344778e-08
3878.0 9.785955802226113e-08
3879.0 1.0003386379789408e-07
3880.0 1.0221055325277394e-07
3881.0 1.0439857974104168e-07
3882.0 1.0251866513875016e-07
3883.0 1.0018701035244044e-07
3884.0 9.785268240799676e-08
3885.0 9.552392384134719e-08
3886.0 9.318404713793856e-08
3887.0 9.084149650989877e-08
3888.0 8.849627177869297e-08
3889.0 8.615581533923766e-08
3890.0 8.380503879431208e-08
3891.0 8.145151071912663e-08
3892.0 8.057330876148346e-08
3893.0 7.986949363899125e-08
3894.0 7.91578795998406e-08
3895.0 7.84454269183127e-08
3896.0 7.773213554032761e-08
3897.0 7.70246580404838e-08
3898.0 7.630962735010411e-08
3899.0 7.55937577286336e-08
3900.0 7.487704912203043e-08
3901.0 7.416583617192709e-08
3902.0 7.56047535076788e-08
3903.0 7.729841184012594e-08
3904.0 7.899389680700251e-08
3905.0 8.069817722724433e-08
3906.0 8.239746254037489e-08
3907.0 8.409857498094463e-08
3908.0 8.580151466066034e-08
3909.0 8.751383831359351e-08
3910.0 8.922058017993742e-08
3911.0 9.09290360594409e-08
3912.0 9.251428426556368e-08
3913.0 9.409428731732106e-08
3914.0 9.566797219770393e-08
3915.0 9.724332740269854e-08
3916.0 9.882035302866328e-08
3917.0 1.0040770732276866e-07
3918.0 1.019882103663541e-07
3919.0 1.0357038426394017e-07
3920.0 1.0515422911181258e-07
3921.0 1.0674887486729939e-07
3922.0 1.0528636312401686e-07
3923.0 1.0344464145714044e-07
3924.0 1.0160085288911952e-07
3925.0 9.97636086933178e-08
3926.0 9.791552645348188e-08
3927.0 9.606537678721751e-08
3928.0 9.421315957895531e-08
3929.0 9.236684694077923e-08
3930.0 9.051033406537962e-08
3931.0 8.865168316006182e-08
3932.0 8.761281299188854e-08
3933.0 8.668478866868722e-08
3934.0 8.574814010351742e-08
3935.0 8.481042914380185e-08
3936.0 8.387165573233656e-08
3937.0 8.293897708001655e-08
3938.0 8.199799739109182e-08
3939.0 8.105595498717371e-08
3940.0 8.011284981110368e-08
3941.0 7.917542671888883e-08
3942.0 8.170542548968944e-08
3943.0 8.469207395668478e-08
3944.0 8.76818866088253e-08
3945.0 9.068267844568736e-08
3946.0 9.367907816952018e-08
3947.0 9.667864282922421e-08
3948.0 9.968137258406623e-08
3949.0 1.0269612752353928e-07
3950.0 1.057054475701786e-07
3951.0 1.0871779670684903e-07
3952.0 1.0882039838596495e-07
3953.0 1.085427964701619e-07
3954.0 1.0825543994176738e-07
3955.0 1.0796771707426267e-07
3956.0 1.0767962785002498e-07
3957.0 1.0740043643928648e-07
3958.0 1.0711158953326425e-07
3959.0 1.068223761860569e-07
3960.0 1.0653279638005671e-07
3961.0 1.0624273245927421e-07
3962.0 1.0632470861216845e-07
3963.0 1.0644738653209457e-07
3964.0 1.0657013637047457e-07
3965.0 1.0669295813008427e-07
3966.0 1.0682506478153014e-07
3967.0 1.0694804099782393e-07
3968.0 1.0707108914987456e-07
3969.0 1.0719420924045545e-07
3970.0 1.0732665670099383e-07
3971.0 1.0744977911884644e-07
3972.0 1.0561962722058621e-07
3973.0 1.0351265032943071e-07
3974.0 1.0141213588319095e-07
3975.0 9.930043350295086e-08
3976.0 9.718645898179363e-08
3977.0 9.507021222855706e-08
3978.0 9.295970825008561e-08
3979.0 9.083873388633692e-08
3980.0 8.87154868212125e-08
3981.0 8.658985816819377e-08
3982.0 8.601354660284591e-08
3983.0 8.565132268314698e-08
3984.0 8.528867503566507e-08
3985.0 8.492560364466691e-08
3986.0 8.456210849442389e-08
3987.0 8.420544861261981e-08
3988.0 8.384107448535898e-08
3989.0 8.347627651515547e-08
3990.0 8.311105468629684e-08
3991.0 8.27524250391989e-08
3992.0 8.712546780759452e-08
3993.0 9.220163672471915e-08
3994.0 9.728301613232758e-08
3995.0 1.0237843034793462e-07
3996.0 1.07470670151992e-07
3997.0 1.1256812140341706e-07
3998.0 1.1767078427135389e-07
3999.0 1.2278924139897566e-07
4000.0 1.2790276871165094e-07
4001.0 1.3297197809406836e-07
4002.0 1.336031087591551e-07
4003.0 1.335644606316144e-07
4004.0 1.3353729019127812e-07
4005.0 1.334986059525939e-07
4006.0 1.334599053212963e-07
4007.0 1.3342118829706378e-07
4008.0 1.333939493302357e-07
4009.0 1.3335519617984104e-07
4010.0 1.3331642663413475e-07
4011.0 1.3327745218744395e-07
4012.0 1.321610479397224e-07
4013.0 1.308649814304852e-07
4014.0 1.2956854233690632e-07
4015.0 1.2827173065482508e-07
4016.0 1.2698548673316992e-07
4017.0 1.2568781806180393e-07
4018.0 1.243897767573694e-07
4019.0 1.2309136281571858e-07
4020.0 1.2179257623270685e-07
4021.0 1.2050362765275255e-07
4022.0 1.2106029854972658e-07
4023.0 1.2190995911730072e-07
4024.0 1.2275985315260015e-07
4025.0 1.2362062927844188e-07
4026.0 1.2447106351032776e-07
4027.0 1.2532173123519126e-07
4028.0 1.261726324547415e-07
4029.0 1.2703470893643664e-07
4030.0 1.2788615048692565e-07
4031.0 1.287457474468634e-07
4032.0 1.2995232809252188e-07
4033.0 1.3121532165742494e-07
4034.0 1.3249021340722535e-07
4035.0 1.337543180044639e-07
4036.0 1.3501892390650976e-07
4037.0 1.3628403119067015e-07
4038.0 1.3756148635391325e-07
4039.0 1.3882770567759358e-07
4040.0 1.40094426658539e-07
4041.0 1.4136149591788833e-07
4042.0 1.407757741970466e-07
4043.0 1.3989607562707586e-07
4044.0 1.3900388832188137e-07
4045.0 1.38111335450659e-07
4046.0 1.372184169572503e-07
4047.0 1.3633687172283147e-07
4048.0 1.354431448644993e-07
4049.0 1.3454905218398837e-07
4050.0 1.3365459362512206e-07
4051.0 1.3277101126366458e-07
4052.0 1.3150828517818475e-07
4053.0 1.3018323175379427e-07
4054.0 1.2885764429533416e-07
4055.0 1.2753152272236904e-07
4056.0 1.262157325659061e-07
4057.0 1.248884282581425e-07
4058.0 1.235605895485336e-07
4059.0 1.2223221635661852e-07
4060.0 1.2091371687946763e-07
4061.0 1.195840101555137e-07
4062.0 1.20864126403587e-07
4063.0 1.225937053352106e-07
4064.0 1.2432395914687597e-07
4065.0 1.260657258355501e-07
4066.0 1.2779747858473295e-07
4067.0 1.2952990657029648e-07
4068.0 1.3126300989169033e-07
4069.0 1.3300823605497988e-07
4070.0 1.347428396357501e-07
4071.0 1.364779683199137e-07
4072.0 1.3696712896275138e-07
4073.0 1.3723744546607437e-07
4074.0 1.3751969461094097e-07
4075.0 1.3779023035604843e-07
4076.0 1.3806086411058184e-07
4077.0 1.3833159588853048e-07
4078.0 1.386143535500718e-07
4079.0 1.388853047323291e-07
4080.0 1.391563539884131e-07
4081.0 1.3942737098818555e-07
4082.0 1.3840064860198818e-07
4083.0 1.37152903842918e-07
4084.0 1.3589275117494823e-07
4085.0 1.3463209998294163e-07
4086.0 1.3337095019500569e-07
4087.0 1.321206688437728e-07
4088.0 1.3085841304912527e-07
4089.0 1.2959565839992806e-07
4090.0 1.283324048242667e-07
4091.0 1.2706853229980883e-07
4092.0 1.271283407965443e-07
4093.0 1.2741734236656643e-07
4094.0 1.2770644862204184e-07
4095.0 1.2799565957757648e-07
4096.0 1.282960113959192e-07
4097.0 1.28585456693759e-07
4098.0 1.2887500674449033e-07
4099.0 1.2916466156272334e-07
4100.0 1.2945442116306865e-07
4101.0 1.2975529112897544e-07
4102.0 1.3052574301788807e-07
4103.0 1.3138616127437225e-07
4104.0 1.3224690311377794e-07
4105.0 1.3311941767475353e-07
4106.0 1.3398088090599166e-07
4107.0 1.3484266788282024e-07
4108.0 1.357047786501894e-07
4109.0 1.3656721325305137e-07
4110.0 1.374417915643941e-07
4111.0 1.3830477377225724e-07
4112.0 1.3880458412798194e-07
4113.0 1.39235498511388e-07
4114.0 1.3966656967446065e-07
4115.0 1.4010984587979374e-07
4116.0 1.4054126776451182e-07
4117.0 1.4097284650612887e-07
4118.0 1.414045821258969e-07
4119.0 1.4184867136163514e-07
4120.0 1.4228075795400005e-07
4121.0 1.427128455408764e-07
4122.0 1.418887634894368e-07
4123.0 1.4082037529552773e-07
4124.0 1.3976359068346565e-07
4125.0 1.3869428486252577e-07
4126.0 1.3762456607635055e-07
4127.0 1.3655443426902543e-07
4128.0 1.3548388938463307e-07
4129.0 1.3442448773546807e-07
4130.0 1.3335302441631428e-07
4131.0 1.322810242839598e-07
4132.0 1.3198596721686996e-07
4133.0 1.3185579427292779e-07
4134.0 1.3171422762310045e-07
4135.0 1.3157260046552758e-07
4136.0 1.3143091279195077e-07
4137.0 1.3128916459411134e-07
4138.0 1.311586295314641e-07
4139.0 1.3101674806497857e-07
4140.0 1.3087480604424717e-07
4141.0 1.30732720456806e-07
4142.0 1.3067567043235822e-07
4143.0 1.306469428875386e-07
4144.0 1.3060696114367057e-07
4145.0 1.3056695735287394e-07
4146.0 1.3052693151203756e-07
4147.0 1.304980985822384e-07
4148.0 1.3045802518809444e-07
4149.0 1.3041792973268086e-07
4150.0 1.3037781221288565e-07
4151.0 1.303375704186014e-07
4152.0 1.3046734311455125e-07
4153.0 1.3061858588150993e-07
4154.0 1.3076987812255736e-07
4155.0 1.3092121984391384e-07
4156.0 1.3107261105179997e-07
4157.0 1.3123532813571598e-07
4158.0 1.3138683135322468e-07
4159.0 1.3153838408018103e-07
4160.0 1.3168998632280718e-07
4161.0 1.3184155686860203e-07
4162.0 1.315492454406284e-07
4163.0 1.3115032832550524e-07
4164.0 1.307512559522303e-07
4165.0 1.3035202830064082e-07
4166.0 1.2995264535057308e-07
4167.0 1.2956422469719105e-07
4168.0 1.2916449678991805e-07
4169.0 1.2876461351033875e-07
4170.0 1.2836457483828438e-07
4171.0 1.279752523733446e-07
4172.0 1.294207663923632e-07
4173.0 1.312592548409193e-07
