mejiro/data/hst_filter_response/WFC3_UVIS-F814W.ecsv
# %ECSV 1.0
# ---
# datatype:
# - {name: wavelength, unit: Angstrom, datatype: float64}
# - {name: response, datatype: float64}
# meta:
#   __serialized_columns__:
#     wavelength:
#       __class__: astropy.units.quantity.Quantity
#       unit: !astropy.units.Unit {unit: Angstrom}
#       value: !astropy.table.SerializedColumn {name: wavelength}
#   band_name: F814W
#   group_name: WFC3_UVIS
# schema: astropy-2.0
wavelength response
[from data line 2183]
4172.0 5.3777303806105685e-08
4173.0 5.465317698877028e-08
4174.0 5.5529370884938975e-08
4175.0 5.640588553511001e-08
4176.0 5.728764172427894e-08
4177.0 5.816487335411147e-08
4178.0 5.904242588701495e-08
4179.0 5.99202993634977e-08
4180.0 6.079849382406955e-08
4181.0 6.16822495247637e-08
4182.0 6.184313043257704e-08
4183.0 6.184832871161763e-08
4184.0 6.185352567299124e-08
4185.0 6.185872131644377e-08
4186.0 6.186922901066911e-08
4187.0 6.187442246353421e-08
4188.0 6.187961459760264e-08
4189.0 6.188480541262028e-08
4190.0 6.18899949083329e-08
4191.0 6.190045017159909e-08
4192.0 6.245212262487376e-08
4193.0 6.312452638732894e-08
4194.0 6.379717249608806e-08
4195.0 6.447006098082365e-08
4196.0 6.514878592975987e-08
4197.0 6.582221708023596e-08
4198.0 6.649589071653384e-08
4199.0 6.716980686833298e-08
4200.0 6.78439655653139e-08
4201.0 6.852418952074406e-08
4202.0 6.795730838649196e-08
4203.0 6.711097173305332e-08
4204.0 6.626432412615066e-08
4205.0 6.541736552804002e-08
4206.0 6.457563979432789e-08
4207.0 6.372798632853409e-08
4208.0 6.28800217315816e-08
4209.0 6.203174596571794e-08
4210.0 6.118315899318933e-08
4211.0 6.033939382983159e-08
4212.0 6.056045579396492e-08
4213.0 6.102628095919895e-08
4214.0 6.149227137797364e-08
4215.0 6.195842706993196e-08
4216.0 6.243010683146897e-08
4217.0 6.289663317367631e-08
4218.0 6.336332486219298e-08
4219.0 6.383018191666633e-08
4220.0 6.429720435674437e-08
4221.0 6.476992053872696e-08
4222.0 6.563766216112667e-08
4223.0 6.65987179713201e-08
4224.0 6.756011649443796e-08
4225.0 6.852185777092694e-08
4226.0 6.948990558201133e-08
4227.0 7.045241509077567e-08
4228.0 7.141526750368782e-08
4229.0 7.237846286120322e-08
4230.0 7.334200120377879e-08
4231.0 7.430936284711385e-08
4232.0 7.494941690993501e-08
4233.0 7.551358573446154e-08
4234.0 7.607791071661375e-08
4235.0 7.664239186063936e-08
4236.0 7.72136467426375e-08
4237.0 7.777848863275098e-08
4238.0 7.83434867108631e-08
4239.0 7.890864098121943e-08
4240.0 7.947395144806494e-08
4241.0 8.004622410720416e-08
4242.0 8.018336500188589e-08
4243.0 8.021749743348044e-08
4244.0 8.025163646608059e-08
4245.0 8.028578209982652e-08
4246.0 8.032682575335428e-08
4247.0 8.03609875206261e-08
4248.0 8.039515589002992e-08
4249.0 8.042933086170573e-08
4250.0 8.046351243579334e-08
4251.0 8.0497663087564e-08
4252.0 7.950519945867823e-08
4253.0 7.825309585991274e-08
4254.0 7.700064057518722e-08
4255.0 7.574783359600884e-08
4256.0 7.449467491388614e-08
4257.0 7.32474475050288e-08
4258.0 7.199347782913468e-08
4259.0 7.07391563946574e-08
4260.0 6.948448319311047e-08
4261.0 6.822941560008976e-08
4262.0 6.786968926234067e-08
4263.0 6.772543864788769e-08
4264.0 6.758114561842472e-08
4265.0 6.743681017298003e-08
4266.0 6.7292432310582e-08
4267.0 6.715377132646666e-08
4268.0 6.700929623665785e-08
4269.0 6.686477872334342e-08
4270.0 6.672021878555248e-08
4271.0 6.657558477238643e-08
4272.0 6.741234787242096e-08
4273.0 6.850315895683141e-08
4274.0 6.958848524711118e-08
4275.0 7.067410822195666e-08
4276.0 7.176002788760432e-08
4277.0 7.284624425028929e-08
4278.0 7.393908989682143e-08
4279.0 7.502599276106548e-08
4280.0 7.611319236645967e-08
4281.0 7.720064050807901e-08
4282.0 7.677755515499141e-08
4283.0 7.597220686559644e-08
4284.0 7.516004976353403e-08
4285.0 7.434766737480326e-08
4286.0 7.35350596950127e-08
4287.0 7.272222671977204e-08
4288.0 7.190916844469153e-08
4289.0 7.110198068056956e-08
4290.0 7.028840204177432e-08
4291.0 6.94745436800522e-08
4292.0 6.96343833787842e-08
4293.0 7.004857396324468e-08
4294.0 7.046891583148234e-08
4295.0 7.088336246933053e-08
4296.0 7.12979193817066e-08
4297.0 7.171258657048983e-08
4298.0 7.212736403755878e-08
4299.0 7.254847054617457e-08
4300.0 7.296350415159491e-08
4301.0 7.33786138580547e-08
4302.0 7.348821935753064e-08
4303.0 7.35168598610646e-08
4304.0 7.354550553224978e-08
4305.0 7.358046305299628e-08
4306.0 7.360912151602127e-08
4307.0 7.363778514732174e-08
4308.0 7.36664539469583e-08
4309.0 7.369512791499124e-08
4310.0 7.373012601954029e-08
4311.0 7.375877772848016e-08
4312.0 7.325097302874772e-08
4313.0 7.259833430967313e-08
4314.0 7.194551706288118e-08
4315.0 7.129252128574448e-08
4316.0 7.064539383568918e-08
4317.0 6.999198506176028e-08
4318.0 6.933839773432613e-08
4319.0 6.868463185076198e-08
4320.0 6.803068740844425e-08
4321.0 6.73823389806757e-08
4322.0 6.761745266626087e-08
4323.0 6.809604760246489e-08
4324.0 6.857476905916243e-08
4325.0 6.905361703817952e-08
4326.0 6.953259154134182e-08
4327.0 7.001769182613801e-08
4328.0 7.049696044775812e-08
4329.0 7.097635560983943e-08
4330.0 7.145587731420562e-08
4331.0 7.193550277330917e-08
4332.0 7.095566817545527e-08
4333.0 6.956126900053099e-08
4334.0 6.816649320274516e-08
4335.0 6.677134077692433e-08
4336.0 6.537581171789663e-08
4337.0 6.397990602049162e-08
4338.0 6.258898550998693e-08
4339.0 6.119220686204356e-08
4340.0 5.979505152795128e-08
4341.0 5.8397501003087185e-08
4342.0 5.8655028939926045e-08
4343.0 5.9380193970101446e-08
4344.0 6.011069993060416e-08
4345.0 6.083631081715475e-08
4346.0 6.156211357407087e-08
4347.0 6.228810820378426e-08
4348.0 6.301429470872587e-08
4349.0 6.374613311601127e-08
4350.0 6.447276561669195e-08
4351.0 6.519954992489372e-08
4352.0 6.501635924471087e-08
4353.0 6.457238216349304e-08
4354.0 6.412828484238186e-08
4355.0 6.368951548717653e-08
4356.0 6.324513966890517e-08
4357.0 6.28006435964257e-08
4358.0 6.235602726839636e-08
4359.0 6.191129068347586e-08
4360.0 6.146643384032345e-08
4361.0 6.102663461339728e-08
4362.0 6.02268720835992e-08
4363.0 5.9323594196300195e-08
4364.0 5.842007590409774e-08
4365.0 5.751631720487228e-08
4366.0 5.661716626106942e-08
4367.0 5.57128493041976e-08
4368.0 5.480829191336172e-08
4369.0 5.390349408644604e-08
4370.0 5.2998455821335865e-08
4371.0 5.209315285110805e-08
4372.0 5.215293644740367e-08
4373.0 5.249215520539826e-08
4374.0 5.283146128172816e-08
4375.0 5.3170854677024044e-08
4376.0 5.3510335391916095e-08
4377.0 5.3849903427034216e-08
4378.0 5.419419867265681e-08
4379.0 5.4533970440009457e-08
4380.0 5.4873829536952424e-08
4381.0 5.521376773451405e-08
4382.0 5.574113110903923e-08
4383.0 5.632474443849937e-08
4384.0 5.691338106343187e-08
4385.0 5.7497346421395754e-08
4386.0 5.808146281184256e-08
4387.0 5.866573023580197e-08
4388.0 5.925014869430307e-08
4389.0 5.983471818837435e-08
4390.0 6.042461114590263e-08
4391.0 6.100951289298056e-08
4392.0 6.076269405721978e-08
4393.0 6.02625053343082e-08
4394.0 5.97621840235784e-08
4395.0 5.926173012422405e-08
4396.0 5.8766167672002623e-08
4397.0 5.826540578185209e-08
4398.0 5.7764511289324684e-08
4399.0 5.7263484193616164e-08
4400.0 5.676232449392281e-08
4401.0 5.626584832080647e-08
4402.0 5.59729848865573e-08
4403.0 5.5744432227987446e-08
4404.0 5.551581811501362e-08
4405.0 5.528714254725483e-08
4406.0 5.5058405524330285e-08
4407.0 5.483429973002528e-08
4408.0 5.4605420208265423e-08
4409.0 5.437647922493913e-08
4410.0 5.4147476779666665e-08
4411.0 5.391841287206842e-08
4412.0 5.3930579651242085e-08
4413.0 5.401844197594072e-08
4414.0 5.411095576067202e-08
4415.0 5.419886775917885e-08
4416.0 5.428680083515432e-08
4417.0 5.43747549887084e-08
4418.0 5.446273021995115e-08
4419.0 5.455072652899237e-08
4420.0 5.464341946443614e-08
4421.0 5.4731439463485636e-08
4422.0 5.46902949087493e-08
4423.0 5.46080658497384e-08
4424.0 5.452581367229545e-08
4425.0 5.4443538376301235e-08
4426.0 5.436589136552309e-08
4427.0 5.4283562788251214e-08
4428.0 5.4201211090093324e-08
4429.0 5.4118836270930665e-08
4430.0 5.403643833064465e-08
4431.0 5.395605926616924e-08
4432.0 5.402799989119057e-08
4433.0 5.414307173364622e-08
4434.0 5.4258179620501016e-08
4435.0 5.4373323555174775e-08
4436.0 5.448850354108737e-08
4437.0 5.460371958165865e-08
4438.0 5.472364731279968e-08
4439.0 5.483894532410303e-08
4440.0 5.4954279403406525e-08
4441.0 5.506962390801347e-08
4442.0 5.4956848839716645e-08
4443.0 5.476934950304623e-08
4444.0 5.458645430292814e-08
4445.0 5.439880902934748e-08
4446.0 5.421109879756729e-08
4447.0 5.402332360135418e-08
4448.0 5.383548343447473e-08
4449.0 5.3647578290695477e-08
4450.0 5.346418085522547e-08
4451.0 5.3276121219711025e-08
4452.0 5.332463486888891e-08
4453.0 5.345164442494923e-08
4454.0 5.3578693825565523e-08
4455.0 5.370578307446146e-08
4456.0 5.38329121753607e-08
4457.0 5.396469623685319e-08
4458.0 5.409191593286246e-08
4459.0 5.421917549545564e-08
4460.0 5.434647492835689e-08
4461.0 5.447379749247849e-08
4462.0 5.420442823317612e-08
4463.0 5.3805921189945944e-08
4464.0 5.340264245669978e-08
4465.0 5.299922762754598e-08
4466.0 5.259567668965079e-08
4467.0 5.219198963018018e-08
4468.0 5.178816643630026e-08
4469.0 5.138860113872348e-08
4470.0 5.0984471081900975e-08
4471.0 5.058020436943359e-08
4472.0 5.1183254526920136e-08
4473.0 5.21302939155855e-08
4474.0 5.307764468636121e-08
4475.0 5.4025306868423845e-08
4476.0 5.497798104677429e-08
4477.0 5.592634722318755e-08
4478.0 5.687502492505348e-08
4479.0 5.782401418155176e-08
4480.0 5.877331502186212e-08
4481.0 5.972294638715777e-08
4482.0 6.001683140437697e-08
4483.0 6.007656327097461e-08
4484.0 6.013631226755875e-08
4485.0 6.019607839569244e-08
4486.0 6.025586165693881e-08
4487.0 6.031566205286089e-08
4488.0 6.037547958502181e-08
4489.0 6.044048096546636e-08
4490.0 6.050033789161991e-08
4491.0 6.056020237174009e-08
4492.0 6.026831005364818e-08
4493.0 5.985285231831368e-08
4494.0 5.9437254461871164e-08
4495.0 5.902656188241076e-08
4496.0 5.861064819297574e-08
4497.0 5.819459433071431e-08
4498.0 5.777840028237948e-08
4499.0 5.736206603472435e-08
4500.0 5.6945591574501874e-08
4501.0 5.6523196638721306e-08
4502.0 5.618000448144233e-08
4503.0 5.5858401342430336e-08
4504.0 5.553675732610716e-08
4505.0 5.521507243063693e-08
4506.0 5.489334665418369e-08
4507.0 5.457157999491155e-08
4508.0 5.4249772450984554e-08
4509.0 5.3932533221834273e-08
4510.0 5.3610616391319527e-08
4511.0 5.328863335634197e-08
4512.0 5.410020644024624e-08
4513.0 5.5320904952438513e-08
4514.0 5.6541755793659207e-08
4515.0 5.7767695511942164e-08
4516.0 5.8988955394013504e-08
4517.0 6.021036763810146e-08
4518.0 6.143193225086269e-08
4519.0 6.26536492389538e-08
4520.0 6.38755186090315e-08
4521.0 6.509753006123379e-08
4522.0 6.512549571464824e-08
4523.0 6.470952279046252e-08
4524.0 6.429349760721923e-08
4525.0 6.387742016264795e-08
4526.0 6.346129045447841e-08
4527.0 6.304510848044024e-08
4528.0 6.262887423826299e-08
4529.0 6.221790365127328e-08
4530.0 6.180152929079483e-08
4531.0 6.138510265089943e-08
4532.0 6.155451293368626e-08
4533.0 6.194121495250259e-08
4534.0 6.232796480790998e-08
4535.0 6.271476250197688e-08
4536.0 6.310699304044913e-08
4537.0 6.349391943498456e-08
4538.0 6.388089367846804e-08
4539.0 6.42679157729682e-08
4540.0 6.465498572055369e-08
4541.0 6.504210412903721e-08
4542.0 6.436626419476261e-08
4543.0 6.329664842123827e-08
4544.0 6.222139925777389e-08
4545.0 6.114601571174704e-08
4546.0 6.007049777732794e-08
4547.0 5.8994845448686944e-08
4548.0 5.791905871999425e-08
4549.0 5.684313758542008e-08
4550.0 5.577184599005638e-08
4551.0 5.4695554922880915e-08
4552.0 5.4759463495131865e-08
4553.0 5.525679489424823e-08
4554.0 5.575418776354173e-08
4555.0 5.625164210564853e-08
4556.0 5.67491579232048e-08
4557.0 5.7251625152686336e-08
4558.0 5.7749306436639e-08
4559.0 5.824704920920142e-08
4560.0 5.874485347301e-08
4561.0 5.9242710403029834e-08
4562.0 5.914326380377837e-08
4563.0 5.8813412732809215e-08
4564.0 5.8488515590068366e-08
4565.0 5.815855389060199e-08
4566.0 5.782855096074522e-08
4567.0 5.749850679873744e-08
4568.0 5.716842140281818e-08
4569.0 5.683829477122686e-08
4570.0 5.650812690220294e-08
4571.0 5.6182697821485177e-08
4572.0 5.697743822505116e-08
4573.0 5.821147235691778e-08
4574.0 5.9445658235941774e-08
4575.0 6.067999586846988e-08
4576.0 6.191448526084877e-08
4577.0 6.314912641942524e-08
4578.0 6.438941752345757e-08
4579.0 6.562446769364664e-08
4580.0 6.685966966203539e-08
4581.0 6.809503421588769e-08
4582.0 6.748197459729957e-08
4583.0 6.613667170611854e-08
4584.0 6.479120225270772e-08
4585.0 6.344556623003194e-08
4586.0 6.210505997160921e-08
4587.0 6.075897599480057e-08
4588.0 5.941272541341349e-08
4589.0 5.806630822041219e-08
4590.0 5.6719724408760934e-08
4591.0 5.537298273816332e-08
4592.0 5.517215858907728e-08
4593.0 5.543544500791835e-08
4594.0 5.569405239489739e-08
4595.0 5.595269146641168e-08
4596.0 5.621136222380559e-08
4597.0 5.6470064668423566e-08
4598.0 5.672879880161002e-08
4599.0 5.698756462470934e-08
4600.0 5.725124953668837e-08
4601.0 5.751009173606569e-08
4602.0 5.696363335597887e-08
4603.0 5.609042173442869e-08
4604.0 5.521710199576295e-08
4605.0 5.4343674135416655e-08
4606.0 5.347013814882486e-08
4607.0 5.2596494031422595e-08
4608.0 5.172715722122892e-08
4609.0 5.085322222920962e-08
4610.0 4.9979179083452916e-08
4611.0 4.910502000501785e-08
4612.0 4.856959109003302e-08
4613.0 4.8173516225023795e-08
4614.0 4.7777392329083276e-08
4615.0 4.7385263872444344e-08
4616.0 4.6989008086879316e-08
4617.0 4.659270326003745e-08
4618.0 4.619634938986539e-08
4619.0 4.5799946474309694e-08
4620.0 4.540349451131699e-08
4621.0 4.5006972541241055e-08
4622.0 4.5020209502211346e-08
4623.0 4.520792800401568e-08
4624.0 4.539182608826979e-08
4625.0 4.5575746363781026e-08
4626.0 4.5759688831449275e-08
4627.0 4.5943653492174565e-08
4628.0 4.612764034685685e-08
4629.0 4.631164939639604e-08
4630.0 4.649568064169218e-08
4631.0 4.668268705137817e-08
4632.0 4.6338637286704125e-08
4633.0 4.577199771387536e-08
4634.0 4.5205313890624655e-08
4635.0 4.463858581586578e-08
4636.0 4.407181348851248e-08
4637.0 4.350499690747862e-08
4638.0 4.293813607167805e-08
4639.0 4.237484256276909e-08
4640.0 4.1807844889300754e-08
4641.0 4.1240802954035034e-08
4642.0 4.1068466425279755e-08
4643.0 4.1064751198420016e-08
4644.0 4.106103558380615e-08
4645.0 4.105731958142746e-08
4646.0 4.1053603191273196e-08
4647.0 4.105338924585795e-08
4648.0 4.104967176293066e-08
4649.0 4.10459538921627e-08
4650.0 4.104223563354336e-08
4651.0 4.1038523102251446e-08
4652.0 4.1936177955405684e-08
4653.0 4.322346025178531e-08
4654.0 4.4514640896298094e-08
4655.0 4.580223407297952e-08
4656.0 4.708992777562799e-08
4657.0 4.8377722006740723e-08
4658.0 4.966561676881482e-08
4659.0 5.095361206434744e-08
4660.0 5.224170789583555e-08
4661.0 5.352991274087899e-08
4662.0 5.394147779919024e-08
4663.0 5.397347462518994e-08
4664.0 5.400087136911553e-08
4665.0 5.4028270131987115e-08
4666.0 5.4055670913854124e-08
4667.0 5.408307371476577e-08
4668.0 5.411047853477155e-08
4669.0 5.4137885373920634e-08
4670.0 5.41652942322625e-08
4671.0 5.41973201742024e-08
4672.0 5.420455384823797e-08
4673.0 5.420284531237171e-08
4674.0 5.420113651259872e-08
4675.0 5.4199427448910894e-08
4676.0 5.419771812130005e-08
4677.0 5.4196008529758096e-08
4678.0 5.41942986742769e-08
4679.0 5.4197211290931475e-08
4680.0 5.419550076164824e-08
4681.0 5.419378946365809e-08
4682.0 5.34409172615537e-08
4683.0 5.23504025177372e-08
4684.0 5.125980246889597e-08
4685.0 5.016911711291038e-08
4686.0 4.90783464476609e-08
4687.0 4.799158355069881e-08
4688.0 4.690054920902893e-08
4689.0 4.580942954446002e-08
4690.0 4.4718224554872526e-08
4691.0 4.362692082991185e-08
4692.0 4.328646992162836e-08
4693.0 4.328734097132273e-08
4694.0 4.328821198550882e-08
4695.0 4.328908296418461e-08
4696.0 4.3293641596442755e-08
4697.0 4.3294512578280505e-08
4698.0 4.3295383524598564e-08
4699.0 4.329625443539492e-08
4700.0 4.329712531066739e-08
4701.0 4.329798929517578e-08
4702.0 4.3458675876993314e-08
4703.0 4.36930191195609e-08
4704.0 4.393112647161787e-08
4705.0 4.416552565142056e-08
4706.0 4.439994280806022e-08
4707.0 4.463437794196139e-08
4708.0 4.486883105354856e-08
4709.0 4.51033021432462e-08
4710.0 4.5337791211478764e-08
4711.0 4.55722982586707e-08
4712.0 4.513301599585413e-08
4713.0 4.43834787910964e-08
4714.0 4.363003475280076e-08
4715.0 4.287653250324022e-08
4716.0 4.2122972041035514e-08
4717.0 4.136935336480714e-08
4718.0 4.061567647317595e-08
4719.0 3.98619413647625e-08
4720.0 3.910814803818773e-08
4721.0 3.8354308637299205e-08
