mejiro/data/hst_filter_response/WFC3_UVIS-F438W.ecsv
# %ECSV 1.0
# ---
# datatype:
# - {name: wavelength, unit: Angstrom, datatype: float64}
# - {name: response, datatype: float64}
# meta:
#   __serialized_columns__:
#     wavelength:
#       __class__: astropy.units.quantity.Quantity
#       unit: !astropy.units.Unit {unit: Angstrom}
#       value: !astropy.table.SerializedColumn {name: wavelength}
#   band_name: F438W
#   group_name: WFC3_UVIS
# schema: astropy-2.0
wavelength response
[from data line 8774]
10763.0 2.0930098957956515e-13
10764.0 2.085545163504048e-13
10765.0 2.0780816688099843e-13
10766.0 2.0706195439489288e-13
10767.0 2.0631585242750224e-13
10768.0 2.0556987424857513e-13
10769.0 2.048240329430422e-13
10770.0 2.040783023235459e-13
10771.0 2.0335451081372448e-13
10772.0 2.0260897999340897e-13
10773.0 2.018635727862288e-13
10774.0 2.011183020461158e-13
10775.0 2.0037314204788523e-13
10776.0 1.9962810569168481e-13
10777.0 1.988832056927876e-13
10778.0 1.981384166033218e-13
10779.0 1.9739375118478264e-13
10780.0 1.9664920944680335e-13
10781.0 1.9592587966057137e-13
10782.0 1.9518159808353942e-13
10783.0 1.9443742709444825e-13
10784.0 1.9369337922383403e-13
10785.0 1.9294945448149458e-13
10786.0 1.92205665166812e-13
10787.0 1.9146198666417962e-13
10788.0 1.90718431319215e-13
10789.0 1.8997501129258367e-13
10790.0 1.8923170224610782e-13
10791.0 1.884885703049138e-13
10792.0 1.8776571750213147e-13
10793.0 1.8702275351182244e-13
10794.0 1.862799242283161e-13
10795.0 1.8553720577599106e-13
10796.0 1.8479461013065673e-13
10797.0 1.8405214908311791e-13
10798.0 1.833097990352609e-13
10799.0 1.8256757182414544e-13
10800.0 1.8182546745968948e-13
10801.0 1.8126438379872164e-13
10802.0 1.807033831841254e-13
10803.0 1.8016183814716943e-13
10804.0 1.7960096873071536e-13
10805.0 1.7904019402042717e-13
10806.0 1.7847952545699214e-13
10807.0 1.7791894014436218e-13
10808.0 1.7735844955791087e-13
10809.0 1.7679806503425903e-13
10810.0 1.7623776388548876e-13
10811.0 1.7567763213160357e-13
10812.0 1.7511759465319324e-13
10813.0 1.745576626482518e-13
10814.0 1.7399781370651753e-13
10815.0 1.7345672144284784e-13
10816.0 1.7289700288066692e-13
10817.0 1.7233738967801998e-13
10818.0 1.7177785970219825e-13
10819.0 1.7121842404711474e-13
10820.0 1.7065908271957655e-13
10821.0 1.7009991474203362e-13
10822.0 1.695408297082881e-13
10823.0 1.6898183857358335e-13
10824.0 1.6842294134485389e-13
10825.0 1.6786414880383822e-13
10826.0 1.6732346125819038e-13
10827.0 1.667647875161e-13
10828.0 1.6620620770529387e-13
10829.0 1.6564773246868035e-13
10830.0 1.6508934050653688e-13
10831.0 1.6453108819926512e-13
10832.0 1.6397292953998264e-13
10833.0 1.634148750328411e-13
10834.0 1.628569036558932e-13
10835.0 1.6229902594800385e-13
10836.0 1.617412523091788e-13
10837.0 1.6118356192576011e-13
10838.0 1.6064328813743328e-13
10839.0 1.600857268786276e-13
10840.0 1.5952825932153894e-13
10841.0 1.5897098270131942e-13
10842.0 1.5841378893093342e-13
10843.0 1.5785668827167737e-13
10844.0 1.5729969084596362e-13
10845.0 1.5674277639583723e-13
10846.0 1.5618595507843442e-13
10847.0 1.5562922690095364e-13
10848.0 1.5507260184689958e-13
10849.0 1.5451605993612886e-13
10850.0 1.539762348682893e-13
10851.0 1.5341988491509618e-13
10852.0 1.5286362767039904e-13
10853.0 1.5230747294417756e-13
10854.0 1.5175140110373226e-13
10855.0 1.5119542199377586e-13
10856.0 1.5063954532008096e-13
10857.0 1.5008375165835942e-13
10858.0 1.4952805074912115e-13
10859.0 1.4897244259969897e-13
10860.0 1.4841693677690047e-13
10861.0 1.478615950445186e-13
10862.0 1.473063454843594e-13
10863.0 1.467670540151638e-13
10864.0 1.462119399409852e-13
10865.0 1.4565690860365664e-13
10866.0 1.4510196946593536e-13
10867.0 1.445471225353285e-13
10868.0 1.4399237710085512e-13
10869.0 1.4343771457224577e-13
10870.0 1.4288314427327066e-13
10871.0 1.4232874292239095e-13
10872.0 1.417744423592462e-13
10873.0 1.4122022427175578e-13
10874.0 1.4066609784485325e-13
10875.0 1.4011207212445358e-13
10876.0 1.3957323684183028e-13
10877.0 1.390193270801201e-13
10878.0 1.3846550900700976e-13
10879.0 1.3791178263017886e-13
10880.0 1.3735815682173327e-13
10881.0 1.3680467079460774e-13
10882.0 1.36251276024444e-13
10883.0 1.3569798127918592e-13
10884.0 1.3514476901161432e-13
10885.0 1.3459164802443979e-13
10886.0 1.3403861832547551e-13
10887.0 1.3348568854358372e-13
10888.0 1.3293284140970372e-13
10889.0 1.3239443500270807e-13
10890.0 1.3184171214263925e-13
10891.0 1.31289170643573e-13
10892.0 1.3073672816385571e-13
10893.0 1.3018436778239756e-13
10894.0 1.2963209798917762e-13
10895.0 1.2907992713506312e-13
10896.0 1.2852783850763263e-13
10897.0 1.279758404925344e-13
10898.0 1.2742393309780082e-13
10899.0 1.2687212453516133e-13
10900.0 1.263203983704659e-13
10901.0 1.257688152095994e-13
10902.0 1.252309129193797e-13
10903.0 1.2467945983621423e-13
10904.0 1.2412808885901241e-13
10905.0 1.2357680809527169e-13
10906.0 1.2302561755315793e-13
10907.0 1.2247452516619865e-13
10908.0 1.2192351505703816e-13
10909.0 1.213725951940019e-13
10910.0 1.2082176558525668e-13
10911.0 1.2027111550112283e-13
10912.0 1.1972054711832755e-13
10913.0 1.1917006826621168e-13
10914.0 1.1861968663490908e-13
10915.0 1.1806938683449316e-13
10916.0 1.1753194975648457e-13
10917.0 1.1698177066541954e-13
10918.0 1.1643168114398406e-13
10919.0 1.1588168870826467e-13
10920.0 1.153317783164239e-13
10921.0 1.1478203620211667e-13
10922.0 1.1423239033826236e-13
10923.0 1.1368282589212174e-13
10924.0 1.1313335031037333e-13
10925.0 1.1258396360161931e-13
10926.0 1.1203467303845312e-13
10927.0 1.1148546406667335e-13
10928.0 1.1093634399369436e-13
10929.0 1.1038731998763733e-13
10930.0 1.098383777032421e-13
10931.0 1.0930149604273702e-13
10932.0 1.0875274732843095e-13
10933.0 1.082040867985132e-13
10934.0 1.0765552144718444e-13
10935.0 1.0710703727767689e-13
10936.0 1.0655864131902218e-13
10937.0 1.0601033358004294e-13
10938.0 1.0546212091560003e-13
10939.0 1.0491398960760062e-13
10940.0 1.0436594654574408e-13
10941.0 1.0381806877799098e-13
10942.0 1.0327027175348328e-13
10943.0 1.0272256225761653e-13
10944.0 1.0217494029943012e-13
10945.0 1.0162741249010603e-13
10946.0 1.0109098551872104e-13
10947.0 1.0054356771390401e-13
10948.0 9.999623747972109e-14
10949.0 9.94490012879496e-14
10950.0 9.890184618730053e-14
10951.0 9.83548332377658e-14
10952.0 9.780790728644161e-14
10953.0 9.72610746658569e-14
10954.0 9.671432270374696e-14
10955.0 9.61676577674998e-14
10956.0 9.562107986633384e-14
10957.0 9.507459519332597e-14
10958.0 9.452819135511116e-14
10959.0 9.398187457963289e-14
10960.0 9.343565095535833e-14
10961.0 9.289972727725185e-14
10962.0 9.235368880669077e-14
10963.0 9.180773653045643e-14
10964.0 9.126187045803112e-14
10965.0 9.071609650377988e-14
10966.0 9.017040283254219e-14
10967.0 8.962479539356055e-14
10968.0 8.907927999655746e-14
10969.0 8.853384501565381e-14
10970.0 8.79884962954556e-14
10971.0 8.744330514542788e-14
10972.0 8.689820504415296e-14
10973.0 8.635318464509521e-14
10974.0 8.580824965358132e-14
10975.0 8.526340007935616e-14
10976.0 8.471864145329365e-14
10977.0 8.417396270798472e-14
10978.0 8.363851674608646e-14
10979.0 8.309395033971002e-14
10980.0 8.254947477741373e-14
10981.0 8.200514679262415e-14
10982.0 8.146090339099322e-14
10983.0 8.091674458252995e-14
10984.0 8.037267561915718e-14
10985.0 7.982868599214851e-14
10986.0 7.928478098833436e-14
10987.0 7.874096575490447e-14
10988.0 7.819722999259494e-14
10989.0 7.765357888350949e-14
10990.0 7.711001243765924e-14
10991.0 7.656502790707666e-14
10992.0 7.602014448753847e-14
10993.0 7.547536721521225e-14
10994.0 7.493069609383908e-14
10995.0 7.439428170542777e-14
10996.0 7.38497689490969e-14
10997.0 7.330535749637737e-14
10998.0 7.276105220832767e-14
10999.0 7.221685780590523e-14
11000.0 0.0
