mejiro/data/hst_filter_response/WFC3_UVIS-F606W.ecsv
# %ECSV 1.0
# ---
# datatype:
# - {name: wavelength, unit: Angstrom, datatype: float64}
# - {name: response, datatype: float64}
# meta:
#   __serialized_columns__:
#     wavelength:
#       __class__: astropy.units.quantity.Quantity
#       unit: !astropy.units.Unit {unit: Angstrom}
#       value: !astropy.table.SerializedColumn {name: wavelength}
#   band_name: F606W
#   group_name: WFC3_UVIS
# schema: astropy-2.0
wavelength response
1999.0 0.0
2000.0 1.6874265035979727e-08
2001.0 4.766305097624777e-08
2002.0 4.671419247832731e-08
2003.0 4.575877825214398e-08
2004.0 4.480537209200574e-08
2005.0 4.384964656481268e-08
2006.0 4.2887629379148554e-08
2007.0 4.1927347003661495e-08
2008.0 4.0960954823457635e-08
2009.0 3.9996122084564383e-08
2010.0 3.902535273383828e-08
2011.0 3.8055854876511295e-08
2012.0 3.7084037502913827e-08
2013.0 3.6106557508659016e-08
2014.0 3.513018909266691e-08
2015.0 3.414833802438164e-08
2016.0 3.3167415794490175e-08
2017.0 3.218119168573529e-08
2018.0 3.1195712895583385e-08
2019.0 3.0207905637026614e-08
2020.0 2.9215072511712734e-08
2021.0 2.8267099834507195e-08
2022.0 2.7397774125647192e-08
2023.0 2.652903447065211e-08
2024.0 2.5655891258941135e-08
2025.0 2.478317173685308e-08
2026.0 2.3908420858415323e-08
2027.0 2.3029507728817863e-08
2028.0 2.2150773380129565e-08
2029.0 2.1268038586903595e-08
2030.0 2.038531850896587e-08
2031.0 1.9498648648086433e-08
2032.0 1.861183705943659e-08
2033.0 1.772136328984578e-08
2034.0 1.683058441304034e-08
2035.0 1.5937778661905e-08
2036.0 1.5041554676756137e-08
2037.0 1.4144776082009512e-08
2038.0 1.3244744249542052e-08
2039.0 1.234399068319765e-08
2040.0 1.1440149575468366e-08
2041.0 1.1097030772857666e-08
2042.0 1.182197257013104e-08
2043.0 1.2547327373370503e-08
2044.0 1.3275346302015786e-08
2045.0 1.4003646033284245e-08
2046.0 1.473474644242497e-08
2047.0 1.546599214591456e-08
2048.0 1.6200174140791893e-08
2049.0 1.693593139828918e-08
2050.0 1.767163181323595e-08
2051.0 1.8414168267067492e-08
2052.0 1.915680926490743e-08
2053.0 1.990302682215786e-08
2054.0 2.0649214035876875e-08
2055.0 2.1399117971946924e-08
2056.0 2.2148856026720706e-08
2057.0 2.2902449081216996e-08
2058.0 2.365792714533518e-08
2059.0 2.4413034881005708e-08
2060.0 2.5172212608077227e-08
2061.0 2.5930657909288607e-08
2062.0 2.6693302732945745e-08
2063.0 2.74552894312094e-08
2064.0 2.8221618602458454e-08
2065.0 2.898982720685358e-08
2066.0 2.9757169835858218e-08
2067.0 3.052907063248988e-08
2068.0 3.129996602123527e-08
2069.0 3.207556058550557e-08
2070.0 3.2850013101789545e-08
2071.0 3.362895971583067e-08
2072.0 3.440660431131323e-08
2073.0 3.518922667799801e-08
2074.0 3.597372482973517e-08
2075.0 3.675670876562246e-08
2076.0 3.754489028897216e-08
2077.0 3.833141526919481e-08
2078.0 3.9123285117568266e-08
2079.0 3.9913355447331386e-08
2080.0 4.070891855847766e-08
2081.0 4.061408571018952e-08
2082.0 3.8774789244277026e-08
2083.0 3.6930851765024174e-08
2084.0 3.507904294707927e-08
2085.0 3.322599641882915e-08
2086.0 3.1365410393623816e-08
2087.0 2.9503238062356944e-08
2088.0 2.7633863945868756e-08
2089.0 2.57625533587689e-08
2090.0 2.3884380307439786e-08
2091.0 2.2003645691284366e-08
2092.0 2.0118291337154032e-08
2093.0 1.8226633670824922e-08
2094.0 1.6332204350469698e-08
2095.0 1.4431815216707386e-08
2096.0 1.252829748301162e-08
2097.0 1.0619166618568553e-08
2098.0 8.706551402630955e-09
2099.0 6.789293781393319e-09
2100.0 4.866941891142725e-09
2101.0 4.127396130448661e-09
2102.0 5.752168248257653e-09
2103.0 7.388097106907015e-09
2104.0 9.03400569584481e-09
2105.0 1.0691441674886047e-08
2106.0 1.2358621605887405e-08
2107.0 1.4037703722106079e-08
2108.0 1.5726290375768175e-08
2109.0 1.7427156267313303e-08
2110.0 1.9139047983168733e-08
2111.0 2.085977286667256e-08
2112.0 2.259330535249925e-08
2113.0 2.4335677624641912e-08
2114.0 2.6091246187989047e-08
2115.0 2.7855401545131667e-08
2116.0 2.9633146118072245e-08
2117.0 3.1419220764301865e-08
2118.0 3.321928181159375e-08
2119.0 3.503063716759124e-08
2120.0 3.6849930980343764e-08
2121.0 3.816767298782781e-08
2122.0 3.843671881074614e-08
2123.0 3.8710506683002155e-08
2124.0 3.8981939158482195e-08
2125.0 3.925817020878665e-08
2126.0 3.953200247176541e-08
2127.0 3.981069029530541e-08
2128.0 4.0090624328931194e-08
2129.0 4.0368093767736086e-08
2130.0 4.0650505169226286e-08
2131.0 4.0929703664165957e-08
2132.0 4.121389344214416e-08
2133.0 4.1495520669817755e-08
2134.0 4.178219299193225e-08
2135.0 4.206626208421175e-08
2136.0 4.235543971147386e-08
2137.0 4.264196390822614e-08
2138.0 4.293365596957234e-08
2139.0 4.322662368189146e-08
2140.0 4.351686874861743e-08
2141.0 4.381128331096223e-08
2142.0 4.410234270500168e-08
2143.0 4.439870502070569e-08
2144.0 4.469223603505498e-08
2145.0 4.499113051909761e-08
2146.0 4.528714630729683e-08
2147.0 4.558858658782306e-08
2148.0 4.589131358508928e-08
2149.0 4.619109504120005e-08
2150.0 4.6496393475729005e-08
2151.0 4.6797772125014195e-08
2152.0 4.710471904666655e-08
2153.0 4.740860732891095e-08
2154.0 4.771812630476886e-08
2155.0 4.802453736201057e-08
2156.0 4.8336642015059825e-08
2157.0 4.864558903421866e-08
2158.0 4.8960293034717016e-08
2159.0 4.927631615965627e-08
2160.0 4.958910631328477e-08
2161.0 4.967877612454907e-08
2162.0 4.928089464029649e-08
2163.0 4.8884592055335583e-08
2164.0 4.848084233391542e-08
2165.0 4.807857928934307e-08
2166.0 4.766892519311665e-08
2167.0 4.726066440775506e-08
2168.0 4.684506966739925e-08
2169.0 4.6430773721767274e-08
2170.0 4.6013426764814013e-08
2171.0 4.558784094240735e-08
2172.0 4.516342943376564e-08
2173.0 4.4731851077870236e-08
2174.0 4.430134491712436e-08
2175.0 4.386373799228359e-08
2176.0 4.342710967447524e-08
2177.0 4.2983437920367894e-08
2178.0 4.25406451665233e-08
2179.0 4.2090872239990125e-08
2180.0 4.1641877529303e-08
2181.0 4.0859108996366136e-08
2182.0 3.9371336900996943e-08
2183.0 3.7874408165880494e-08
2184.0 3.6364958745568454e-08
2185.0 3.484977423295413e-08
2186.0 3.332229466103661e-08
2187.0 3.178874475299164e-08
2188.0 3.0243132159448616e-08
2189.0 2.8691117457079442e-08
2190.0 2.7127268274846665e-08
2191.0 2.5556069500628794e-08
2192.0 2.3973347227172424e-08
2193.0 2.238361819902223e-08
2194.0 2.0782604986681672e-08
2195.0 1.9174240216881278e-08
2196.0 1.755644364616623e-08
2197.0 1.5927727359308065e-08
2198.0 1.4291135277407036e-08
2199.0 1.2643870705400883e-08
2200.0 1.0988375489017175e-08
2201.0 9.81939121462589e-09
2202.0 9.732134468821459e-09
2203.0 9.643314267985649e-09
2204.0 9.554704804075203e-09
2205.0 9.464544213335797e-09
2206.0 9.374573866236512e-09
2207.0 9.283064950805295e-09
2208.0 9.19172552611088e-09
2209.0 9.099694225030941e-09
2210.0 9.00614359716562e-09
2211.0 8.912494097772081e-09
2212.0 8.817343682281534e-09
2213.0 8.72231399973199e-09
2214.0 8.62579787615583e-09
2215.0 8.52938181910257e-09
2216.0 8.431492105091483e-09
2217.0 8.33368057489747e-09
2218.0 8.23440937123798e-09
2219.0 8.135194203572847e-09
2220.0 8.034533583733405e-09
2221.0 7.9117092089412e-09
2222.0 7.73872304813427e-09
2223.0 7.5639048732703e-09
2224.0 7.388652941517938e-09
2225.0 7.2115948409879e-09
2226.0 7.034064370112426e-09
2227.0 6.854753962155663e-09
2228.0 6.674931411580394e-09
2229.0 6.493356292406777e-09
2230.0 6.311230282628594e-09
2231.0 6.123990277757803e-09
2232.0 5.93636604893394e-09
2233.0 5.747252064332424e-09
2234.0 5.5577162805625516e-09
2235.0 5.3667224099016615e-09
2236.0 5.175268819895909e-09
2237.0 4.982845153237955e-09
2238.0 4.7890114923220205e-09
2239.0 4.594660539849228e-09
2240.0 4.398932106225623e-09
2241.0 4.564300485853146e-09
2242.0 5.5574563240611666e-09
2243.0 6.555680454999391e-09
2244.0 7.557871337787914e-09
2245.0 8.565327365469889e-09
2246.0 9.576580244686603e-09
2247.0 1.0593296779957205e-08
2248.0 1.161363864298419e-08
2249.0 1.2639644336869127e-08
2250.0 1.3669102206641747e-08
2251.0 1.4703978652920007e-08
2252.0 1.5742069683229575e-08
2253.0 1.6786166612209072e-08
2254.0 1.7834929970947754e-08
2255.0 1.8886643797411588e-08
2256.0 1.9944670913353657e-08
2257.0 2.100546720735461e-08
2258.0 2.2072783655912644e-08
2259.0 2.314268819579603e-08
2260.0 2.4219321419548256e-08
2261.0 2.529758871457234e-08
2262.0 2.6382729212188303e-08
2263.0 2.7470024913780803e-08
2264.0 2.856440481478391e-08
2265.0 2.9660753381728534e-08
2266.0 3.0764398796875426e-08
2267.0 3.1869824718592296e-08
2268.0 3.2982758201088534e-08
2269.0 3.409728587625904e-08
2270.0 3.5219540669386176e-08
2271.0 3.63454606756225e-08
2272.0 3.747261904577495e-08
2273.0 3.8607766339682614e-08
2274.0 3.974395765398475e-08
2275.0 4.088835711623392e-08
2276.0 4.203360463788095e-08
2277.0 4.318728118137178e-08
2278.0 4.4341608201843916e-08
2279.0 4.5504586771724714e-08
2280.0 4.666801661080119e-08
2281.0 4.691385277149722e-08
2282.0 4.4950112202848805e-08
2283.0 4.298196822942981e-08
2284.0 4.100138051240446e-08
2285.0 3.901600666376746e-08
2286.0 3.70185297573534e-08
2287.0 3.5015880916404445e-08
2288.0 3.3001472729704826e-08
2289.0 3.098150372232427e-08
2290.0 2.895012211453316e-08
2291.0 2.6912115551275178e-08
2292.0 2.4865418332291137e-08
2293.0 2.2807937201116808e-08
2294.0 2.0744012670004508e-08
2295.0 1.8669659801687116e-08
2296.0 1.6588463079328167e-08
2297.0 1.4497198648821528e-08
2298.0 1.2398690444621009e-08
2299.0 1.0290474127810215e-08
2300.0 8.174609230650946e-09
2301.0 6.671092923637112e-09
2302.0 6.685854776704774e-09
2303.0 6.700027620496023e-09
2304.0 6.7148326819955244e-09
2305.0 6.729046182552353e-09
2306.0 6.743894528364193e-09
2307.0 6.75814875441848e-09
2308.0 6.7730404605006296e-09
2309.0 6.787335480850489e-09
2310.0 6.802269883844045e-09
2311.0 6.816451273010804e-09
2312.0 6.831274815628336e-09
2313.0 6.845495942463754e-09
2314.0 6.860361848770134e-09
2315.0 6.87524961402001e-09
2316.0 6.889531119895151e-09
2317.0 6.904461358376986e-09
2318.0 6.9187827657603765e-09
2319.0 6.933755549422125e-09
2320.0 6.948116923254099e-09
2321.0 6.962984172975943e-09
2322.0 6.977236866076929e-09
2323.0 6.992144881847866e-09
2324.0 7.0064365313359485e-09
2325.0 7.02138689867388e-09
2326.0 7.035717567235605e-09
2327.0 7.0507095961822346e-09
2328.0 7.065079345010606e-09
2329.0 7.080113103670573e-09
2330.0 7.094521994013452e-09
2331.0 7.109459728980906e-09
2332.0 7.1237694826359585e-09
2333.0 7.138748009184808e-09
2334.0 7.153095975861178e-09
2335.0 7.168115358449464e-09
2336.0 7.18250159590535e-09
2337.0 7.197561117685839e-09
2338.0 7.211985682163283e-09
2339.0 7.2270869688729425e-09
2340.0 7.2415499197916114e-09
2341.0 7.231294461987524e-09
2342.0 7.156141648557075e-09
2343.0 7.0814271917282124e-09
2344.0 7.005854419326751e-09
2345.0 6.930705864824612e-09
2346.0 6.8553364916253296e-09
2347.0 6.779128901664349e-09
2348.0 6.703324170132036e-09
2349.0 6.626694721134502e-09
2350.0 6.550453091701864e-09
2351.0 6.4732964935147085e-09
2352.0 6.396516521917049e-09
2353.0 6.318941595501079e-09
2354.0 6.241728816112039e-09
2355.0 6.16373484418844e-09
2356.0 6.086088464429311e-09
2357.0 6.007674729093357e-09
2358.0 5.929593955642413e-09
2359.0 5.850759738363289e-09
2360.0 5.7722437771554985e-09
2361.0 5.907679057858596e-09
2362.0 6.6016172567236836e-09
2363.0 7.296675714679213e-09
2364.0 7.994119464291973e-09
2365.0 8.692560536259443e-09
2366.0 9.393517572264728e-09
2367.0 1.00953468100323e-08
2368.0 1.0799822424714769e-08
2369.0 1.1505045309207295e-08
2370.0 1.2213045591429416e-08
2371.0 1.2921483220877736e-08
2372.0 1.363280960374376e-08
2373.0 1.4344611291257666e-08
2374.0 1.5059433794047845e-08
2375.0 1.5774604760789714e-08
2376.0 1.6492929207621657e-08
2377.0 1.7211474678809434e-08
2378.0 1.7933306898697742e-08
2379.0 1.8655232103605975e-08
2380.0 1.9380575830722938e-08
2381.0 2.0105629374706173e-08
2382.0 2.083421945560187e-08
2383.0 2.156262608667394e-08
2384.0 2.2294704163345973e-08
2385.0 2.3026468876896014e-08
2386.0 2.376204054491135e-08
2387.0 2.449716833998351e-08
2388.0 2.5236239199364277e-08
2389.0 2.5974735078658448e-08
2390.0 2.671731073388325e-08
2391.0 2.7458871510033603e-08
2392.0 2.82046326644939e-08
2393.0 2.8949538148678664e-08
2394.0 2.969877854218482e-08
2395.0 3.044703344915425e-08
2396.0 3.119976482537286e-08
2397.0 3.195427628505522e-08
2398.0 3.2707598656763706e-08
2399.0 3.3465606211973036e-08
2400.0 3.422229024052584e-08
2401.0 3.493863212725231e-08
2402.0 3.5651634133583365e-08
2403.0 3.636770605796542e-08
2404.0 3.7080307840881755e-08
2405.0 3.7796108182837426e-08
2406.0 3.850830820604356e-08
2407.0 3.922383109971309e-08
2408.0 3.993562774858851e-08
2409.0 4.065087998217617e-08
2410.0 4.136227179488546e-08
2411.0 4.207688073736194e-08
2412.0 4.278748696405091e-08
2413.0 4.350179299123249e-08
2414.0 4.4211966544713966e-08
2415.0 4.4925968049707934e-08
2416.0 4.563570741273256e-08
2417.0 4.634940278718196e-08
2418.0 4.7058706441295216e-08
2419.0 4.777209407537854e-08
2420.0 4.848096050092033e-08
2421.0 4.8912594851199336e-08
2422.0 4.8559769587025995e-08
2423.0 4.8211432085456584e-08
2424.0 4.785880323353416e-08
2425.0 4.7510598518316135e-08
2426.0 4.715816678610455e-08
2427.0 4.681009560653146e-08
2428.0 4.6457861702028216e-08
2429.0 4.6109924808052276e-08
2430.0 4.575788943979258e-08
2431.0 4.540339951719104e-08
2432.0 4.504498066597033e-08
2433.0 4.469083532142992e-08
2434.0 4.433282624536013e-08
2435.0 4.3979021187591013e-08
2436.0 4.362142230654196e-08
2437.0 4.326796754108138e-08
2438.0 4.2910779197623916e-08
2439.0 4.255767039469962e-08
2440.0 4.220089297013571e-08
2441.0 4.1473920951835294e-08
2442.0 3.968083589294187e-08
2443.0 3.789236681980066e-08
2444.0 3.610148297854908e-08
2445.0 3.431489144788554e-08
2446.0 3.252621074662438e-08
2447.0 3.0741499109600466e-08
2448.0 2.8955023470802072e-08
2449.0 2.7172194078974e-08
2450.0 2.538792542523386e-08
2451.0 2.360689114605344e-08
2452.0 2.1824757783979187e-08
2453.0 2.0045639415684986e-08
2454.0 1.8265743092613445e-08
2455.0 1.6488540201773e-08
2456.0 1.4710882791591098e-08
2457.0 1.2935597686969088e-08
2458.0 1.1160181063629606e-08
2459.0 9.385965889188972e-09
2460.0 7.613642091837878e-09
2461.0 6.897533574935615e-09
2462.0 9.256549169645355e-09
2463.0 1.1613322437626824e-08
2464.0 1.3969742633264623e-08
2465.0 1.6323492404629606e-08
2466.0 1.867731213985198e-08
2467.0 2.1028035701448874e-08
2468.0 2.337925570802954e-08
2469.0 2.572695085440397e-08
2470.0 2.8075566324115162e-08
2471.0 3.042019963147487e-08
2472.0 3.276617177750927e-08
2473.0 3.510776221245707e-08
2474.0 3.7451114191355455e-08
2475.0 3.978965931255241e-08
2476.0 4.2130388093319094e-08
2477.0 4.44658854594134e-08
2478.0 4.6803988010705176e-08
2479.0 4.913643518033298e-08
2480.0 5.147190291908989e-08
2481.0 5.349325391069247e-08
2482.0 5.459908164261736e-08
2483.0 5.5699288279517055e-08
2484.0 5.6803853256204974e-08
2485.0 5.7902597461359576e-08
2486.0 5.900589823394885e-08
2487.0 6.01031788411243e-08
2488.0 6.120521396058861e-08
2489.0 6.230102980354639e-08
2490.0 6.34017978206954e-08
2491.0 6.449623397577012e-08
2492.0 6.559582262394753e-08
2493.0 6.668879753599769e-08
2494.0 6.778711474116227e-08
2495.0 6.887862711471093e-08
2496.0 6.997568591184439e-08
2497.0 7.10657346868629e-08
2498.0 7.216152642693098e-08
2499.0 7.325011042555944e-08
2500.0 7.434463364799713e-08
2501.0 7.43121900660575e-08
2502.0 7.094211059377522e-08
2503.0 6.756990747812652e-08
2504.0 6.420810398668225e-08
2505.0 6.084478975817635e-08
2506.0 5.749127035765734e-08
2507.0 5.413685146431639e-08
2508.0 5.079161879456053e-08
2509.0 4.744610204472662e-08
2510.0 4.410917551946935e-08
2511.0 4.077267684352307e-08
2512.0 3.744076729530661e-08
2513.0 3.411653078860519e-08
2514.0 3.079350293479026e-08
2515.0 2.7477550897983367e-08
2516.0 2.416341132997282e-08
2517.0 2.08557520148603e-08
2518.0 1.7550507324138182e-08
2519.0 1.4251148983490803e-08
2520.0 1.0954805761620067e-08
2521.0 8.733667889612963e-09
2522.0 9.868931023474655e-09
2523.0 1.1003590443245304e-08
2524.0 1.2135762594278244e-08
2525.0 1.326753555118976e-08
2526.0 1.4396614496460843e-08
2527.0 1.5525497005703908e-08
2528.0 1.665148039998673e-08
2529.0 1.7777469538825168e-08
2530.0 1.8900355036820563e-08
2531.0 2.002350161609106e-08
2532.0 2.1143346615143196e-08
2533.0 2.2263605997953036e-08
2534.0 2.338036039460196e-08
2535.0 2.4497729608982657e-08
2536.0 2.561139100746894e-08
2537.0 2.6725867081006113e-08
2538.0 2.7836433085453337e-08
2539.0 2.894800993134438e-08
2540.0 3.0055478026629346e-08
2541.0 3.116141915804065e-08
2542.0 3.226867732155515e-08
2543.0 3.3371527515182076e-08
2544.0 3.447589257046707e-08
