mejiro/data/hst_filter_response/WFC3_UVIS-F606W.ecsv
# %ECSV 1.0
# ---
# datatype:
# - {name: wavelength, unit: Angstrom, datatype: float64}
# - {name: response, datatype: float64}
# meta:
#   __serialized_columns__:
#     wavelength:
#       __class__: astropy.units.quantity.Quantity
#       unit: !astropy.units.Unit {unit: Angstrom}
#       value: !astropy.table.SerializedColumn {name: wavelength}
#   band_name: F606W
#   group_name: WFC3_UVIS
# schema: astropy-2.0
wavelength response
[from data line 2725]
4724.0 0.005669249729344592
4725.0 0.0059861800856260364
4726.0 0.006303135064928049
4727.0 0.006620114667852088
4728.0 0.006937118894999593
4729.0 0.007254147746971989
4730.0 0.007571846732649514
4731.0 0.007888951869638313
4732.0 0.008584276762431406
4733.0 0.009460301352508568
4734.0 0.010336394007506099
4735.0 0.01121255472908631
4736.0 0.012088783518911456
4737.0 0.012965080378643763
4738.0 0.013841445309945391
4739.0 0.014719133029825228
4740.0 0.015595708831934832
4741.0 0.01647235517106852
4742.0 0.0179298644426674
4743.0 0.019668012418268144
4744.0 0.021406295928846446
4745.0 0.023144714977759585
4746.0 0.024883269568364733
4747.0 0.02662195970401897
4748.0 0.028363202970188257
4749.0 0.03010231244173618
4750.0 0.031841557479959155
4751.0 0.033580933084059586
4752.0 0.035202014809586554
4753.0 0.03676525456147344
4754.0 0.03832861567094103
4755.0 0.03989209814095035
4756.0 0.04145570197446243
4757.0 0.043019427174438116
4758.0 0.04458706933977929
4759.0 0.04615117042993782
4760.0 0.047715392905775485
4761.0 0.049279736311278785
4762.0 0.05046492340104907
4763.0 0.05146249419321621
4764.0 0.05246014232611355
4765.0 0.0534578678016249
4766.0 0.05445567062163402
4767.0 0.055458277056065805
4768.0 0.056456319625955105
4769.0 0.057454439552585744
4770.0 0.058452636837841444
4771.0 0.059450912037313584
4772.0 0.06132076042384816
4773.0 0.06362779659129529
4774.0 0.06593501175569248
4775.0 0.06824240592140364
4776.0 0.07054997909279254
4777.0 0.07286394035941535
4778.0 0.07517206824187761
4779.0 0.07748037515836462
4780.0 0.07978886111324007
4781.0 0.08209752611086744
4782.0 0.08633279374526438
4783.0 0.09154510623329037
4784.0 0.09675782316433343
4785.0 0.10197094454825167
4786.0 0.10719360409676848
4787.0 0.11240797871997422
4788.0 0.11762275786009549
4789.0 0.12283794152699028
4790.0 0.12805352973051587
4791.0 0.133269501379392
4792.0 0.13983633671750706
4793.0 0.14709589207085794
4794.0 0.1543560082495705
4795.0 0.16161668526709416
4796.0 0.16889231280699507
4797.0 0.17615473030239606
4798.0 0.18341770872474533
4799.0 0.1906812480874919
4800.0 0.19794534840408418
4801.0 0.2052100077766768
4802.0 0.21092091633284668
4803.0 0.2158250993370198
4804.0 0.220729660753208
4805.0 0.22563460059047077
4806.0 0.23055956092046975
4807.0 0.23546567559372789
4808.0 0.24037216874748174
4809.0 0.24527904039079065
4810.0 0.25018629053271346
4811.0 0.2550939619488625
4812.0 0.25791278184109356
4813.0 0.25963504731182335
4814.0 0.26135744578340614
4815.0 0.26307997725907334
4816.0 0.2648252010757297
4817.0 0.2665481453395617
4818.0 0.2682712226285045
4819.0 0.2699944329457895
4820.0 0.27171777629464805
4821.0 0.27344133672325044
4822.0 0.2743220613353223
4823.0 0.2747545556878452
4824.0 0.27518708319286755
4825.0 0.2756196438512124
4826.0 0.2760522376637033
4827.0 0.2765084172020345
4828.0 0.2769411141817652
4829.0 0.27737384432093637
4830.0 0.2778066076203718
4831.0 0.27823635483880593
4832.0 0.27813843583378683
4833.0 0.27775684974267567
4834.0 0.27737524174456724
4835.0 0.276993611839482
4836.0 0.27661196002744054
4837.0 0.2762537871446059
4838.0 0.27587205904520534
4839.0 0.27549030903704613
4840.0 0.2751085371201488
4841.0 0.2747267432945339
4842.0 0.27433273516948775
4843.0 0.2739320655711923
4844.0 0.27353137300542163
4845.0 0.27313065747219833
4846.0 0.27272991897154386
4847.0 0.27232915750348036
4848.0 0.27195153354721013
4849.0 0.2715506920071273
4850.0 0.2711498274977453
4851.0 0.2707488568015637
4852.0 0.2708341973410363
4853.0 0.27118719898357463
4854.0 0.2715402198219855
4855.0 0.2718932598562239
4856.0 0.27224631908624475
4857.0 0.272599397512003
4858.0 0.27295249513345343
4859.0 0.2733288877484586
4860.0 0.2736820538356317
4861.0 0.27403519317751346
4862.0 0.274565109705577
4863.0 0.2751933761324406
4864.0 0.27582167683437286
4865.0 0.27645001181127826
4866.0 0.2770783810630617
4867.0 0.2777067845896275
4868.0 0.278335222390881
4869.0 0.2789636944667261
4870.0 0.2796160099783182
4871.0 0.2802446511112584
4872.0 0.2803537646048021
4873.0 0.2801701757001582
4874.0 0.2799865761511104
4875.0 0.2798029659576764
4876.0 0.279619345119874
4877.0 0.2794357136377216
4878.0 0.27925207151123677
4879.0 0.27906841874043753
4880.0 0.2788847553253418
4881.0 0.2787249423244576
4882.0 0.2780668261633295
4883.0 0.2771384829394514
4884.0 0.27621008683794185
4885.0 0.27528163785883353
4886.0 0.2743531360021597
4887.0 0.2734245812679533
4888.0 0.2724959736562473
4889.0 0.27156731316707516
4890.0 0.27063859980047
4891.0 0.2697098737498718
4892.0 0.26888851850764295
4893.0 0.2681518874515036
4894.0 0.2673923190793239
4895.0 0.2666327071625183
4896.0 0.2658730517010936
4897.0 0.2651133526950577
4898.0 0.26435361014441805
4899.0 0.26359382404918247
4900.0 0.2628339944093585
4901.0 0.2620741236659147
4902.0 0.2617427435959523
4903.0 0.2616610537062071
4904.0 0.2615793587566807
4905.0 0.2615199213489149
4906.0 0.2614382093238551
4907.0 0.2613564922385737
4908.0 0.2612747700930673
4909.0 0.2611930428873333
4910.0 0.26111131062136816
4911.0 0.2610294906335507
4912.0 0.26126654029522034
4913.0 0.26169176397482724
4914.0 0.26211701109736535
4915.0 0.26254228166280136
4916.0 0.2629675756711028
4917.0 0.2634152884409241
4918.0 0.263840665500012
4919.0 0.26426606600385916
4920.0 0.2646914899524327
4921.0 0.26511701883241695
4922.0 0.2656388530068218
4923.0 0.2662181267168775
4924.0 0.266797432849242
4925.0 0.26737677140390115
4926.0 0.26795614238084026
4927.0 0.26853554578004546
4928.0 0.26911498160150216
4929.0 0.26969444984519597
4930.0 0.2702969563673304
4931.0 0.2708766674550761
4932.0 0.27147338816807365
4933.0 0.2720803716279599
4934.0 0.2726873896317032
4935.0 0.2732944421793361
4936.0 0.27390152927089134
4937.0 0.27450865090640186
4938.0 0.27511580708590005
4939.0 0.2757229978094187
4940.0 0.27633022307699023
4941.0 0.2769375267377795
4942.0 0.2774444016883584
4943.0 0.27791366688342306
4944.0 0.2783593432454674
4945.0 0.2788050449731439
4946.0 0.27925077206648674
4947.0 0.2796965245255298
4948.0 0.2801423023503071
4949.0 0.2805881055408526
4950.0 0.28103393409720007
4951.0 0.28147978801938334
4952.0 0.2816942406099494
4953.0 0.28176604573907055
4954.0 0.2818378545633761
4955.0 0.2819096670828672
4956.0 0.28200548161941275
4957.0 0.28207730764158373
4958.0 0.2821491373592571
4959.0 0.2822209707724339
4960.0 0.28229280788111466
4961.0 0.28236455927010284
4962.0 0.2821593167664726
4963.0 0.2817811807539572
4964.0 0.2814030226224259
4965.0 0.28102484237186076
4966.0 0.2806466400022441
4967.0 0.2802684155135579
4968.0 0.27989016890578416
4969.0 0.2795356863000401
4970.0 0.2791573632619496
4971.0 0.27877901810283584
4972.0 0.27834812928627695
4973.0 0.27788409571694206
4974.0 0.2774200351223673
4975.0 0.2769559475025318
4976.0 0.27649183285741546
4977.0 0.27602769118699766
4978.0 0.2755635224912579
4979.0 0.2750993267701755
4980.0 0.2746351040237305
4981.0 0.27417093851783664
4982.0 0.2739390878169158
4983.0 0.27385555474723944
4984.0 0.2737953120749715
4985.0 0.2737117613280326
4986.0 0.2736282052964226
4987.0 0.273544643980129
4988.0 0.2734610773791395
4989.0 0.27337750549344186
4990.0 0.27329392832302357
4991.0 0.27321043492687436
4992.0 0.27343085333135186
4993.0 0.27384731036133547
4994.0 0.27426379129780515
4995.0 0.27468029614081324
4996.0 0.2750968248904114
4997.0 0.27551337754665195
4998.0 0.2759534314157085
4999.0 0.27637006733154823
5000.0 0.2767867271562206
5001.0 0.2771963308074434
5002.0 0.277652265723668
5003.0 0.2781384539208553
5004.0 0.2786246456111815
5005.0 0.2791108407941389
5006.0 0.27959703946922
5007.0 0.2800832416359164
5008.0 0.28056944729372074
5009.0 0.2810556564421255
5010.0 0.28154186908062234
5011.0 0.28202817451311185
5012.0 0.2822414572959853
5013.0 0.28229862733006883
5014.0 0.2823318138703632
5015.0 0.2823650005695903
5016.0 0.2823981874277181
5017.0 0.2824313744447141
5018.0 0.28246456162054656
5019.0 0.28249774895518315
5020.0 0.28253093644859195
5021.0 0.28256416620554886
5022.0 0.28220404724040554
5023.0 0.2815817981734444
5024.0 0.28095954382344523
5025.0 0.28033728419105886
5026.0 0.27971501927693676
5027.0 0.27909274908173004
5028.0 0.2784704736060897
5029.0 0.2778718293489901
5030.0 0.2772494903766693
5031.0 0.27662086904480965
5032.0 0.27583045830893443
5033.0 0.27493092474167946
5034.0 0.27403142439758643
5035.0 0.2731319572760204
5036.0 0.2722325233763464
5037.0 0.2713331226979291
5038.0 0.27043375524013363
5039.0 0.269534421002325
5040.0 0.2686351199838682
5041.0 0.2677358920780018
5042.0 0.2669646094085821
5043.0 0.26628051856864543
5044.0 0.26559645276790156
5045.0 0.2649124120058809
5046.0 0.2642508722346424
5047.0 0.26356682336663634
5048.0 0.26288279953807303
5049.0 0.2621988007484823
5050.0 0.2615148269973942
5051.0 0.2608308394200711
5052.0 0.2604239349402046
5053.0 0.26020814780027884
5054.0 0.2599923685435432
5055.0 0.25977659716984736
5056.0 0.25956083367904137
5057.0 0.259345078070975
5058.0 0.25912933034549834
5059.0 0.25891359050246104
5060.0 0.25869785854171323
5061.0 0.25848217297674736
5062.0 0.25852431835516737
5063.0 0.25876810962935776
5064.0 0.25898990375186204
5065.0 0.2592116896012754
5066.0 0.25943346717775495
5067.0 0.2596552364814561
5068.0 0.259876997512536
5069.0 0.2600987502711504
5070.0 0.26032049475745617
5071.0 0.26054227221771376
5072.0 0.2608822408447623
5073.0 0.2613055550280175
5074.0 0.2617288536597537
5075.0 0.2621521367402581
5076.0 0.26257540426981846
5077.0 0.26299865624872215
5078.0 0.26342189267725696
5079.0 0.2638451135557105
5080.0 0.26426831888437
5081.0 0.2646915505656373
5082.0 0.2651251235078933
5083.0 0.2655274856689826
5084.0 0.26592983316856844
5085.0 0.2663321660069168
5086.0 0.26673448418429324
5087.0 0.2671367877009634
5088.0 0.2675390765571931
5089.0 0.2679413507532484
5090.0 0.2683436102893943
5091.0 0.2687458977088991
5092.0 0.26903244197592324
5093.0 0.26923553604575806
5094.0 0.26943862272140967
5095.0 0.26964170200300996
5096.0 0.2698447738906902
5097.0 0.27004783838458235
5098.0 0.2702508954848178
5099.0 0.2704539451915283
5100.0 0.2706569875048455
5101.0 0.2708830969606454
5102.0 0.2710198942032599
5103.0 0.2711084117849833
5104.0 0.27119692610516805
5105.0 0.2712854371638711
5106.0 0.27137394496114986
5107.0 0.2714624494970616
5108.0 0.27155095077166375
5109.0 0.2716394487850135
5110.0 0.27172794353716806
5111.0 0.27181635150521644
5112.0 0.27192136296135494
5113.0 0.27203861057924583
5114.0 0.2721558538391812
5115.0 0.2722730927412404
5116.0 0.27239032728550344
5117.0 0.27250755747204913
5118.0 0.2726247833009579
5119.0 0.2727420047723084
5120.0 0.27285922188618106
5121.0 0.2729763482233092
5122.0 0.2732086542286906
5123.0 0.2734862012939921
5124.0 0.2737637380255106
5125.0 0.27404126442344134
5126.0 0.2743187804879794
5127.0 0.2745962862193201
5128.0 0.27487378161765863
5129.0 0.2751512666831903
5130.0 0.27542874141611023
5131.0 0.27570620838372956
5132.0 0.276007255479587
5133.0 0.27632602930136374
5134.0 0.27664479127655756
5135.0 0.27696354140539176
5136.0 0.27728227968808994
5137.0 0.2776010061248753
5138.0 0.2779197207159717
5139.0 0.2782384234616023
5140.0 0.27855711436199065
5141.0 0.2788759206497357
5142.0 0.2790704927940795
5143.0 0.2791705307375228
5144.0 0.2792942820497672
5145.0 0.2793943210716145
5146.0 0.27949435638489784
5147.0 0.279594387989684
5148.0 0.27969441588603977
5149.0 0.279794440074031
5150.0 0.2798944605537249
5151.0 0.2799945242499799
5152.0 0.279847227752515
5153.0 0.2795098298148523
5154.0 0.27917244374691097
5155.0 0.27883506954848675
5156.0 0.2784977072193743
5157.0 0.2781603567593688
5158.0 0.2778230181682656
5159.0 0.27748569144586
5160.0 0.2771483765919469
5161.0 0.2768110710290936
5162.0 0.2762894233066382
5163.0 0.27562441009105365
5164.0 0.2749594204018344
5165.0 0.2742944542385733
5166.0 0.27362951160086296
5167.0 0.27296459248829574
5168.0 0.2722996969004651
5169.0 0.27165791901514724
5170.0 0.2709930139506692
5171.0 0.27032800657137346
5172.0 0.26969672700179903
5173.0 0.2690919450181952
5174.0 0.2684871849826926
5175.0 0.26788244689488705
5176.0 0.2672777307543741
5177.0 0.26667303656074953
5178.0 0.2660683643136092
5179.0 0.2654637140125486
5180.0 0.2648590856571637
5181.0 0.2642544398836745
5182.0 0.26386669237853266
5183.0 0.26365135432539444
5184.0 0.2634360240763422
5185.0 0.26322070163122985
5186.0 0.26300538698991166
5187.0 0.2627900801522413
5188.0 0.2625747811180732
5189.0 0.2623594898872614
5190.0 0.26214420645965975
5191.0 0.26192896985135633
5192.0 0.2620217518014944
5193.0 0.2623618020304385
5194.0 0.26270183973463407
5195.0 0.26304186491431325
5196.0 0.2633818775697077
5197.0 0.26374429722063064
5198.0 0.26408431373117236
5199.0 0.26442431771706054
5200.0 0.2647643091785275
5201.0 0.2651042881158049
5202.0 0.265656148646061
5203.0 0.26638012630908636
5204.0 0.26710407743389214
5205.0 0.26782800202096907
5206.0 0.268551900070808
5207.0 0.26927577158389926
5208.0 0.26999961656073346
5209.0 0.2707234350018017
5210.0 0.27144722690759415
5211.0 0.2721709061306506
5212.0 0.27290868422073894
5213.0 0.2736580240622582
5214.0 0.27440733595794015
5215.0 0.2751566199083212
5216.0 0.2759058759139385
5217.0 0.27665510397532905
5218.0 0.27740430409302985
5219.0 0.2781534762675773
5220.0 0.27890262049950887
5221.0 0.2796516508784434
5222.0 0.2802257117707872
5223.0 0.2806545165483757
5224.0 0.2810833050107414
5225.0 0.2815120771582093
5226.0 0.28194083299110434
5227.0 0.2823695725097511
5228.0 0.282798295714475
5229.0 0.28322700260560085
5230.0 0.28367980526638614
5231.0 0.284110112990007
5232.0 0.28431801042536353
5233.0 0.28433944110589204
5234.0 0.28436087109331387
5235.0 0.28438230038762446
5236.0 0.2844037289888201
5237.0 0.28442515689689696
5238.0 0.284446584111851
5239.0 0.28446801063367827
5240.0 0.2844894364623749
5241.0 0.2845108589494056
5242.0 0.28439664781883084
5243.0 0.2841675995333416
5244.0 0.28393855719952044
5245.0 0.28370952081743
5246.0 0.28348049038713236
5247.0 0.2832514659086902
5248.0 0.28302244738216537
5249.0 0.28279343480762065
5250.0 0.282564428185118
5251.0 0.2823354301429714
5252.0 0.28208964057661773
5253.0 0.28182946628788413
5254.0 0.2815692987742107
5255.0 0.2813091380356675
5256.0 0.28104898407232515
5257.0 0.28078883688425493
5258.0 0.28052869647152684
5259.0 0.2802685628342119
5260.0 0.2800084359723806
5261.0 0.2797483575523382
5262.0 0.279531779784307
5263.0 0.2793528384613038
5264.0 0.2791739017090229
5265.0 0.27899496952751496
5266.0 0.278816041916832
5267.0 0.27863711887702497
5268.0 0.2784582004081454
5269.0 0.2782792865102443
5270.0 0.278124015028697
5271.0 0.277945051081987
5272.0 0.2778029112887466
5273.0 0.2776930086618721
5274.0 0.2775831088302368
5275.0 0.2774732117938715
5276.0 0.27736331755280674
5277.0 0.27725342610707354
5278.0 0.27714353745670217
5279.0 0.27703365160172366
5280.0 0.2769237685421684
5281.0 0.2768138032448793
5282.0 0.2767070033751815
5283.0 0.27660300221940803
5284.0 0.27649900376499653
5285.0 0.2763950080119732
5286.0 0.2762910149603648
5287.0 0.27618702461019734
5288.0 0.2760830369614974
5289.0 0.27597905201429174
5290.0 0.27587506976860615
5291.0 0.27577104658483986
5292.0 0.27565524300392147
5293.0 0.27552890211906617
5294.0 0.27540256458243534
5295.0 0.27527623039405924
5296.0 0.2751498995539677
5297.0 0.27502357206219125
5298.0 0.2748972479187592
5299.0 0.27477092712370205
5300.0 0.27464460967704984
5301.0 0.27451821125196285
5302.0 0.2744096488895138
5303.0 0.27431719826156503
5304.0 0.27422475010583236
5305.0 0.2741323044223352
5306.0 0.2740398612110941
5307.0 0.27394742047212944
5308.0 0.2738549822054605
5309.0 0.2737625464111083
5310.0 0.2736701130890921
5311.0 0.27357759565514567
5312.0 0.273534216453376
5313.0 0.2735357486740056
5314.0 0.2735372807221905
5315.0 0.2735388125979318
5316.0 0.273540344301232
5317.0 0.2735418758320922
5318.0 0.27354340719051495
5319.0 0.27354493837650123
5320.0 0.2735464693900534
5321.0 0.27354804351863293
5322.0 0.27363300207680774
5323.0 0.27379492137656253
5324.0 0.2739568359449686
5325.0 0.2741187457819982
5326.0 0.27428065088762354
