mejiro/data/hst_filter_response/WFC3_UVIS-F438W.ecsv
# %ECSV 1.0
# ---
# datatype:
# - {name: wavelength, unit: Angstrom, datatype: float64}
# - {name: response, datatype: float64}
# meta:
#   __serialized_columns__:
#     wavelength:
#       __class__: astropy.units.quantity.Quantity
#       unit: !astropy.units.Unit {unit: Angstrom}
#       value: !astropy.table.SerializedColumn {name: wavelength}
#   band_name: F438W
#   group_name: WFC3_UVIS
# schema: astropy-2.0
wavelength response
[from data line 8246]
10235.0 1.3137030533221131e-12
10236.0 1.3099834487629084e-12
10237.0 1.3062641583989513e-12
10238.0 1.3025451823402743e-12
10239.0 1.2988265997493938e-12
10240.0 1.295240536232008e-12
10241.0 1.2915207019920877e-12
10242.0 1.287801190805986e-12
10243.0 1.2840820027819506e-12
10244.0 1.2803632159888009e-12
10245.0 1.2766446743951989e-12
10246.0 1.2730565408606212e-12
10247.0 1.269338279661302e-12
10248.0 1.265620419210007e-12
10249.0 1.2619028052234399e-12
10250.0 1.258185515114954e-12
10251.0 1.254595591742612e-12
10252.0 1.2508773820813098e-12
10253.0 1.2471595798012478e-12
10254.0 1.2434420328040972e-12
10255.0 1.2397248174085163e-12
10256.0 1.2360080090580261e-12
10257.0 1.23241750482221e-12
10258.0 1.2287009173862105e-12
10259.0 1.224984661937672e-12
10260.0 1.2212687385833786e-12
10261.0 1.2175518794202107e-12
10262.0 1.2139594972064757e-12
10263.0 1.2102428772295086e-12
10264.0 1.2065265979976338e-12
10265.0 1.2028106596158712e-12
10266.0 1.1990951353359378e-12
10267.0 1.1953798787502988e-12
10268.0 1.1917869679086022e-12
10269.0 1.1880720259076332e-12
10270.0 1.1843574975114186e-12
10271.0 1.1806421019368185e-12
10272.0 1.1769270551168664e-12
10273.0 1.1733325217295107e-12
10274.0 1.1696178045624938e-12
10275.0 1.1659035075938853e-12
10276.0 1.1621894883618483e-12
10277.0 1.1584758183622732e-12
10278.0 1.1547625682131883e-12
10279.0 1.1511675517478815e-12
10280.0 1.1474545614423887e-12
10281.0 1.1437408110090594e-12
10282.0 1.1400274175482749e-12
10283.0 1.1363144505784274e-12
10284.0 1.132717883255241e-12
10285.0 1.1290051923899437e-12
10286.0 1.12529285886607e-12
10287.0 1.1215808827855958e-12
10288.0 1.1178693325681622e-12
10289.0 1.1141580714606338e-12
10290.0 1.1105610673391395e-12
10291.0 1.1068490792159442e-12
10292.0 1.1031375236981666e-12
10293.0 1.0994262657900997e-12
10294.0 1.0957153732502087e-12
10295.0 1.0920048461789243e-12
10296.0 1.0884063689905687e-12
10297.0 1.0846962702080279e-12
10298.0 1.0809864705991503e-12
10299.0 1.0772770368223865e-12
10300.0 1.0735680346557515e-12
10301.0 1.0698584533581206e-12
10302.0 1.0662587121657756e-12
10303.0 1.0625495059042153e-12
10304.0 1.0588406720749172e-12
10305.0 1.0551322753532411e-12
10306.0 1.0514241864655516e-12
10307.0 1.047824089732585e-12
10308.0 1.0441163766086742e-12
10309.0 1.0404090363750774e-12
10310.0 1.0367021326052916e-12
10311.0 1.0329945451681341e-12
10312.0 1.029287338091317e-12
10313.0 1.0256859112601507e-12
10314.0 1.0219791576683395e-12
10315.0 1.018272721879949e-12
10316.0 1.0145666668053378e-12
10317.0 1.0108609925421246e-12
10318.0 1.0071557608975966e-12
10319.0 1.0035540268387284e-12
10320.0 9.998491250323248e-13
10321.0 9.961436387884357e-13
10322.0 9.924386018584401e-13
10323.0 8.544910423662442e-11
10324.0 5.746936914361572e-10
10325.0 1.0603656416301204e-09
10326.0 1.5422969741946013e-09
10327.0 2.020547509409773e-09
10328.0 2.495117608758173e-09
10329.0 2.9660079471370195e-09
10330.0 3.4332193156518156e-09
10331.0 3.8971497603183956e-09
10332.0 4.357047711178311e-09
10333.0 4.653411009188467e-09
10334.0 4.164053661047852e-09
10335.0 3.678377854516601e-09
10336.0 3.1963825187579975e-09
10337.0 2.7183472325295453e-09
10338.0 2.243662723527621e-09
10339.0 1.7726575389033057e-09
10340.0 1.3053311682089835e-09
10341.0 8.416822583337303e-10
10342.0 3.817115277492101e-10
10343.0 9.150870552472447e-13
10344.0 9.113877688956564e-13
10345.0 9.076888281372137e-13
10346.0 9.039902892495947e-13
10347.0 9.002921523264703e-13
10348.0 8.965944725384972e-13
10349.0 8.929891871512706e-13
10350.0 8.892918848014185e-13
10351.0 8.855942431744546e-13
10352.0 8.818970643565849e-13
10353.0 8.782002398367509e-13
10354.0 8.745038241197343e-13
10355.0 8.708976339769927e-13
10356.0 8.672016641974852e-13
10357.0 8.635061565459247e-13
10358.0 8.598110047275632e-13
10359.0 8.561162621391106e-13
10360.0 8.524219288729117e-13
10361.0 8.488148997667509e-13
10362.0 8.451203815283959e-13
10363.0 8.414262266874711e-13
10364.0 8.377324875307105e-13
10365.0 8.340392154574313e-13
10366.0 8.303463077201544e-13
10367.0 8.267391665127552e-13
10368.0 8.230467183543678e-13
10369.0 8.193546863013164e-13
10370.0 8.156631206432048e-13
10371.0 8.119712411767841e-13
10372.0 8.082797842926542e-13
10373.0 8.046718653758018e-13
10374.0 8.009809305369169e-13
10375.0 7.972903689836241e-13
10376.0 7.936002303379558e-13
10377.0 7.899105146895918e-13
10378.0 7.862212705498308e-13
10379.0 7.82613279546845e-13
10380.0 7.789244603077327e-13
10381.0 7.752356382115604e-13
10382.0 7.715472435976116e-13
10383.0 7.678593238649747e-13
10384.0 7.641717842595169e-13
10385.0 7.60484672402648e-13
10386.0 7.568762557390422e-13
10387.0 7.531896728931231e-13
10388.0 7.495034713860278e-13
10389.0 7.458176979498095e-13
10390.0 7.421323526732871e-13
10391.0 7.38446875375623e-13
10392.0 7.348378144238457e-13
10393.0 7.311527868339524e-13
10394.0 7.27468193789867e-13
10395.0 7.23784080019885e-13
10396.0 7.201003561072332e-13
10397.0 7.164170670028003e-13
10398.0 7.128079994103676e-13
10399.0 7.091252065583747e-13
10400.0 7.054428922723519e-13
10401.0 7.035492610195633e-13
10402.0 7.01655860884042e-13
10403.0 6.997626919069732e-13
10404.0 6.978697972077106e-13
10405.0 6.960491871493551e-13
10406.0 6.941565231889454e-13
10407.0 6.922640905366162e-13
10408.0 6.903719318621436e-13
10409.0 6.884799618371322e-13
10410.0 6.865882232437716e-13
10411.0 6.847673046642571e-13
10412.0 6.828754662015696e-13
10413.0 2.826271862792126e-10
10414.0 2.1885378254162945e-09
10415.0 4.083829025860815e-09
10416.0 5.9685031253610225e-09
10417.0 7.843374728453914e-09
10418.0 9.707012883157601e-09
10419.0 1.1560038416530938e-08
10420.0 1.3402453299220005e-08
10421.0 1.523424982594232e-08
10422.0 1.7055436277228887e-08
10423.0 1.8328613437025733e-08
10424.0 1.6424195289504103e-08
10425.0 1.4528494038733667e-08
10426.0 1.2643407402127037e-08
10427.0 1.0768934401469754e-08
10428.0 8.905073042579679e-09
10429.0 7.05182176706818e-09
10430.0 5.2097183907866055e-09
10431.0 3.3774878876599213e-09
10432.0 1.5558640787088222e-09
10433.0 6.433946438944851e-13
10434.0 6.415066527918027e-13
10435.0 6.396188610487305e-13
10436.0 6.377313085194281e-13
10437.0 6.359100473342436e-13
10438.0 6.340228234131715e-13
10439.0 6.321357994468641e-13
10440.0 6.302490148385854e-13
10441.0 6.283621245068428e-13
10442.0 6.264755144937453e-13
10443.0 6.245891071262472e-13
10444.0 6.227676686769398e-13
10445.0 6.208815552179664e-13
10446.0 6.189957217689216e-13
10447.0 6.17110091559321e-13
10448.0 6.15224703089638e-13
10449.0 6.133395563990853e-13
10450.0 6.115182426820899e-13
10451.0 6.09633008303522e-13
10452.0 6.077479805166757e-13
10453.0 6.058631972571603e-13
10454.0 6.039786585635928e-13
10455.0 6.020944018069779e-13
10456.0 6.00210352248217e-13
10457.0 5.983888120517595e-13
10458.0 5.965050623429031e-13
10459.0 5.94621594259659e-13
10460.0 5.927383339665727e-13
10461.0 5.908550715357333e-13
10462.0 5.889720555458729e-13
10463.0 5.870893224637904e-13
10464.0 5.852677367763943e-13
10465.0 5.833852705507409e-13
10466.0 5.815030509052907e-13
10467.0 5.796211138546854e-13
10468.0 5.777393873713885e-13
10469.0 5.758579075830958e-13
10470.0 5.739766745280787e-13
10471.0 5.721550632193708e-13
10472.0 5.70273936504941e-13
10473.0 5.683930226473328e-13
10474.0 5.665123572085265e-13
10475.0 5.646319402264402e-13
10476.0 5.627518066974318e-13
10477.0 5.608718866293981e-13
10478.0 5.59050495647284e-13
10479.0 5.571708828660654e-13
10480.0 5.552915532232875e-13
10481.0 5.534121338262168e-13
10482.0 5.515329652075929e-13
10483.0 5.496540474048616e-13
10484.0 5.477754145084112e-13
10485.0 5.459539491640947e-13
10486.0 5.440755939020648e-13
10487.0 5.421974895922493e-13
10488.0 5.403196698720602e-13
10489.0 5.384420674657673e-13
10490.0 5.365647161240427e-13
10491.0 5.346873968589365e-13
10492.0 5.32865950645916e-13
10493.0 5.309889796801143e-13
10494.0 5.291122283103422e-13
10495.0 5.272357297205236e-13
10496.0 5.253594839477599e-13
10497.0 5.234835236093449e-13
10498.0 5.2160778346865e-13
10499.0 5.197865853999841e-13
10500.0 5.179111609246465e-13
10501.0 5.160357341122732e-13
10502.0 5.141605301810941e-13
10503.0 5.122855814078449e-13
10504.0 5.104108878291461e-13
10505.0 5.085364811546974e-13
10506.0 5.067152550493029e-13
10507.0 5.048411368101109e-13
10508.0 5.029672738988485e-13
10509.0 5.010936975714488e-13
10510.0 4.992203453124624e-13
10511.0 4.97347114057712e-13
10512.0 4.954741392925788e-13
10513.0 4.936530453710615e-13
10514.0 4.917804238902926e-13
10515.0 4.899080282299221e-13
10516.0 4.880358891917316e-13
10517.0 4.861640068121167e-13
10518.0 4.842924113252746e-13
10519.0 4.82421042258464e-13
10520.0 4.806002208124061e-13
10521.0 4.787289787276606e-13
10522.0 4.768580247501074e-13
10523.0 4.749872993150705e-13
10524.0 4.731168323157352e-13
10525.0 4.712466237881447e-13
10526.0 4.693767030575307e-13
10527.0 4.675070114679506e-13
10528.0 4.656863444115624e-13
10529.0 4.638169793474897e-13
10530.0 4.619479017572195e-13
10531.0 4.60078925790117e-13
10532.0 4.582102095772191e-13
10533.0 4.563417531543313e-13
10534.0 4.5447358493728797e-13
10535.0 4.5265307901353274e-13
10536.0 4.507852112886871e-13
10537.0 4.489176034843305e-13
10538.0 4.4705028356152225e-13
10539.0 4.451831955918628e-13
10540.0 4.433163676501193e-13
10541.0 4.414496154141664e-13
10542.0 4.3958315231027555e-13
10543.0 4.3776282764527135e-13
10544.0 4.358966694931269e-13
10545.0 4.3403077309646446e-13
10546.0 4.321651384907334e-13
10547.0 4.3029979261285857e-13
10548.0 4.2843468158154953e-13
10549.0 4.265698324475182e-13
10550.0 4.2474981304977277e-13
10551.0 4.228852124794809e-13
10552.0 4.2102084831901187e-13
10553.0 4.191567471636639e-13
10554.0 4.1729290904866205e-13
10555.0 4.154293600001203e-13
10556.0 4.1356604795763015e-13
10557.0 4.1170299906115946e-13
10558.0 4.0988325284984903e-13
10559.0 4.080205647928418e-13
10560.0 4.0615811432575607e-13
10561.0 4.042958675521723e-13
10562.0 4.0243388463805444e-13
10563.0 4.0057219069829776e-13
10564.0 3.987107354944983e-13
10565.0 3.9684954425546845e-13
10566.0 3.9503012738436327e-13
10567.0 3.9316927298065433e-13
10568.0 3.91308707144702e-13
10569.0 3.8944838077744444e-13
10570.0 3.875883185380481e-13
10571.0 3.8572838674116604e-13
10572.0 3.8386869638512325e-13
10573.0 3.820494434476025e-13
10574.0 3.801900933391051e-13
10575.0 3.7833100904559263e-13
10576.0 3.764722141999781e-13
10577.0 3.74613661526662e-13
10578.0 3.7275537477258074e-13
10579.0 3.708973772285431e-13
10580.0 3.6903962230314427e-13
10581.0 3.672207231938071e-13
10582.0 3.653632583645545e-13
10583.0 2.5714111386843643e-11
10584.0 2.763246252654327e-10
10585.0 5.24360596694308e-10
10586.0 7.698225820260564e-10
10587.0 1.0127111360964882e-09
10588.0 1.2530268924711063e-09
10589.0 1.4909272626443274e-09
10590.0 1.7261236536566914e-09
10591.0 1.958748311408913e-09
10592.0 2.1888021248651795e-09
10593.0 2.3691040943864815e-09
10594.0 2.1184896123660946e-09
10595.0 1.8704479021069097e-09
10596.0 1.6249785095075336e-09
10597.0 1.382226318615401e-09
10598.0 1.1418742555293354e-09
10599.0 9.040930048139461e-10
10600.0 6.688820519794453e-10
10601.0 4.376772513483379e-10
10602.0 2.0753394144503126e-10
10603.0 3.2974799271664976e-13
10604.0 3.28982862421262e-13
10605.0 3.282524518972614e-13
10606.0 3.274874709949232e-13
10607.0 3.267226136760574e-13
10608.0 3.2595787994987195e-13
10609.0 3.2519329027181027e-13
10610.0 3.2442880371269807e-13
10611.0 3.236643957431297e-13
10612.0 3.2290013192487663e-13
10613.0 3.221699721766258e-13
10614.0 3.2140585865566727e-13
10615.0 3.2064186900180753e-13
10616.0 3.198780032241997e-13
10617.0 3.1911428141084603e-13
10618.0 3.1835066336727154e-13
10619.0 3.1758716922740887e-13
10620.0 3.1682381894145853e-13
10621.0 3.1606053120733696e-13
10622.0 3.1533067450068706e-13
10623.0 3.145675579443864e-13
10624.0 3.1380456553472745e-13
10625.0 3.130417169921369e-13
10626.0 3.122789728571175e-13
10627.0 3.115163528960446e-13
10628.0 3.107538766914895e-13
10629.0 3.0999150505966164e-13
10630.0 3.092619476800374e-13
10631.0 3.084997448155237e-13
10632.0 3.077376661798029e-13
10633.0 3.069757311256464e-13
10634.0 3.062139009288462e-13
10635.0 3.0545219498813744e-13
10636.0 3.0469061331262143e-13
10637.0 3.0392917507119724e-13
10638.0 3.0316784190739544e-13
10639.0 3.0243862889133057e-13
10640.0 3.016774671728943e-13
10641.0 3.009164093431769e-13
10642.0 3.0015545700799865e-13
10643.0 2.9939462919828335e-13
10644.0 2.9863392592308015e-13
10645.0 2.978733659833893e-13
10646.0 2.97112911758367e-13
10647.0 2.963839606428546e-13
10648.0 2.956236783720596e-13
10649.0 2.9486353928584724e-13
10650.0 2.941035061313116e-13
10651.0 2.933435951714396e-13
10652.0 2.9258380882778567e-13
10653.0 2.918241655333725e-13
10654.0 2.910646284032907e-13
10655.0 2.903052159165669e-13
10656.0 2.895766119118279e-13
10657.0 2.8881737153219626e-13
10658.0 2.880582740138422e-13
10659.0 2.8729928293194125e-13
10660.0 2.865404165354834e-13
10661.0 2.857816952274018e-13
10662.0 2.8502308050851573e-13
10663.0 2.842645904897754e-13
10664.0 2.8350622518023234e-13
10665.0 2.8277797344534466e-13
10666.0 2.8201979817221163e-13
10667.0 2.812617297604924e-13
10668.0 2.8050378609102544e-13
10669.0 2.797459848605266e-13
10670.0 2.7898829065668836e-13
10671.0 2.782307212222603e-13
10672.0 2.774732765662964e-13
10673.0 2.7671597420135935e-13
10674.0 2.759880727121849e-13
10675.0 2.752309251366009e-13
10676.0 2.7447390237254047e-13
10677.0 2.737170044290581e-13
10678.0 2.7296024858848426e-13
10679.0 2.7220360026726986e-13
10680.0 2.7144707679379614e-13
10681.0 2.706906930979963e-13
10682.0 2.6993441709928043e-13
10683.0 2.692068641327254e-13
10684.0 2.684507606257564e-13
10685.0 2.6769478202104303e-13
10686.0 2.669389452324419e-13
10687.0 2.661832164133312e-13
10688.0 2.654276125236334e-13
10689.0 2.6467215033899597e-13
10690.0 2.6391679628921004e-13
10691.0 2.6316160594092877e-13
10692.0 2.624344427476812e-13
10693.0 2.61679424577763e-13
10694.0 2.6092454770185367e-13
10695.0 2.601697790105471e-13
10696.0 2.594151350952558e-13
10697.0 2.5866061596509415e-13
10698.0 2.579062379810642e-13
10699.0 2.57151968402418e-13
10700.0 2.563978236362438e-13
10701.0 2.5567100805245416e-13
10702.0 2.54917049682557e-13
10703.0 2.5416319994803977e-13
10704.0 2.534094750716331e-13
10705.0 2.5265587506244936e-13
10706.0 2.519024159127328e-13
10707.0 2.5114906561923024e-13
10708.0 2.50395840220287e-13
10709.0 2.4964275556983323e-13
10710.0 2.4888977994124016e-13
10711.0 2.481633965948573e-13
10712.0 2.4741062773457137e-13
10713.0 2.4665798360147645e-13
10714.0 2.45905479819006e-13
10715.0 2.451530851216892e-13
10716.0 2.444008151790738e-13
10717.0 2.4364867000033117e-13
10718.0 2.4289666502441957e-13
10719.0 2.4214476935481276e-13
10720.0 2.4141873486504935e-13
10721.0 2.4066704484281513e-13
10722.0 2.3991549466293833e-13
10723.0 2.391640537979482e-13
10724.0 2.3841273754848615e-13
10725.0 2.376615459237816e-13
10726.0 2.3691049399382055e-13
10727.0 2.3615955160018187e-13
10728.0 2.3540873385898726e-13
10729.0 2.3465805570180707e-13
10730.0 2.3393244950689074e-13
10731.0 2.331819607160807e-13
10732.0 2.3243159640231047e-13
10733.0 3.772228037843295e-12
10734.0 6.204681616024786e-11
10735.0 1.1994281228645272e-10
10736.0 1.7746031093831123e-10
10737.0 2.345994213368559e-10
10738.0 2.913602115374133e-10
10739.0 3.477427871422667e-10
10740.0 4.037903711954555e-10
10741.0 4.594228079978874e-10
10742.0 5.146773213058502e-10
10743.0 5.630327912163207e-10
10744.0 5.047508070239163e-10
10745.0 4.4684712489175517e-10
10746.0 3.8932167543965427e-10
10747.0 3.3217431124821453e-10
10748.0 2.7540496657936287e-10
10749.0 2.1901356118152516e-10
10750.0 1.630173979515123e-10
10751.0 1.0737562618520502e-10
10752.0 5.21115045722637e-11
10753.0 2.1674970141848158e-13
10754.0 2.1600202462860186e-13
10755.0 2.1525445808396927e-13
10756.0 2.145070156085124e-13
10757.0 2.1375971084142235e-13
10758.0 2.1301251648651286e-13
10759.0 2.1226544622916305e-13
10760.0 2.115411382387139e-13
10761.0 2.1079429383390303e-13
