mejiro/data/hst_filter_response/WFC3_UVIS-F814W.ecsv
# %ECSV 1.0
# ---
# datatype:
# - {name: wavelength, unit: Angstrom, datatype: float64}
# - {name: response, datatype: float64}
# meta:
#   __serialized_columns__:
#     wavelength:
#       __class__: astropy.units.quantity.Quantity
#       unit: !astropy.units.Unit {unit: Angstrom}
#       value: !astropy.table.SerializedColumn {name: wavelength}
#   band_name: F814W
#   group_name: WFC3_UVIS
# schema: astropy-2.0
wavelength response
[from data line 7284]
9273.0 0.0793543491292171
9274.0 0.07926013827693548
9275.0 0.07917344395880774
9276.0 0.07907917764508085
9277.0 0.07898488775198785
9278.0 0.07889808964725416
9279.0 0.07880375332158007
9280.0 0.07870938450540096
9281.0 0.0786225301777868
9282.0 0.07852815341688658
9283.0 0.07843199560169856
9284.0 0.07834116418624006
9285.0 0.07824284351538653
9286.0 0.07814450741377671
9287.0 0.07805359506595463
9288.0 0.0779552195074271
9289.0 0.0778568374334994
9290.0 0.0777658443135164
9291.0 0.07766746089911546
9292.0 0.07756906206196516
9293.0 0.07748071317906989
9294.0 0.07738820189235002
9295.0 0.07729566261323369
9296.0 0.07721045836672825
9297.0 0.07711785501191393
9298.0 0.07702522369913654
9299.0 0.076939903052154
9300.0 0.07684720771996421
9301.0 0.07675452838426859
9302.0 0.07666912648512993
9303.0 0.07657602577549572
9304.0 0.07648246933241955
9305.0 0.07639617613169508
9306.0 0.07630255889002183
9307.0 0.07621618843556126
9308.0 0.07612251043686136
9309.0 0.07602880620035497
9310.0 0.07594232403986553
9311.0 0.07584860474163502
9312.0 0.07575486773998187
9313.0 0.0756686369876002
9314.0 0.07557554270112508
9315.0 0.07548242056208056
9316.0 0.07539646953155318
9317.0 0.07530328351586213
9318.0 0.07521006968282043
9319.0 0.07512400234805801
9320.0 0.07503072469620434
9321.0 0.07493744143746993
9322.0 0.07485127997209555
9323.0 0.07475971830364353
9324.0 0.0746703536623733
9325.0 0.07458807808506542
9326.0 0.07449863202516094
9327.0 0.07440914919136073
9328.0 0.07432673182116843
9329.0 0.07423716757484551
9330.0 0.07414756656523472
9331.0 0.07406504053839727
9332.0 0.07397539119822548
9333.0 0.07388925005191653
9334.0 0.07381459979572282
9335.0 0.07373283130825951
9336.0 0.07365100770639985
9337.0 0.07357616352372302
9338.0 0.07349422249753312
9339.0 0.07341222631719271
9340.0 0.07333718800909483
9341.0 0.07325509658141033
9342.0 0.07317294990409474
9343.0 0.07309686624734937
9344.0 0.07301261760316778
9345.0 0.07292830995481794
9346.0 0.0728509208303631
9347.0 0.07276650440926408
9348.0 0.07268203728992753
9349.0 0.07260446641977962
9350.0 0.07251989045475969
9351.0 0.0724352857629693
9352.0 0.07235755493629314
9353.0 0.07227474049484586
9354.0 0.07219433906834219
9355.0 0.07212077985238229
9356.0 0.072040257369826
9357.0 0.07195966551423157
9358.0 0.07188589464763485
9359.0 0.07180517338408833
9360.0 0.07172439092021313
9361.0 0.07165044011755865
9362.0 0.0715695599916334
9363.0 0.07149028932331458
9364.0 0.0714199908397144
9365.0 0.07134277480931542
9366.0 0.07126549624246153
9367.0 0.07119495875202542
9368.0 0.0711175238563442
9369.0 0.07104001820664359
9370.0 0.0709692413779551
9371.0 0.07089158735816575
9372.0 0.07081386250347
9373.0 0.07074475918762199
9374.0 0.07067133053656682
9375.0 0.0705978201108591
9376.0 0.07053098807749969
9377.0 0.07045731563609516
9378.0 0.07038355325204107
9379.0 0.0703164498783168
9380.0 0.07024251718039382
9381.0 0.07016852308943788
9382.0 0.0701011685000286
9383.0 0.07002671033032419
9384.0 0.06995177708515299
9385.0 0.06988346534881675
9386.0 0.069808364546707
9387.0 0.06973319116109561
9388.0 0.06966461149021486
9389.0 0.06958926232808314
9390.0 0.06951383250382588
9391.0 0.0694450060776281
9392.0 0.06936942976296477
9393.0 0.06929376041705126
9394.0 0.06922463629953512
9395.0 0.06914878209766098
9396.0 0.06907284704122735
9397.0 0.0690034537738997
9398.0 0.06892735812759404
9399.0 0.06885117362692729
9400.0 0.0687815107745276
9401.0 0.06869796486898375
9402.0 0.06861435540421225
9403.0 0.06853744623195915
9404.0 0.06845413708880925
9405.0 0.06837076312857818
9406.0 0.0682873243382413
9407.0 0.06821037166438658
9408.0 0.06812680357580109
9409.0 0.06804316280235104
9410.0 0.06796598588105741
9411.0 0.0678822078937872
9412.0 0.06779836498304741
9413.0 0.06771921154041367
9414.0 0.06763104789102176
9415.0 0.06754283114386238
9416.0 0.06746104402043922
9417.0 0.06737271319021237
9418.0 0.0672843292340986
9419.0 0.0672023512556918
9420.0 0.06711386082962911
9421.0 0.0670253190431675
9422.0 0.06694315950305632
9423.0 0.06685164729412234
9424.0 0.06675608656535358
9425.0 0.06666690251622905
9426.0 0.06657126634897853
9427.0 0.06647559675139272
9428.0 0.0663862780814232
9429.0 0.06629053303606809
9430.0 0.0661947621520324
9431.0 0.06610966698828527
9432.0 0.06601815876251721
9433.0 0.06592332197442083
9434.0 0.06582379099055236
9435.0 0.0657305606972343
9436.0 0.06563097346017639
9437.0 0.06553136259626521
9438.0 0.06543802551738076
9439.0 0.06533835844676561
9440.0 0.06523867526297983
9441.0 0.06514523142759802
9442.0 0.06504548458854624
9443.0 0.06494255195807695
9444.0 0.06484130608560319
9445.0 0.06473380655752894
9446.0 0.06462630552568326
9447.0 0.06452501614134547
9448.0 0.06441750242706598
9449.0 0.06430998728731135
9450.0 0.06420865460176643
9451.0 0.0641011246811379
9452.0 0.06399358607761707
9453.0 0.06388894708813236
9454.0 0.06377342272364062
9455.0 0.0636579203847367
9456.0 0.06354244011467393
9457.0 0.06343309405891667
9458.0 0.06331764752038417
9459.0 0.06320222318061204
9460.0 0.06309290157758632
9461.0 0.06297750959160098
9462.0 0.06286213272188153
9463.0 0.06274989200311851
9464.0 0.06262732217766823
9465.0 0.0625047963438802
9466.0 0.06238832947072038
9467.0 0.06226588056903068
9468.0 0.06214347583647072
9469.0 0.06202709656859061
9470.0 0.06190476912947171
9471.0 0.061782485493752246
9472.0 0.06166619384803461
9473.0 0.0615404381120945
9474.0 0.061409455113594164
9475.0 0.06127854346215763
9476.0 0.061153603085611144
9477.0 0.06102282231108881
9478.0 0.06089211312018749
9479.0 0.060767339307035984
9480.0 0.06063676148006628
9481.0 0.060506237936743944
9482.0 0.060381613992322024
9483.0 0.06024834190336221
9484.0 0.06011080880061875
9485.0 0.059979160137644795
9486.0 0.059841803513987504
9487.0 0.05970454162676477
9488.0 0.05957312638012429
9489.0 0.05943604156318129
9490.0 0.05929905176831921
9491.0 0.05916214774757113
9492.0 0.05903104010438669
9493.0 0.058892463381785
9494.0 0.058751158300714874
9495.0 0.05861562562265072
9496.0 0.05847452817331433
9497.0 0.05833354124486783
9498.0 0.05819828781013073
9499.0 0.05805750917396209
9500.0 0.05791684137682942
9501.0 0.0578179325273723
9502.0 0.05771349295971114
9503.0 0.057606858032767085
9504.0 0.05749679547738754
9505.0 0.057392358138437335
9506.0 0.057282440634930834
9507.0 0.05717260082077717
9508.0 0.057068356202581334
9509.0 0.05695866192040466
9510.0 0.05684904555936567
9511.0 0.05674496910419622
9512.0 0.056635473539785305
9513.0 0.056523015914437626
9514.0 0.05641136326730887
9515.0 0.05629433769114846
9516.0 0.05617740609327511
9517.0 0.05606056856037643
9518.0 0.05594923807545007
9519.0 0.05583257816880221
9520.0 0.05571601259430497
9521.0 0.05560491380480165
9522.0 0.055488518188953326
9523.0 0.05536997173633302
9524.0 0.055253327491867295
9525.0 0.055131430836675814
9526.0 0.05500964079352715
9527.0 0.05489327127680881
9528.0 0.05477168348691192
9529.0 0.054650202603147666
9530.0 0.05452882872085795
9531.0 0.05441280703368725
9532.0 0.05429161258522998
9533.0 0.05416030257187184
9534.0 0.054018090212252845
9535.0 0.05387080062330017
9536.0 0.053723666889448976
9537.0 0.05358188577073119
9538.0 0.053435062900928025
9539.0 0.05328840253866944
9540.0 0.05314190481860399
9541.0 0.05300068236208502
9542.0 0.05285447369740395
9543.0 0.05269317287189732
9544.0 0.05251258663297862
9545.0 0.05232714614220575
9546.0 0.05214194625799671
9547.0 0.05196203013236876
9548.0 0.05177730675621315
9549.0 0.051592830655739316
9550.0 0.05140860202522808
9551.0 0.05122956565312209
9552.0 0.05104579263365766
9553.0 0.05084304230828875
9554.0 0.050614268896803996
9555.0 0.05038092594768646
9556.0 0.0501479328702786
9557.0 0.04992013803360229
9558.0 0.049687835146067505
9559.0 0.04945588882229345
9560.0 0.04922429933276131
9561.0 0.048997799815098504
9562.0 0.048766881767512864
9563.0 0.04850018888573166
9564.0 0.04817919702411695
9565.0 0.04785406785087388
9566.0 0.047529497469341875
9567.0 0.04721007435161308
9568.0 0.046886602991213513
9569.0 0.046563697292551096
9570.0 0.04624135767184275
9571.0 0.04592401677937307
9572.0 0.04560275346552876
9573.0 0.04523508558144391
9574.0 0.04479423672659433
9575.0 0.04434984231511114
9576.0 0.04390628554782602
9577.0 0.04346779432192142
9578.0 0.043025882519856035
9579.0 0.04258481544557775
9580.0 0.04214459370758956
9581.0 0.041709251942603345
9582.0 0.041270662425164306
9583.0 0.040805817390189764
9584.0 0.040300106755208016
9585.0 0.039791441247369407
9586.0 0.039283791605998084
9587.0 0.03877714939179986
9588.0 0.03827524056801229
9589.0 0.037770575889997986
9590.0 0.03726692550104814
9591.0 0.036767838488290655
9592.0 0.036266144702814106
9593.0 0.03573277675050382
9594.0 0.035148111981668895
9595.0 0.03456119099073419
9596.0 0.03397549341250267
9597.0 0.03339101216040938
9598.0 0.03281094373368456
9599.0 0.03222884940411313
9600.0 0.03164797809022944
9601.0 0.031070194381166726
9602.0 0.030490599700812356
9603.0 0.029892147916180865
9604.0 0.029260369177441008
9605.0 0.02863277700467423
9606.0 0.028003741349490734
9607.0 0.027376104071629874
9608.0 0.026752473357992232
9609.0 0.026127581257892545
9610.0 0.025504093341063593
9611.0 0.024881992118823474
9612.0 0.024263660077650774
9613.0 0.023668224235386417
9614.0 0.02311582174483815
9615.0 0.02256686822781006
9616.0 0.022016918141048142
9617.0 0.021468218189480463
9618.0 0.02092077168875677
9619.0 0.020376564330201206
9620.0 0.019831573917315843
9621.0 0.01928782533922521
9622.0 0.018747160510798853
9623.0 0.01822924914897736
9624.0 0.01775380539867256
9625.0 0.0172811469080357
9626.0 0.016807862053572393
9627.0 0.016335677654157936
9628.0 0.015864596323882398
9629.0 0.015396119514952959
9630.0 0.014927200573981609
9631.0 0.014459332471419874
9632.0 0.013993937885408269
9633.0 0.013553086021494975
9634.0 0.013157700515383446
9635.0 0.012763254752513416
9636.0 0.012370952756163981
9637.0 0.011978345313381105
9638.0 0.01158667772145346
9639.0 0.01119704273869451
9640.0 0.010807218431505169
9641.0 0.010418324981786407
9642.0 0.010030374267371227
9643.0 0.009682270203660696
9644.0 0.009402488501670421
9645.0 0.009123381230567636
9646.0 0.008845812065316972
9647.0 0.008568028695263649
9648.0 0.008290919859408394
9649.0 0.00801448694393701
9650.0 0.007739485871681042
9651.0 0.0074643747815171715
9652.0 0.007189941061335368
9653.0 0.006941639677954399
9654.0 0.006738506691801405
9655.0 0.006535871591752684
9656.0 0.006333735376780765
9657.0 0.006132695805835832
9658.0 0.005931536319319162
9659.0 0.005730875810311638
9660.0 0.005530714540426175
9661.0 0.005331568313500214
9662.0 0.0051323819387036115
9663.0 0.0049497411771960735
9664.0 0.004797710499442509
9665.0 0.004645577180590812
9666.0 0.0044938256317202585
9667.0 0.004342454986225622
9668.0 0.00419187573412273
9669.0 0.004041253887099125
9670.0 0.0038910141129887728
9671.0 0.00374151916840975
9672.0 0.0035920265706430037
9673.0 0.003459345572366987
9674.0 0.0033577896118164884
9675.0 0.0032568094749626636
9676.0 0.0031557587999695496
9677.0 0.0030549653522652246
9678.0 0.002954718661894678
9679.0 0.0028544310429342063
9680.0 0.002754401451512746
9681.0 0.002654627335547511
9682.0 0.0025553617418073438
9683.0 0.002466254090723139
9684.0 0.0023966622565100406
9685.0 0.0023272496144838397
9686.0 0.0022582367255140957
9687.0 0.002189175180405473
9688.0 0.0021202928455594694
9689.0 0.002051790666649367
9690.0 0.0019832603360618187
9691.0 0.00191490786609922
9692.0 0.0018467351041507873
9693.0 0.0017845295190431283
9694.0 0.0017330552451512186
9695.0 0.0016817157265493765
9696.0 0.00163067073950308
9697.0 0.0015795961325818224
9698.0 0.0015286563066600823
9699.0 0.0014778515200305118
9700.0 0.0014273216739599877
9701.0 0.001376780854261499
9702.0 0.0013263753910766486
9703.0 0.0012807507518569424
9704.0 0.0012443816268747966
9705.0 0.0012079841113579828
9706.0 0.0011716839014388207
9707.0 0.001135592074946139
9708.0 0.0010994826778993952
9709.0 0.0010634706037253765
9710.0 0.001027555900857952
9711.0 0.0009918348635215696
9712.0 0.0009561106278292371
9713.0 0.0009241096150493737
9714.0 0.0008993213032945341
9715.0 0.0008746856468311196
9716.0 0.0008500287988881367
9717.0 0.000825438791541192
9718.0 0.0008009943327351829
9719.0 0.0007765359183248193
9720.0 0.0007521445518628797
9721.0 0.0007278194280660207
9722.0 0.0007036305164851577
9723.0 0.0006816212264872488
9724.0 0.0006640213442614455
9725.0 0.0006464697345551328
9726.0 0.0006290280077505654
9727.0 0.000611571077147275
9728.0 0.000594162418360023
9729.0 0.0005768586856755045
9730.0 0.0005595449467219628
9731.0 0.0005422790184181265
9732.0 0.0005250614945153694
9733.0 0.0005091070825554928
9734.0 0.0004954859352198155
9735.0 0.00048190289592767486
9736.0 0.000468357868621791
9737.0 0.0004548956135147813
9738.0 0.00044142546233576023
9739.0 0.0004279934396796485
9740.0 0.00041459956389671673
9741.0 0.00040128276328186326
9742.0 0.0003879634466766324
9743.0 0.00037612395771394305
9744.0 0.00036728879347558706
9745.0 0.0003584417155768918
9746.0 0.0003496196152926119
9747.0 0.0003408225475604831
9748.0 0.0003320831700845654
9749.0 0.0003233353463590103
9750.0 0.00031461259322171765
9751.0 0.00030591457398258787
9752.0 0.00029727090114890217
9753.0 0.00028925131770034804
9754.0 0.0002825524473112104
9755.0 0.0002758728060555263
9756.0 0.0002692388209336205
9757.0 0.0002625969164675629
9758.0 0.0002559742376676835
9759.0 0.00024939532993819414
9760.0 0.00024281048409105553
9761.0 0.00023624462385827893
9762.0 0.00022969804216262923
9763.0 0.00022344062175256785
9764.0 0.00021769733316672455
9765.0 0.00021197096204705226
9766.0 0.0002062614658390951
9767.0 0.00020058862418041517
9768.0 0.00019491239553152994
9769.0 0.00018925309243529158
9770.0 0.00018361072274038247
9771.0 0.00017800259424373665
9772.0 0.0001723933505661569
9773.0 0.00016756775274438503
9774.0 0.00016439709769039407
9775.0 0.00016121926128059678
9776.0 0.0001580507133169269
9777.0 0.00015489147737574206
9778.0 0.00015175650864941172
9779.0 0.00014861560158846405
9780.0 0.00014548402023951184
9781.0 0.00014236158664116447
9782.0 0.000139262219359895
9783.0 0.00013637117198334267
9784.0 0.00013394410719532536
9785.0 0.00013152419043703154
9786.0 0.00012912416970086465
9787.0 0.00012671835487240582
9788.0 0.000124319714512085
9789.0 0.00012192825187248552
9790.0 0.00011955575918347188
9791.0 0.00011717827861201132
9792.0 0.00011480799227191329
9793.0 0.00011220889785427905
9794.0 0.00010911717165100261
9795.0 0.00010602408383266702
9796.0 0.00010294070653212762
9797.0 9.986704407993443e-05
9798.0 9.681265281541159e-05
9799.0 9.375813258886182e-05
9800.0 9.071334110065277e-05
9801.0 8.768174924075709e-05
9802.0 8.465130223131552e-05
9803.0 8.216219832973399e-05
9804.0 8.084800752863322e-05
9805.0 7.954576711750714e-05
9806.0 7.823965513811534e-05
9807.0 7.693765342343716e-05
9808.0 7.563976301056174e-05
9809.0 7.435332679275205e-05
9810.0 7.306353544794514e-05
9811.0 7.17777569732881e-05
9812.0 7.049609798556345e-05
9813.0 6.94144800683271e-05
9814.0 6.87502986132779e-05
9815.0 6.808803331932157e-05
9816.0 6.742769283832935e-05
9817.0 6.67758751957831e-05
9818.0 6.61193215570396e-05
9819.0 6.546469434775439e-05
9820.0 6.481199404725221e-05
9821.0 6.41674723699247e-05
9822.0 6.351847517473146e-05
9823.0 6.243702978962319e-05
9824.0 6.038318622514304e-05
9825.0 5.834223012060312e-05
9826.0 5.630242665805242e-05
9827.0 5.42697470187415e-05
9828.0 5.224419290569255e-05
9829.0 5.0230733301167325e-05
9830.0 4.821923690309951e-05
9831.0 4.6216622597376045e-05
9832.0 4.422099517331693e-05
9833.0 4.2806817092182993e-05
9834.0 4.2692204760798775e-05
9835.0 4.257770617850006e-05
9836.0 4.246332139524775e-05
9837.0 4.235324122762937e-05
9838.0 4.2239073309235025e-05
9839.0 4.212501934885432e-05
9840.0 4.201107939642956e-05
9841.0 4.190134146264594e-05
9842.0 4.178756476444866e-05
9843.0 4.1564653290363426e-05
9844.0 4.1089958545472514e-05
9845.0 4.062075923074522e-05
9846.0 4.0148966100067725e-05
9847.0 3.967864786308311e-05
9848.0 3.920980504719448e-05
