mejiro/data/hst_filter_response/WFC3_UVIS-F775W.ecsv
# %ECSV 1.0
# ---
# datatype:
# - {name: wavelength, unit: Angstrom, datatype: float64}
# - {name: response, datatype: float64}
# meta:
#   __serialized_columns__:
#     wavelength:
#       __class__: astropy.units.quantity.Quantity
#       unit: !astropy.units.Unit {unit: Angstrom}
#       value: !astropy.table.SerializedColumn {name: wavelength}
#   band_name: F775W
#   group_name: WFC3_UVIS
# schema: astropy-2.0
wavelength response
[from data line 551]
2540.0 7.046364513986882e-09
2541.0 7.2250491480532645e-09
2542.0 7.668599051037655e-09
2543.0 8.11086300500067e-09
2544.0 8.553264700113832e-09
2545.0 8.9943001383446e-09
2546.0 9.435552426269389e-09
2547.0 9.875358378333161e-09
2548.0 1.0315460059556896e-08
2549.0 1.0754035554957367e-08
2550.0 1.1192985429772179e-08
2551.0 1.1440021838879696e-08
2552.0 1.1067236999531624e-08
2553.0 1.0693938483441565e-08
2554.0 1.0322088343443858e-08
2555.0 9.949793425669322e-09
2556.0 9.57888124009379e-09
2557.0 9.207590689235287e-09
2558.0 8.837616304337723e-09
2559.0 8.467330929191274e-09
2560.0 8.098295341127376e-09
2561.0 7.91530549479298e-09
2562.0 8.348054485512819e-09
2563.0 8.77946232573373e-09
2564.0 9.211072960793277e-09
2565.0 9.641264157271655e-09
2566.0 1.0070827297247863e-08
2567.0 1.0500708782968628e-08
2568.0 1.0929053850744707e-08
2569.0 1.1357792775859776e-08
2570.0 1.1784918735405684e-08
2571.0 1.2086088608092271e-08
2572.0 1.1962675487975807e-08
2573.0 1.1840492889360021e-08
2574.0 1.1717395609250197e-08
2575.0 1.1595506795589533e-08
2576.0 1.1472725620122737e-08
2577.0 1.1351130915036622e-08
2578.0 1.122866610887581e-08
2579.0 1.1107365836047319e-08
2580.0 1.0985217663881984e-08
2581.0 1.0909784692246428e-08
2582.0 1.0987973065081798e-08
2583.0 1.1067030742287566e-08
2584.0 1.1144973221766677e-08
2585.0 1.1222789177418166e-08
2586.0 1.130149652464275e-08
2587.0 1.1379066300764863e-08
2588.0 1.1457541340280955e-08
2589.0 1.1534864732872919e-08
2590.0 1.1613107215029646e-08
2591.0 1.1796554690390906e-08
2592.0 1.2346667788232603e-08
2593.0 1.2894903117267072e-08
2594.0 1.3443533226180675e-08
2595.0 1.3990186156613422e-08
2596.0 1.4537331633869615e-08
2597.0 1.5082400816739357e-08
2598.0 1.5628058342380595e-08
2599.0 1.617154237024913e-08
2600.0 1.6715713596368512e-08
2601.0 1.734561681528482e-08
2602.0 1.83109293379713e-08
2603.0 1.9272274627650554e-08
2604.0 2.023121331469423e-08
2605.0 2.1189651710211342e-08
2606.0 2.2143860821052092e-08
2607.0 2.3097739464184993e-08
2608.0 2.404721513253005e-08
2609.0 2.4996529289370282e-08
2610.0 2.594126764848824e-08
2611.0 2.6252422591903965e-08
2612.0 2.432263256190385e-08
2613.0 2.2399538059327912e-08
2614.0 2.047893732991626e-08
2615.0 1.8564688370654882e-08
2616.0 1.66532847780535e-08
2617.0 1.4747894865161712e-08
2618.0 1.2845695835636313e-08
2619.0 1.0948187291485206e-08
2620.0 9.056185259364185e-09
2621.0 7.805500378823133e-09
2622.0 8.842764503423639e-09
2623.0 9.87670574304699e-09
2624.0 1.0909006315544582e-08
2625.0 1.1937795868359884e-08
2626.0 1.2965127625428326e-08
2627.0 1.3988761171099838e-08
2628.0 1.5011118848239747e-08
2629.0 1.6029592065866606e-08
2630.0 1.7046968570748856e-08
2631.0 1.7691265567010655e-08
2632.0 1.699317283340129e-08
2633.0 1.6295140563664622e-08
2634.0 1.5598760025922304e-08
2635.0 1.4905371788592752e-08
2636.0 1.421223474613311e-08
2637.0 1.352196725129805e-08
2638.0 1.283207741341556e-08
2639.0 1.2144934966419891e-08
2640.0 1.1458296044697951e-08
2641.0 1.0945701607325593e-08
2642.0 1.1064396330415063e-08
2643.0 1.118376377715236e-08
2644.0 1.130180458357206e-08
2645.0 1.142053773065873e-08
2646.0 1.1537923861960405e-08
2647.0 1.1656024277192266e-08
2648.0 1.1772754999677545e-08
2649.0 1.1889152509275307e-08
2650.0 1.2006295173307664e-08
2651.0 1.21880968206054e-08
2652.0 1.2617276561710288e-08
2653.0 1.3044241030538112e-08
2654.0 1.3471294454551238e-08
2655.0 1.3896054632601094e-08
2656.0 1.4320978791762857e-08
2657.0 1.4743532133319657e-08
2658.0 1.5166324077894218e-08
2659.0 1.5586668035651183e-08
2660.0 1.600732310082598e-08
2661.0 1.6097737111948495e-08
2662.0 1.494527602739587e-08
2663.0 1.3796937818154255e-08
2664.0 1.2650143497102423e-08
2665.0 1.1507269435289733e-08
2666.0 1.0366148490193537e-08
2667.0 9.228746227469324e-09
2668.0 8.093305274946779e-09
2669.0 6.961382468136363e-09
2670.0 5.831628128970398e-09
2671.0 5.185437262017438e-09
2672.0 6.3856232843980286e-09
2673.0 7.582678192389881e-09
2674.0 8.777388157157794e-09
2675.0 9.96828314130146e-09
2676.0 1.1157042125021018e-08
2677.0 1.2341769840273346e-08
2678.0 1.3524571756526144e-08
2679.0 1.4703125107365522e-08
2680.0 1.587996053766664e-08
2681.0 1.666928482234929e-08
2682.0 1.5963832943982948e-08
2683.0 1.5258681761012115e-08
2684.0 1.4556633420149059e-08
2685.0 1.3855014380050432e-08
2686.0 1.3155194365657405e-08
2687.0 1.2458291681369616e-08
2688.0 1.1762009918015722e-08
2689.0 1.1068522672836743e-08
2690.0 1.0375783343467519e-08
2691.0 9.853017164064537e-09
2692.0 9.993069375197399e-09
2693.0 1.0133615162943863e-08
2694.0 1.0272851622091472e-08
2695.0 1.041260723085252e-08
2696.0 1.0551026992009452e-08
2697.0 1.0689031856801957e-08
2698.0 1.0827592345277114e-08
2699.0 1.096477910669281e-08
2700.0 1.1102545608959729e-08
2701.0 1.1269242887104997e-08
2702.0 1.1503160797599861e-08
2703.0 1.173601041689217e-08
2704.0 1.1969874768981072e-08
2705.0 1.2202628980880707e-08
2706.0 1.2436439543157473e-08
2707.0 1.2669098137024645e-08
2708.0 1.2901698419948852e-08
2709.0 1.3135416039956036e-08
2710.0 1.336792036899614e-08
2711.0 1.3549130520539659e-08
2712.0 1.3514632948453732e-08
2713.0 1.348135037343482e-08
2714.0 1.3446863947950228e-08
2715.0 1.3413586354051934e-08
2716.0 1.3379111103666835e-08
2717.0 1.334583852195402e-08
2718.0 1.33113744751881e-08
2719.0 1.3276917584265566e-08
2720.0 1.3243654122146275e-08
2721.0 1.326067883683062e-08
2722.0 1.3492559234745315e-08
2723.0 1.3723194041278182e-08
2724.0 1.3955019271972491e-08
2725.0 1.4185558957131352e-08
2726.0 1.4417331742827899e-08
2727.0 1.464777611954352e-08
2728.0 1.4878162447242501e-08
2729.0 1.5109843619162675e-08
2730.0 1.5340134325794332e-08
2731.0 1.532100834252077e-08
2732.0 1.4242954466778244e-08
2733.0 1.3166341836794104e-08
2734.0 1.2088716784287362e-08
2735.0 1.1012340520370799e-08
2736.0 9.935145271611847e-09
2737.0 8.858213494135305e-09
2738.0 7.782241985093495e-09
2739.0 6.705741459889302e-09
2740.0 5.6300083821149465e-09
2741.0 4.889451563685025e-09
2742.0 5.587100051116804e-09
2743.0 6.284139917328613e-09
2744.0 6.981633371265382e-09
2745.0 7.678393123841568e-09
2746.0 8.375730841383458e-09
2747.0 9.072209838479588e-09
2748.0 9.768517065501104e-09
2749.0 1.0465588715433801e-08
2750.0 1.1161614238696664e-08
2751.0 1.183670904339953e-08
2752.0 1.2415754132856e-08
2753.0 1.2995818895679294e-08
2754.0 1.35746299750364e-08
2755.0 1.4154562501779741e-08
2756.0 1.4733138971416734e-08
2757.0 1.531157209642736e-08
2758.0 1.5891283012322537e-08
2759.0 1.646948079449547e-08
2760.0 1.7049059521857265e-08
2761.0 1.7540563084823862e-08
2762.0 1.7650912568142005e-08
2763.0 1.7759665056909643e-08
2764.0 1.7869986946529745e-08
2765.0 1.7978692339868823e-08
2766.0 1.8087369287668777e-08
2767.0 1.8197644713968562e-08
2768.0 1.830627441164872e-08
2769.0 1.841652195930231e-08
2770.0 1.8525104301943634e-08
2771.0 1.8613962818204073e-08
2772.0 1.8605040732880838e-08
2773.0 1.8597781237701567e-08
2774.0 1.8588858984392975e-08
2775.0 1.8579937047550863e-08
2776.0 1.857267531193211e-08
2777.0 1.8563753214023938e-08
2778.0 1.8556489724879346e-08
2779.0 1.8547567470541893e-08
2780.0 1.8540302232624833e-08
2781.0 1.8350252153268633e-08
2782.0 1.733343399713991e-08
2783.0 1.6318322575152475e-08
2784.0 1.5301911256664014e-08
2785.0 1.4287025519250436e-08
2786.0 1.3271021991304347e-08
2787.0 1.225636298081838e-08
2788.0 1.1240768197037717e-08
2789.0 1.0226335867957845e-08
2790.0 9.211150890768968e-09
2791.0 8.492769672927753e-09
2792.0 9.154057249620488e-09
2793.0 9.814422305538039e-09
2794.0 1.0475558867235362e-08
2795.0 1.1135654631816393e-08
2796.0 1.1796639493003987e-08
2797.0 1.245646533913194e-08
2798.0 1.3117297813719187e-08
2799.0 1.377685311380264e-08
2800.0 1.4436243466043601e-08
2801.0 1.5079500539686986e-08
2802.0 1.56040574510732e-08
2803.0 1.613045258820592e-08
2804.0 1.665585285493395e-08
2805.0 1.7183183686679957e-08
2806.0 1.7709427964107277e-08
2807.0 1.8236071035360758e-08
2808.0 1.876478800063351e-08
2809.0 1.929227617065265e-08
2810.0 1.9821932758722062e-08
2811.0 2.0226507304743444e-08
2812.0 2.0037625438910986e-08
2813.0 1.984678841636917e-08
2814.0 1.9655801453777537e-08
2815.0 1.9466401616200136e-08
2816.0 1.9275097539849213e-08
2817.0 1.908534631077141e-08
2818.0 1.8893724850590868e-08
2819.0 1.8703621906272504e-08
2820.0 1.8511682792038465e-08
2821.0 1.838329058144108e-08
2822.0 1.855643616704002e-08
2823.0 1.8729710339794344e-08
2824.0 1.8904799547290902e-08
2825.0 1.9078346512923092e-08
2826.0 1.9253739590332725e-08
2827.0 1.9427559577943575e-08
2828.0 1.9603256800375526e-08
2829.0 1.9777350039195253e-08
2830.0 1.9951572220266304e-08
2831.0 2.0105156295083965e-08
2832.0 2.0155404422860007e-08
2833.0 2.0207479595445224e-08
2834.0 2.0257782372410193e-08
2835.0 2.0309921175230324e-08
2836.0 2.036027862084941e-08
2837.0 2.041066116190971e-08
2838.0 2.0462891041541236e-08
2839.0 2.051332827284991e-08
2840.0 2.056562402065679e-08
2841.0 2.0399332486358116e-08
2842.0 1.9135642180322576e-08
2843.0 1.7869433033821802e-08
2844.0 1.6602523555959472e-08
2845.0 1.533628064461315e-08
2846.0 1.4067857214015528e-08
2847.0 1.279987395320843e-08
2848.0 1.1529936012051564e-08
2849.0 1.0260211594189983e-08
2850.0 8.98875858473051e-09
2851.0 8.000668473354274e-09
2852.0 8.478784644545192e-09
2853.0 8.956449545029053e-09
2854.0 9.435215894507952e-09
2855.0 9.913446899555138e-09
2856.0 1.0392865682003583e-08
2857.0 1.0871663050486772e-08
2858.0 1.1350722338146724e-08
2859.0 1.1831097556127007e-08
2860.0 1.2310723496037214e-08
2861.0 1.2657453189364652e-08
2862.0 1.229756746158778e-08
2863.0 1.1938545870053393e-08
2864.0 1.1578229569350219e-08
2865.0 1.1217713978334447e-08
2866.0 1.0857966107012117e-08
2867.0 1.0497019723263624e-08
2868.0 1.0136776686842834e-08
2869.0 9.775399352021044e-09
2870.0 9.414660921142521e-09
2871.0 9.30459189349687e-09
2872.0 1.0541741747402324e-08
2873.0 1.1780615469137678e-08
2874.0 1.3019227935545784e-08
2875.0 1.4259786354769466e-08
2876.0 1.5499862099411415e-08
2877.0 1.6742104872593174e-08
2878.0 1.7983644429817095e-08
2879.0 1.922586080118573e-08
2880.0 2.047057623630619e-08
2881.0 2.143407059540951e-08
2882.0 2.0872440592507138e-08
2883.0 2.0308592294852678e-08
2884.0 1.97461909928107e-08
2885.0 1.918167164599884e-08
2886.0 1.861684181738862e-08
2887.0 1.80533080490365e-08
2888.0 1.7487806831958717e-08
2889.0 1.692349910933014e-08
2890.0 1.6357326319252823e-08
2891.0 1.580547984519049e-08
2892.0 1.5335990581287612e-08
2893.0 1.4864836206234996e-08
2894.0 1.4394703759200591e-08
2895.0 1.3922989940814954e-08
2896.0 1.3452214014661241e-08
2897.0 1.297994054905497e-08
2898.0 1.2507408201390621e-08
2899.0 1.203568753112152e-08
2900.0 1.156259525349669e-08
2901.0 1.1179853590845777e-08
2902.0 1.1277370904398548e-08
2903.0 1.1376023318060079e-08
2904.0 1.1473796085557604e-08
2905.0 1.1571692269347041e-08
2906.0 1.1670748498613687e-08
2907.0 1.1768900285083039e-08
2908.0 1.1868230867481621e-08
2909.0 1.196663838040475e-08
2910.0 1.2065169418412834e-08
2911.0 1.2162001919871087e-08
2912.0 1.2241114212485876e-08
2913.0 1.232141882757205e-08
2914.0 1.240073199197305e-08
2915.0 1.2481251625654216e-08
2916.0 1.2560765750540183e-08
2917.0 1.2640376850384721e-08
2918.0 1.2721215700049225e-08
2919.0 1.280102788479065e-08
2920.0 1.2882082052357044e-08
2921.0 1.2931873317104392e-08
2922.0 1.280381134879592e-08
2923.0 1.2676691126722555e-08
2924.0 1.2548250702358447e-08
2925.0 1.2420730452802002e-08
2926.0 1.2291911389393814e-08
2927.0 1.2163989521293797e-08
2928.0 1.2034791649432796e-08
2929.0 1.1905410058002856e-08
2930.0 1.177689107839335e-08
2931.0 1.1719728059393076e-08
2932.0 1.2100460676047639e-08
2933.0 1.2480650596521936e-08
2934.0 1.2861339168486343e-08
2935.0 1.3243702933203854e-08
2936.0 1.362542292456346e-08
2937.0 1.4008886153781847e-08
2938.0 1.4391638018059774e-08
2939.0 1.4776199778357241e-08
2940.0 1.5159983928410208e-08
2941.0 1.534259453536078e-08
2942.0 1.4288486067964658e-08
2943.0 1.323159824694426e-08
2944.0 1.2174374654474188e-08
2945.0 1.1114558788983925e-08
2946.0 1.0053325539443454e-08
2947.0 8.991473092151594e-09
2948.0 7.927309999638168e-09
2949.0 6.86233808720569e-09
2950.0 5.795243868965302e-09
2951.0 5.015004633451381e-09
2952.0 6.0407614626007584e-09
2953.0 7.067424055501163e-09
2954.0 8.096156545725453e-09
2955.0 9.125613117483752e-09
2956.0 1.015732188724985e-08
2957.0 1.1189573541801644e-08
2958.0 1.2223177374926035e-08
2959.0 1.3259310383310468e-08
2960.0 1.429571110760748e-08
2961.0 1.5138153485339025e-08
2962.0 1.4722219407106375e-08
2963.0 1.4305726963264824e-08
2964.0 1.3889908641278661e-08
2965.0 1.3472262179565961e-08
2966.0 1.305521546801826e-08
2967.0 1.2636414489511412e-08
2968.0 1.221705467044991e-08
2969.0 1.1798182697021509e-08
2970.0 1.1377667662465268e-08
2971.0 1.1132788723807196e-08
2972.0 1.2031491540375068e-08
2973.0 1.2931357249172655e-08
2974.0 1.3833613134224177e-08
2975.0 1.4735885122336345e-08
2976.0 1.5640706219276954e-08
2977.0 1.6545385413633257e-08
2978.0 1.7452776369123107e-08
2979.0 1.8359863887588057e-08
2980.0 1.9268115674719276e-08
2981.0 2.0032699551783465e-08
2982.0 1.9817972970394098e-08
2983.0 1.960469103228907e-08
2984.0 1.9389357710380437e-08
2985.0 1.9173730482029417e-08
2986.0 1.8959490393698583e-08
2987.0 1.8743256064668722e-08
2988.0 1.852837040115031e-08
2989.0 1.8311528713996828e-08
2990.0 1.8094392876806985e-08
2991.0 1.7929298402994583e-08
2992.0 1.8109371328451785e-08
2993.0 1.8291281596625247e-08
2994.0 1.84718062725249e-08
2995.0 1.865254889257135e-08
2996.0 1.8835178954761863e-08
2997.0 1.901637360595071e-08
2998.0 1.919948791359015e-08
2999.0 1.9381134783220982e-08
3000.0 1.956299977314668e-08
3001.0 1.9589578134785094e-08
3002.0 1.8605877377661563e-08
3003.0 1.762375924784259e-08
3004.0 1.664001324434772e-08
3005.0 1.565628825219899e-08
3006.0 1.4673884472550227e-08
3007.0 1.369011443024003e-08
3008.0 1.2707491333861514e-08
3009.0 1.1723676373482731e-08
3010.0 1.0739882583959932e-08
3011.0 1.0041602446674423e-08
3012.0 1.1375556196102629e-08
3013.0 1.271060502788363e-08
3014.0 1.4044615236269533e-08
3015.0 1.5378594524569888e-08
3016.0 1.6714023261448426e-08
3017.0 1.8048058743103784e-08
3018.0 1.938377990282891e-08
3019.0 2.0717871398884867e-08
3020.0 2.205193175940694e-08
3021.0 2.317618618344076e-08
3022.0 2.2750410224911094e-08
3023.0 2.232662176661699e-08
3024.0 2.1900829098451434e-08
3025.0 2.1475046948127127e-08
3026.0 2.105113923041478e-08
3027.0 2.062534045462727e-08
3028.0 2.0201338606314017e-08
3029.0 1.9775523306751332e-08
3030.0 1.9349718593169345e-08
3031.0 1.8933710722463345e-08
3032.0 1.85774824583215e-08
3033.0 1.822288021550275e-08
3034.0 1.7866646359256677e-08
3035.0 1.751042548620681e-08
3036.0 1.7155736062706762e-08
3037.0 1.679950964941388e-08
3038.0 1.6444751643959332e-08
3039.0 1.6088519725772165e-08
3040.0 1.5732300831514256e-08
3041.0 1.5418923992034584e-08
3042.0 1.5422647878288653e-08
3043.0 1.5427736650367166e-08
3044.0 1.543146033668225e-08
3045.0 1.543518375812943e-08
3046.0 1.5440271425250792e-08
3047.0 1.5443994645743006e-08
3048.0 1.5449084398841373e-08
3049.0 1.5452807418340087e-08
3050.0 1.5456530172502203e-08
3051.0 1.5486647988345037e-08
3052.0 1.5712296444193925e-08
3053.0 1.5939345804959274e-08
3054.0 1.6164996181365376e-08
3055.0 1.639063753006963e-08
3056.0 1.6617739646167756e-08
3057.0 1.6843382882724834e-08
3058.0 1.7070526790730167e-08
3059.0 1.729617189279965e-08
3060.0 1.7521807941640596e-08
3061.0 1.7868284964403195e-08
3062.0 1.9174856418070067e-08
3063.0 2.0483186419564094e-08
3064.0 2.1789768056873932e-08
3065.0 2.3096296973331336e-08
3066.0 2.4404928364708342e-08
3067.0 2.5711467138568877e-08
3068.0 2.7020341933634042e-08
3069.0 2.832689057375684e-08
3070.0 2.963338634598767e-08
3071.0 3.079412276437934e-08
3072.0 3.072518022676389e-08
3073.0 3.065624029854444e-08
3074.0 3.0590006921306044e-08
3075.0 3.052106612229055e-08
3076.0 3.045481968982108e-08
3077.0 3.038587802665486e-08
3078.0 3.031693898049836e-08
