mejiro/data/hst_filter_response/WFC3_UVIS-F814W.ecsv
# %ECSV 1.0
# ---
# datatype:
# - {name: wavelength, unit: Angstrom, datatype: float64}
# - {name: response, datatype: float64}
# meta:
#   __serialized_columns__:
#     wavelength:
#       __class__: astropy.units.quantity.Quantity
#       unit: !astropy.units.Unit {unit: Angstrom}
#       value: !astropy.table.SerializedColumn {name: wavelength}
#   band_name: F814W
#   group_name: WFC3_UVIS
# schema: astropy-2.0
wavelength response
[from data line 2734]
4723.0 3.879878323799144e-08
4724.0 3.9205270983087336e-08
4725.0 3.961179023452844e-08
4726.0 4.0018340993083454e-08
4727.0 4.042492325952107e-08
4728.0 4.0831537034609984e-08
4729.0 4.123818231911881e-08
4730.0 4.1648409686642347e-08
4731.0 4.2055152667584336e-08
4732.0 4.150392809987479e-08
4733.0 4.0495070383189164e-08
4734.0 3.9486134158088333e-08
4735.0 3.847711942265348e-08
4736.0 3.746802617496578e-08
4737.0 3.6458854413106534e-08
4738.0 3.5449604135157046e-08
4739.0 3.4443211410627687e-08
4740.0 3.343371804165574e-08
4741.0 3.24241509759013e-08
4742.0 3.302443343651787e-08
4743.0 3.440236155377972e-08
4744.0 3.5780397072169613e-08
4745.0 3.7158539994347406e-08
4746.0 3.8536790322972864e-08
4747.0 3.9915148060705625e-08
4748.0 4.129713323615477e-08
4749.0 4.267582331489315e-08
4750.0 4.405462081987417e-08
4751.0 4.54335189833573e-08
4752.0 4.591410006368702e-08
4753.0 4.595496352841674e-08
4754.0 4.599583005812881e-08
4755.0 4.603669965289668e-08
4756.0 4.6077572312793895e-08
4757.0 4.611844803789389e-08
4758.0 4.616325660145275e-08
4759.0 4.6204141937654603e-08
4760.0 4.624503033954069e-08
4761.0 4.6285921376093554e-08
4762.0 4.6357644582475523e-08
4763.0 4.644463087169518e-08
4764.0 4.653162380486175e-08
4765.0 4.66186233821358e-08
4766.0 4.6705629603678005e-08
4767.0 4.679663057442349e-08
4768.0 4.688365750159689e-08
4769.0 4.69706910740866e-08
4770.0 4.7057731292053215e-08
4771.0 4.7144778594749476e-08
4772.0 4.727352147414075e-08
4773.0 4.742318064214861e-08
4774.0 4.757285131862539e-08
4775.0 4.772253350385037e-08
4776.0 4.7872227198102904e-08
4777.0 4.8026024929170014e-08
4778.0 4.817575440148075e-08
4779.0 4.8325495384637833e-08
4780.0 4.847524787892066e-08
4781.0 4.8625011884608434e-08
4782.0 4.840301552298904e-08
4783.0 4.799250970798674e-08
4784.0 4.758197190876362e-08
4785.0 4.717140212453855e-08
4786.0 4.6764785066194874e-08
4787.0 4.6354116317554164e-08
4788.0 4.5943415578842245e-08
4789.0 4.553268284927807e-08
4790.0 4.5121918128080413e-08
4791.0 4.4711114335163717e-08
4792.0 4.44351065550159e-08
4793.0 4.4228186758997614e-08
4794.0 4.402125086298736e-08
4795.0 4.3814298866597714e-08
4796.0 4.361104644223485e-08
4797.0 4.3404044607312337e-08
4798.0 4.319702666947604e-08
4799.0 4.2989992628338524e-08
4800.0 4.278294248351227e-08
4801.0 4.257587583806488e-08
4802.0 4.2647095450175676e-08
4803.0 4.286284507605666e-08
4804.0 4.3078611270400554e-08
4805.0 4.3294394033603065e-08
4806.0 4.351390044614458e-08
4807.0 4.3729734735823804e-08
4808.0 4.3945585596960484e-08
4809.0 4.4161453029950367e-08
4810.0 4.4377337035189057e-08
4811.0 4.459324508913871e-08
4812.0 4.3801709709049534e-08
4813.0 4.248123201843211e-08
4814.0 4.116065177997632e-08
4815.0 3.9839968991183484e-08
4816.0 3.8522465214689935e-08
4817.0 3.72014647873138e-08
4818.0 3.588036179336795e-08
4819.0 3.4559156230353855e-08
4820.0 3.323784809577299e-08
4821.0 3.19164471969673e-08
4822.0 3.2358472070117714e-08
4823.0 3.373839099535984e-08
4824.0 3.51184177221213e-08
4825.0 3.6498552253104646e-08
4826.0 3.787879459101239e-08
4827.0 3.92624890582804e-08
4828.0 4.064306461349236e-08
4829.0 4.202374799292005e-08
4830.0 4.340453919926602e-08
4831.0 4.478494742896565e-08
4832.0 4.53140454900341e-08
4833.0 4.5385507498233076e-08
4834.0 4.545697345294759e-08
4835.0 4.552844335417234e-08
4836.0 4.559991720190203e-08
4837.0 4.567528058009308e-08
4838.0 4.57467684022668e-08
4839.0 4.5818260171265314e-08
4840.0 4.588975588708333e-08
4841.0 4.596125554971552e-08
4842.0 4.574981574021365e-08
4843.0 4.5384298439216124e-08
4844.0 4.501876051346926e-08
4845.0 4.465320196299621e-08
4846.0 4.4287622787819975e-08
4847.0 4.392202298796366e-08
4848.0 4.356011231665989e-08
4849.0 4.319444012540795e-08
4850.0 4.282874730778874e-08
4851.0 4.246302081236723e-08
4852.0 4.251025376250538e-08
4853.0 4.278477518717309e-08
4854.0 4.30593118064094e-08
4855.0 4.333386362018155e-08
4856.0 4.3608430628456784e-08
4857.0 4.38830128312023e-08
4858.0 4.415761022838525e-08
4859.0 4.443600684559736e-08
4860.0 4.4710658019956235e-08
4861.0 4.498531684808041e-08
4862.0 4.526611724338464e-08
4863.0 4.555034090376768e-08
4864.0 4.5834580194275905e-08
4865.0 4.611883511486718e-08
4866.0 4.6403105665499485e-08
4867.0 4.668739184613065e-08
4868.0 4.697169365671863e-08
4869.0 4.725601109722121e-08
4870.0 4.7544392548476986e-08
4871.0 4.782877348150649e-08
4872.0 4.792894885531078e-08
4873.0 4.792534415773023e-08
4874.0 4.7921739183993195e-08
4875.0 4.791813393409942e-08
4876.0 4.7914528408048664e-08
4877.0 4.791092260584082e-08
4878.0 4.7907316527475535e-08
4879.0 4.7903710172952643e-08
4880.0 4.790010354227193e-08
4881.0 4.790059730523496e-08
4882.0 4.76658474472552e-08
4883.0 4.729946724112443e-08
4884.0 4.693306626612758e-08
4885.0 4.65666445222786e-08
4886.0 4.62002020095915e-08
4887.0 4.583373872808033e-08
4888.0 4.546725467775906e-08
4889.0 4.5100749858641875e-08
4890.0 4.473422427074279e-08
4891.0 4.4367684525952505e-08
4892.0 4.344349510933821e-08
4893.0 4.2201309543380236e-08
4894.0 4.09553543151457e-08
4895.0 3.970932830124227e-08
4896.0 3.8463231501688644e-08
4897.0 3.721706391650374e-08
4898.0 3.597082554570649e-08
4899.0 3.4724516389315936e-08
4900.0 3.347813644735119e-08
4901.0 3.2231686020037656e-08
4902.0 3.182045778175438e-08
4903.0 3.1895936284268693e-08
4904.0 3.197141901965363e-08
4905.0 3.204963430104879e-08
4906.0 3.2125131929112925e-08
4907.0 3.2200633790403174e-08
4908.0 3.227613988491782e-08
4909.0 3.2351650212655316e-08
4910.0 3.242716477361394e-08
4911.0 3.250267327499504e-08
4912.0 3.311679019908686e-08
4913.0 3.40487604021032e-08
4914.0 3.498078284704006e-08
4915.0 3.5912857533833174e-08
4916.0 3.684498446241844e-08
4917.0 3.778037568453988e-08
4918.0 3.87126863606883e-08
4919.0 3.964504928287765e-08
4920.0 4.05774644510435e-08
4921.0 4.150994462367274e-08
4922.0 4.1243394671585214e-08
4923.0 4.026184554283035e-08
4924.0 3.92802406832287e-08
4925.0 3.829858009279636e-08
4926.0 3.731686377154945e-08
4927.0 3.633509171950425e-08
4928.0 3.535326393667698e-08
4929.0 3.437138042308403e-08
4930.0 3.33922833049678e-08
4931.0 3.241022013720051e-08
4932.0 3.269204173249008e-08
4933.0 3.373543112766471e-08
4934.0 3.477888061486789e-08
4935.0 3.582239019416402e-08
4936.0 3.686595986561743e-08
4937.0 3.7909589629292485e-08
4938.0 3.895327948525335e-08
4939.0 3.999702943356421e-08
4940.0 4.104083947428914e-08
4941.0 4.208471627101049e-08
4942.0 4.197105814910779e-08
4943.0 4.115466945750509e-08
4944.0 4.0334660890286176e-08
4945.0 3.951460474113217e-08
4946.0 3.869450100996982e-08
4947.0 3.787434969672589e-08
4948.0 3.70541508013272e-08
4949.0 3.623390432370065e-08
4950.0 3.541361026377316e-08
4951.0 3.459326862147172e-08
4952.0 3.4242653298523404e-08
4953.0 3.418160248842712e-08
4954.0 3.412054808527872e-08
4955.0 3.4059490089072196e-08
4956.0 3.4001321970750766e-08
4957.0 3.3940251591395236e-08
4958.0 3.3879177618657706e-08
4959.0 3.3818100052532194e-08
4960.0 3.375701889301264e-08
4961.0 3.3695923469746696e-08
4962.0 3.3904505396228383e-08
4963.0 3.428141400574485e-08
4964.0 3.4658344149072864e-08
4965.0 3.503529582622469e-08
4966.0 3.541226903721263e-08
4967.0 3.578926378204885e-08
4968.0 3.616628006074554e-08
4969.0 3.654642766500909e-08
4970.0 3.6923519098752894e-08
4971.0 3.7300632068226095e-08
4972.0 3.7005075381716754e-08
4973.0 3.6285308494259245e-08
4974.0 3.556550033047302e-08
4975.0 3.484565089033315e-08
4976.0 3.41257601738149e-08
4977.0 3.340582818089344e-08
4978.0 3.2685854911544034e-08
4979.0 3.196584036574201e-08
4980.0 3.124578454346275e-08
4981.0 3.0525696826698526e-08
4982.0 2.993456930642923e-08
4983.0 2.942576473700435e-08
4984.0 2.8919391264124703e-08
4985.0 2.841048441562391e-08
4986.0 2.7901548075000994e-08
4987.0 2.7392582242212335e-08
4988.0 2.6883586917214317e-08
4989.0 2.6374562099963357e-08
4990.0 2.5865507790415918e-08
4991.0 2.53564322540201e-08
4992.0 2.5119207257811615e-08
4993.0 2.505733084673363e-08
4994.0 2.4995450774230225e-08
4995.0 2.4933567040292306e-08
4996.0 2.4871679644910712e-08
4997.0 2.4809788588076344e-08
4998.0 2.474999952692818e-08
4999.0 2.4688095880580818e-08
5000.0 2.4626188572441825e-08
5001.0 2.4563650203627933e-08
5002.0 2.5259787741437725e-08
5003.0 2.6451306904429996e-08
5004.0 2.7642834875368203e-08
5005.0 2.8834371653001933e-08
5006.0 3.00259172360808e-08
5007.0 3.12174716233544e-08
5008.0 3.240903481357239e-08
5009.0 3.360060680548451e-08
5010.0 3.479218759784035e-08
5011.0 3.5983788583680165e-08
5012.0 3.629844955527387e-08
5013.0 3.603769875868886e-08
5014.0 3.577386134615755e-08
5015.0 3.551002180248904e-08
5016.0 3.5246180127959336e-08
5017.0 3.498233632284437e-08
5018.0 3.471849038742013e-08
5019.0 3.445464232196256e-08
5020.0 3.4190792126747626e-08
5021.0 3.3926944857495934e-08
5022.0 3.375743276569534e-08
5023.0 3.36507855161486e-08
5024.0 3.3544137366723894e-08
5025.0 3.343748831753266e-08
5026.0 3.3330838368686413e-08
5027.0 3.322418752029661e-08
5028.0 3.311753577247471e-08
5029.0 3.301369135552303e-08
5030.0 3.290702873617237e-08
5031.0 3.279962092866727e-08
5032.0 3.3250677586667524e-08
5033.0 3.40784316304986e-08
5034.0 3.490615497288816e-08
5035.0 3.5733847614423924e-08
5036.0 3.656150955569362e-08
5037.0 3.738914079728498e-08
5038.0 3.821674133978565e-08
5039.0 3.904431118378337e-08
5040.0 3.9871850329865824e-08
5041.0 4.0699364843012416e-08
5042.0 4.032170147210274e-08
5043.0 3.9122825389701846e-08
5044.0 3.792399337930512e-08
5045.0 3.672520544008402e-08
5046.0 3.5529483544150964e-08
5047.0 3.4330681780282204e-08
5048.0 3.313192408885192e-08
5049.0 3.1933210469031484e-08
5050.0 3.073454091999224e-08
5051.0 2.9535911040001335e-08
5052.0 2.9513408846082565e-08
5053.0 3.0302118181454455e-08
5054.0 3.109079826114739e-08
5055.0 3.187944908572145e-08
5056.0 3.266807065573677e-08
5057.0 3.3456662971753405e-08
5058.0 3.42452260343315e-08
5059.0 3.503375984403112e-08
5060.0 3.582226440141237e-08
5061.0 3.6610745162007867e-08
5062.0 3.6585850857131876e-08
5063.0 3.599731518756015e-08
5064.0 3.54056894400612e-08
5065.0 3.481408543686708e-08
5066.0 3.422250317756905e-08
5067.0 3.363094266175819e-08
5068.0 3.3039403889025765e-08
5069.0 3.2447886858962914e-08
5070.0 3.185639157116087e-08
5071.0 3.126492297471963e-08
5072.0 3.1062538040751466e-08
5073.0 3.113453982146336e-08
5074.0 3.120653896287362e-08
5075.0 3.1278535465030993e-08
5076.0 3.135052932798425e-08
5077.0 3.1422520551782126e-08
5078.0 3.149450913647342e-08
5079.0 3.1566495082106916e-08
5080.0 3.163847838873135e-08
5081.0 3.171046407633464e-08
5082.0 3.1793438940762145e-08
5083.0 3.187961856570794e-08
5084.0 3.1965795061279486e-08
5085.0 3.205196842753344e-08
5086.0 3.213813866452645e-08
5087.0 3.222430577231514e-08
5088.0 3.2310469750956174e-08
5089.0 3.239663060050623e-08
5090.0 3.248278832102188e-08
5091.0 3.2568948068288096e-08
5092.0 3.2390529143431815e-08
5093.0 3.2021358807042015e-08
5094.0 3.1652201686689073e-08
5095.0 3.128305778213924e-08
5096.0 3.091392709315868e-08
5097.0 3.0544809619513626e-08
5098.0 3.017570536097027e-08
5099.0 2.980661431729485e-08
5100.0 2.943753648825356e-08
5101.0 2.9070948213558532e-08
5102.0 2.9105317166212438e-08
5103.0 2.9433498403441766e-08
5104.0 2.976166796427368e-08
5105.0 3.008982584891071e-08
5106.0 3.041797205755535e-08
5107.0 3.074610659041014e-08
5108.0 3.1074229447677573e-08
5109.0 3.1402340629560184e-08
5110.0 3.173044013626046e-08
5111.0 3.205851811712912e-08
5112.0 3.202934880413558e-08
5113.0 3.173687945855039e-08
5114.0 3.1444420674129735e-08
5115.0 3.115197245068272e-08
5116.0 3.085953478801858e-08
5117.0 3.056710768594644e-08
5118.0 3.027469114427555e-08
5119.0 2.9982285162815004e-08
5120.0 2.9689889741374048e-08
5121.0 2.9397495573049537e-08
5122.0 2.9530482142519502e-08
5123.0 2.997578822621255e-08
5124.0 3.042107791241419e-08
5125.0 3.086635120143303e-08
5126.0 3.1311608093577596e-08
5127.0 3.1756848589156515e-08
5128.0 3.220207268847837e-08
5129.0 3.2647280391851706e-08
5130.0 3.309247169958513e-08
5131.0 3.3537646924258084e-08
5132.0 3.377321843048718e-08
5133.0 3.385119025998471e-08
5134.0 3.392915920686023e-08
5135.0 3.4007125271167975e-08
5136.0 3.408508845296226e-08
5137.0 3.4163048752297336e-08
5138.0 3.4241006169227505e-08
5139.0 3.431896070380701e-08
5140.0 3.439691235609014e-08
5141.0 3.447487685470489e-08
5142.0 3.463737701982344e-08
5143.0 3.486420084392558e-08
5144.0 3.509399662533306e-08
5145.0 3.5320823410538634e-08
5146.0 3.554764204499621e-08
5147.0 3.5774452528850386e-08
5148.0 3.600125486224577e-08
5149.0 3.6228049045326895e-08
5150.0 3.6454835078238417e-08
5151.0 3.6681619108664194e-08
5152.0 3.642026769153471e-08
5153.0 3.5783773866643694e-08
5154.0 3.5147302643182174e-08
5155.0 3.4510854020758855e-08
5156.0 3.38744279989823e-08
5157.0 3.3238024577461116e-08
5158.0 3.2601643755803964e-08
5159.0 3.1965285533619484e-08
5160.0 3.132894991051627e-08
5161.0 3.069263660034155e-08
5162.0 3.068055717712388e-08
5163.0 3.115396719927588e-08
5164.0 3.162736037649429e-08
5165.0 3.210073670907141e-08
5166.0 3.2574096197299525e-08
5167.0 3.3047438841470805e-08
5168.0 3.352076464187762e-08
5169.0 3.399696374809019e-08
5170.0 3.4470296100766274e-08
5171.0 3.494359534253711e-08
5172.0 3.471080635790979e-08
5173.0 3.392339785484008e-08
5174.0 3.3136018067167e-08
5175.0 3.23486669943607e-08
5176.0 3.1561344635891315e-08
5177.0 3.077405099122898e-08
5178.0 2.9986786059843844e-08
5179.0 2.9199549841206077e-08
5180.0 2.8412342334785828e-08
5181.0 2.762515942500593e-08
5182.0 2.759591588636764e-08
5183.0 2.8169138013794772e-08
5184.0 2.874233904135191e-08
5185.0 2.9315518969435813e-08
5186.0 2.9888677798443256e-08
5187.0 3.046181552877097e-08
5188.0 3.10349321608157e-08
5189.0 3.160802769497425e-08
5190.0 3.2181102131643295e-08
5191.0 3.275416035019113e-08
5192.0 3.294619512975256e-08
5193.0 3.283235321122974e-08
5194.0 3.271851543248815e-08
5195.0 3.2604681793451516e-08
5196.0 3.2490852294043466e-08
5197.0 3.237977936942616e-08
5198.0 3.226594847287885e-08
5199.0 3.2152121716083094e-08
5200.0 3.20382990989626e-08
5201.0 3.1924480621441024e-08
5202.0 3.152330840605171e-08
5203.0 3.0888708588626104e-08
5204.0 3.0254131916487035e-08
5205.0 2.9619578389207346e-08
5206.0 2.8985048006359877e-08
5207.0 2.8350540767517467e-08
5208.0 2.7716056672252962e-08
5209.0 2.708159572013925e-08
5210.0 2.6447157910749134e-08
5211.0 2.5812735073369156e-08
5212.0 2.5687290224521402e-08
5213.0 2.5979411116584562e-08
5214.0 2.627152115077517e-08
5215.0 2.6563620327301565e-08
5216.0 2.6855708646372128e-08
5217.0 2.714778610819523e-08
5218.0 2.7439852712979232e-08
5219.0 2.7731908460932467e-08
5220.0 2.802395335226333e-08
5221.0 2.8315978688316026e-08
5222.0 2.9008787962128125e-08
5223.0 3.003430700003119e-08
5224.0 3.1059787315366476e-08
5225.0 3.208522890890323e-08
5226.0 3.311063178141065e-08
5227.0 3.413599593365789e-08
5228.0 3.516132136641422e-08
5229.0 3.618660808044879e-08
5230.0 3.7215019261269743e-08
5231.0 3.8240530642757565e-08
5232.0 3.811062897644366e-08
5233.0 3.701204484654144e-08
5234.0 3.591348981991366e-08
5235.0 3.4814963896852126e-08
5236.0 3.371646707764879e-08
5237.0 3.261799936259546e-08
5238.0 3.151956075198393e-08
5239.0 3.0421151246105975e-08
5240.0 2.932277084525328e-08
5241.0 2.8224419286974435e-08
5242.0 2.8130261715630686e-08
5243.0 2.8886330522165313e-08
5244.0 2.9642379257225384e-08
5245.0 3.0398407920611165e-08
5246.0 3.115441651212288e-08
5247.0 3.191040503156087e-08
5248.0 3.266637347872538e-08
5249.0 3.342232185341683e-08
5250.0 3.417825015543555e-08
5251.0 3.493415870978294e-08
5252.0 3.517117907357546e-08
5253.0 3.4963656524715905e-08
5254.0 3.4756139463351406e-08
5255.0 3.4548627889537084e-08
5256.0 3.434112180332815e-08
5257.0 3.4133621204779865e-08
5258.0 3.3926126093947345e-08
5259.0 3.3718636470885814e-08
5260.0 3.351115233565041e-08
5261.0 3.330367864860741e-08
5262.0 3.303850736148115e-08
5263.0 3.272341846356233e-08
5264.0 3.24083378143843e-08
5265.0 3.209326541403466e-08
5266.0 3.177820126260114e-08
