mejiro/data/hst_filter_response/WFC3_UVIS-F475W.ecsv
# %ECSV 1.0
# ---
# datatype:
# - {name: wavelength, unit: Angstrom, datatype: float64}
# - {name: response, datatype: float64}
# meta:
#   __serialized_columns__:
#     wavelength:
#       __class__: astropy.units.quantity.Quantity
#       unit: !astropy.units.Unit {unit: Angstrom}
#       value: !astropy.table.SerializedColumn {name: wavelength}
#   band_name: F475W
#   group_name: WFC3_UVIS
# schema: astropy-2.0
wavelength response
[from data line 5608]
7597.0 5.0208660242666595e-08
7598.0 5.1993818909851376e-08
7599.0 5.37820539801773e-08
7600.0 5.556894567852656e-08
7601.0 5.734944414053069e-08
7602.0 5.91334924486523e-08
7603.0 6.034972444859967e-08
7604.0 6.150205059298159e-08
7605.0 6.265881428617653e-08
7606.0 6.38090825160359e-08
7607.0 6.49639926255201e-08
7608.0 6.611802721284046e-08
7609.0 6.726526219693395e-08
7610.0 6.841744493944028e-08
7611.0 6.956875291338284e-08
7612.0 7.071295783739796e-08
7613.0 7.316701794061352e-08
7614.0 7.574980272146413e-08
7615.0 7.833707383826561e-08
7616.0 8.092239481024141e-08
7617.0 8.349841017508529e-08
7618.0 8.60796049677061e-08
7619.0 8.865885129298845e-08
7620.0 9.122811201629768e-08
7621.0 9.38032360313042e-08
7622.0 9.63679220290438e-08
7623.0 9.677779128837126e-08
7624.0 9.69535313457399e-08
7625.0 9.712056059425164e-08
7626.0 9.72959802112404e-08
7627.0 9.747124741080158e-08
7628.0 9.763775760172966e-08
7629.0 9.781270466926826e-08
7630.0 9.797886399988392e-08
7631.0 9.814255719989832e-08
7632.0 9.830605948008264e-08
7633.0 9.874234453461459e-08
7634.0 9.92183123755365e-08
7635.0 9.969378504289354e-08
7636.0 1.0015994405190046e-07
7637.0 1.0063438529527823e-07
7638.0 1.0109941926240253e-07
7639.0 1.0157283013369925e-07
7640.0 1.020457470779062e-07
7641.0 1.0250911635286428e-07
7642.0 1.0298098832863656e-07
7643.0 1.031258064104961e-07
7644.0 1.0322385720673099e-07
7645.0 1.0333086224596438e-07
7646.0 1.0342860871404556e-07
7647.0 1.0353532845534663e-07
7648.0 1.0364191036691753e-07
7649.0 1.0373920572683058e-07
7650.0 1.0384550280781304e-07
7651.0 1.0395167855922157e-07
7652.0 1.0404853991850088e-07
7653.0 1.0278725291115588e-07
7654.0 1.0135628265227421e-07
7655.0 9.993572235833193e-08
7656.0 9.85165165769099e-08
7657.0 9.709010001841616e-08
7658.0 9.567372634158386e-08
7659.0 9.425039029371369e-08
7660.0 9.283684576022959e-08
7661.0 9.142465239573024e-08
7662.0 9.00058684361507e-08
7663.0 8.851828807562228e-08
7664.0 8.702262928876746e-08
7665.0 8.552085874316985e-08
7666.0 8.402819968856692e-08
7667.0 8.252969071916549e-08
7668.0 8.104002825436534e-08
7669.0 7.955179724241006e-08
7670.0 7.80581081987487e-08
7671.0 7.657286919303524e-08
7672.0 7.508905953880954e-08
7673.0 7.338890470840702e-08
7674.0 7.16705479701382e-08
7675.0 6.994767723194322e-08
7676.0 6.82327913963367e-08
7677.0 6.651956403320365e-08
7678.0 6.480227389888282e-08
7679.0 6.309251211744326e-08
7680.0 6.137898760507884e-08
7681.0 5.967268776336533e-08
7682.0 5.796804228033043e-08
7683.0 5.6463681977893856e-08
7684.0 5.4992016207207505e-08
7685.0 5.352177690732942e-08
7686.0 5.2048367586268486e-08
7687.0 5.058110881058764e-08
7688.0 4.911093756149898e-08
7689.0 4.764665617443873e-08
7690.0 4.6183797716115525e-08
7691.0 4.4718417373189185e-08
7692.0 4.325853198547594e-08
7693.0 4.225719410654848e-08
7694.0 4.13214954514232e-08
7695.0 4.038670326362113e-08
7696.0 3.9449332546380023e-08
7697.0 3.8516434440740894e-08
7698.0 3.7581121615466004e-08
7699.0 3.665011559857277e-08
7700.0 3.57200137971389e-08
7701.0 3.478774209160312e-08
7702.0 3.385952914833519e-08
7703.0 3.253101983861664e-08
7704.0 3.114681893745822e-08
7705.0 2.9766842576228726e-08
7706.0 2.838570793204771e-08
7707.0 2.7008552485469343e-08
7708.0 2.5632745595019155e-08
7709.0 2.4256145687142785e-08
7710.0 2.2883155219497832e-08
7711.0 2.1509610352860645e-08
7712.0 2.013943347773064e-08
7713.0 2.027950790852497e-08
7714.0 2.062731402843659e-08
7715.0 2.0976560430042937e-08
7716.0 2.132357017689946e-08
7717.0 2.1672082332815458e-08
7718.0 2.2020243046489343e-08
7719.0 2.2366075304643374e-08
7720.0 2.2713502913784263e-08
7721.0 2.306057960442647e-08
7722.0 2.3405236317627174e-08
7723.0 2.2953218188460216e-08
7724.0 2.2386173138559574e-08
7725.0 2.1821708554163075e-08
7726.0 2.1257794918909408e-08
7727.0 2.0692604431604002e-08
7728.0 2.012984163078899e-08
7729.0 1.9565898712764496e-08
7730.0 1.900428558989234e-08
7731.0 1.8443222042287005e-08
7732.0 1.7881126411258015e-08
7733.0 1.7509788156127913e-08
7734.0 1.716482261952139e-08
7735.0 1.682174007750469e-08
7736.0 1.6478991812502288e-08
7737.0 1.6135150427241562e-08
7738.0 1.579310050739194e-08
7739.0 1.5450017610658197e-08
7740.0 1.510866529807908e-08
7741.0 1.4767646428756565e-08
7742.0 1.4425684591460649e-08
7743.0 1.4615609225430437e-08
7744.0 1.488313453657144e-08
7745.0 1.5151681060653654e-08
7746.0 1.5419955865800746e-08
7747.0 1.568657267972581e-08
7748.0 1.5954280768664617e-08
7749.0 1.6220282137329855e-08
7750.0 1.648742408695362e-08
7751.0 1.6754295166403014e-08
7752.0 1.7019389086495544e-08
7753.0 1.7573578368920664e-08
7754.0 1.816967085777395e-08
7755.0 1.8766718205305224e-08
7756.0 1.9363165388261095e-08
7757.0 1.9957246110240845e-08
7758.0 2.0552441121477557e-08
7759.0 2.114703686399748e-08
7760.0 2.17391091436807e-08
7761.0 2.2332454445415998e-08
7762.0 2.292317188703631e-08
7763.0 2.23124195216528e-08
7764.0 2.1514225464324803e-08
7765.0 2.0714987293169362e-08
7766.0 1.9918438988414592e-08
7767.0 1.9120984565169358e-08
7768.0 1.8326080349541024e-08
7769.0 1.7531962364110115e-08
7770.0 1.6737148045666918e-08
7771.0 1.5944671599600742e-08
7772.0 1.5151638307093584e-08
7773.0 1.5147606452079405e-08
7774.0 1.5269666701732263e-08
7775.0 1.539023673379375e-08
7776.0 1.5512032138478125e-08
7777.0 1.5632315892680567e-08
7778.0 1.5753846737694874e-08
7779.0 1.5875250786836117e-08
7780.0 1.5995111114651532e-08
7781.0 1.611625102048862e-08
7782.0 1.6235827598659476e-08
7783.0 1.64206347863743e-08
7784.0 1.6615707787925417e-08
7785.0 1.680909064933247e-08
7786.0 1.7003744935265917e-08
7787.0 1.7196674811675033e-08
7788.0 1.7390910832029722e-08
7789.0 1.7583388244399535e-08
7790.0 1.777720644891339e-08
7791.0 1.7970824493285343e-08
7792.0 1.8162632755944484e-08
7793.0 1.7445317727418065e-08
7794.0 1.6574704693466118e-08
7795.0 1.5706502744025413e-08
7796.0 1.4839165332087404e-08
7797.0 1.3971453572538582e-08
7798.0 1.3105920745066728e-08
7799.0 1.2240167348786068e-08
7800.0 1.1376437089875365e-08
7801.0 1.0513569192375574e-08
7802.0 9.65070762674569e-09
7803.0 9.688199522751561e-09
7804.0 9.878310610586842e-09
7805.0 1.006908553809526e-08
7806.0 1.0259665448033379e-08
7807.0 1.0449123855792247e-08
7808.0 1.063929714298237e-08
7809.0 1.082831541923054e-08
7810.0 1.1018082520588444e-08
7811.0 1.1207653337712984e-08
7812.0 1.1396018942048164e-08
7813.0 1.1467383160814503e-08
7814.0 1.1517046959910346e-08
7815.0 1.1567672814571124e-08
7816.0 1.1618243699965649e-08
7817.0 1.166772587283782e-08
7818.0 1.1718182428277672e-08
7819.0 1.176754014835729e-08
7820.0 1.1817882493343409e-08
7821.0 1.1868171875634342e-08
7822.0 1.1917349138257177e-08
7823.0 1.1888470316589777e-08
7824.0 1.1844471995302337e-08
7825.0 1.1801567570943987e-08
7826.0 1.1757658902698783e-08
7827.0 1.1714836474809768e-08
7828.0 1.1672053114856087e-08
7829.0 1.1628276843396764e-08
7830.0 1.1585575355234e-08
7831.0 1.1542981910489372e-08
7832.0 1.150144776725043e-08
7833.0 1.2021699120907865e-08
7834.0 1.2642847591312606e-08
7835.0 1.326454952535337e-08
7836.0 1.3884507054060405e-08
7837.0 1.4505127407727628e-08
7838.0 1.5125234760159097e-08
7839.0 1.5743431604247482e-08
7840.0 1.636245845891227e-08
7841.0 1.6979465291872742e-08
7842.0 1.7597412444293385e-08
7843.0 1.8100685297866766e-08
7844.0 1.8584113512143042e-08
7845.0 1.9067139665310716e-08
7846.0 1.954802799285769e-08
7847.0 2.0030207567057676e-08
7848.0 2.051016399170903e-08
7849.0 2.099149761119184e-08
7850.0 2.1472429842858567e-08
7851.0 2.1951011404179932e-08
7852.0 2.2431098806530342e-08
7853.0 2.1647307349178894e-08
7854.0 2.062656068880722e-08
7855.0 1.960664938265105e-08
7856.0 1.8585922145944478e-08
7857.0 1.7567771244645696e-08
7858.0 1.654898465551756e-08
7859.0 1.5532592864790794e-08
7860.0 1.4515745332749727e-08
7861.0 1.3501111226169472e-08
7862.0 1.2487310525717943e-08
7863.0 1.2660210246112138e-08
7864.0 1.3064434199575641e-08
7865.0 1.3467124408185318e-08
7866.0 1.3870638604119435e-08
7867.0 1.4273816031798309e-08
7868.0 1.4675352563683407e-08
7869.0 1.507782098977741e-08
7870.0 1.5478578885267777e-08
7871.0 1.5880338875972628e-08
7872.0 1.6280315541230216e-08
7873.0 1.640723454077481e-08
7874.0 1.6479881380056147e-08
7875.0 1.6550992541752752e-08
7876.0 1.6623504224746754e-08
7877.0 1.669446738870555e-08
7878.0 1.6766844016419516e-08
7879.0 1.6839156368772893e-08
7880.0 1.6909900979889723e-08
7881.0 1.6982078422678577e-08
7882.0 1.7052675339869488e-08
7883.0 1.64512940918835e-08
7884.0 1.5713116524659275e-08
7885.0 1.4977008350799114e-08
7886.0 1.4241506548640254e-08
7887.0 1.3505411260944856e-08
7888.0 1.2771186877961724e-08
7889.0 1.2036497703873842e-08
7890.0 1.1303549876299176e-08
7891.0 1.0570267168322097e-08
7892.0 9.838594954845353e-09
7893.0 1.011006038420253e-08
7894.0 1.0586205642877194e-08
7895.0 1.1062851162600883e-08
7896.0 1.1538071256036899e-08
7897.0 1.2013876725145174e-08
7898.0 1.2489283549729486e-08
7899.0 1.2963138456725639e-08
7900.0 1.3437706127260227e-08
7901.0 1.3910637741599732e-08
7902.0 1.4384366879107712e-08
7903.0 1.4464176958314188e-08
7904.0 1.4462989069342005e-08
7905.0 1.446179836143512e-08
7906.0 1.4459317977074603e-08
7907.0 1.4458121740976374e-08
7908.0 1.4455636043994986e-08
7909.0 1.4454434284992652e-08
7910.0 1.4451943281678488e-08
7911.0 1.4450736147231714e-08
7912.0 1.4449526202080093e-08
7913.0 1.4157484856204088e-08
7914.0 1.3805243485503484e-08
7915.0 1.3452094675243358e-08
7916.0 1.3100464931110586e-08
7917.0 1.274912519106893e-08
7918.0 1.2396971564225637e-08
7919.0 1.2046242799650588e-08
7920.0 1.169476362044884e-08
7921.0 1.13446452315052e-08
7922.0 1.0993837321556623e-08
7923.0 1.1728945953383096e-08
7924.0 1.2699348903996441e-08
7925.0 1.3667719872141322e-08
7926.0 1.4636407378052659e-08
7927.0 1.5602890990750505e-08
7928.0 1.6569864323219466e-08
7929.0 1.753446214144334e-08
7930.0 1.84997225711688e-08
7931.0 1.9464173238020272e-08
7932.0 2.042599178769636e-08
7933.0 2.09205004521353e-08
7934.0 2.1309148199577632e-08
7935.0 2.1699326898413247e-08
7936.0 2.208720492380493e-08
7937.0 2.2476683685656778e-08
7938.0 2.286583001085151e-08
7939.0 2.325257444232198e-08
7940.0 2.3641021622220857e-08
7941.0 2.4027011316991335e-08
7942.0 2.4414776189197295e-08
7943.0 2.3570206796451715e-08
7944.0 2.245117130838008e-08
7945.0 2.1333067656610734e-08
7946.0 2.021409381124684e-08
7947.0 1.9097952480973562e-08
7948.0 1.7981139204483655e-08
7949.0 1.68669587486848e-08
7950.0 1.575230426251088e-08
7951.0 1.4640090441991992e-08
7952.0 1.3528805163974192e-08
7953.0 1.3882565110836186e-08
7954.0 1.4573052483041634e-08
7955.0 1.5261597482106767e-08
7956.0 1.5950857260319538e-08
7957.0 1.6638050580371672e-08
7958.0 1.7326083596992033e-08
7959.0 1.8013534223422935e-08
7960.0 1.8698735060465155e-08
7961.0 1.9384960422208504e-08
7962.0 2.0068814063871118e-08
7963.0 2.0182389010989716e-08
7964.0 2.016055874209211e-08
7965.0 2.014053992333827e-08
7966.0 2.0120532503649915e-08
7967.0 2.009874357239052e-08
7968.0 2.007876072411976e-08
7969.0 2.005699992119702e-08
7970.0 2.0037041627906982e-08
7971.0 2.001533728034585e-08
7972.0 1.999542969122605e-08
7973.0 2.0319457645638845e-08
7974.0 2.0727048243348367e-08
7975.0 2.1134290860826716e-08
7976.0 2.153926350687304e-08
7977.0 2.1945774198654214e-08
7978.0 2.2349942636577407e-08
7979.0 2.275572194059458e-08
7980.0 2.315908683228148e-08
7981.0 2.3564330272005286e-08
7982.0 2.396923325251891e-08
7983.0 2.3672793008055336e-08
7984.0 2.3209706809171444e-08
7985.0 2.2744966279012304e-08
7986.0 2.2282673406458223e-08
7987.0 2.1818810785045125e-08
7988.0 2.1357310638136825e-08
7989.0 2.089618608805385e-08
7990.0 2.0433612623912837e-08
7991.0 1.997361337804524e-08
7992.0 1.9512231738745963e-08
7993.0 1.9173286748326657e-08
7994.0 1.8862562133363797e-08
7995.0 1.8553790119316444e-08
7996.0 1.8243629305824646e-08
7997.0 1.7935365788657695e-08
7998.0 1.762734264722525e-08
7999.0 1.7318013040232534e-08
8000.0 1.7010497944552636e-08
8001.0 1.6700207091767874e-08
8002.0 1.6391730443973522e-08
8003.0 1.6307666904592713e-08
8004.0 1.628156931238965e-08
8005.0 1.625403829676709e-08
8006.0 1.6227980467419417e-08
8007.0 1.620194134894261e-08
8008.0 1.6174475774658653e-08
8009.0 1.6148476391173986e-08
8010.0 1.612105518804488e-08
8011.0 1.6095297762426027e-08
8012.0 1.6068122447500117e-08
8013.0 1.5895889317820036e-08
8014.0 1.5686485618860805e-08
8015.0 1.5475892802610835e-08
8016.0 1.526689575279644e-08
8017.0 1.505674685088268e-08
8018.0 1.4848156266364424e-08
8019.0 1.4638451025618212e-08
8020.0 1.4430266722549461e-08
8021.0 1.4221100334453599e-08
8022.0 1.4013413284049075e-08
8023.0 1.3590369097858739e-08
8024.0 1.3110799497996679e-08
8025.0 1.2632892798898067e-08
8026.0 1.2154347265972133e-08
8027.0 1.1677378984516489e-08
8028.0 1.1199856967423447e-08
8029.0 1.0723826712663149e-08
8030.0 1.024732766030922e-08
8031.0 9.772370388246105e-09
8032.0 9.29784744011206e-09
8033.0 9.14096308968483e-09
8034.0 9.068777082790445e-09
8035.0 8.995849530737573e-09
8036.0 8.923796126778497e-09
8037.0 8.85101498725986e-09
8038.0 8.779094131353484e-09
8039.0 8.706457439579187e-09
8040.0 8.634669092188599e-09
8041.0 8.562956488316117e-09
8042.0 8.490547057800077e-09
8043.0 8.942054217427973e-09
8044.0 9.532058429559193e-09
8045.0 1.0122312742831859e-08
8046.0 1.0711058707469639e-08
8047.0 1.1300160603157942e-08
8048.0 1.1887648921862332e-08
8049.0 1.247559880475282e-08
8050.0 1.3062999116955627e-08
8051.0 1.3648632780957927e-08
8052.0 1.4234886445221507e-08
8053.0 1.3976602624288197e-08
8054.0 1.3490683905745688e-08
8055.0 1.3004046361572048e-08
8056.0 1.25190615131646e-08
8057.0 1.203344450441006e-08
8058.0 1.1549393200446076e-08
8059.0 1.106578689929087e-08
8060.0 1.0581678156776554e-08
8061.0 1.0099004951293362e-08
8062.0 9.615915571300872e-09
8063.0 9.30701073233721e-09
8064.0 9.045262239805682e-09
8065.0 8.784586400351071e-09
8066.0 8.52338651449552e-09
8067.0 8.263212507892002e-09
8068.0 8.002561822047895e-09
8069.0 7.742889445319971e-09
8070.0 7.483456213695336e-09
8071.0 7.223616273664539e-09
8072.0 6.9646855773726635e-09
8073.0 6.995442555708011e-09
8074.0 7.108199158581347e-09
8075.0 7.220200631179329e-09
8076.0 7.3327305960852606e-09
8077.0 7.444485307705527e-09
8078.0 7.556788714186432e-09
8079.0 7.668983897434908e-09
8080.0 7.780373710773805e-09
8081.0 7.89234376192184e-09
8082.0 8.00348845407231e-09
8083.0 8.609008138101306e-09
8084.0 9.353689542181871e-09
8085.0 1.0098438358510892e-08
8086.0 1.0841512386908628e-08
8087.0 1.1584788494054636e-08
8088.0 1.2326256832948099e-08
8089.0 1.306806074557147e-08
8090.0 1.3809161968870583e-08
8091.0 1.4548253968604888e-08
8092.0 1.528788103426158e-08
8093.0 1.5253696550984415e-08
8094.0 1.4997480211391253e-08
8095.0 1.4740177458599758e-08
8096.0 1.4484454430466758e-08
8097.0 1.422769075964434e-08
8098.0 1.3972460870681398e-08
8099.0 1.3716237491267476e-08
8100.0 1.3461500541937911e-08
8101.0 1.3207000801037578e-08
8102.0 1.2951574399984562e-08
8103.0 1.2610995850639835e-08
8104.0 1.2244147068555241e-08
8105.0 1.1878770075735414e-08
8106.0 1.1512701123988406e-08
8107.0 1.1148038293243783e-08
8108.0 1.0782748800001873e-08
8109.0 1.04187998817288e-08
8110.0 1.0054289475154533e-08
8111.0 9.691052605459595e-09
8112.0 9.328156315691692e-09
8113.0 9.174036702533266e-09
8114.0 9.083359510667902e-09
8115.0 8.991957757438669e-09
8116.0 8.901453310270066e-09
8117.0 8.810241456431585e-09
8118.0 8.719909683952765e-09
8119.0 8.628885745243127e-09
8120.0 8.538726596782289e-09
8121.0 8.44789284180871e-09
8122.0 8.357907633360771e-09
8123.0 8.385604097060643e-09
8124.0 8.449934786281357e-09
8125.0 8.514200537644734e-09
8126.0 8.57763131381634e-09
8127.0 8.641761450835133e-09
8128.0 8.705045122322819e-09
8129.0 8.769039693053666e-09
8130.0 8.832176331225533e-09
8131.0 8.896035383730162e-09
8132.0 8.959026018833628e-09
8133.0 9.408605846961593e-09
8134.0 9.975561492882837e-09
8135.0 1.0542814018501568e-08
8136.0 1.1108520907282874e-08
8137.0 1.1674626762804812e-08
