mejiro/data/hst_filter_response/WFC3_UVIS-F555W.ecsv
# %ECSV 1.0
# ---
# datatype:
# - {name: wavelength, unit: Angstrom, datatype: float64}
# - {name: response, datatype: float64}
# meta:
#   __serialized_columns__:
#     wavelength:
#       __class__: astropy.units.quantity.Quantity
#       unit: !astropy.units.Unit {unit: Angstrom}
#       value: !astropy.table.SerializedColumn {name: wavelength}
#   band_name: F555W
#   group_name: WFC3_UVIS
# schema: astropy-2.0
wavelength response
[from data line 5691]
7680.0 5.3953799797395945e-05
7681.0 5.3589859839392054e-05
7682.0 5.322625925533192e-05
7683.0 5.291106450485605e-05
7684.0 5.2607622354658754e-05
7685.0 5.230446069007077e-05
7686.0 5.1996988086584214e-05
7687.0 5.169441372698987e-05
7688.0 5.138758155776128e-05
7689.0 5.108559389338314e-05
7690.0 5.0783886026601315e-05
7691.0 5.0478005679417365e-05
7692.0 5.0176884075650295e-05
7693.0 4.9836776837084414e-05
7694.0 4.949681111312811e-05
7695.0 4.915716329384204e-05
7696.0 4.881352151248761e-05
7697.0 4.847453900887696e-05
7698.0 4.813162208140904e-05
7699.0 4.7793304200060474e-05
7700.0 4.745530344075372e-05
7701.0 4.7113456907396454e-05
7702.0 4.677611930395606e-05
7703.0 4.649096708111088e-05
7704.0 4.620900956839042e-05
7705.0 4.593141770488673e-05
7706.0 4.565005036228994e-05
7707.0 4.5372999334572056e-05
7708.0 4.50962062846066e-05
7709.0 4.4815715472829444e-05
7710.0 4.4539462407806234e-05
7711.0 4.4259555404042504e-05
7712.0 4.398384179053736e-05
7713.0 4.374264968269541e-05
7714.0 4.350259784607605e-05
7715.0 4.3266630443368126e-05
7716.0 4.30270782282415e-05
7717.0 4.2791568496821074e-05
7718.0 4.255627702341936e-05
7719.0 4.231746281338255e-05
7720.0 4.208262831644576e-05
7721.0 4.1848011759198266e-05
7722.0 4.16099343679121e-05
7723.0 4.134178540790229e-05
7724.0 4.106542535725835e-05
7725.0 4.079297615242273e-05
7726.0 4.05207827085916e-05
7727.0 4.024529049321005e-05
7728.0 3.9973632211946116e-05
7729.0 3.9698718680192945e-05
7730.0 3.9427595030780494e-05
7731.0 3.915672651091175e-05
7732.0 3.888267422674224e-05
7733.0 3.866288763715132e-05
7734.0 3.844728428559666e-05
7735.0 3.8235297519235576e-05
7736.0 3.802350790898121e-05
7737.0 3.780857098982829e-05
7738.0 3.759719411845336e-05
7739.0 3.738270711777009e-05
7740.0 3.717174255475988e-05
7741.0 3.696097466196701e-05
7742.0 3.6747152287656605e-05
7743.0 3.650337258324056e-05
7744.0 3.625162826979583e-05
7745.0 3.6003347836575184e-05
7746.0 3.575530168164027e-05
7747.0 3.5504351776540776e-05
7748.0 3.525679573421902e-05
7749.0 3.5006375751232195e-05
7750.0 3.475930933404479e-05
7751.0 3.451247695377936e-05
7752.0 3.4262845814441955e-05
7753.0 3.4049636667416546e-05
7754.0 3.3838704955104156e-05
7755.0 3.363098196160105e-05
7756.0 3.3423454121681043e-05
7757.0 3.321318137807614e-05
7758.0 3.3006061910021017e-05
7759.0 3.279913730922444e-05
7760.0 3.258952246821913e-05
7761.0 3.2383005297435e-05
7762.0 3.217383424107367e-05
7763.0 3.198416876365219e-05
7764.0 3.1797252052468666e-05
7765.0 3.160771543958598e-05
7766.0 3.1421165866113104e-05
7767.0 3.1232025897854054e-05
7768.0 3.104584309734116e-05
7769.0 3.0859835303766806e-05
7770.0 3.067128627089511e-05
7771.0 3.0485644689531167e-05
7772.0 3.0297494556741925e-05
7773.0 3.009591721922478e-05
7774.0 2.9891918237671397e-05
7775.0 2.96854832916126e-05
7776.0 2.9481888987501476e-05
7777.0 2.927589457213889e-05
7778.0 2.9072704520233197e-05
7779.0 2.8869707444231303e-05
7780.0 2.8664363917391998e-05
7781.0 2.8461770473350255e-05
7782.0 2.825686924499077e-05
7783.0 2.811933041316649e-05
7784.0 2.799249345285699e-05
7785.0 2.7863304884082286e-05
7786.0 2.7736713489733336e-05
7787.0 2.760779279183587e-05
7788.0 2.7481446707125337e-05
7789.0 2.7352793582380614e-05
7790.0 2.7226692551155617e-05
7791.0 2.7100708368306322e-05
7792.0 2.6972450468323208e-05
7793.0 2.6798644985865433e-05
7794.0 2.661459270497799e-05
7795.0 2.6433088349999184e-05
7796.0 2.6251756733135494e-05
7797.0 2.6068286987116114e-05
7798.0 2.5887316648658027e-05
7799.0 2.5704242790446537e-05
7800.0 2.5523633330718184e-05
7801.0 2.534319617926224e-05
7802.0 2.516070052543315e-05
7803.0 2.5012407173979833e-05
7804.0 2.4867479847759567e-05
7805.0 2.4724904721759148e-05
7806.0 2.458246415055753e-05
7807.0 2.443799103184383e-05
7808.0 2.4295831989816333e-05
7809.0 2.4151665464151902e-05
7810.0 2.4009787655249434e-05
7811.0 2.386804031658727e-05
7812.0 2.3724323051935563e-05
7813.0 2.3630100881653965e-05
7814.0 2.354214000154649e-05
7815.0 2.3456353065986238e-05
7816.0 2.3370644267050718e-05
7817.0 2.3282950681393168e-05
7818.0 2.3197405627815572e-05
7819.0 2.31098884173302e-05
7820.0 2.3024506947555778e-05
7821.0 2.2939207026894334e-05
7822.0 2.285195751093729e-05
7823.0 2.271996593714336e-05
7824.0 2.2577742943472535e-05
7825.0 2.243766908515932e-05
7826.0 2.229575005375263e-05
7827.0 2.215595515292696e-05
7828.0 2.201629342381228e-05
7829.0 2.1874823504408075e-05
7830.0 2.1735440303184976e-05
7831.0 2.159631923308968e-05
7832.0 2.1459234040134687e-05
7833.0 2.133774149426074e-05
7834.0 2.1217284032625487e-05
7835.0 2.1098812204779835e-05
7836.0 2.097857214147107e-05
7837.0 2.0860294377828185e-05
7838.0 2.074210835404338e-05
7839.0 2.0622183259720492e-05
7840.0 2.0504191109437454e-05
7841.0 2.0384480768254543e-05
7842.0 2.026668235062882e-05
7843.0 2.0162545212995933e-05
7844.0 2.0063150491856706e-05
7845.0 1.9963832322183162e-05
7846.0 1.9862826841993403e-05
7847.0 1.976367051272051e-05
7848.0 1.9662844424581476e-05
7849.0 1.9563849818284976e-05
7850.0 1.946493163705054e-05
7851.0 1.936437016724924e-05
7852.0 1.9265613728106312e-05
7853.0 1.9165237043089554e-05
7854.0 1.9066646452041447e-05
7855.0 1.8968132154210256e-05
7856.0 1.8868018032524312e-05
7857.0 1.876966499050168e-05
7858.0 1.866972953994534e-05
7859.0 1.8571537636569947e-05
7860.0 1.847178071292862e-05
7861.0 1.837374965048687e-05
7862.0 1.8275794705272353e-05
7863.0 1.8176297084276196e-05
7864.0 1.80784985894245e-05
7865.0 1.7979178436841917e-05
7866.0 1.7881540689236575e-05
7867.0 1.778397893652399e-05
7868.0 1.76849214611012e-05
7869.0 1.7587520286979325e-05
7870.0 1.7488642496855174e-05
7871.0 1.7391401774145407e-05
7872.0 1.7292699809851743e-05
7873.0 1.7195623315929294e-05
7874.0 1.709862340356337e-05
7875.0 1.7000188038069636e-05
7876.0 1.6903348294094826e-05
7877.0 1.680509025591913e-05
7878.0 1.670841056363884e-05
7879.0 1.6611806559236765e-05
7880.0 1.651380995195109e-05
7881.0 1.6417365831020264e-05
7882.0 1.6319546198905302e-05
7883.0 1.6208360242739852e-05
7884.0 1.6092824051779055e-05
7885.0 1.597881947370545e-05
7886.0 1.5864905243194965e-05
7887.0 1.5749682300856718e-05
7888.0 1.5635958786905357e-05
7889.0 1.552094504996598e-05
7890.0 1.5407412125181346e-05
7891.0 1.529260910365526e-05
7892.0 1.5179266628632043e-05
7893.0 1.5139951219473286e-05
7894.0 1.5114501367370436e-05
7895.0 1.5090414291380158e-05
7896.0 1.5065002985236457e-05
7897.0 1.5040950157652436e-05
7898.0 1.5016913376013215e-05
7899.0 1.4991558764472867e-05
7900.0 1.4967556196596185e-05
7901.0 1.4942240058048181e-05
7902.0 1.4918271679899072e-05
7903.0 1.483432559490481e-05
7904.0 1.4739473050349996e-05
7905.0 1.464469558630145e-05
7906.0 1.45486983671175e-05
7907.0 1.445407941806266e-05
7908.0 1.4358257497784661e-05
7909.0 1.4263796947754966e-05
7910.0 1.4168150183741754e-05
7911.0 1.4073848055286403e-05
7912.0 1.3979620829285883e-05
7913.0 1.3884236029793042e-05
7914.0 1.3790171223740607e-05
7915.0 1.369496197696486e-05
7916.0 1.3601055159840971e-05
7917.0 1.3507223116834064e-05
7918.0 1.341227162129646e-05
7919.0 1.3318597400297657e-05
7920.0 1.3223821753592434e-05
7921.0 1.313030509981171e-05
7922.0 1.3035702215454175e-05
7923.0 1.2956780010708319e-05
7924.0 1.2881060453328989e-05
7925.0 1.2804260407115794e-05
7926.0 1.2728667332016321e-05
7927.0 1.2652007186726939e-05
7928.0 1.2576540501331222e-05
7929.0 1.2500020143094131e-05
7930.0 1.2424679754866671e-05
7931.0 1.2349401193901046e-05
7932.0 1.2273088993415677e-05
7933.0 1.2212271484731872e-05
7934.0 1.2153588804441175e-05
7935.0 1.2096039059275136e-05
7936.0 1.2037461738588413e-05
7937.0 1.1980007063683948e-05
7938.0 1.1922597340240462e-05
7939.0 1.1864176603240782e-05
7940.0 1.1806861843916547e-05
7941.0 1.1748552739669099e-05
7942.0 1.1691340554827748e-05
7943.0 1.1647349257764735e-05
7944.0 1.160763801138454e-05
7945.0 1.1567956939876294e-05
7946.0 1.1527278568784293e-05
7947.0 1.148766135165698e-05
7948.0 1.1447053874289716e-05
7949.0 1.1407500465365253e-05
7950.0 1.1366963824808333e-05
7951.0 1.1327479754351392e-05
7952.0 1.128802575006572e-05
7953.0 1.121938541771923e-05
7954.0 1.1145338696345603e-05
7955.0 1.1070365188939085e-05
7956.0 1.0996443290740066e-05
7957.0 1.092160656699672e-05
7958.0 1.0847809408792831e-05
7959.0 1.077407129872653e-05
7960.0 1.0699438031767209e-05
7961.0 1.0625824635099525e-05
7962.0 1.0551329164459547e-05
7963.0 1.0491830921929959e-05
7964.0 1.0434717844864323e-05
7965.0 1.0378584941729051e-05
7966.0 1.0322496443031937e-05
7967.0 1.0265536598909735e-05
7968.0 1.0209541864740323e-05
7969.0 1.0152685741013934e-05
7970.0 1.0096784703083436e-05
7971.0 1.0040046435269465e-05
7972.0 9.984252025568788e-06
7973.0 9.941504030912915e-06
7974.0 9.9029758221816e-06
7975.0 9.864477304811749e-06
7976.0 9.825131706954797e-06
7977.0 9.786695976238342e-06
7978.0 9.74742000220558e-06
7979.0 9.709047012963538e-06
7980.0 9.66984060699919e-06
7981.0 9.631610011940654e-06
7982.0 9.593408408809087e-06
7983.0 9.554382808564885e-06
7984.0 9.516242383325149e-06
7985.0 9.477284899328071e-06
7986.0 9.439205796816932e-06
7987.0 9.400317413332185e-06
7988.0 9.362299587449788e-06
7989.0 9.32431069038232e-06
7990.0 9.28552166026947e-06
7991.0 9.247748311298558e-06
7992.0 9.20918029098537e-06
7993.0 9.144138765491757e-06
7994.0 9.0716030669232e-06
7995.0 8.999938523225185e-06
7996.0 8.927531313430419e-06
7997.0 8.855982423450905e-06
7998.0 8.784488141043402e-06
7999.0 8.712270303911875e-06
8000.0 8.640891573058153e-06
8001.0 8.568020082072768e-06
8002.0 8.495987270810037e-06
8003.0 8.460877583572666e-06
8004.0 8.4359647808394e-06
8005.0 8.410321443924054e-06
8006.0 8.385452554036307e-06
8007.0 8.360604502203519e-06
8008.0 8.335032562917685e-06
8009.0 8.310228392192803e-06
8010.0 8.284704755242345e-06
8011.0 8.260048233375514e-06
8012.0 8.234676013142052e-06
8013.0 8.19439311710973e-06
8014.0 8.150153267435388e-06
8015.0 8.105228032421561e-06
8016.0 8.061070119410217e-06
8017.0 8.016234695688247e-06
8018.0 7.972158682611492e-06
8019.0 7.927413019518131e-06
8020.0 7.883418869647882e-06
8021.0 7.838815526577091e-06
8022.0 7.79495438911953e-06
8023.0 7.755637798327345e-06
8024.0 7.71683083187214e-06
8025.0 7.678750158153679e-06
8026.0 7.640019335953846e-06
8027.0 7.6020079831088895e-06
8028.0 7.56335326491706e-06
8029.0 7.525411204484482e-06
8030.0 7.486832550053845e-06
8031.0 7.449062922825835e-06
8032.0 7.411325195771086e-06
8033.0 7.376370801789719e-06
8034.0 7.343005992510909e-06
8035.0 7.309015341426892e-06
8036.0 7.275709324165246e-06
8037.0 7.241784184874915e-06
8038.0 7.208536935301333e-06
8039.0 7.174675729291025e-06
8040.0 7.14148723017012e-06
8041.0 7.108337170468893e-06
8042.0 7.074581942077533e-06
8043.0 7.035685399661327e-06
8044.0 6.9946450273090305e-06
8045.0 6.954268694558157e-06
8046.0 6.913308295000502e-06
8047.0 6.873004696993662e-06
8048.0 6.832124232655813e-06
8049.0 6.791893344187491e-06
8050.0 6.75169700240392e-06
8051.0 6.710936750055412e-06
8052.0 6.670815233537224e-06
8053.0 6.638336768162935e-06
8054.0 6.608711649489698e-06
8055.0 6.578522468976989e-06
8056.0 6.548949641927215e-06
8057.0 6.518818038554145e-06
8058.0 6.48929748515616e-06
8059.0 6.459801741550554e-06
8060.0 6.4297551343445255e-06
8061.0 6.400311639650102e-06
8062.0 6.370322544657835e-06
8063.0 6.338159658175201e-06
8064.0 6.304694925146167e-06
8065.0 6.271825795545959e-06
8066.0 6.23842605457754e-06
8067.0 6.205616020083879e-06
8068.0 6.172281899620358e-06
8069.0 6.139530936337937e-06
8070.0 6.106808037358112e-06
8071.0 6.073570189446205e-06
8072.0 6.0409073398675435e-06
8073.0 6.011002716047355e-06
8074.0 5.982581502020653e-06
8075.0 5.953651032538464e-06
8076.0 5.92528060430454e-06
8077.0 5.896405995204667e-06
8078.0 5.868086335286248e-06
8079.0 5.839790785379573e-06
8080.0 5.810998651366317e-06
8081.0 5.782754810459714e-06
8082.0 5.754019428744127e-06
8083.0 5.728122256658092e-06
8084.0 5.70239019782302e-06
8085.0 5.677192152915985e-06
8086.0 5.651508882998608e-06
8087.0 5.626355714592329e-06
8088.0 5.600721822360577e-06
8089.0 5.5756135150478765e-06
8090.0 5.550526508145866e-06
8091.0 5.524964594568023e-06
8092.0 5.499921514741546e-06
8093.0 5.4793636909206086e-06
8094.0 5.4607501134026296e-06
8095.0 5.441663906685195e-06
8096.0 5.42308254302042e-06
8097.0 5.404031876673685e-06
8098.0 5.385482715818664e-06
8099.0 5.366468146919221e-06
8100.0 5.34795117585003e-06
8101.0 5.3294503551345215e-06
8102.0 5.3104885183448156e-06
8103.0 5.281574361876626e-06
8104.0 5.2491391131257e-06
8105.0 5.217205576819058e-06
8106.0 5.184834988171985e-06
8107.0 5.1529603733466565e-06
8108.0 5.120654414351573e-06
8109.0 5.088838700611301e-06
8110.0 5.056597340815855e-06
8111.0 5.024839670762395e-06
8112.0 4.993110020749754e-06
8113.0 4.9703200862591725e-06
8114.0 4.950790500805383e-06
8115.0 4.930834922181858e-06
8116.0 4.911340017178859e-06
8117.0 4.8914231348985086e-06
8118.0 4.871962896296044e-06
8119.0 4.852083644007289e-06
8120.0 4.832658061920287e-06
8121.0 4.8128177482942045e-06
8122.0 4.793427605481122e-06
8123.0 4.770553935853165e-06
8124.0 4.747197741280342e-06
8125.0 4.723861802077335e-06
8126.0 4.700124170034376e-06
8127.0 4.676830827089869e-06
8128.0 4.653139966179659e-06
8129.0 4.629889204746936e-06
8130.0 4.606245092951341e-06
8131.0 4.583036898282004e-06
8132.0 4.5594400015764335e-06
8133.0 4.538392630196553e-06
8134.0 4.517609427068639e-06
8135.0 4.497251336022988e-06
8136.0 4.476508766538334e-06
8137.0 4.4561876461915185e-06
8138.0 4.43588409462494e-06
8139.0 4.415201528789181e-06
8140.0 4.394934930297731e-06
8141.0 4.374292224393861e-06
8142.0 4.354061845470936e-06
8143.0 4.3329049375386215e-06
8144.0 4.31198378486053e-06
8145.0 4.290695390254292e-06
8146.0 4.269812632128688e-06
8147.0 4.248566832864528e-06
8148.0 4.227722453691647e-06
8149.0 4.206518317596218e-06
8150.0 4.185712306243472e-06
8151.0 4.164925232099904e-06
8152.0 4.143783991286591e-06
8153.0 4.127235547267828e-06
8154.0 4.111662755127822e-06
8155.0 4.096473765512007e-06
8156.0 4.08093084140081e-06
8157.0 4.065768984799673e-06
8158.0 4.0502559146999465e-06
8159.0 4.035121181727977e-06
8160.0 4.019637951622171e-06
8161.0 4.004530293756111e-06
8162.0 3.989077278281525e-06
8163.0 3.971322678510708e-06
8164.0 3.952367143612746e-06
8165.0 3.933784970206367e-06
8166.0 3.9152190926358876e-06
8167.0 3.896319125855798e-06
8168.0 3.877787501894982e-06
8169.0 3.858925115738785e-06
8170.0 3.840427733456727e-06
8171.0 3.821602312859287e-06
8172.0 3.8031385688820135e-06
8173.0 3.7846662640364575e-06
8174.0 3.7666549571540214e-06
8175.0 3.7483223287380256e-06
8176.0 3.730344386461958e-06
8177.0 3.712048749427825e-06
8178.0 3.6941041581645734e-06
8179.0 3.675844697112209e-06
8180.0 3.6579334471188273e-06
8181.0 3.640038662454689e-06
8182.0 3.621833826428062e-06
8183.0 3.60857345945682e-06
8184.0 3.596525763029484e-06
8185.0 3.5848126341027466e-06
8186.0 3.5727878103183433e-06
8187.0 3.5610954422735792e-06
8188.0 3.5490934803927168e-06
8189.0 3.5374218660373445e-06
8190.0 3.5254427553204897e-06
8191.0 3.513791887461128e-06
8192.0 3.5018356171686006e-06
8193.0 3.4858146292956697e-06
8194.0 3.4680177578371405e-06
8195.0 3.450549925138186e-06
8196.0 3.432788608206876e-06
8197.0 3.4153535529907296e-06
8198.0 3.39793409798561e-06
8199.0 3.3802258582975058e-06
8200.0 3.3628391649578325e-06
8201.0 3.3452136178004194e-06
8202.0 3.327905995712231e-06
8203.0 3.3149269308523247e-06
8204.0 3.3038268877806648e-06
8205.0 3.29243946615189e-06
8206.0 3.2813587805953977e-06
8207.0 3.2699927099638762e-06
8208.0 3.258931376622401e-06
8209.0 3.247586997094791e-06
8210.0 3.2365450094811405e-06
8211.0 3.225222148304598e-06
8212.0 3.2142000330643555e-06
8213.0 3.2004036257953396e-06
8214.0 3.186046571717074e-06
8215.0 3.1714161288312763e-06
8216.0 3.157085160514622e-06
8217.0 3.142766587240123e-06
8218.0 3.1281784928819374e-06
8219.0 3.1138859957138655e-06
8220.0 3.099326549986706e-06
8221.0 3.0850601217412237e-06
8222.0 3.070529312993349e-06
8223.0 3.0573391499183366e-06
