mejiro/data/hst_filter_response/WFC3_UVIS-F625W.ecsv
# %ECSV 1.0
# ---
# datatype:
# - {name: wavelength, unit: Angstrom, datatype: float64}
# - {name: response, datatype: float64}
# meta:
#   __serialized_columns__:
#     wavelength:
#       __class__: astropy.units.quantity.Quantity
#       unit: !astropy.units.Unit {unit: Angstrom}
#       value: !astropy.table.SerializedColumn {name: wavelength}
#   band_name: F625W
#   group_name: WFC3_UVIS
# schema: astropy-2.0
wavelength response
[from data line 3273]
5262.0 2.917632486374697e-06
5263.0 3.0515090996706608e-06
5264.0 3.1853822007994355e-06
5265.0 3.319251789723868e-06
5266.0 3.4531178664068336e-06
5267.0 3.586980430811188e-06
5268.0 3.7208394828998093e-06
5269.0 3.854695022635571e-06
5270.0 3.988886066631347e-06
5271.0 4.1227453059239874e-06
5272.0 4.3025586078115766e-06
5273.0 4.522600558886018e-06
5274.0 4.742636666694174e-06
5275.0 4.962666931178048e-06
5276.0 5.182691352279651e-06
5277.0 5.402709929941009e-06
5278.0 5.6227226641041465e-06
5279.0 5.8427295547111115e-06
5280.0 6.062730601703942e-06
5281.0 6.282723875062993e-06
5282.0 6.536842358801712e-06
5283.0 6.821128386601738e-06
5284.0 7.105406688482431e-06
5285.0 7.38967726437646e-06
5286.0 7.673940114216527e-06
5287.0 7.958195237935322e-06
5288.0 8.242442635465566e-06
5289.0 8.52668230673999e-06
5290.0 8.81091425169131e-06
5291.0 9.095137030984465e-06
5292.0 9.379351993870193e-06
5293.0 9.663559140285156e-06
5294.0 9.947758470165998e-06
5295.0 1.0231949983449404e-05
5296.0 1.051613368007204e-05
5297.0 1.0800309559970622e-05
5298.0 1.1084477623081831e-05
5299.0 1.1368637869342392e-05
5300.0 1.1652790298689039e-05
5301.0 1.1936931244256071e-05
5302.0 1.2221064198224377e-05
5303.0 1.2505189160538227e-05
5304.0 1.2789306131141936e-05
5305.0 1.3073415109979805e-05
5306.0 1.3357516096996151e-05
5307.0 1.3641609092135341e-05
5308.0 1.392569409534168e-05
5309.0 1.4209771106559562e-05
5310.0 1.4493840125733323e-05
5311.0 1.4777896475766376e-05
5312.0 1.5061944653847864e-05
5313.0 1.5345984659929947e-05
5314.0 1.5630016493964815e-05
5315.0 1.591404015590463e-05
5316.0 1.6198055645701608e-05
5317.0 1.6482062963307927e-05
5318.0 1.6766062108675846e-05
5319.0 1.705005308175754e-05
5320.0 1.733403588250529e-05
5321.0 1.7618013298824173e-05
5322.0 1.849559426734181e-05
5323.0 1.992104881060118e-05
5324.0 2.1346462812971177e-05
5325.0 2.277183627419233e-05
5326.0 2.4197169194005214e-05
5327.0 2.5622461572150516e-05
5328.0 2.7047713408368876e-05
5329.0 2.8472924702401108e-05
5330.0 2.9898095453987993e-05
5331.0 3.132321574943277e-05
5332.0 3.309434747640089e-05
5333.0 3.519159243856076e-05
5334.0 3.728596379513858e-05
5335.0 3.9380274244551146e-05
5336.0 4.1474523786475194e-05
5337.0 4.3568712420587394e-05
5338.0 4.5662840146564607e-05
5339.0 4.7756906964083705e-05
5340.0 4.9850912872821706e-05
5341.0 5.194484965246751e-05
5342.0 5.513169864502415e-05
5343.0 5.934919395264693e-05
5344.0 6.356656526224762e-05
5345.0 6.778381257323367e-05
5346.0 7.200093588501258e-05
5347.0 7.621793519699212e-05
5348.0 8.043481050858005e-05
5349.0 8.465156181918459e-05
5350.0 8.886818912821388e-05
5351.0 9.308462051709113e-05
5352.0 9.816491736898334e-05
5353.0 0.00010406785833021564
5354.0 0.0001099706165751435
5355.0 0.0001158731921033328
5356.0 0.0001217755849143499
5357.0 0.00012767779500776142
5358.0 0.000133579822383134
5359.0 0.00013948166704003475
5360.0 0.00014538332897803078
5361.0 0.00015128471243529816
5362.0 0.00015893380693745947
5363.0 0.00016826684712096916
5364.0 0.00017759958654488996
5365.0 0.00018693202520904848
5366.0 0.00019626416311327197
5367.0 0.00020559600025738767
5368.0 0.00021492753664122366
5369.0 0.00022425877226460808
5370.0 0.00023358970712736968
5371.0 0.0002429202666064939
5372.0 0.00025656833712911416
5373.0 0.0002744172350211066
5374.0 0.0002922655466890136
5375.0 0.0003101132721329825
5376.0 0.00032796041135316043
5377.0 0.00034580696434969633
5378.0 0.0003636529311227391
5379.0 0.00038149831167243924
5380.0 0.00039934310599894674
5381.0 0.00041718738012354003
5382.0 0.00044109682448846365
5383.0 0.00047097710204818666
5384.0 0.0005008564075227155
5385.0 0.0005307347409118964
5386.0 0.0005606121022155788
5387.0 0.0005904884914336109
5388.0 0.0006203639085658443
5389.0 0.0006502383536121307
5390.0 0.000680111826572323
5391.0 0.0007099843274462757
5392.0 0.0007513850857467829
5393.0 0.0008042461832619715
5394.0 0.0008571055607984065
5395.0 0.0009099632183558315
5396.0 0.0009628191559339945
5397.0 0.0010156733735326448
5398.0 0.0010685258711515344
5399.0 0.0011213766487904165
5400.0 0.0011742257064490484
5401.0 0.0012270724615416576
5402.0 0.0013018125516051791
5403.0 0.0013985735433578667
5404.0 0.0014953312943514427
5405.0 0.0015920858045894368
5406.0 0.0016888370740753863
5407.0 0.0017855851028128302
5408.0 0.0018823298908053118
5409.0 0.0019790714380563804
5410.0 0.002075809744569584
5411.0 0.0021725437990758757
5412.0 0.0023071850264341424
5413.0 0.002480328474816856
5414.0 0.002653465962060132
5415.0 0.0028265974881773086
5416.0 0.0029997230531817313
5417.0 0.003172842657086754
5418.0 0.0033459562999057354
5419.0 0.003519063981652043
5420.0 0.0036921657023390527
5421.0 0.0038652596627331342
5422.0 0.004105653151579491
5423.0 0.004415208465528402
5424.0 0.004724752831892587
5425.0 0.0050342862507084495
5426.0 0.005343808722012407
5427.0 0.00565332024584088
5428.0 0.005962820822230315
5429.0 0.0062723104512171675
5430.0 0.006581789132837897
5431.0 0.006891248580240563
5432.0 0.007330119234123219
5433.0 0.007903287272526153
5434.0 0.008476433660723866
5435.0 0.009049558399170595
5436.0 0.009622661488320552
5437.0 0.01019574292862796
5438.0 0.010768802720547031
5439.0 0.01134184086453197
5440.0 0.011914857361036976
5441.0 0.012487848257407572
5442.0 0.013290993238805537
5443.0 0.014335799150743084
5444.0 0.015380564933781022
5445.0 0.016425290588777848
5446.0 0.017469976116591932
5447.0 0.01851462151808171
5448.0 0.01955922679410555
5449.0 0.020603791945521862
5450.0 0.021648316973189006
5451.0 0.022692787932877153
5452.0 0.02410727546451891
5453.0 0.02591409463039999
5454.0 0.027720842174676037
5455.0 0.029527518098933666
5456.0 0.03133412240475939
5457.0 0.03314065509373976
5458.0 0.03494711616746128
5459.0 0.036753505627510466
5460.0 0.038556546542759786
5461.0 0.04036261372357045
5462.0 0.04265900862413354
5463.0 0.045481438197422404
5464.0 0.04830375230707319
5465.0 0.05112595095572863
5466.0 0.05394803414603147
5467.0 0.05677000188062425
5468.0 0.05959185416214978
5469.0 0.06241359099325044
5470.0 0.06523521237656904
5471.0 0.06805667585498033
5472.0 0.07141008389170561
5473.0 0.07533978564579752
5474.0 0.07926932171807585
5475.0 0.08319869211244565
5476.0 0.08712789683281211
5477.0 0.09105693588308025
5478.0 0.09498580926715505
5479.0 0.09891451698894152
5480.0 0.10284305905234446
5481.0 0.10677140264975919
5482.0 0.11098986164576911
5483.0 0.11552572366713466
5484.0 0.12006139163423961
5485.0 0.12459686555172052
5486.0 0.1291321454242138
5487.0 0.1336672312563559
5488.0 0.13820212305278304
5489.0 0.1427368208181317
5490.0 0.1472713245570377
5491.0 0.1518055621730456
5492.0 0.1561070616217671
5493.0 0.16015095789580344
5494.0 0.16419467727515366
5495.0 0.1682382197641297
5496.0 0.1722815853670426
5497.0 0.1763247740882042
5498.0 0.18036778593192568
5499.0 0.18441062090251858
5500.0 0.18845327900429398
5501.0 0.19249663616834287
5502.0 0.19600814389877178
5503.0 0.1989251474754551
5504.0 0.20184204997880179
5505.0 0.2047588514104851
5506.0 0.20767555177217786
5507.0 0.21059215106555293
5508.0 0.2135086492922834
5509.0 0.21642504645404234
5510.0 0.21934134255250254
5511.0 0.2222574320125601
5512.0 0.2246340324774878
5513.0 0.2264004533539626
5514.0 0.22816681129390592
5515.0 0.22993310629838495
5516.0 0.23169933836846782
5517.0 0.23346550750522194
5518.0 0.23523161370971515
5519.0 0.23699765698301514
5520.0 0.23876363732618974
5521.0 0.2405294808043748
5522.0 0.2418849284631706
5523.0 0.2428155938431594
5524.0 0.24374622543267488
5525.0 0.24467682323229906
5526.0 0.24560738724261372
5527.0 0.24653791746420134
5528.0 0.24746841389764396
5529.0 0.24839887654352374
5530.0 0.24932930540242265
5531.0 0.2502595419470278
5532.0 0.2509602357344032
5533.0 0.2513956454332861
5534.0 0.2518310387006982
5535.0 0.25226641553693085
5536.0 0.2527017759422759
5537.0 0.2531371199170248
5538.0 0.25357244746146923
5539.0 0.25400775857590085
5540.0 0.25444305326061095
5541.0 0.2548781344313946
5542.0 0.2552594436180512
5543.0 0.2555779965534715
5544.0 0.2558965369285082
5545.0 0.2562150647433912
5546.0 0.25653357999835047
5547.0 0.2568520826936168
5548.0 0.2571705728294199
5549.0 0.25748905040598996
5550.0 0.2578075154235576
5551.0 0.2581258476331584
5552.0 0.25846187012241073
5553.0 0.25881878680761405
5554.0 0.25917568909363436
5555.0 0.25953257698073995
5556.0 0.2598894504691993
5557.0 0.26024630955928085
5558.0 0.26060315425125286
5559.0 0.26095998454538405
5560.0 0.2613168004419424
5561.0 0.2616734775895693
5562.0 0.26201068633780994
5563.0 0.262302381907573
5564.0 0.2626163347463895
5565.0 0.2629302745931727
5566.0 0.26324420144816885
5567.0 0.2635581153116246
5568.0 0.2638720161837857
5569.0 0.2641859040648991
5570.0 0.2644997789552107
5571.0 0.2648135569507797
5572.0 0.2651313843202861
5573.0 0.2654541013240652
5574.0 0.2657768047651237
5575.0 0.26609949464372146
5576.0 0.26642217096011833
5577.0 0.2667448337145742
5578.0 0.2670674829073487
5579.0 0.26739011853870204
5580.0 0.26771274060889366
5581.0 0.26803526668260813
5582.0 0.2683169786011039
5583.0 0.26854894990222344
5584.0 0.2687809112591982
5585.0 0.26901286267222063
5586.0 0.26924480414148366
5587.0 0.26947673566717967
5588.0 0.26970865724950166
5589.0 0.2699405688886421
5590.0 0.2701724705847939
5591.0 0.27040436233814946
5592.0 0.27061186728489484
5593.0 0.2707892982655621
5594.0 0.2709667215990945
5595.0 0.27112108874446117
5596.0 0.2712984817036415
5597.0 0.2714758670167819
5598.0 0.27165324468403107
5599.0 0.271830614705537
5600.0 0.2720079770814486
5601.0 0.272185202411792
5602.0 0.272305723267766
5603.0 0.2723556181211908
5604.0 0.27240551064704394
5605.0 0.2724554008453719
5606.0 0.2725052887162214
5607.0 0.2725551742596391
5608.0 0.2726050574756715
5609.0 0.2726549383643653
5610.0 0.272704816925767
5611.0 0.2727546117888992
5612.0 0.27273743365113085
5613.0 0.2726358423935123
5614.0 0.27253425539444104
5615.0 0.2724326726538345
5616.0 0.2723310941716095
5617.0 0.2722295199476835
5618.0 0.2721279499819732
5619.0 0.27202638427439635
5620.0 0.27192482282486946
5621.0 0.27182305020532294
5622.0 0.2716993711925673
5623.0 0.2715247202867175
5624.0 0.2713731737523407
5625.0 0.271221633887188
5626.0 0.27107010069112614
5627.0 0.2709185741640219
5628.0 0.2707670543057423
5629.0 0.2706155411161541
5630.0 0.27046403459512414
5631.0 0.2703053104509171
5632.0 0.27009761168319063
5633.0 0.26982682413364273
5634.0 0.269556062525294
5635.0 0.2692853268566537
5636.0 0.26901461712623165
5637.0 0.26874393333253727
5638.0 0.26847327547408034
5639.0 0.26820264354937073
5640.0 0.2679320375569179
5641.0 0.26766149993149013
5642.0 0.26736502690124586
5643.0 0.2670348051385796
5644.0 0.26670461509856724
5645.0 0.2663744567793884
5646.0 0.26604433017922136
5647.0 0.2657142352962454
5648.0 0.2653616362684443
5649.0 0.2650316328399576
5650.0 0.2647016611205066
5651.0 0.2643717211082705
5652.0 0.2640136354065442
5653.0 0.26361855740649537
5654.0 0.26322351752807094
5655.0 0.26282851576907945
5656.0 0.26243355212732866
5657.0 0.26203862660062655
5658.0 0.26164373918678174
5659.0 0.2612488898836025
5660.0 0.2608540786888973
5661.0 0.26045922542145494
5662.0 0.26011360462396393
5663.0 0.25983343832199446
5664.0 0.2595532990042368
5665.0 0.25927318666913457
5666.0 0.2589931013151321
5667.0 0.2587130429406724
5668.0 0.2584330115442
5669.0 0.25815300712415823
5670.0 0.2578730296789918
5671.0 0.2575710135815961
5672.0 0.2573292106984047
5673.0 0.2571389239538323
5674.0 0.2569486555187658
5675.0 0.25675840539214173
5676.0 0.2565681735728971
5677.0 0.25637796005996866
5678.0 0.25618776485229344
5679.0 0.25599758794880806
5680.0 0.25580742934844986
5681.0 0.25561717217996144
5682.0 0.2554479488719513
5683.0 0.25530730976627375
5684.0 0.25516668410801613
5685.0 0.25502607189639587
5686.0 0.2548854731306298
5687.0 0.25474488780993493
5688.0 0.25460431593352817
5689.0 0.2544637575006273
5690.0 0.25432321251044887
5691.0 0.25418263826548615
5692.0 0.2540359627219026
5693.0 0.2539321780218215
5694.0 0.2538284030708861
5695.0 0.25372463786853194
5696.0 0.2536208824141935
5697.0 0.25351713670730636
5698.0 0.2534134007473049
5699.0 0.253309674533625
5700.0 0.2532059580657013
5701.0 0.2531023316604856
5702.0 0.25305647118131214
5703.0 0.2530908761744543
5704.0 0.2531252769059213
5705.0 0.25315967337598094
5706.0 0.2531940655849012
5707.0 0.25322845353295015
5708.0 0.2532628372203955
5709.0 0.25329721664750543
5710.0 0.2533315918145477
5711.0 0.2533444162544209
5712.0 0.25344555674359215
5713.0 0.2536404197670951
5714.0 0.2538352623165944
5715.0 0.25403008439331815
5716.0 0.25422488599849563
5717.0 0.2544196671333548
5718.0 0.25461442779912474
5719.0 0.2548091679970336
5720.0 0.25500388772831045
5721.0 0.25519850598989513
5722.0 0.25543822232972857
5723.0 0.2557420150091716
5724.0 0.2560457759967819
5725.0 0.2563495052944636
5726.0 0.2566532029041211
5727.0 0.25695686882765867
5728.0 0.2572605030669808
5729.0 0.2575422002799566
5730.0 0.2578457453384262
5731.0 0.25814917917936514
5732.0 0.258447837881079
5733.0 0.2587396580232052
5734.0 0.2590314474876677
5735.0 0.25932320627632044
5736.0 0.2596149343910178
5737.0 0.259906631833614
5738.0 0.2601982986059631
5739.0 0.26048993470991916
5740.0 0.2607815401473362
5741.0 0.2610731563660004
5742.0 0.26136405674550617
5743.0 0.2616539311902966
5744.0 0.2619437752410829
5745.0 0.26223358889969756
5746.0 0.2625233721679735
5747.0 0.2627907713833153
5748.0 0.2630804692339605
5749.0 0.26337013670234866
5750.0 0.26365977379031164
5751.0 0.26394937803448687
5752.0 0.2642730374990849
5753.0 0.26464668014940423
5754.0 0.26502028384087817
5755.0 0.26539384857585224
5756.0 0.26576737435667147
5757.0 0.266140861185681
5758.0 0.26651430906522594
5759.0 0.2668877179976512
5760.0 0.2672610879853017
5761.0 0.26763446402974633
5762.0 0.2679815932020019
5763.0 0.26826693636814614
5764.0 0.26857504256172476
5765.0 0.2688831165754818
5766.0 0.2691911584113519
5767.0 0.26949916807127
5768.0 0.269807145557171
5769.0 0.2701150908709894
5770.0 0.27042300401465963
5771.0 0.27073083946406545
5772.0 0.2709920562947469
5773.0 0.27118334121468496
5774.0 0.27137460575466416
5775.0 0.2715658499159199
5776.0 0.271757073699688
5777.0 0.2719482771072033
5778.0 0.2721394601397017
5779.0 0.2723074832916137
5780.0 0.2724986093367226
5781.0 0.27268967424622104
5782.0 0.2728345784358557
5783.0 0.2729093803965877
5784.0 0.2729841738295494
5785.0 0.2730589587352692
5786.0 0.2731337351142757
5787.0 0.2732085029670973
5788.0 0.27328326229426236
5789.0 0.27335801309629953
5790.0 0.27343275537373696
5791.0 0.2735074456772336
5792.0 0.2735511696995449
5793.0 0.2735473814003177
5794.0 0.27352032032658385
5795.0 0.2735165313690222
5796.0 0.27351274192121533
5797.0 0.27350895198321
5798.0 0.27350516155505344
5799.0 0.2735013706367924
5800.0 0.27349757922847384
5801.0 0.2734938742378074
5802.0 0.2734317326930909
5803.0 0.2732788140536441
5804.0 0.27312591015360793
5805.0 0.27297302099211823
5806.0 0.27282014656831066
5807.0 0.2726672868813212
5808.0 0.2725144419302858
5809.0 0.2723384380181225
5810.0 0.2721856355386009
5811.0 0.2720328452483842
5812.0 0.2718240060620996
5813.0 0.27152719232493056
5814.0 0.27123040802701115
5815.0 0.27093365316659757
5816.0 0.2706369277419462
5817.0 0.2703402317513134
5818.0 0.27004356519295564
5819.0 0.26974692806512945
5820.0 0.2694503203660914
5821.0 0.269153744610337
5822.0 0.2688345327864266
5823.0 0.2684564908590569
5824.0 0.268101359878972
5825.0 0.26774626430053433
5826.0 0.2673912041216434
5827.0 0.2670361793401992
5828.0 0.26668118995410084
5829.0 0.26632623596124827
5830.0 0.26597131735954144
5831.0 0.26562048897073826
5832.0 0.2652818310098941
5833.0 0.2649626973693382
5834.0 0.26464358610932953
5835.0 0.264324497229093
5836.0 0.2640054307278535
5837.0 0.2636639472155673
5838.0 0.26334495261835755
5839.0 0.26302598039591574
5840.0 0.2627070305474668
5841.0 0.2623880613597689
5842.0 0.2620734097808028
5843.0 0.26176576246334776
5844.0 0.26145813680624796
5845.0 0.2611505328087511
5846.0 0.2608429504701035
