mejiro/data/hst_filter_response/WFC3_UVIS-F625W.ecsv
# %ECSV 1.0
# ---
# datatype:
# - {name: wavelength, unit: Angstrom, datatype: float64}
# - {name: response, datatype: float64}
# meta:
#   __serialized_columns__:
#     wavelength:
#       __class__: astropy.units.quantity.Quantity
#       unit: !astropy.units.Unit {unit: Angstrom}
#       value: !astropy.table.SerializedColumn {name: wavelength}
#   band_name: F625W
#   group_name: WFC3_UVIS
# schema: astropy-2.0
wavelength response
1989.0 0.0
1990.0 2.260406383410345e-08
1991.0 2.2850498341779163e-08
1992.0 2.2669095235291145e-08
1993.0 2.2488263885141132e-08
1994.0 2.2303819944463813e-08
1995.0 2.2119906286129316e-08
1996.0 2.1932401922571977e-08
1997.0 2.1745383288761522e-08
1998.0 2.155679575739408e-08
1999.0 2.136465503372002e-08
2000.0 2.1172932016274952e-08
2001.0 2.101667910288648e-08
2002.0 2.1016360650094114e-08
2003.0 2.1014044752201696e-08
2004.0 2.1013624086028095e-08
2005.0 2.1013152151001503e-08
2006.0 2.10106833328035e-08
2007.0 2.1010106660486668e-08
2008.0 2.100753582395266e-08
2009.0 2.1006858918801607e-08
2010.0 2.1004185949629446e-08
2011.0 2.0787682609381577e-08
2012.0 2.0169824304782973e-08
2013.0 1.954868922529281e-08
2014.0 1.89279534819051e-08
2015.0 1.830405533231655e-08
2016.0 1.7680440408944133e-08
2017.0 1.705377795691724e-08
2018.0 1.6427282128276942e-08
2019.0 1.5799314339101708e-08
2020.0 1.516847404142134e-08
2021.0 1.497565655408556e-08
2022.0 1.5601689603642496e-08
2023.0 1.6230495789624498e-08
2024.0 1.685913031302752e-08
2025.0 1.749065478317256e-08
2026.0 1.812356813663058e-08
2027.0 1.875613597267373e-08
2028.0 1.939176989795709e-08
2029.0 2.0026941765277836e-08
2030.0 2.066529768982883e-08
2031.0 2.098276631200188e-08
2032.0 2.069841843085963e-08
2033.0 2.041150287910314e-08
2034.0 2.0125818622936097e-08
2035.0 1.9839451407141932e-08
2036.0 1.9550593452204255e-08
2037.0 1.9262886327823514e-08
2038.0 1.897274160910404e-08
2039.0 1.86836938105187e-08
2040.0 1.8392261799163268e-08
2041.0 1.8098694390945973e-08
2042.0 1.7798607281612055e-08
2043.0 1.7496202636450516e-08
2044.0 1.7194740309232587e-08
2045.0 1.6891018014506082e-08
2046.0 1.658818354366374e-08
2047.0 1.6283143061275204e-08
2048.0 1.5978933780236368e-08
2049.0 1.5674022666419985e-08
2050.0 1.536698979053804e-08
2051.0 1.5274200470933837e-08
2052.0 1.558333516957651e-08
2053.0 1.5894643189547904e-08
2054.0 1.6205217287018237e-08
2055.0 1.6518023003916045e-08
2056.0 1.6830038345750297e-08
2057.0 1.7144341975712503e-08
2058.0 1.7459412619384124e-08
2059.0 1.777360774641336e-08
2060.0 1.8090181398926895e-08
2061.0 1.8229127456192118e-08
2062.0 1.802855508118382e-08
2063.0 1.7825778685622738e-08
2064.0 1.7624108141094832e-08
2065.0 1.7421878488029156e-08
2066.0 1.7217499942185073e-08
2067.0 1.701416961455833e-08
2068.0 1.6808727405661434e-08
2069.0 1.660429294448262e-08
2070.0 1.6397785657952724e-08
2071.0 1.6343207696094468e-08
2072.0 1.658182383368307e-08
2073.0 1.6822509625515018e-08
2074.0 1.706375728078574e-08
2075.0 1.7303970640478968e-08
2076.0 1.7546321050100887e-08
2077.0 1.7787593470289642e-08
2078.0 1.8031048090996448e-08
2079.0 1.827338083463019e-08
2080.0 1.8517941118425524e-08
2081.0 1.8658164343941586e-08
2082.0 1.8597740332442745e-08
2083.0 1.853711991011039e-08
2084.0 1.8474603196882853e-08
2085.0 1.8413601357258814e-08
2086.0 1.8350712449441668e-08
2087.0 1.828932655311877e-08
2088.0 1.8226064924155067e-08
2089.0 1.81642943777128e-08
2090.0 1.810065950265123e-08
2091.0 1.8070316504056903e-08
2092.0 1.810347152817108e-08
2093.0 1.813499282602946e-08
2094.0 1.8168220908500343e-08
2095.0 1.819980945963857e-08
2096.0 1.823310862184119e-08
2097.0 1.826476443498656e-08
2098.0 1.8298138703106575e-08
2099.0 1.833155099500816e-08
2100.0 1.8363309191518526e-08
2101.0 1.8458475276919176e-08
2102.0 1.8597300170879243e-08
2103.0 1.8738488016334735e-08
2104.0 1.8878600727288854e-08
2105.0 1.902110586459269e-08
2106.0 1.9162513714193023e-08
2107.0 1.9306343714406955e-08
2108.0 1.9449054050654782e-08
2109.0 1.9594214361492687e-08
2110.0 1.9740052529067996e-08
2111.0 1.9818223276325825e-08
2112.0 1.9764348711376547e-08
2113.0 1.9708019796255462e-08
2114.0 1.9652869174261404e-08
2115.0 1.9595270125176042e-08
2116.0 1.953883430163212e-08
2117.0 1.9479956189649296e-08
2118.0 1.942222598366894e-08
2119.0 1.936384236272417e-08
2120.0 1.93030260392564e-08
2121.0 1.9257008260572505e-08
2122.0 1.923721641584805e-08
2123.0 1.9218811962712205e-08
2124.0 1.9198253957234252e-08
2125.0 1.9179076748621993e-08
2126.0 1.9157746955921948e-08
2127.0 1.913779121257941e-08
2128.0 1.9117443010244927e-08
2129.0 1.909494390347231e-08
2130.0 1.907380841804604e-08
2131.0 1.8975289428191135e-08
2132.0 1.872327120040756e-08
2133.0 1.8467695286378364e-08
2134.0 1.8211975103207073e-08
2135.0 1.7952734692843215e-08
2136.0 1.7693292705699904e-08
2137.0 1.7430364526885517e-08
2138.0 1.7167174749392134e-08
2139.0 1.6902089801444562e-08
2140.0 1.6633573851020892e-08
2141.0 1.6438098629386865e-08
2142.0 1.6392909706788886e-08
2143.0 1.6348744586807165e-08
2144.0 1.6302591115642142e-08
2145.0 1.625744971827985e-08
2146.0 1.6210325209037503e-08
2147.0 1.61642008547078e-08
2148.0 1.611757853224184e-08
2149.0 1.6068983016051725e-08
2150.0 1.6021369394935746e-08
2151.0 1.5903844259750473e-08
2152.0 1.564500717236945e-08
2153.0 1.538296332481068e-08
2154.0 1.5120558705207933e-08
2155.0 1.4854984732849598e-08
2156.0 1.4588990402315486e-08
2157.0 1.4319864731518888e-08
2158.0 1.405025842886503e-08
2159.0 1.3778825239081716e-08
2160.0 1.3504318788625857e-08
2161.0 1.352168379718395e-08
2162.0 1.4157918811625356e-08
2163.0 1.4799087529404668e-08
2164.0 1.544254051579707e-08
2165.0 1.609106625987412e-08
2166.0 1.674177895573266e-08
2167.0 1.7397704860416253e-08
2168.0 1.805571915163635e-08
2169.0 1.8719088507238532e-08
2170.0 1.9386226419510122e-08
2171.0 1.9758983065681816e-08
2172.0 1.9502969171648672e-08
2173.0 1.924343374070915e-08
2174.0 1.8983926688915857e-08
2175.0 1.8720937625530714e-08
2176.0 1.8457920478904683e-08
2177.0 1.8191457227401163e-08
2178.0 1.7924906682860816e-08
2179.0 1.765494864253915e-08
2180.0 1.7384843425567335e-08
2181.0 1.7136981470113685e-08
2182.0 1.694523696524848e-08
2183.0 1.6752177541252717e-08
2184.0 1.6556280007021476e-08
2185.0 1.636059678754316e-08
2186.0 1.6162103829984562e-08
2187.0 1.5963779426117168e-08
2188.0 1.576267587002372e-08
2189.0 1.556169809533434e-08
2190.0 1.5357968668045804e-08
2191.0 1.5211210557091327e-08
2192.0 1.5186797332901356e-08
2193.0 1.516348058047391e-08
2194.0 1.513847562181348e-08
2195.0 1.5114560674652907e-08
2196.0 1.509034400739597e-08
2197.0 1.5064443223269822e-08
2198.0 1.503962252960637e-08
2199.0 1.5013120582122783e-08
2200.0 1.498769033670609e-08
2201.0 1.5338524407027008e-08
2202.0 1.6515308346220083e-08
2203.0 1.7697638721424e-08
2204.0 1.8888672329286317e-08
2205.0 2.0085075052677202e-08
2206.0 2.1290439875116138e-08
2207.0 2.2500994068885837e-08
2208.0 2.372077193864572e-08
2209.0 2.4947843234349243e-08
2210.0 2.6179830035428346e-08
2211.0 2.6516510326499392e-08
2212.0 2.484361960099167e-08
2213.0 2.3162551168139884e-08
2214.0 2.1468882561668527e-08
2215.0 1.9766670383720313e-08
2216.0 1.8052107549189987e-08
2217.0 1.632862874978386e-08
2218.0 1.4593055125356424e-08
2219.0 1.2848189122894246e-08
2220.0 1.1091487748383809e-08
2221.0 1.0067153873461304e-08
2222.0 1.0702751039033422e-08
2223.0 1.1341008702459335e-08
2224.0 1.198395571751223e-08
2225.0 1.2629465772279902e-08
2226.0 1.3279802882847138e-08
2227.0 1.3932604322490612e-08
2228.0 1.4590370319488904e-08
2229.0 1.5250502195822525e-08
2230.0 1.5915740711685548e-08
2231.0 1.635557676253949e-08
2232.0 1.630418235187477e-08
2233.0 1.6250904183271043e-08
2234.0 1.619872166618042e-08
2235.0 1.614466384989936e-08
2236.0 1.609169049276877e-08
2237.0 1.6038318179689324e-08
2238.0 1.5983083500449573e-08
2239.0 1.592891620370232e-08
2240.0 1.5872895350452956e-08
2241.0 1.5807384417687657e-08
2242.0 1.571696309400803e-08
2243.0 1.5627432349597894e-08
2244.0 1.5535923514553778e-08
2245.0 1.5445286819193686e-08
2246.0 1.5352687081035713e-08
2247.0 1.5260940842645092e-08
2248.0 1.5167246805086736e-08
2249.0 1.507438742646163e-08
2250.0 1.4979595688676848e-08
2251.0 1.493214411316431e-08
2252.0 1.4991553514604778e-08
2253.0 1.5052485776677987e-08
2254.0 1.5113573823931095e-08
2255.0 1.5173433702240866e-08
2256.0 1.5234833398786556e-08
2257.0 1.5294992705827532e-08
2258.0 1.5356703199446372e-08
2259.0 1.541716267035804e-08
2260.0 1.5479184750514186e-08
2261.0 1.5418675785420005e-08
2262.0 1.5077100277174646e-08
2263.0 1.473252655882189e-08
2264.0 1.4387677053555846e-08
2265.0 1.4039887900668944e-08
2266.0 1.3691754953756864e-08
2267.0 1.3340741498134419e-08
2268.0 1.2989314237510216e-08
2269.0 1.2635067638357983e-08
2270.0 1.228033946227694e-08
2271.0 1.2337232792539441e-08
2272.0 1.3369156935349354e-08
2273.0 1.440663000988259e-08
2274.0 1.5447119964018508e-08
2275.0 1.6493360054411e-08
2276.0 1.7542438015053847e-08
2277.0 1.8597468881631796e-08
2278.0 1.9655157071009763e-08
2279.0 2.0719002504929468e-08
2280.0 2.1785323172331407e-08
2281.0 2.2400657095456183e-08
2282.0 2.1927329794017725e-08
2283.0 2.145387928116086e-08
2284.0 2.0976341407976084e-08
2285.0 2.04985878305012e-08
2286.0 2.0016828821135763e-08
2287.0 1.9534760845461657e-08
2288.0 1.9048770122920435e-08
2289.0 1.856237640110998e-08
2290.0 1.8072143375830978e-08
2291.0 1.791433084020804e-08
2292.0 1.855907201482153e-08
2293.0 1.9204621191559556e-08
2294.0 1.9854428292877518e-08
2295.0 2.0504931368432844e-08
2296.0 2.1159814620205788e-08
2297.0 2.181528316171317e-08
2298.0 2.2475259635899454e-08
2299.0 2.3135705365850204e-08
2300.0 2.3800785387757754e-08
2301.0 2.4249270284688317e-08
2302.0 2.4208435050072595e-08
2303.0 2.4165199218342904e-08
2304.0 2.4123975734860037e-08
2305.0 2.408035911381608e-08
2306.0 2.4038746453762967e-08
2307.0 2.3994748183981366e-08
2308.0 2.3952745418562735e-08
2309.0 2.390836463967193e-08
2310.0 2.3865968244812407e-08
2311.0 2.382196569086662e-08
2312.0 2.3783145319960722e-08
2313.0 2.3741976599408868e-08
2314.0 2.3702793111577136e-08
2315.0 2.366342586046873e-08
2316.0 2.362172096292646e-08
2317.0 2.3581989331498122e-08
2318.0 2.353992727429278e-08
2319.0 2.34998304297968e-08
2320.0 2.3457410444199858e-08
2321.0 2.338512539331077e-08
2322.0 2.323256534569499e-08
2323.0 2.3081644511782353e-08
2324.0 2.292814620952607e-08
2325.0 2.277626072456247e-08
2326.0 2.26218223021766e-08
2327.0 2.2468967623564116e-08
2328.0 2.2313587230278653e-08
2329.0 2.215976133721405e-08
2330.0 2.200343712040331e-08
2331.0 2.191989804547201e-08
2332.0 2.20142243449745e-08
2333.0 2.2110750426895085e-08
2334.0 2.2205456572640005e-08
2335.0 2.2302380085894288e-08
2336.0 2.239746673800848e-08
2337.0 2.2494785968753105e-08
2338.0 2.2590253777611517e-08
2339.0 2.2687974328413963e-08
2340.0 2.2783823965691256e-08
2341.0 2.275597444368986e-08
2342.0 2.2406943139237928e-08
2343.0 2.20589884151233e-08
2344.0 2.1708060323246832e-08
2345.0 2.1358143213127933e-08
2346.0 2.1007227452161636e-08
2347.0 2.0653431734853318e-08
2348.0 2.0300547917886048e-08
2349.0 1.9944846870715583e-08
2350.0 1.9589989144520303e-08
2351.0 1.926985957735359e-08
2352.0 1.904767543286723e-08
2353.0 1.882314052673981e-08
2354.0 1.8599701104030726e-08
2355.0 1.837395075105856e-08
2356.0 1.814925375052491e-08
2357.0 1.7922285867706393e-08
2358.0 1.769632898759016e-08
2359.0 1.7468141490106783e-08
2360.0 1.7240922426493004e-08
2361.0 1.7406321664772375e-08
2362.0 1.8599420497609097e-08
2363.0 1.9793767485906942e-08
2364.0 2.0992855720011825e-08
2365.0 2.2192981617242183e-08
2366.0 2.3398074048594458e-08
2367.0 2.4603988330739624e-08
2368.0 2.5815093196526688e-08
2369.0 2.7026805217745696e-08
2370.0 2.8243932910613278e-08
2371.0 2.886538871154084e-08
2372.0 2.7927421648795544e-08
2373.0 2.6984540404483298e-08
2374.0 2.6041736226411848e-08
2375.0 2.5094185697561297e-08
2376.0 2.4146536276684198e-08
2377.0 2.3194309166484658e-08
2378.0 2.2241806368463868e-08
2379.0 2.1284895374420586e-08
2380.0 2.0327528855721173e-08
2381.0 1.9668443342102076e-08
2382.0 1.981302768331651e-08
2383.0 1.9956112973743828e-08
2384.0 2.01013141171574e-08
2385.0 2.0244990630459246e-08
2386.0 2.0390809543429786e-08
2387.0 2.0535078142176303e-08
2388.0 2.0681515792824278e-08
2389.0 2.0826377340210663e-08
2390.0 2.097343469741941e-08
2391.0 2.1270844528302846e-08
2392.0 2.197975181883328e-08
2393.0 2.2688295904344172e-08
2394.0 2.340053362782175e-08
2395.0 2.4112284159041635e-08
2396.0 2.48278624741101e-08
2397.0 2.5545144267195525e-08
2398.0 2.6261745749367536e-08
2399.0 2.698237358050084e-08
2400.0 2.7702193232370897e-08
2401.0 2.8111057605656477e-08
2402.0 2.7761912401421658e-08
2403.0 2.7415360445022703e-08
2404.0 2.7066391573332416e-08
2405.0 2.6719952940036955e-08
2406.0 2.637116112813901e-08
2407.0 2.602483376739856e-08
2408.0 2.5676219780886935e-08
2409.0 2.5330010128653772e-08
2410.0 2.4981574658280908e-08
2411.0 2.4826637437946373e-08
2412.0 2.519452639905856e-08
2413.0 2.5564606316574184e-08
2414.0 2.5932269929985015e-08
2415.0 2.63021908439566e-08
2416.0 2.666962832247866e-08
2417.0 2.7039389398305954e-08
2418.0 2.7406599954126952e-08
2419.0 2.777620035645029e-08
2420.0 2.8143183201132888e-08
2421.0 2.8713587376138333e-08
2422.0 2.98394145437287e-08
2423.0 3.096764522708348e-08
2424.0 3.2092762295759214e-08
2425.0 3.322048583695894e-08
2426.0 3.434489044635619e-08
2427.0 3.5472104336380767e-08
2428.0 3.659579412436566e-08
2429.0 3.77224958520232e-08
2430.0 3.8845468454691665e-08
2431.0 3.968624674547988e-08
2432.0 3.973767988288964e-08
2433.0 3.97926763607742e-08
2434.0 3.9844024270451244e-08
2435.0 3.989894048499584e-08
2436.0 3.9950203089474465e-08
2437.0 4.000504757046327e-08
2438.0 4.0056224803361626e-08
2439.0 4.011099315630264e-08
2440.0 4.0162084945683704e-08
2441.0 4.018287979841924e-08
2442.0 4.0104210933350674e-08
2443.0 4.0029210809784946e-08
2444.0 3.995061615992219e-08
2445.0 3.987567603975628e-08
2446.0 3.979715567543994e-08
2447.0 3.972227564377315e-08
2448.0 3.96438296353497e-08
2449.0 3.9569009777297315e-08
2450.0 3.9490638195119025e-08
2451.0 3.9649721939437354e-08
2452.0 4.0478502493170846e-08
2453.0 4.131045297302433e-08
2454.0 4.213816317493164e-08
2455.0 4.296919283053493e-08
2456.0 4.3795831791003445e-08
2457.0 4.4625939525063524e-08
2458.0 4.545150635445113e-08
2459.0 4.627649942142565e-08
2460.0 4.710518487815745e-08
2461.0 4.7606442371971235e-08
2462.0 4.717262794127532e-08
2463.0 4.6734787601089966e-08
2464.0 4.6301425923541356e-08
2465.0 4.586411785958225e-08
2466.0 4.543120457530097e-08
2467.0 4.499442927422002e-08
2468.0 4.456197477941456e-08
2469.0 4.412573263353584e-08
2470.0 4.3693732521296145e-08
2471.0 4.336479099383661e-08
2472.0 4.3354549881036594e-08
2473.0 4.3340379592113255e-08
2474.0 4.333012783364087e-08
2475.0 4.331594946409238e-08
2476.0 4.330568705798003e-08
2477.0 4.329150060707014e-08
2478.0 4.328122755135181e-08
2479.0 4.326703301834577e-08
2480.0 4.325674464571186e-08
2481.0 4.3458426665901524e-08
2482.0 4.430801169287092e-08
2483.0 4.5153063960458644e-08
2484.0 4.600167762871807e-08
2485.0 4.6845605168629256e-08
2486.0 4.769324636421391e-08
2487.0 4.8536048279829306e-08
2488.0 4.938271588864793e-08
2489.0 5.02243912833449e-08
2490.0 5.107008419118021e-08
2491.0 5.183361861797004e-08
2492.0 5.236866204402929e-08
2493.0 5.289863259067436e-08
2494.0 5.343304459753394e-08
2495.0 5.3962293277747796e-08
2496.0 5.449608460901808e-08
2497.0 5.502461090128179e-08
2498.0 5.5557775136866566e-08
2499.0 5.608557846252685e-08
2500.0 5.6618114884394175e-08
2501.0 5.657201311583e-08
2502.0 5.4838210500989586e-08
2503.0 5.3101639760393066e-08
2504.0 5.1372059500735234e-08
2505.0 4.9640026729147377e-08
2506.0 4.791467296949932e-08
2507.0 4.618718146298283e-08
2508.0 4.4466053558887244e-08
2509.0 4.2743106799071654e-08
2510.0 4.102621866094254e-08
2511.0 4.006440725078433e-08
2512.0 4.144742688644696e-08
2513.0 4.283234918889676e-08
2514.0 4.421155781532402e-08
2515.0 4.5592916944480895e-08
2516.0 4.696831174682534e-08
2517.0 4.834610417615541e-08
2518.0 4.971768233953891e-08
2519.0 5.109190454209803e-08
2520.0 5.245966325161281e-08
2521.0 5.363428291857122e-08
2522.0 5.4187407901261844e-08
2523.0 5.474463901227178e-08
2524.0 5.529614886185228e-08
2525.0 5.585186974718514e-08
2526.0 5.6401763309639384e-08
2527.0 5.695596662110063e-08
2528.0 5.7504242682829656e-08
2529.0 5.805692690571295e-08
