mejiro/data/hst_filter_response/WFC3_UVIS-F475W.ecsv
# %ECSV 1.0
# ---
# datatype:
# - {name: wavelength, unit: Angstrom, datatype: float64}
# - {name: response, datatype: float64}
# meta:
#   __serialized_columns__:
#     wavelength:
#       __class__: astropy.units.quantity.Quantity
#       unit: !astropy.units.Unit {unit: Angstrom}
#       value: !astropy.table.SerializedColumn {name: wavelength}
#   band_name: F475W
#   group_name: WFC3_UVIS
# schema: astropy-2.0
wavelength response
[from data line 547]
2536.0 1.6137768725928018e-07
2537.0 1.625016963262472e-07
2538.0 1.6360939060427633e-07
2539.0 1.6473018620153927e-07
2540.0 1.6583448335418175e-07
2541.0 1.6696422951007334e-07
2542.0 1.6819358961944255e-07
2543.0 1.694059760582215e-07
2544.0 1.70631854015514e-07
2545.0 1.7184053803929754e-07
2546.0 1.7306293026944333e-07
2547.0 1.7426790899099545e-07
2548.0 1.754868119183546e-07
2549.0 1.7668808245026687e-07
2550.0 1.779034924986302e-07
2551.0 1.7876945607465086e-07
2552.0 1.7856804245281723e-07
2553.0 1.7835060537572823e-07
2554.0 1.7814932072339262e-07
2555.0 1.7793207111622708e-07
2556.0 1.7773095399471995e-07
2557.0 1.7751389203182863e-07
2558.0 1.773129235014452e-07
2559.0 1.7709604938058398e-07
2560.0 1.7689522967650296e-07
2561.0 1.7699612490242756e-07
2562.0 1.781596276913415e-07
2563.0 1.7930532199997322e-07
2564.0 1.804654366584877e-07
2565.0 1.8160753479855405e-07
2566.0 1.8274778237379325e-07
2567.0 1.8390275686190636e-07
2568.0 1.8503940410839637e-07
2569.0 1.8619096174956452e-07
2570.0 1.8732400566065243e-07
2571.0 1.8829043620277987e-07
2572.0 1.8862915170385037e-07
2573.0 1.8898418758348914e-07
2574.0 1.8932151103762897e-07
2575.0 1.8967521512087856e-07
2576.0 1.9001114542908203e-07
2577.0 1.9036351636032987e-07
2578.0 1.9069805242349854e-07
2579.0 1.9104908884688824e-07
2580.0 1.9138222956583185e-07
2581.0 1.9193852866368858e-07
2582.0 1.931759143248859e-07
2583.0 1.944287693037152e-07
2584.0 1.9566221713653802e-07
2585.0 1.9689363943484462e-07
2586.0 1.9814088262703241e-07
2587.0 1.993683625198746e-07
2588.0 2.006118828001923e-07
2589.0 2.0183541702558628e-07
2590.0 2.0307521040123393e-07
2591.0 2.0402052966638664e-07
2592.0 2.0403771208384184e-07
2593.0 2.0403627380245813e-07
2594.0 2.040529610581899e-07
2595.0 2.040510276927663e-07
2596.0 2.0406721933493816e-07
2597.0 2.0406479052275636e-07
2598.0 2.0408046420180626e-07
2599.0 2.0407753958043388e-07
2600.0 2.0409273864001132e-07
2601.0 2.042743713698523e-07
2602.0 2.054596265990211e-07
2603.0 2.0662299042327764e-07
2604.0 2.077828496956423e-07
2605.0 2.0895800948511265e-07
2606.0 2.1011096019197005e-07
2607.0 2.1127941616368175e-07
2608.0 2.1242545273990106e-07
2609.0 2.1358719806531656e-07
2610.0 2.1472631494515937e-07
2611.0 2.1587212674514086e-07
2612.0 2.16961313970254e-07
2613.0 2.180667154511349e-07
2614.0 2.1914918979153865e-07
2615.0 2.2024804681521337e-07
2616.0 2.213238026923814e-07
2617.0 2.2241615568491632e-07
2618.0 2.2348518775110306e-07
2619.0 2.2455080793582804e-07
2620.0 2.2563330931236577e-07
2621.0 2.264989952981362e-07
2622.0 2.2668853499378728e-07
2623.0 2.268565100161987e-07
2624.0 2.2704370931289821e-07
2625.0 2.2720931278298916e-07
2626.0 2.2739416937192556e-07
2627.0 2.2755739941002562e-07
2628.0 2.277399109819106e-07
2629.0 2.2790076570813476e-07
2630.0 2.2808090551332776e-07
2631.0 2.2842118257264465e-07
2632.0 2.2940073317905344e-07
2633.0 2.3035663465672182e-07
2634.0 2.313094212170758e-07
2635.0 2.3227997023198222e-07
2636.0 2.3322660773314193e-07
2637.0 2.3419117443067833e-07
2638.0 2.351316559960272e-07
2639.0 2.360902323756052e-07
2640.0 2.370245511243145e-07
2641.0 2.3795450340955757e-07
2642.0 2.3877533286383197e-07
2643.0 2.396148338750441e-07
2644.0 2.404300176139486e-07
2645.0 2.4126399039331726e-07
2646.0 2.420735219784708e-07
2647.0 2.4290201072966173e-07
2648.0 2.437058838927567e-07
2649.0 2.445068894798902e-07
2650.0 2.453270638607011e-07
2651.0 2.462527432738043e-07
2652.0 2.476831914205105e-07
2653.0 2.4908709852213247e-07
2654.0 2.505090825067237e-07
2655.0 2.5190426827207566e-07
2656.0 2.533177765612141e-07
2657.0 2.5470423104310516e-07
2658.0 2.561092520957588e-07
2659.0 2.574869653408039e-07
2660.0 2.5888345990260143e-07
2661.0 2.60214049379652e-07
2662.0 2.613936762274653e-07
2663.0 2.6259291258832113e-07
2664.0 2.63764709812547e-07
2665.0 2.649563224852917e-07
2666.0 2.66120281132775e-07
2667.0 2.673042597351719e-07
2668.0 2.6846037084715754e-07
2669.0 2.6963670499001717e-07
2670.0 2.707849596021484e-07
2671.0 2.7186632793165273e-07
2672.0 2.7258275403983306e-07
2673.0 2.732962964980542e-07
2674.0 2.740315458638716e-07
2675.0 2.7473938044062e-07
2676.0 2.7546901625196106e-07
2677.0 2.7617113636170346e-07
2678.0 2.7689520991858043e-07
2679.0 2.7759160912250394e-07
2680.0 2.7831008348371817e-07
2681.0 2.7903828186193464e-07
2682.0 2.7993351462008437e-07
2683.0 2.808003367975415e-07
2684.0 2.816890490584668e-07
2685.0 2.8254919137201425e-07
2686.0 2.834059524439837e-07
2687.0 2.84284828995329e-07
2688.0 2.851348989699942e-07
2689.0 2.8600723306658264e-07
2690.0 2.868506042468853e-07
2691.0 2.876954860500265e-07
2692.0 2.8842722629799476e-07
2693.0 2.891817561914514e-07
2694.0 2.8990733986062996e-07
2695.0 2.906558706560944e-07
2696.0 2.9137529072264157e-07
2697.0 2.920915942110315e-07
2698.0 2.9283103272757133e-07
2699.0 2.9354116223143794e-07
2700.0 2.942745505375341e-07
2701.0 2.954358708429913e-07
2702.0 2.9699860605317816e-07
2703.0 2.9853445254617237e-07
2704.0 3.0009679152601567e-07
2705.0 3.0163196573718285e-07
2706.0 3.0319390691087137e-07
2707.0 3.047284074090658e-07
2708.0 3.0626250177053953e-07
2709.0 3.0782374167425853e-07
2710.0 3.09357160046738e-07
2711.0 3.108946699751242e-07
2712.0 3.123075064092535e-07
2713.0 3.137480776844107e-07
2714.0 3.151602885588657e-07
2715.0 3.166004866668187e-07
2716.0 3.1801207064960314e-07
2717.0 3.1945189412287156e-07
2718.0 3.2086284988101256e-07
2719.0 3.222734278465442e-07
2720.0 3.237126234504709e-07
2721.0 3.251250350481737e-07
2722.0 3.265756507984514e-07
2723.0 3.279967642626297e-07
2724.0 3.2944696630283935e-07
2725.0 3.308674458335096e-07
2726.0 3.323173028566638e-07
2727.0 3.337371472543923e-07
2728.0 3.351566100233597e-07
2729.0 3.3660583067086376e-07
2730.0 3.380246563125335e-07
2731.0 3.397334742413306e-07
2732.0 3.4250682563480533e-07
2733.0 3.453103779239793e-07
2734.0 3.4808255133379543e-07
2735.0 3.5088542069561564e-07
2736.0 3.536564135259775e-07
2737.0 3.564266911000529e-07
2738.0 3.5922840676108124e-07
2739.0 3.6199749992250747e-07
2740.0 3.6479848666969437e-07
2741.0 3.672567041159218e-07
2742.0 3.68418760701675e-07
2743.0 3.6954763510956167e-07
2744.0 3.7070936934622414e-07
2745.0 3.7183771879936157e-07
2746.0 3.7299912946563835e-07
2747.0 3.7412695285435294e-07
2748.0 3.7525446235179085e-07
2749.0 3.7641533494175076e-07
2750.0 3.7754231673683916e-07
2751.0 3.7866841358039963e-07
2752.0 3.796093333179365e-07
2753.0 3.805840292570546e-07
2754.0 3.8152449709740085e-07
2755.0 3.824988681434371e-07
2756.0 3.834388830415222e-07
2757.0 3.843786291366145e-07
2758.0 3.853525707186042e-07
2759.0 3.862918625771835e-07
2760.0 3.8726551746300466e-07
2761.0 3.883939419264649e-07
2762.0 3.903943871481518e-07
2763.0 3.923595791167854e-07
2764.0 3.943595113959223e-07
2765.0 3.9632383801246027e-07
2766.0 3.982876434433441e-07
2767.0 4.0028671461192173e-07
2768.0 4.0224965187475157e-07
2769.0 4.042482049104436e-07
2770.0 4.062102720951029e-07
2771.0 4.081444596211949e-07
2772.0 4.0975399946975084e-07
2773.0 4.113998743366885e-07
2774.0 4.1300868554087147e-07
2775.0 4.1461705994871604e-07
2776.0 4.162621995327461e-07
2777.0 4.1786984295205315e-07
2778.0 4.1951453811028917e-07
2779.0 4.2112144895080355e-07
2780.0 4.2276569793578477e-07
2781.0 4.2442419541368576e-07
2782.0 4.2632043577953375e-07
2783.0 4.2825442968202173e-07
2784.0 4.301498183588729e-07
2785.0 4.320832983376517e-07
2786.0 4.3397783345603576e-07
2787.0 4.359107974581626e-07
2788.0 4.378044771472113e-07
2789.0 4.3973687630128474e-07
2790.0 4.4162969848721005e-07
2791.0 4.4329806232272984e-07
2792.0 4.439631207750197e-07
2793.0 4.445883823008002e-07
2794.0 4.4525320900606903e-07
2795.0 4.458781267515651e-07
2796.0 4.46542720956407e-07
2797.0 4.471672942393426e-07
2798.0 4.4783165518974033e-07
2799.0 4.4845588332733665e-07
2800.0 4.4907991077556135e-07
2801.0 4.5029612377642404e-07
2802.0 4.530047760987537e-07
2803.0 4.557560977721001e-07
2804.0 4.5846895497105087e-07
2805.0 4.612249185928014e-07
2806.0 4.6394198389209526e-07
2807.0 4.6666103334087926e-07
2808.0 4.6942396874558447e-07
2809.0 4.721472316790967e-07
2810.0 4.749148684877574e-07
2811.0 4.77245857744913e-07
2812.0 4.777122111793491e-07
2813.0 4.781361972194989e-07
2814.0 4.785604114284202e-07
2815.0 4.790276007640408e-07
2816.0 4.79452309430179e-07
2817.0 4.799200692097834e-07
2818.0 4.803452727081663e-07
2819.0 4.808136033884255e-07
2820.0 4.812393020942824e-07
2821.0 4.821145460858221e-07
2822.0 4.849330614280889e-07
2823.0 4.877536332772022e-07
2824.0 4.906200281000035e-07
2825.0 4.934449671475444e-07
2826.0 4.963162349910443e-07
2827.0 4.991455448877481e-07
2828.0 5.02021690138489e-07
2829.0 5.048553745371485e-07
2830.0 5.076911210984641e-07
2831.0 5.100826937580213e-07
2832.0 5.102525434750018e-07
2833.0 5.104679395617677e-07
2834.0 5.106378571145242e-07
2835.0 5.108533513453613e-07
2836.0 5.110233367421567e-07
2837.0 5.111933484845035e-07
2838.0 5.114089280383845e-07
2839.0 5.115790076167269e-07
2840.0 5.117947396838021e-07
2841.0 5.1201676270021e-07
2842.0 5.125471058130581e-07
2843.0 5.130320026975868e-07
2844.0 5.135170993074435e-07
2845.0 5.140482145293358e-07
2846.0 5.145337539238698e-07
2847.0 5.15065398559095e-07
2848.0 5.15551380884491e-07
2849.0 5.160835551504592e-07
2850.0 5.165699805528733e-07
2851.0 5.172588722916991e-07
2852.0 5.190377398308632e-07
2853.0 5.207713963776805e-07
2854.0 5.225524436421099e-07
2855.0 5.242880266002056e-07
2856.0 5.260713654035386e-07
2857.0 5.278088756492955e-07
2858.0 5.295472723583386e-07
2859.0 5.313338899144056e-07
2860.0 5.330742148702958e-07
2861.0 5.34645653952333e-07
2862.0 5.350283411383275e-07
2863.0 5.354588617959462e-07
2864.0 5.358418635142818e-07
2865.0 5.362250054723282e-07
2866.0 5.366560833297637e-07
2867.0 5.370395399546419e-07
2868.0 5.374710008306964e-07
2869.0 5.378547722203664e-07
2870.0 5.382866162629693e-07
2871.0 5.387294120107159e-07
2872.0 5.394870674236423e-07
2873.0 5.402931169859745e-07
2874.0 5.410515294139158e-07
2875.0 5.418585285144032e-07
2876.0 5.426176982971051e-07
2877.0 5.43425590060172e-07
2878.0 5.441855174569205e-07
2879.0 5.449457899172945e-07
2880.0 5.457549875347214e-07
2881.0 5.462274147226288e-07
2882.0 5.451760905613067e-07
2883.0 5.44075473256149e-07
2884.0 5.430225130696655e-07
2885.0 5.419204553929016e-07
2886.0 5.408177263980416e-07
2887.0 5.397623598115639e-07
2888.0 5.386581896931263e-07
2889.0 5.37601128173959e-07
2890.0 5.364955165081592e-07
2891.0 5.355869068919744e-07
2892.0 5.358230108446196e-07
2893.0 5.360114904287902e-07
2894.0 5.362477119340237e-07
2895.0 5.364362755375897e-07
2896.0 5.366726146207393e-07
2897.0 5.368612622570579e-07
2898.0 5.370499435223105e-07
2899.0 5.372864506258599e-07
2900.0 5.374752159408913e-07
2901.0 5.378115960261716e-07
2902.0 5.374138675559899e-07
2903.0 5.370628942067868e-07
2904.0 5.366631126176722e-07
2905.0 5.362623219258304e-07
2906.0 5.35908122068226e-07
2907.0 5.355052769280621e-07
2908.0 5.351490072891043e-07
2909.0 5.347441066836644e-07
2910.0 5.34338196026854e-07
2911.0 5.339433646167532e-07
2912.0 5.332955985645941e-07
2913.0 5.326938550568853e-07
2914.0 5.320433592177516e-07
2915.0 5.314387696225908e-07
2916.0 5.30785542721355e-07
2917.0 5.301309789048861e-07
2918.0 5.295221460499938e-07
2919.0 5.288648493777582e-07
2920.0 5.282531661782812e-07
2921.0 5.274520399301304e-07
2922.0 5.258201726515253e-07
2923.0 5.242321943553296e-07
2924.0 5.22594891209082e-07
2925.0 5.210012403209313e-07
2926.0 5.193584986671708e-07
2927.0 5.177591160763907e-07
2928.0 5.161109334483043e-07
2929.0 5.144601027513706e-07
2930.0 5.128521896781443e-07
2931.0 5.114817424028833e-07
2932.0 5.118760501798594e-07
2933.0 5.122249537438364e-07
2934.0 5.125738974030225e-07
2935.0 5.12968449459762e-07
2936.0 5.133175043058083e-07
2937.0 5.137122295640749e-07
2938.0 5.140613955965533e-07
2939.0 5.144562396096568e-07
2940.0 5.148055167911481e-07
2941.0 5.149680670163469e-07
2942.0 5.140308670927797e-07
2943.0 5.130461972935033e-07
2944.0 5.121052706609789e-07
2945.0 5.11117048245683e-07
2946.0 5.101270928754444e-07
2947.0 5.091806160496609e-07
2948.0 5.081871058115642e-07
2949.0 5.072368968822865e-07
2950.0 5.062398301726919e-07
2951.0 5.052082951881354e-07
2952.0 5.040161848624247e-07
2953.0 5.027771733695248e-07
2954.0 5.015806405317099e-07
2955.0 5.003374255824402e-07
2956.0 4.991364148265888e-07
2957.0 4.978889946797256e-07
2958.0 4.966395266183053e-07
2959.0 4.95431981800744e-07
2960.0 4.941783057825063e-07
2961.0 4.928180669968665e-07
2962.0 4.90464732043559e-07
2963.0 4.881079105536467e-07
2964.0 4.857907101446533e-07
2965.0 4.834267043754912e-07
2966.0 4.811018985615217e-07
2967.0 4.787307053703042e-07
2968.0 4.763560226425383e-07
2969.0 4.7401990601464163e-07
2970.0 4.716380314608308e-07
2971.0 4.6942844709134347e-07
2972.0 4.680532222586527e-07
2973.0 4.66675832011572e-07
2974.0 4.6533755452785805e-07
2975.0 4.639557099968668e-07
2976.0 4.6261268319628726e-07
2977.0 4.6122638259087453e-07
2978.0 4.598787017288134e-07
2979.0 4.584879429659892e-07
2980.0 4.570950161680663e-07
2981.0 4.557969085868152e-07
2982.0 4.548357318361524e-07
2983.0 4.5391320390742713e-07
2984.0 4.5294873750604423e-07
2985.0 4.519826685773393e-07
2986.0 4.5105499068600616e-07
2987.0 4.500856301085226e-07
2988.0 4.4915448795413083e-07
2989.0 4.481818343012813e-07
2990.0 4.4720757676433155e-07
2991.0 4.461339595679948e-07
2992.0 4.4408174066926366e-07
2993.0 4.4206567508285536e-07
2994.0 4.400073009831717e-07
2995.0 4.3794593955808477e-07
2996.0 4.3592022854205173e-07
2997.0 4.3385270804509213e-07
2998.0 4.3182047013850685e-07
2999.0 4.297467879574575e-07
3000.0 4.276701159804136e-07
3001.0 4.25303032263778e-07
3002.0 4.225622243164683e-07
3003.0 4.198586753349345e-07
3004.0 4.17117733321403e-07
3005.0 4.1437684584994004e-07
3006.0 4.116724889806672e-07
3007.0 4.089314679867753e-07
3008.0 4.062264920452326e-07
3009.0 4.034853378947884e-07
3010.0 4.007442387292023e-07
3011.0 3.9819181169400676e-07
3012.0 3.967015679938877e-07
3013.0 3.952463655818558e-07
3014.0 3.9375605000168905e-07
3015.0 3.922657645608859e-07
3016.0 3.9081012451882527e-07
3017.0 3.893197674914893e-07
3018.0 3.87863791950962e-07
3019.0 3.863733635346173e-07
3020.0 3.848829654965005e-07
3021.0 3.834604218998369e-07
3022.0 3.822541121528581e-07
3023.0 3.8108157328600074e-07
3024.0 3.7987520939487815e-07
3025.0 3.786688719015098e-07
3026.0 3.774959849412155e-07
3027.0 3.7628959353967836e-07
3028.0 3.7511639953563404e-07
3029.0 3.739099545121642e-07
3030.0 3.727035360780692e-07
3031.0 3.712539773884445e-07
3032.0 3.677223536854434e-07
3033.0 3.642230974227202e-07
3034.0 3.606914153889815e-07
3035.0 3.571598606242217e-07
3036.0 3.5365973571991273e-07
3037.0 3.5012812313757376e-07
3038.0 3.4662731542263024e-07
3039.0 3.430956453724114e-07
3040.0 3.395641029944485e-07
3041.0 3.362342047586601e-07
3042.0 3.3419534388689793e-07
3043.0 3.3218595311888536e-07
3044.0 3.301470639628143e-07
3045.0 3.281082509436656e-07
3046.0 3.2609833255152727e-07
3047.0 3.2405949175673374e-07
3048.0 3.220492192896842e-07
3049.0 3.2001035070452586e-07
3050.0 3.179715584864253e-07
3051.0 3.1612827401871016e-07
3052.0 3.155751206635517e-07
3053.0 3.150498545196331e-07
3054.0 3.1449669090526855e-07
3055.0 3.139435466456053e-07
3056.0 3.134181428478365e-07
3057.0 3.1286498840721183e-07
3058.0 3.1233947660472775e-07
3059.0 3.1178631203645876e-07
3060.0 3.1123316688439346e-07
3061.0 3.1047028239454283e-07
3062.0 3.077681448113357e-07
3063.0 3.050930910223724e-07
3064.0 3.0239092693572595e-07
3065.0 2.996888691603371e-07
3066.0 2.9701314727724565e-07
3067.0 2.9431106367122404e-07
3068.0 2.916348695732996e-07
3069.0 2.8893276011689916e-07
3070.0 2.862307572747932e-07
3071.0 2.8364302475788376e-07
3072.0 2.817678086032057e-07
3073.0 2.798926677549466e-07
3074.0 2.780421792133928e-07
3075.0 2.761670233447296e-07
3076.0 2.74316188373263e-07
3077.0 2.7244101766722406e-07
3078.0 2.7056592247639277e-07
3079.0 2.6871465111521815e-07
3080.0 2.6683954135494185e-07
