mejiro/data/hst_filter_response/WFC3_UVIS-F555W.ecsv
# %ECSV 1.0
# ---
# datatype:
# - {name: wavelength, unit: Angstrom, datatype: float64}
# - {name: response, datatype: float64}
# meta:
#   __serialized_columns__:
#     wavelength:
#       __class__: astropy.units.quantity.Quantity
#       unit: !astropy.units.Unit {unit: Angstrom}
#       value: !astropy.table.SerializedColumn {name: wavelength}
#   band_name: F555W
#   group_name: WFC3_UVIS
# schema: astropy-2.0
wavelength response
[from data line 2189]
4178.0 1.7209635940471155e-05
4179.0 1.720209946949668e-05
4180.0 1.7194559311289522e-05
4181.0 1.7188475712315347e-05
4182.0 1.719343940006602e-05
4183.0 1.720112149479776e-05
4184.0 1.7208805513133438e-05
4185.0 1.7216491455287547e-05
4186.0 1.722565867205583e-05
4187.0 1.723334912295116e-05
4188.0 1.7241041498473755e-05
4189.0 1.724873579883815e-05
4190.0 1.7256432024258902e-05
4191.0 1.7265599298604874e-05
4192.0 1.7267833613492033e-05
4193.0 1.726886526794901e-05
4194.0 1.7269896405608287e-05
4195.0 1.7270927026381903e-05
4196.0 1.7273440329526177e-05
4197.0 1.7274470004678485e-05
4198.0 1.7275499162636758e-05
4199.0 1.727652780331304e-05
4200.0 1.727755592661929e-05
4201.0 1.7280051864673398e-05
4202.0 1.729094380602526e-05
4203.0 1.730406065842589e-05
4204.0 1.7317181388464694e-05
4205.0 1.733030599658721e-05
4206.0 1.7344923564984803e-05
4207.0 1.7358057058137128e-05
4208.0 1.7371194431043067e-05
4209.0 1.7384335684148286e-05
4210.0 1.739748081789849e-05
4211.0 1.7412111075649047e-05
4212.0 1.7395648759653074e-05
4213.0 1.7372412528057523e-05
4214.0 1.734916701365066e-05
4215.0 1.7325912215300992e-05
4216.0 1.7304133456711088e-05
4217.0 1.728085808920706e-05
4218.0 1.72575734335683e-05
4219.0 1.7234279488663093e-05
4220.0 1.721097625335966e-05
4221.0 1.718913087827575e-05
4222.0 1.7176464736281765e-05
4223.0 1.7166270751660436e-05
4224.0 1.7156072226961126e-05
4225.0 1.714586916162404e-05
4226.0 1.7137132292656026e-05
4227.0 1.712691926786498e-05
4228.0 1.7116701700366856e-05
4229.0 1.7106479589601727e-05
4230.0 1.7096252935009695e-05
4231.0 1.7086821996472664e-05
4232.0 1.7094367833253568e-05
4233.0 1.7106282626295792e-05
4234.0 1.7118200141504343e-05
4235.0 1.7130120378947726e-05
4236.0 1.7143512618172043e-05
4237.0 1.715543932246517e-05
4238.0 1.7167368749431967e-05
4239.0 1.717930089914093e-05
4240.0 1.7191235771660525e-05
4241.0 1.7204636204439882e-05
4242.0 1.7218469000515846e-05
4243.0 1.7232763124297464e-05
4244.0 1.7247060614469918e-05
4245.0 1.7261361471112665e-05
4246.0 1.727714793956694e-05
4247.0 1.729145675697399e-05
4248.0 1.730576894137838e-05
4249.0 1.7320084492859507e-05
4250.0 1.7334403411496713e-05
4251.0 1.7348717610074357e-05
4252.0 1.733192301500359e-05
4253.0 1.730567092034297e-05
4254.0 1.7279410879304167e-05
4255.0 1.7253142891690128e-05
4256.0 1.722686695730382e-05
4257.0 1.720205862594804e-05
4258.0 1.717576454198484e-05
4259.0 1.7149462509976737e-05
4260.0 1.712315252972682e-05
4261.0 1.709682392240558e-05
4262.0 1.709785656910037e-05
4263.0 1.7103867479299035e-05
4264.0 1.710987943379705e-05
4265.0 1.7115892432612284e-05
4266.0 1.712190647576258e-05
4267.0 1.71293906279591e-05
4268.0 1.7135407275837646e-05
4269.0 1.714142496819431e-05
4270.0 1.7147443705046965e-05
4271.0 1.7153455331687902e-05
4272.0 1.7169898287287813e-05
4273.0 1.7190454380859174e-05
4274.0 1.7209542577199462e-05
4275.0 1.7228635415145202e-05
4276.0 1.724773289478888e-05
4277.0 1.7266835016222898e-05
4278.0 1.7287422376545993e-05
4279.0 1.73065354187918e-05
4280.0 1.7325653103502727e-05
4281.0 1.7344764599110356e-05
4282.0 1.7400393709059118e-05
4283.0 1.7466927979206643e-05
4284.0 1.7531987402340164e-05
4285.0 1.759706402969485e-05
4286.0 1.7662157861598828e-05
4287.0 1.7727268898380187e-05
4288.0 1.779239714036687e-05
4289.0 1.7859073707156433e-05
4290.0 1.7924241947632905e-05
4291.0 1.798941331212463e-05
4292.0 1.8170543284721376e-05
4293.0 1.8381996485248974e-05
4294.0 1.859510067786107e-05
4295.0 1.880668583248567e-05
4296.0 1.9018327901320144e-05
4297.0 1.9230026885339723e-05
4298.0 1.944178278551937e-05
4299.0 1.9655280428137184e-05
4300.0 1.986716832631848e-05
4301.0 2.007910379217518e-05
4302.0 2.0702987686031113e-05
4303.0 2.143619708661587e-05
4304.0 2.2169604386038725e-05
4305.0 2.290517282105145e-05
4306.0 2.3639038828248202e-05
4307.0 2.4373102760687138e-05
4308.0 2.5107364621513503e-05
4309.0 2.5841824413871678e-05
4310.0 2.6578760047439067e-05
4311.0 2.731366571666425e-05
4312.0 2.908850477706887e-05
4313.0 3.114425927860313e-05
4314.0 3.320056702295305e-05
4315.0 3.525742801818519e-05
4316.0 3.731803649256512e-05
4317.0 3.937618017961662e-05
4318.0 4.1434877189098136e-05
4319.0 4.3494127529067887e-05
4320.0 4.555393120758206e-05
4321.0 4.7618369062950337e-05
4322.0 5.257776840369082e-05
4323.0 5.8331679006339e-05
4324.0 6.408713728039447e-05
4325.0 6.984414324842201e-05
4326.0 7.560269693298028e-05
4327.0 8.136977028103774e-05
4328.0 8.71319131782188e-05
4329.0 9.289560399219722e-05
4330.0 9.866084274550845e-05
4331.0 0.00010442759637772363
4332.0 0.00010861685091586734
4333.0 0.00011235597928540563
4334.0 0.00011609610718654165
4335.0 0.00011983723463291929
4336.0 0.00012357936163817857
4337.0 0.00012732248821595518
4338.0 0.00013107784346701556
4339.0 0.00013482329009308078
4340.0 0.000138569736418188
4341.0 0.0001423171373720094
4342.0 0.0001460655356777282
4343.0 0.00014981493134804715
4344.0 0.00015357847992495066
4345.0 0.00015733019173411417
4346.0 0.00016108290103140598
4347.0 0.00016483660782951357
4348.0 0.00016859131214112032
4349.0 0.00017236177722041468
4350.0 0.00017611879839584142
4351.0 0.00017987670660142574
4352.0 0.0002047812823998664
4353.0 0.00023575007862879476
4354.0 0.00026672709914782024
4355.0 0.0002977378135030219
4356.0 0.00032873393438230216
4357.0 0.0003597382805268593
4358.0 0.00039075085202715595
4359.0 0.00042177164897361973
4360.0 0.0004528006714566457
4361.0 0.0004838789748410515
4362.0 0.0005478154162764921
4363.0 0.000621350431841749
4364.0 0.0006949048329457618
4365.0 0.0007684786197579414
4366.0 0.0008421439057749285
4367.0 0.000915762768542191
4368.0 0.000989401019185575
4369.0 0.0010630586578741876
4370.0 0.001136735684777059
4371.0 0.0012104315362483397
4372.0 0.00135194557364786
4373.0 0.001513389815663443
4374.0 0.0016748764092602056
4375.0 0.001836405354750578
4376.0 0.0019979766524468147
4377.0 0.0021595903026609942
4378.0 0.0023214450585081156
4379.0 0.00248315725984298
4380.0 0.0026449118182574264
4381.0 0.0028067083157236
4382.0 0.0030923360240007226
4383.0 0.0034151171671189472
4384.0 0.003738302800289152
4385.0 0.004061280511636609
4386.0 0.004384342690362119
4387.0 0.004707489337049247
4388.0 0.005030720452281203
4389.0 0.005354036036640859
4390.0 0.0056779221283759
4391.0 0.00600143238913133
4392.0 0.0065276207442785655
4393.0 0.007115635734020535
4394.0 0.007703803976930404
4395.0 0.008292125473919368
4396.0 0.008881359510988092
4397.0 0.009470037846148086
4398.0 0.010058869451220323
4399.0 0.010647854327113546
4400.0 0.011236992474735877
4401.0 0.011827296264206347
4402.0 0.012675796861908204
4403.0 0.013604464537331412
4404.0 0.014533373882167806
4405.0 0.015462524897852612
4406.0 0.016391917585820058
4407.0 0.01732303444166904
4408.0 0.01825299006350553
4409.0 0.01918318738260568
4410.0 0.020113626400399858
4411.0 0.021044307118317437
4412.0 0.02228250119194849
4413.0 0.023617409155491074
4414.0 0.024954799364942843
4415.0 0.02629051525636025
4416.0 0.0276265779945023
4417.0 0.028962987581414038
4418.0 0.030299744019139183
4419.0 0.03163684730971995
4420.0 0.032977119132925566
4421.0 0.03431501431239245
4422.0 0.03595825685403328
4423.0 0.03769889340298892
4424.0 0.03943997972606861
4425.0 0.04118151582529325
4426.0 0.04292717443977874
4427.0 0.044669759188355515
4428.0 0.04641279375761456
4429.0 0.04815627814956958
4430.0 0.04990021236623245
4431.0 0.051646551002041775
4432.0 0.053655310038146706
4433.0 0.05574342994895349
4434.0 0.057832245812471636
4435.0 0.059921757695695126
4436.0 0.06201196566561853
4437.0 0.0641028697892368
4438.0 0.06620012632564468
4439.0 0.06829260174042427
4440.0 0.0703857735693891
4441.0 0.07247960812553429
4442.0 0.07463488877116917
4443.0 0.0768107706583618
4444.0 0.0789941309440236
4445.0 0.08117164235467676
4446.0 0.0833498755644953
4447.0 0.08552883064208631
4448.0 0.0877085076560573
4449.0 0.0898889066750161
4450.0 0.09207790301848576
4451.0 0.09425991795337216
4452.0 0.09646344516167489
4453.0 0.0986745962626339
4454.0 0.10088647828900775
4455.0 0.10309909130994484
4456.0 0.10531243539459388
4457.0 0.1075357071535467
4458.0 0.10975070300132037
4459.0 0.11196643018279887
4460.0 0.11418288876713856
4461.0 0.11640004304732277
4462.0 0.11853989487006414
4463.0 0.12066448261651895
4464.0 0.12277962851550933
4465.0 0.12489547026083767
4466.0 0.1270120079177499
4467.0 0.1291292415514913
4468.0 0.13124717122730836
4469.0 0.1333772015869272
4470.0 0.13549670477327908
4471.0 0.13761690297526202
4472.0 0.1395907440501891
4473.0 0.14151505105174983
4474.0 0.1434399891730415
4475.0 0.14536555847316643
4476.0 0.14730435336851297
4477.0 0.14923134995966422
4478.0 0.1511589779609426
4479.0 0.1530872374314568
4480.0 0.1550161284303155
4481.0 0.15694570071538236
4482.0 0.15864076186420992
4483.0 0.1602367823578811
4484.0 0.16183332486082622
4485.0 0.16343038942225724
4486.0 0.16502797609138686
4487.0 0.1666260849174275
4488.0 0.1682247159495923
4489.0 0.16983838774793586
4490.0 0.1714382000987817
4491.0 0.1730385074510617
4492.0 0.17448750270673763
4493.0 0.1758836787709824
4494.0 0.1772803090014346
4495.0 0.1786926675474825
4496.0 0.18009032570568004
4497.0 0.1814884381966744
4498.0 0.182887005063054
4499.0 0.184286026347408
4500.0 0.18568550209232557
4501.0 0.18706630231926605
4502.0 0.18833945660791906
4503.0 0.18955273278983795
4504.0 0.19076616075871228
4505.0 0.1919797405213281
4506.0 0.19319347208447127
4507.0 0.19440735545492785
4508.0 0.19562139063948386
4509.0 0.1968524011145925
4510.0 0.19806684373683148
4511.0 0.19928134355271224
4512.0 0.20033022003625414
4513.0 0.20131941192505426
4514.0 0.20230872631508656
4515.0 0.20331553755136333
4516.0 0.20430518152995875
4517.0 0.20529494803627885
4518.0 0.20628483707566514
4519.0 0.20727484865345852
4520.0 0.20826498277500047
4521.0 0.20925520631545505
4522.0 0.21011232651819478
4523.0 0.2108964292433071
4524.0 0.21168062848776753
4525.0 0.21246492425574426
4526.0 0.21324931655140542
4527.0 0.21403380537891953
4528.0 0.21481839074245426
4529.0 0.21562149544346973
4530.0 0.216406340949103
4531.0 0.21719128301151175
4532.0 0.2179086666734072
4533.0 0.2186010493202148
4534.0 0.2192935169747227
4535.0 0.21998606964059828
4536.0 0.22069753973620365
4537.0 0.22139032155181168
4538.0 0.222083188397046
4539.0 0.22277614027557455
4540.0 0.2234691771910651
4541.0 0.22416230123483288
4542.0 0.2247358856375535
4543.0 0.2252838729878671
4544.0 0.22581272500429606
4545.0 0.22634164158600753
4546.0 0.22687062273578312
4547.0 0.22739966845640455
4548.0 0.22792877875065334
4549.0 0.22845795362131116
4550.0 0.2290067544989695
4551.0 0.22953606526873466
4552.0 0.2300328238685523
4553.0 0.23051724600113813
4554.0 0.23100172695862148
4555.0 0.23148626674351178
4556.0 0.23197086535831843
4557.0 0.23247537882219252
4558.0 0.23296013650812836
4559.0 0.2334449530365346
4560.0 0.233929828409921
4561.0 0.23441472770099472
4562.0 0.2348467629065983
4563.0 0.23525843899012094
4564.0 0.235690293583792
4565.0 0.23610210408525922
4566.0 0.2365139642179558
4567.0 0.2369258739839782
4568.0 0.23733783338542297
4569.0 0.2377498424243868
4570.0 0.2381619011029661
4571.0 0.23859430904222598
4572.0 0.23892858122517308
4573.0 0.23923250370461688
4574.0 0.23953646223567243
4575.0 0.23984045681983115
4576.0 0.24014448745858447
4577.0 0.24044855415342384
4578.0 0.2407732163832684
4579.0 0.2410773811671987
4580.0 0.24138158201476875
4581.0 0.2416858571915682
4582.0 0.24193931570350677
4583.0 0.24217266277779836
4584.0 0.24240603724878834
4585.0 0.2426394391176151
4586.0 0.24289358243241
4587.0 0.2431270590112882
4588.0 0.24336056299375614
4589.0 0.24359409438095248
4590.0 0.24382765317401595
4591.0 0.24406127801425773
4592.0 0.24426733870579667
4593.0 0.24448323619228396
4594.0 0.24467830032056184
4595.0 0.24487338715120693
4596.0 0.2450684966851672
4597.0 0.24526362892339115
4598.0 0.24545878386682662
4599.0 0.24565396151642194
4600.0 0.24587015120003294
4601.0 0.24606535197452045
4602.0 0.24628375755767587
4603.0 0.2465115925658349
4604.0 0.2467394542473688
4605.0 0.24696734260338477
4606.0 0.2471952576349898
4607.0 0.24742319934329135
4608.0 0.2476723090972817
4609.0 0.24790032362567221
4610.0 0.24812836483635814
4611.0 0.24835639341031454
4612.0 0.24854287855533724
4613.0 0.2487122805510521
4614.0 0.24888170193954798
4615.0 0.24907240178707266
4616.0 0.24924187642866966
4617.0 0.24941137046708114
4618.0 0.24958088390309996
4619.0 0.24975041673751863
4620.0 0.24991996897113006
4621.0 0.25008942415005286
4622.0 0.2502496256241501
4623.0 0.2504273573427578
4624.0 0.2505837471584934
4625.0 0.25074015461704546
4626.0 0.2508965797191144
4627.0 0.25105302246540045
4628.0 0.25120948285660405
4629.0 0.2513659608934255
4630.0 0.25152245657656525
4631.0 0.25169489116017124
4632.0 0.25185078476160666
4633.0 0.25200876487427754
4634.0 0.2521667566892913
4635.0 0.2523247602069276
4636.0 0.25248277542746606
4637.0 0.2526408023511861
4638.0 0.2527988409783676
4639.0 0.2529784525130268
4640.0 0.25313652802065156
4641.0 0.2532946152335741
4642.0 0.2534319720360944
4643.0 0.25356047801461956
4644.0 0.2536889933937491
4645.0 0.25381751817370624
4646.0 0.25394605235471357
4647.0 0.2540962764052306
4648.0 0.2542248403585773
4649.0 0.2543534137144459
4650.0 0.2544819964730594
4651.0 0.2546106265744135
4652.0 0.2547253471464578
4653.0 0.2548340605058109
4654.0 0.2549645344443628
4655.0 0.255073272848855
4656.0 0.25518201913827904
4657.0 0.2552907733128236
4658.0 0.25539953537267723
4659.0 0.2555083053180286
4660.0 0.25561708314906634
4661.0 0.255725909353685
4662.0 0.2558784374111194
4663.0 0.25607196966207396
4664.0 0.2562436840992946
4665.0 0.2564154113894656
4666.0 0.2565871515329041
4667.0 0.2567589045299261
4668.0 0.2569306703808489
4669.0 0.2571024490859887
4670.0 0.2572742406456625
4671.0 0.25746796922993864
4672.0 0.257586955635859
4673.0 0.2576825420055975
4674.0 0.2577781352250752
4675.0 0.2578737352944548
4676.0 0.2579693422138992
4677.0 0.25806495598357104
4678.0 0.25816057660363334
4679.0 0.25827823384446474
4680.0 0.25837387632359465
4681.0 0.2584695232469944
4682.0 0.2585487006922014
4683.0 0.25862047897513163
4684.0 0.25869226224289754
4685.0 0.2587640504956151
4686.0 0.2588358437334008
4687.0 0.258929725411777
4688.0 0.25900153474448206
4689.0 0.2590733490630295
4690.0 0.25914516836753476
4691.0 0.25921691299076066
4692.0 0.2592844925865052
4693.0 0.25935018128718296
4694.0 0.2594158744601368
4695.0 0.25948157210546785
4696.0 0.2595693839639051
4697.0 0.2596350961515584
4698.0 0.25970081281227014
4699.0 0.2597665339461409
4700.0 0.25983225955327066
4701.0 0.259897948484913
4702.0 0.2599318189465373
4703.0 0.25995102778190793
4704.0 0.2599924077934006
4705.0 0.26001162000045
4706.0 0.2600308330742919
4707.0 0.26005004701493944
4708.0 0.26006926182240603
4709.0 0.2600884774967047
4710.0 0.2601076940378485
4711.0 0.2601269114458507
4712.0 0.26020627559646614
4713.0 0.2603358719302415
4714.0 0.2604432873855034
4715.0 0.2605507105089855
4716.0 0.2606581413008627
4717.0 0.26076557976130815
4718.0 0.26087302589049716
4719.0 0.26098047968860266
4720.0 0.2610879411557999
4721.0 0.26119549300209705
4722.0 0.26131342365784294
4723.0 0.2614034775726177
4724.0 0.26149353786390206
4725.0 0.261583604531844
4726.0 0.2616736775765918
4727.0 0.2617637569982939
4728.0 0.2618538427970985
4729.0 0.2619439349731538
4730.0 0.26205637412131205
4731.0 0.26214648673451335
4732.0 0.2622450461588757
4733.0 0.26234764420763435
4734.0 0.26245024960429647
4735.0 0.2625528623490341
4736.0 0.26265548244201914
4737.0 0.26275810988342346
4738.0 0.26286074467341913
4739.0 0.26298580473071337
4740.0 0.26308846296938904
4741.0 0.26319116777782026
4742.0 0.2632583985647405
4743.0 0.2633084963700865
4744.0 0.2633585974518389
4745.0 0.26340870181007137
4746.0 0.26345880944485733
4747.0 0.2635089203562703
4748.0 0.263581501327227
4749.0 0.26363162306431986
4750.0 0.26368174807853967
4751.0 0.26373183706923886
4752.0 0.26382592825713314
4753.0 0.2639415624407732
4754.0 0.2640572049781855
