mejiro/data/hst_filter_response/WFC3_UVIS-F555W.ecsv
# %ECSV 1.0
# ---
# datatype:
# - {name: wavelength, unit: Angstrom, datatype: float64}
# - {name: response, datatype: float64}
# meta:
#   __serialized_columns__:
#     wavelength:
#       __class__: astropy.units.quantity.Quantity
#       unit: !astropy.units.Unit {unit: Angstrom}
#       value: !astropy.table.SerializedColumn {name: wavelength}
#   band_name: F555W
#   group_name: WFC3_UVIS
# schema: astropy-2.0
wavelength response
[from data line 3374]
5363.0 0.2744179971068998
5364.0 0.27437744903723477
5365.0 0.2743369021297765
5366.0 0.2742963563845286
5367.0 0.27425581180149433
5368.0 0.27421526838067734
5369.0 0.27417472612208105
5370.0 0.274134185025709
5371.0 0.27409356089257547
5372.0 0.2740175091341196
5373.0 0.2739069871701374
5374.0 0.27379646868826996
5375.0 0.2736859536885194
5376.0 0.27357544217088714
5377.0 0.27346493413537554
5378.0 0.2733544295819861
5379.0 0.27324392851072143
5380.0 0.2731334309215827
5381.0 0.2730229800212597
5382.0 0.2729352278659612
5383.0 0.27286982148910865
5384.0 0.27280441709474385
5385.0 0.2727390146828696
5386.0 0.2726736142534894
5387.0 0.272608215806606
5388.0 0.2725428193422225
5389.0 0.2724774248603423
5390.0 0.2724120323609682
5391.0 0.2723466418441035
5392.0 0.27225389399689426
5393.0 0.2721339499919178
5394.0 0.2720140097442375
5395.0 0.2718940732538561
5396.0 0.27177414052077703
5397.0 0.27165421154500385
5398.0 0.27153428632653953
5399.0 0.2714143648653876
5400.0 0.27129444716155166
5401.0 0.2711744044677202
5402.0 0.27104909420285556
5403.0 0.2709184856541321
5404.0 0.2707878813301681
5405.0 0.2706572812309612
5406.0 0.27052668535650976
5407.0 0.27039609370681217
5408.0 0.2702655062818664
5409.0 0.27013492308167075
5410.0 0.27000434410622326
5411.0 0.2698736437351213
5412.0 0.2697737929243908
5413.0 0.26970527582450043
5414.0 0.26963676093015687
5415.0 0.2695682482413577
5416.0 0.2694997377581006
5417.0 0.2694312294803838
5418.0 0.2693627234082049
5419.0 0.2692942195415619
5420.0 0.26922571788045274
5421.0 0.2691570931344322
5422.0 0.2691003880071336
5423.0 0.26905593224264895
5424.0 0.26901147789234253
5425.0 0.2689670249562125
5426.0 0.26892257343425685
5427.0 0.26887812332647376
5428.0 0.26883367463286134
5429.0 0.268789227353418
5430.0 0.2687447814881413
5431.0 0.26870001391894627
5432.0 0.2686354233508259
5433.0 0.26855026133528087
5434.0 0.26846510241542537
5435.0 0.26837994659119563
5436.0 0.268294793862527
5437.0 0.26820964422935567
5438.0 0.26812449769161745
5439.0 0.26803935424924835
5440.0 0.2679542139021841
5441.0 0.2678689918547085
5442.0 0.26778891310511804
5443.0 0.26771423461705546
5444.0 0.267639558872671
5445.0 0.2675648858719078
5446.0 0.26749021561470737
5447.0 0.26741554810101226
5448.0 0.2673408833307644
5449.0 0.26726622130390626
5450.0 0.2671915620203799
5451.0 0.26711674133253455
5452.0 0.26703514577400234
5453.0 0.26694636663879395
5454.0 0.26685759089059014
5455.0 0.26676881852931683
5456.0 0.26668004955490004
5457.0 0.26659128396726567
5458.0 0.2665025217663396
5459.0 0.266413762952048
5460.0 0.2663023744038548
5461.0 0.2662134613474361
5462.0 0.2661095876868117
5463.0 0.2659896638609774
5464.0 0.2658697448006375
5465.0 0.26574983050568396
5466.0 0.265629920976009
5467.0 0.2655100162115041
5468.0 0.265390116212062
5469.0 0.26527022097757375
5470.0 0.26515033050793235
5471.0 0.2650302794537239
5472.0 0.2649377606334046
5473.0 0.2648750685350683
5474.0 0.2648123789316572
5475.0 0.2647496918231133
5476.0 0.2646870072093791
5477.0 0.26462432509039685
5478.0 0.26456164546610894
5479.0 0.2644989683364578
5480.0 0.2644362937013856
5481.0 0.26437354031721777
5482.0 0.26430209151963285
5483.0 0.26422112967242
5484.0 0.26414017113609495
5485.0 0.26405921591057974
5486.0 0.2639782639957962
5487.0 0.26389731539166683
5488.0 0.26381637009811343
5489.0 0.26373542811505846
5490.0 0.2636544894424234
5491.0 0.2635734288941251
5492.0 0.26345461803601977
5493.0 0.26329401994218354
5494.0 0.26313342871153844
5495.0 0.2629728443439191
5496.0 0.2628122668391588
5497.0 0.26265169619709205
5498.0 0.26249113241755273
5499.0 0.26233057550037503
5500.0 0.26217002544539286
5501.0 0.26201067449232
5502.0 0.26184615651996296
5503.0 0.2616758620277453
5504.0 0.26150557332457885
5505.0 0.2613352904103685
5506.0 0.2611650132850189
5507.0 0.2609947419484348
5508.0 0.2608244764005209
5509.0 0.2606542166411824
5510.0 0.2604839626703237
5511.0 0.26031359083362754
5512.0 0.26016525024183007
5513.0 0.2600418274801961
5514.0 0.2599184089969524
5515.0 0.2597949947920264
5516.0 0.25967158486534675
5517.0 0.25954817921684115
5518.0 0.259424777846438
5519.0 0.2593013807540652
5520.0 0.2591779879396512
5521.0 0.2590545197728132
5522.0 0.25892441461279825
5523.0 0.25883388119471334
5524.0 0.2587433509373605
5525.0 0.25865282384068566
5526.0 0.2585622999046351
5527.0 0.2584717791291551
5528.0 0.25838126151419205
5529.0 0.2582907470596923
5530.0 0.25820023576560186
5531.0 0.25810956413134445
5532.0 0.25799686410114203
5533.0 0.2578587046751746
5534.0 0.2577205503007983
5535.0 0.25758240097792456
5536.0 0.25744425670646476
5537.0 0.2573061174863299
5538.0 0.2571679833174316
5539.0 0.257029854199681
5540.0 0.2568917301329893
5541.0 0.2567534125827124
5542.0 0.2566229282463412
5543.0 0.25650158544075224
5544.0 0.25638024723444
5545.0 0.25625891362732095
5546.0 0.2561375846193119
5547.0 0.2560162602103301
5548.0 0.2558949404002918
5549.0 0.25577362518911395
5550.0 0.2556523145767136
5551.0 0.2555308895226872
5552.0 0.25540004349159307
5553.0 0.2552580706213526
5554.0 0.2551161032816056
5555.0 0.2549741414722501
5556.0 0.25483218519318435
5557.0 0.25469023444430605
5558.0 0.2545482892255137
5559.0 0.25440634953670543
5560.0 0.25426441537777894
5561.0 0.2541223659854205
5562.0 0.2539972802045879
5563.0 0.2538708448261171
5564.0 0.25376600273026206
5565.0 0.25366116477534545
5566.0 0.25355633096128977
5567.0 0.25345150128801797
5568.0 0.25334667575545233
5569.0 0.253241854363516
5570.0 0.2531370371121313
5571.0 0.2530321438298859
5572.0 0.25291038058236415
5573.0 0.25276825728559565
5574.0 0.25262613974061504
5575.0 0.25248402794731367
5576.0 0.2523419219055826
5577.0 0.25219982161531307
5578.0 0.25205772707639595
5579.0 0.25191563828872293
5580.0 0.2517735552521845
5581.0 0.2516314005761871
5582.0 0.25149118103069035
5583.0 0.2513533187136663
5584.0 0.2512154620527057
5585.0 0.25107761104770016
5586.0 0.2509397656985419
5587.0 0.25080192600512263
5588.0 0.2506640919673346
5589.0 0.2505262635850694
5590.0 0.2503884408582193
5591.0 0.25025062378667606
5592.0 0.2501211161955187
5593.0 0.25000185537975694
5594.0 0.24988259943717248
5595.0 0.2497421172952343
5596.0 0.24962288123521914
5597.0 0.2495036500476879
5598.0 0.24938442373254788
5599.0 0.24926520228970572
5600.0 0.2491459857190689
5601.0 0.2490266556302741
5602.0 0.24887395084201475
5603.0 0.24867967517099457
5604.0 0.24848540771412564
5605.0 0.24829114847124822
5606.0 0.24809689744220265
5607.0 0.24790265462682948
5608.0 0.247708420024969
5609.0 0.2475141936364617
5610.0 0.2473199754611479
5611.0 0.2471256917737328
5612.0 0.24693403685173831
5613.0 0.24674569309484198
5614.0 0.24655735740583343
5615.0 0.2463690297845549
5616.0 0.2461807102308479
5617.0 0.24599239874455459
5618.0 0.24580409532551661
5619.0 0.2456157999735763
5620.0 0.2454275126885752
5621.0 0.24523903911100087
5622.0 0.2450390286757832
5623.0 0.24480351704648687
5624.0 0.24458884621904745
5625.0 0.244374184939722
5626.0 0.2441595332083193
5627.0 0.24394489102464798
5628.0 0.24373025838851683
5629.0 0.24351563529973466
5630.0 0.24330102175811005
5631.0 0.24307992110887325
5632.0 0.24286303942733187
5633.0 0.2426515861384247
5634.0 0.24244015301180719
5635.0 0.24222874004632275
5636.0 0.24201734724081492
5637.0 0.24180597459412714
5638.0 0.24159462210510313
5639.0 0.2413832897725864
5640.0 0.2411719775954204
5641.0 0.24096072377544608
5642.0 0.2407833613599459
5643.0 0.24065008429670035
5644.0 0.24051681964514499
5645.0 0.24038356740457592
5646.0 0.24025032757428774
5647.0 0.2401171001535759
5648.0 0.23996350621995863
5649.0 0.23983031492756732
5650.0 0.2396971360415848
5651.0 0.23956396956130607
5652.0 0.23941243503191026
5653.0 0.23923676170437003
5654.0 0.2390611049681792
5655.0 0.23888546482239117
5656.0 0.23870984126605874
5657.0 0.23853423429823495
5658.0 0.23835864391797326
5659.0 0.2381830701243268
5660.0 0.23800751291634875
5661.0 0.23783189907960378
5662.0 0.23765280555888418
5663.0 0.2374690794050439
5664.0 0.23728537074650788
5665.0 0.2371016795822712
5666.0 0.23691800591132914
5667.0 0.2367343497326762
5668.0 0.236550711045308
5669.0 0.2363670898482191
5670.0 0.23618348614040516
5671.0 0.23597968398401573
5672.0 0.23578501592164158
5673.0 0.2355756086342367
5674.0 0.23536622164145024
5675.0 0.2351568549421005
5676.0 0.2349475085350061
5677.0 0.23473818241898584
5678.0 0.23452887659285823
5679.0 0.2343195910554419
5680.0 0.23411032580555596
5681.0 0.2339009739006424
5682.0 0.23369460763221717
5683.0 0.23349229231346344
5684.0 0.233289996757404
5685.0 0.23308772096287958
5686.0 0.23288546492873083
5687.0 0.23268322865379834
5688.0 0.2324810121369226
5689.0 0.23227881537694495
5690.0 0.23207663837270562
5691.0 0.2318744421735757
5692.0 0.23166024187618348
5693.0 0.23147631728977638
5694.0 0.2312924106682749
5695.0 0.23110852201062385
5696.0 0.23092465131576678
5697.0 0.23074079858264857
5698.0 0.23055696381021287
5699.0 0.23037314699740474
5700.0 0.23018934814316808
5701.0 0.2300056402346405
5702.0 0.22979684545717224
5703.0 0.229553184008158
5704.0 0.2293095464588089
5705.0 0.22906593280772267
5706.0 0.22882234305349738
5707.0 0.22857877719473102
5708.0 0.2283352352300215
5709.0 0.22809171715796733
5710.0 0.22784822297716648
5711.0 0.22758539697511787
5712.0 0.22737199896965207
5713.0 0.22720077123829882
5714.0 0.2270295600989506
5715.0 0.2268583655506373
5716.0 0.22668718759239026
5717.0 0.22651602622323957
5718.0 0.22634488144221648
5719.0 0.2261737532483516
5720.0 0.2260026416406759
5721.0 0.22583147493552042
5722.0 0.22564646847692196
5723.0 0.22544179382931387
5724.0 0.2252371392809783
5725.0 0.22503250483073137
5726.0 0.22482789047738952
5727.0 0.22462329621976904
5728.0 0.22441872205668634
5729.0 0.22419509899256015
5730.0 0.22399058241023365
5731.0 0.22378601696354755
5732.0 0.2235732391627174
5733.0 0.22334866767152212
5734.0 0.22312411844094526
5735.0 0.22289959146966698
5736.0 0.2226750867563679
5737.0 0.2224506042997288
5738.0 0.22222614409843006
5739.0 0.22200170615115256
5740.0 0.22177729045657688
5741.0 0.22155293218539465
5742.0 0.22132364020375814
5743.0 0.22108717187815521
5744.0 0.22085072696943034
5745.0 0.22061430547619815
5746.0 0.2203779073970732
5747.0 0.22012280851380187
5748.0 0.21988647736167607
5749.0 0.21965016961751052
5750.0 0.21941388527992023
5751.0 0.21917762230047763
5752.0 0.21896434476741025
5753.0 0.21878478267901638
5754.0 0.21860523821584443
5755.0 0.2184257113768548
5756.0 0.21824620216100749
5757.0 0.21806671056726284
5758.0 0.21788723659458145
5759.0 0.21770778024192344
5760.0 0.2175283415082495
5761.0 0.21734895693689577
5762.0 0.2171420776126773
5763.0 0.21687590332403778
5764.0 0.21662822421081201
5765.0 0.2163805696033841
5766.0 0.21613293950030632
5767.0 0.2158853339001318
5768.0 0.21563775280141326
5769.0 0.21539019620270358
5770.0 0.2151426641025557
5771.0 0.21489512036279632
5772.0 0.21465000576258905
5773.0 0.21440852361979967
5774.0 0.2141670654384558
5775.0 0.21392563121713853
5776.0 0.21368422095442888
5777.0 0.2134428346489077
5778.0 0.2132014722991563
5779.0 0.21294203901447398
5780.0 0.2127007450761158
5781.0 0.2124594433253876
5782.0 0.21220645956827328
5783.0 0.21193571972113212
5784.0 0.21166500690861725
5785.0 0.21139432112912146
5786.0 0.2111236623810378
5787.0 0.2108530306627592
5788.0 0.2105824259726787
5789.0 0.21031184830918945
5790.0 0.2100412976706846
5791.0 0.20977074073101193
5792.0 0.2095196115385689
5793.0 0.20929827919057545
5794.0 0.2090591812434949
5795.0 0.20883791182943412
5796.0 0.208616664465219
5797.0 0.20839543914953737
5798.0 0.2081742358810773
5799.0 0.2079530546585267
5800.0 0.20773189548057355
5801.0 0.20751082428625195
5802.0 0.2072673428041371
5803.0 0.20698903628185938
5804.0 0.2067107575064307
5805.0 0.206432506476205
5806.0 0.20615428318953619
5807.0 0.20587608764477813
5808.0 0.2055979198402851
5809.0 0.20530231028532236
5810.0 0.20502422161941342
5811.0 0.20474615877262498
5812.0 0.20447678727091181
5813.0 0.2042210406385148
5814.0 0.2039653194666031
5815.0 0.20370962375366675
5816.0 0.20345395349819567
5817.0 0.2031983086986801
5818.0 0.2029426893536102
5819.0 0.20268709546147615
5820.0 0.20243152702076822
5821.0 0.20217598592006045
5822.0 0.2019411232952374
5823.0 0.20172193634402386
5824.0 0.20151995285376217
5825.0 0.20131798934274783
5826.0 0.2011160458097984
5827.0 0.20091412225373187
5828.0 0.20071221867336594
5829.0 0.20051033506751836
5830.0 0.20030847143500735
5831.0 0.20010968254470304
5832.0 0.19988918773209843
5833.0 0.19963383633095336
5834.0 0.19937850285875974
5835.0 0.19912318731489653
5836.0 0.1988678896987425
5837.0 0.19859570831927426
5838.0 0.1983404682791393
5839.0 0.19808524616332474
5840.0 0.19783004197120957
5841.0 0.19757482429322326
5842.0 0.1973108614344261
5843.0 0.19703267192915974
5844.0 0.1967545020794654
5845.0 0.19647635188465976
5846.0 0.19619822134405812
5847.0 0.19592011045697658
5848.0 0.19564201922273128
5849.0 0.1953639476406381
5850.0 0.1950692927257943
5851.0 0.19479137702077173
5852.0 0.1945324690382014
5853.0 0.19430476786138318
5854.0 0.19407708250919725
5855.0 0.19384941298109964
5856.0 0.19362175927654643
5857.0 0.1933941213949939
5858.0 0.19316649933589808
5859.0 0.19293889309871545
5860.0 0.1927113026829019
5861.0 0.19248375689561875
5862.0 0.19224242201888717
5863.0 0.19196180459509662
5864.0 0.19169756789928685
5865.0 0.19143334955080304
5866.0 0.19116914954901618
5867.0 0.19090496789329706
5868.0 0.1906408045830172
5869.0 0.19037665961754724
5870.0 0.19011253299625863
5871.0 0.18984845491176935
5872.0 0.1895836463693955
5873.0 0.1893175978670565
5874.0 0.1890515677644024
5875.0 0.1887855560608049
5876.0 0.18850353500070988
5877.0 0.18823758270627555
5878.0 0.1879716488074486
5879.0 0.18770573330360066
5880.0 0.1874398361941036
5881.0 0.18717395922961835
5882.0 0.18690881198029266
5883.0 0.1866448935955836
5884.0 0.1863809934626074
5885.0 0.1861171115807409
5886.0 0.18585324794936064
5887.0 0.18558940256784348
5888.0 0.185309799086977
5889.0 0.1850460126607719
5890.0 0.18478224448100675
5891.0 0.1845184928203818
5892.0 0.18424769892610657
5893.0 0.18396478167351843
5894.0 0.1836818840209464
5895.0 0.18339900596772066
5896.0 0.18311614751317123
5897.0 0.1828333086566284
5898.0 0.18255048939742213
5899.0 0.18226768973488292
5900.0 0.1819694163841915
5901.0 0.1816867088927008
5902.0 0.18140635064175084
5903.0 0.18113006059659903
5904.0 0.18085378960707318
5905.0 0.18057753767252474
5906.0 0.18030130479230475
5907.0 0.18002509096576474
5908.0 0.179748896192256
5909.0 0.1794727204711298
5910.0 0.17919656380173765
5911.0 0.17890527622704155
5912.0 0.17863862713923018
5913.0 0.17838847463078128
5914.0 0.17813833912736524
5915.0 0.17788822062840995
5916.0 0.17763811913334399
5917.0 0.17738803464159555
5918.0 0.177137967152593
5919.0 0.1768879166657648
5920.0 0.1766378831805393
5921.0 0.1763879228387442
5922.0 0.1761342911827889
5923.0 0.175859126715753
5924.0 0.17559897753727732
5925.0 0.1753388459013304
5926.0 0.17507873180732697
5927.0 0.17481863525468208
5928.0 0.17455855624281105
5929.0 0.17429849477112871
5930.0 0.17403845083905017
5931.0 0.17377845047835463
5932.0 0.17351407956783904
5933.0 0.1732418210637276
5934.0 0.17295485133196503
5935.0 0.1726826526058372
5936.0 0.1724104721754658
5937.0 0.17213831004024263
5938.0 0.17186616619956008
5939.0 0.17159404065281025
5940.0 0.17132193339938542
5941.0 0.17104990049729132
5942.0 0.1707781566347071
5943.0 0.17050692418778762
5944.0 0.17023570980320915
5945.0 0.16995003862331481
5946.0 0.16967888345625828
5947.0 0.1694077463482206
5948.0 0.16913662729860698
5949.0 0.16886552630682303
5950.0 0.16859444337227394
5951.0 0.16832340213938532
5952.0 0.1680503104140867
5953.0 0.16777342175289917
5954.0 0.1674965514668859
5955.0 0.16721969955544416
5956.0 0.16692866423279362
5957.0 0.16665187261727904
5958.0 0.1663750993729647
5959.0 0.16609834449924823
5960.0 0.16582160799552684
5961.0 0.1655449441286771
5962.0 0.1652708046175402
5963.0 0.1650013553083849
5964.0 0.16473192370835968
