mejiro/data/hst_filter_response/WFC3_UVIS-F438W.ecsv
# %ECSV 1.0
# ---
# datatype:
# - {name: wavelength, unit: Angstrom, datatype: float64}
# - {name: response, datatype: float64}
# meta:
#   __serialized_columns__:
#     wavelength:
#       __class__: astropy.units.quantity.Quantity
#       unit: !astropy.units.Unit {unit: Angstrom}
#       value: !astropy.table.SerializedColumn {name: wavelength}
#   band_name: F438W
#   group_name: WFC3_UVIS
# schema: astropy-2.0
wavelength response
[from data line 1634]
3623.0 2.1724846276394135e-06
3624.0 2.1955697856739276e-06
3625.0 2.218857800931169e-06
3626.0 2.2419648985671256e-06
3627.0 2.265081963951132e-06
3628.0 2.2884076821835437e-06
3629.0 2.3115466949730613e-06
3630.0 2.3346956793103202e-06
3631.0 2.3580243659357934e-06
3632.0 2.379741440571938e-06
3633.0 2.401415913701656e-06
3634.0 2.423099069769487e-06
3635.0 2.4450034057402287e-06
3636.0 2.4667058153948076e-06
3637.0 2.4884169102854843e-06
3638.0 2.5103548481426067e-06
3639.0 2.5320852034796062e-06
3640.0 2.5538242463497883e-06
3641.0 2.575796612610478e-06
3642.0 2.6132357845604648e-06
3643.0 2.651302760630798e-06
3644.0 2.689385103360906e-06
3645.0 2.7277198193499247e-06
3646.0 2.7658362100129343e-06
3647.0 2.803967971433347e-06
3648.0 2.8423620497687107e-06
3649.0 2.8805278713222746e-06
3650.0 2.918709067729272e-06
3651.0 2.9569060908162372e-06
3652.0 3.0232738169671776e-06
3653.0 3.0905754684409802e-06
3654.0 3.1579043841218983e-06
3655.0 3.2255407529086947e-06
3656.0 3.292930055713313e-06
3657.0 3.3603466300170654e-06
3658.0 3.4280882331813233e-06
3659.0 3.495565216296808e-06
3660.0 3.5630694782006e-06
3661.0 3.630602230966319e-06
3662.0 3.6677691572132224e-06
3663.0 3.703272595629014e-06
3664.0 3.7387902609266883e-06
3665.0 3.774649954282665e-06
3666.0 3.8101991631065936e-06
3667.0 3.845762602625501e-06
3668.0 3.881340273698121e-06
3669.0 3.917272333654511e-06
3670.0 3.9528815625384425e-06
3671.0 3.988505634346462e-06
3672.0 4.100915082656685e-06
3673.0 4.216639305660167e-06
3674.0 4.332410450374224e-06
3675.0 4.448228519656418e-06
3676.0 4.564489332827321e-06
3677.0 4.680411312162024e-06
3678.0 4.796380228703506e-06
3679.0 4.912822579356772e-06
3680.0 5.0288954554440295e-06
3681.0 5.145016064677659e-06
3682.0 5.2157548462234015e-06
3683.0 5.284697274484308e-06
3684.0 5.353214447288055e-06
3685.0 5.421759158645257e-06
3686.0 5.490807997850228e-06
3687.0 5.559413746136364e-06
3688.0 5.628047040390461e-06
3689.0 5.697202341471407e-06
3690.0 5.765896694653312e-06
3691.0 5.834617768897956e-06
3692.0 5.921522216315544e-06
3693.0 6.0099448064092134e-06
3694.0 6.097888789368603e-06
3695.0 6.18586809519722e-06
3696.0 6.2744271879506954e-06
3697.0 6.362484787101212e-06
3698.0 6.450577718592148e-06
3699.0 6.5387059845577046e-06
3700.0 6.627443946763184e-06
3701.0 6.715651489874833e-06
3702.0 6.880004259903298e-06
3703.0 7.0492935565920095e-06
3704.0 7.218053944717825e-06
3705.0 7.386882387401059e-06
3706.0 7.555778888774501e-06
3707.0 7.725413649494314e-06
3708.0 7.894460945864966e-06
3709.0 8.063576319223825e-06
3710.0 8.233473983609811e-06
3711.0 8.402738929090027e-06
3712.0 8.582639676632854e-06
3713.0 8.76323580264274e-06
3714.0 8.944680355241218e-06
3715.0 9.125437345216506e-06
3716.0 9.30626694086346e-06
3717.0 9.487169146556503e-06
3718.0 9.668982553797292e-06
3719.0 9.850045696237896e-06
3720.0 1.0031181468140395e-05
3721.0 1.0213275590510834e-05
3722.0 1.0292727163003443e-05
3723.0 1.0365926048260337e-05
3724.0 1.0439153805652953e-05
3725.0 1.0513321008538628e-05
3726.0 1.0586612863267846e-05
3727.0 1.0659933597800912e-05
3728.0 1.0734213946025674e-05
3729.0 1.0807598808316544e-05
3730.0 1.0881012558079349e-05
3731.0 1.0954456964210866e-05
3732.0 1.2012704464173581e-05
3733.0 1.3134120298503846e-05
3734.0 1.4255988836429107e-05
3735.0 1.537964339783838e-05
3736.0 1.6502514769114022e-05
3737.0 1.7625838965389603e-05
3738.0 1.874961601403664e-05
3739.0 1.9875568846458726e-05
3740.0 2.100034918297336e-05
3741.0 2.2125572000953458e-05
3742.0 2.2331470401111594e-05
3743.0 2.2473297341345044e-05
3744.0 2.2615179786251214e-05
3745.0 2.275711773908912e-05
3746.0 2.2901096029403935e-05
3747.0 2.304315732025857e-05
3748.0 2.3185274133629156e-05
3749.0 2.3327446472771655e-05
3750.0 2.3471706021180344e-05
3751.0 2.3614001514722024e-05
3752.0 2.414194467230583e-05
3753.0 2.469945542882038e-05
3754.0 2.525509562849674e-05
3755.0 2.5810957473335658e-05
3756.0 2.6367040976442857e-05
3757.0 2.6925679179405957e-05
3758.0 2.7482254263897537e-05
3759.0 2.8039051065165592e-05
3760.0 2.8596069596303586e-05
3761.0 2.915583149675273e-05
3762.0 2.982039493066067e-05
3763.0 3.0493110038361416e-05
3764.0 3.11687931239369e-05
3765.0 3.184210210615159e-05
3766.0 3.251567890736849e-05
3767.0 3.318952354330403e-05
3768.0 3.386656970269913e-05
3769.0 3.454100847809404e-05
3770.0 3.521571515853972e-05
3771.0 3.58937872152361e-05
3772.0 3.746790240018023e-05
3773.0 3.911139914423207e-05
3774.0 4.075555052235108e-05
3775.0 4.240402916205817e-05
3776.0 4.4049632447153206e-05
3777.0 4.569589053705985e-05
3778.0 4.734280346977239e-05
3779.0 4.89946092549767e-05
3780.0 5.0642974568758675e-05
3781.0 5.229198648284972e-05
3782.0 5.3818000540353446e-05
3783.0 5.532987288223147e-05
3784.0 5.6842344588968303e-05
3785.0 5.8355415695072195e-05
3786.0 5.987427056598222e-05
3787.0 6.138867170169645e-05
3788.0 6.290367239216243e-05
3789.0 6.44192726718555e-05
3790.0 6.594118172722453e-05
3791.0 6.745808071989343e-05
3792.0 6.89756113018771e-05
3793.0 7.049374299730235e-05
3794.0 7.201870788837563e-05
3795.0 7.353816794931033e-05
3796.0 7.505822652418764e-05
3797.0 7.658551323129238e-05
3798.0 7.810690063350693e-05
3799.0 7.962888670282482e-05
3800.0 8.11514714730103e-05
3801.0 8.271416988668683e-05
3802.0 8.576817031043991e-05
3803.0 8.895390743704532e-05
3804.0 9.214334031387737e-05
3805.0 9.534471143523935e-05
3806.0 9.85418130694972e-05
3807.0 0.00010174261165269211
3808.0 0.00010495619059707758
3809.0 0.00010816466162444562
3810.0 0.00011137683079945523
3811.0 0.00011459262478568867
3812.0 0.00011908787584179307
3813.0 0.00012369081305902378
3814.0 0.0001282990594472894
3815.0 0.0001329126154179681
3816.0 0.00013754338260272458
3817.0 0.00014216795912289356
3818.0 0.00014679784691866725
3819.0 0.00015143304640111854
3820.0 0.00015608706256264458
3821.0 0.00016073321274169254
3822.0 0.0001666112387695689
3823.0 0.00017262345826415406
3824.0 0.00017862813155201587
3825.0 0.00018463967428411615
3826.0 0.00019065808698297577
3827.0 0.00019670038565424883
3828.0 0.00020273306170782854
3829.0 0.00020877260988954306
3830.0 0.00021481903072151996
3831.0 0.00022089125291458115
3832.0 0.0002291969220054453
3833.0 0.000237725228069936
3834.0 0.00024626324359797397
3835.0 0.0002548330097284103
3836.0 0.0002633911865626613
3837.0 0.000271959075885878
3838.0 0.0002805366784263217
3839.0 0.00028914900113666655
3840.0 0.00029774677584978025
3841.0 0.0003063541193985439
3842.0 0.00031848506039925
3843.0 0.00033094554274278043
3844.0 0.00034342013658282897
3845.0 0.0003559088429587692
3846.0 0.00036844352118380877
3847.0 0.0003809615381465738
3848.0 0.00039349367198285133
3849.0 0.00040603992373134203
3850.0 0.00041863648961956056
3851.0 0.00043121172602216863
3852.0 0.0004491015090086309
3853.0 0.00046754749629589383
3854.0 0.00048605627199619565
3855.0 0.0005045453947181774
3856.0 0.0005230552899661013
3857.0 0.0005415859592235501
3858.0 0.0005601857713861935
3859.0 0.0005787595968086766
3860.0 0.0005973542024839749
3861.0 0.0006159692009147676
3862.0 0.0006430705229313068
3863.0 0.0006710269796564308
3864.0 0.0006990147386649203
3865.0 0.000727033802137913
3866.0 0.0007551494396915412
3867.0 0.0007832335459397509
3868.0 0.0008113489658998459
3869.0 0.0008395682592197397
3870.0 0.0008677487485665452
3871.0 0.0008959601388404634
3872.0 0.0009381451558851975
3873.0 0.0009819634513058022
3874.0 0.0010257493922252812
3875.0 0.0010695840586885561
3876.0 0.0011134674540238696
3877.0 0.0011574995981155631
3878.0 0.001201484261778549
3879.0 0.0012455176685062437
3880.0 0.0012895998216246312
3881.0 0.0013338451146270001
3882.0 0.0013977338677242336
3883.0 0.0014638747054112904
3884.0 0.0015300887764893635
3885.0 0.0015965138482603725
3886.0 0.0016628801274485923
3887.0 0.0017293196609600504
3888.0 0.0017958324536636535
3889.0 0.0018625794094211735
3890.0 0.0019292444939779016
3891.0 0.0019959809800784117
3892.0 0.0020939172209555757
3893.0 0.002195699825132006
3894.0 0.0022974133156203587
3895.0 0.0023992385826846303
3896.0 0.002501175633467848
3897.0 0.002603449335333318
3898.0 0.0027056187993663382
3899.0 0.0028079000781963503
3900.0 0.0029102931789613228
3901.0 0.0030130554616485546
3902.0 0.0031696449915256182
3903.0 0.0033327393320495106
3904.0 0.0034960119890577474
3905.0 0.0036597790144271202
3906.0 0.0038234224686577124
3907.0 0.003987244287561488
3908.0 0.004151244482063659
3909.0 0.004315795722305487
3910.0 0.004480166893850766
3911.0 0.00464471068033794
3912.0 0.004902729287503925
3913.0 0.005172709345860849
3914.0 0.005442558824605057
3915.0 0.005712701080288394
3916.0 0.005983136129852413
3917.0 0.006254403307072857
3918.0 0.006525447367322384
3919.0 0.006796784297510007
3920.0 0.007068414114564497
3921.0 0.0073409646826619315
3922.0 0.007771951166142177
3923.0 0.008223056698191704
3924.0 0.00867464924250039
3925.0 0.009127516694591995
3926.0 0.009580122412714191
3927.0 0.010033215266435244
3928.0 0.010486795282842886
3929.0 0.010941806881709861
3930.0 0.011396400540930968
3931.0 0.011851472133082354
3932.0 0.012530985212449698
3933.0 0.013240857562511303
3934.0 0.013950408448181224
3935.0 0.014660719465526878
3936.0 0.015371790655158634
3937.0 0.016085010123140907
3938.0 0.016797663277965672
3939.0 0.01751107679246954
3940.0 0.01822525070723048
3941.0 0.01894179870473292
3942.0 0.020043333662959666
3943.0 0.02119643770117057
3944.0 0.022350769826131885
3945.0 0.023508355999825953
3946.0 0.024665244182131826
3947.0 0.02582336074270139
3948.0 0.026982705743396326
3949.0 0.028145707468153713
3950.0 0.029307609775733882
3951.0 0.030470702485933678
3952.0 0.03219185734348189
3953.0 0.033992244640776825
3954.0 0.03579175463608031
3955.0 0.03759316471520779
3956.0 0.03939647496730186
3957.0 0.041205239778788295
3958.0 0.0430125065360636
3959.0 0.044821673897547924
3960.0 0.046632741952305955
3961.0 0.048445657147416304
3962.0 0.05090455574334943
3963.0 0.053449636458656226
3964.0 0.05599738541638404
3965.0 0.058547802733522
3966.0 0.06110615853621785
3967.0 0.06366213335924974
3968.0 0.0662207771226622
3969.0 0.06878208994333732
3970.0 0.07135222507332113
3971.0 0.07391899301928206
3972.0 0.07694926817059757
3973.0 0.08004753286943164
3974.0 0.08315617491038556
3975.0 0.08626113804469565
3976.0 0.08936931715736274
3977.0 0.09248071237665592
3978.0 0.09560356688546746
3979.0 0.09872166354873164
3980.0 0.10184297698057698
3981.0 0.10496737542335055
3982.0 0.10804415763375762
3983.0 0.11110638189527337
3984.0 0.11417174401834954
3985.0 0.11724024411713585
3986.0 0.12031188230574966
3987.0 0.1233972963273752
3988.0 0.12647547639649895
3989.0 0.12955679516818308
3990.0 0.13264125275642497
3991.0 0.1357403578438921
3992.0 0.138263769833689
3993.0 0.14070608287760666
3994.0 0.14315085226755755
3995.0 0.14561062847834258
3996.0 0.14806052195882827
3997.0 0.1505128722355807
3998.0 0.15296767938805073
3999.0 0.15543833980126456
4000.0 0.15789827295042366
4001.0 0.16030095319928414
4002.0 0.1619031646073576
4003.0 0.16338492989614242
4004.0 0.16488130554119598
4005.0 0.16636403521274748
4006.0 0.1678471833082421
4007.0 0.16933074983348934
4008.0 0.17082945503274688
4009.0 0.172313986355796
4010.0 0.17379893616206255
4011.0 0.17528405653856519
4012.0 0.17614123278075786
4013.0 0.17688432747848173
4014.0 0.177627625933133
4015.0 0.1783711281468285
4016.0 0.1791302669748346
4017.0 0.17987424080955047
4018.0 0.1806184184272076
4019.0 0.18136279982991582
4020.0 0.18210738501978327
4021.0 0.18286766894738293
4022.0 0.18327310197896085
4023.0 0.18362511100849505
4024.0 0.18397721162848388
4025.0 0.18434528325288724
4026.0 0.18469759740372668
4027.0 0.1850500031546807
4028.0 0.1854025005063375
4029.0 0.1857710903126775
4030.0 0.18612380124723388
4031.0 0.18648807864073083
4032.0 0.1865763309456843
4033.0 0.1866200464275834
4034.0 0.18667982683487383
4035.0 0.18672355877275626
4036.0 0.18676729705905729
4037.0 0.1868110416943346
4038.0 0.18687088548963884
4039.0 0.18691464659312698
4040.0 0.18695841404781047
4041.0 0.18700198485262615
4042.0 0.1869590127138099
4043.0 0.18691782762050313
4044.0 0.18686050801298942
4045.0 0.18680315428541294
4046.0 0.1867457664321474
4047.0 0.1867044201537283
4048.0 0.18664695908466716
4049.0 0.18658946387009714
4050.0 0.1865319345043901
4051.0 0.1864901616803832
4052.0 0.186442679810413
4053.0 0.18639691617302223
4054.0 0.18635112335829843
4055.0 0.18630530136146595
4056.0 0.18627548619016943
4057.0 0.18622960186471843
4058.0 0.18618368834031565
4059.0 0.18613774561218374
4060.0 0.18610779387259357
4061.0 0.18606155556714535
4062.0 0.18616185978027244
4063.0 0.18628740210625103
4064.0 0.18641298307324672
4065.0 0.18655464082914885
4066.0 0.18668030989795006
4067.0 0.18680601762706667
4068.0 0.18693176402182535
4069.0 0.18707364965543605
4070.0 0.18719948422746024
4071.0 0.1873251507909875
4072.0 0.18757117045057692
4073.0 0.1878384143019158
4074.0 0.18812194139862753
4075.0 0.18838939597823717
4076.0 0.18865694444168915
4077.0 0.18892458680227175
4078.0 0.18920860458435163
4079.0 0.18947645782799152
4080.0 0.1897444050167151
4081.0 0.19001226853022712
4082.0 0.1902659649077079
4083.0 0.19053358955991384
4084.0 0.19078492867791114
4085.0 0.19103635477137906
4086.0 0.19128786785244573
4087.0 0.19155594859830108
4088.0 0.19180765734691013
4089.0 0.19205945312699407
4090.0 0.19231133595068445
4091.0 0.19256312405397974
4092.0 0.19279297599591036
4093.0 0.1929992731010605
4094.0 0.19320563915290495
4095.0 0.19341207416085857
4096.0 0.19363523482626194
4097.0 0.19384182554581322
4098.0 0.19404848525565382
4099.0 0.1942552139652009
4100.0 0.19446201168387192
4101.0 0.1946853912234235
4102.0 0.19481081652632784
4103.0 0.19492110623974016
4104.0 0.195031427447724
4105.0 0.19515856499862025
4106.0 0.1952689587024164
4107.0 0.19537938391562198
4108.0 0.1954898406422804
4109.0 0.1956003288864353
4110.0 0.19572768099624077
4111.0 0.19583799480289849
4112.0 0.19598153002355675
4113.0 0.19613141670621712
4114.0 0.19628134973901717
4115.0 0.19644822198496598
4116.0 0.19659826063810804
4117.0 0.1967483456634072
4118.0 0.19689847706687477
4119.0 0.19706559934358275
4120.0 0.19721583643940846
4121.0 0.19736590424802075
4122.0 0.19754861148498173
4123.0 0.19773770699138135
4124.0 0.1979438818989473
4125.0 0.19813311539722903
4126.0 0.19832240977366497
4127.0 0.1985117650361272
4128.0 0.19870118119248842
4129.0 0.19890775819523068
4130.0 0.19909731245884077
4131.0 0.19928674153796586
4132.0 0.19948229783619384
4133.0 0.19969626217155986
4134.0 0.1998931609529634
4135.0 0.20009012308561613
4136.0 0.2002871485776077
4137.0 0.20048423743702834
4138.0 0.20069864061300824
4139.0 0.2008958731845758
4140.0 0.2010931691532943
4141.0 0.20129040072490317
4142.0 0.20146685256387648
4143.0 0.201656497724132
4144.0 0.20182887970385416
4145.0 0.2020013154820683
4146.0 0.20217380506552554
4147.0 0.20236373953499684
4148.0 0.20253635158341804
4149.0 0.2027090174619635
4150.0 0.2028817371773861
4151.0 0.20305435150702317
4152.0 0.2031800074324464
4153.0 0.20327499539473498
4154.0 0.20337000794147936
4155.0 0.2034650450755527
4156.0 0.2035601067998278
4157.0 0.20367269367430707
4158.0 0.20376781276070483
4159.0 0.20386295644803873
4160.0 0.20395812473918243
4161.0 0.20405319193355034
4162.0 0.20421466834381194
4163.0 0.20436886297938975
4164.0 0.2045231040713737
4165.0 0.2046773916254206
4166.0 0.20483172564718755
4167.0 0.20500369704946714
4168.0 0.2051581372758158
4169.0 0.20531262399084638
4170.0 0.20546715720021766
4171.0 0.20563920615630157
4172.0 0.2057687029125341
4173.0 0.20589293323262642
4174.0 0.2060171986089023
4175.0 0.20614149904548879
4176.0 0.2062835533533826
4177.0 0.2064079346067491
4178.0 0.20653235093582129
4179.0 0.20665680234472736
4180.0 0.20678128883759542
4181.0 0.20692338959516143
4182.0 0.2070541770274544
4183.0 0.20718639283911341
4184.0 0.20731864639346717
4185.0 0.20745093769491382
4186.0 0.20760109566269216
4187.0 0.20773347384024254
4188.0 0.2078658897813247
4189.0 0.20799834349033805
4190.0 0.20813083497168175
