mejiro/data/hst_filter_response/WFC3_UVIS-F475W.ecsv
# %ECSV 1.0
# ---
# datatype:
# - {name: wavelength, unit: Angstrom, datatype: float64}
# - {name: response, datatype: float64}
# meta:
#   __serialized_columns__:
#     wavelength:
#       __class__: astropy.units.quantity.Quantity
#       unit: !astropy.units.Unit {unit: Angstrom}
#       value: !astropy.table.SerializedColumn {name: wavelength}
#   band_name: F475W
#   group_name: WFC3_UVIS
# schema: astropy-2.0
wavelength response
[from data line 6695]
8684.0 8.844893555714068e-09
8685.0 9.775257644180528e-09
8686.0 1.0704006246674915e-08
8687.0 1.163302457940198e-08
8688.0 1.2560253686689353e-08
8689.0 1.3486678468910804e-08
8690.0 1.4413625807377294e-08
8691.0 1.5338523918105546e-08
8692.0 1.6264112838454044e-08
8693.0 1.6462001906237423e-08
8694.0 1.620393141256758e-08
8695.0 1.5944555274872675e-08
8696.0 1.5686836642119998e-08
8697.0 1.5427862258869505e-08
8698.0 1.516909854114691e-08
8699.0 1.4911922127791857e-08
8700.0 1.4653560446847927e-08
8701.0 1.4396737030310095e-08
8702.0 1.4138776477863702e-08
8703.0 1.3607955907436747e-08
8704.0 1.290121563631342e-08
8705.0 1.2196208950320046e-08
8706.0 1.1490622631433962e-08
8707.0 1.0785647146566347e-08
8708.0 1.0082213203534929e-08
8709.0 9.37839825582184e-09
8710.0 8.675995952196316e-09
8711.0 7.973344348590548e-09
8712.0 7.2719786754095925e-09
8713.0 7.463483197663449e-09
8714.0 8.232456041720798e-09
8715.0 9.000051048275597e-09
8716.0 9.766955729975907e-09
8717.0 1.053414104419999e-08
8718.0 1.1299732845970832e-08
8719.0 1.2065744670083264e-08
8720.0 1.2830019432757179e-08
8721.0 1.3594853530444844e-08
8722.0 1.4357807234052013e-08
8723.0 1.4237057902104274e-08
8724.0 1.3539055118942081e-08
8725.0 1.2841668301216207e-08
8726.0 1.2146021089111377e-08
8727.0 1.1449807833860384e-08
8728.0 1.0755207716661574e-08
8729.0 1.0060171765732982e-08
8730.0 9.366622668960614e-09
8731.0 8.672767685724664e-09
8732.0 7.97953661673372e-09
8733.0 8.074043902937968e-09
8734.0 8.686255454759758e-09
8735.0 9.298759072137905e-09
8736.0 9.909894062093428e-09
8737.0 1.052143145663923e-08
8738.0 1.1131484400229304e-08
8739.0 1.174205196456577e-08
8740.0 1.2351020512134757e-08
8741.0 1.2959417562108613e-08
8742.0 1.3568495734217554e-08
8743.0 1.298091484385138e-08
8744.0 1.1597417519375407e-08
8745.0 1.0213993568548237e-08
8746.0 8.832660312718163e-09
8747.0 7.45165968678317e-09
8748.0 6.071937961470609e-09
8749.0 4.693929261497249e-09
8750.0 3.3166413277982216e-09
8751.0 1.940816517413954e-09
8752.0 5.659707929348609e-10
8753.0 4.968113553683476e-10
8754.0 1.3089973545389405e-09
8755.0 2.120615272457259e-09
8756.0 2.9313469307948734e-09
8757.0 3.741312269940089e-09
8758.0 4.550931009311348e-09
8759.0 5.359435299793175e-09
8760.0 6.167740337558656e-09
8761.0 6.974778646454281e-09
8762.0 7.781763863693358e-09
8763.0 7.824408587020395e-09
8764.0 7.347363767936735e-09
8765.0 6.87140254719483e-09
8766.0 6.395210397078388e-09
8767.0 5.9200151829030975e-09
8768.0 5.444678343291732e-09
8769.0 4.970251912333801e-09
8770.0 4.4957730273047256e-09
8771.0 4.0217467074543365e-09
8772.0 3.548501081970162e-09
8773.0 4.506255875468456e-09
8774.0 6.4502063423106046e-09
8775.0 8.391856485318943e-09
8776.0 1.0332576968909444e-08
8777.0 1.2270632141504336e-08
8778.0 1.4206796049476568e-08
8779.0 1.6142560326783094e-08
8780.0 1.8075112935048886e-08
8781.0 2.000761850065106e-08
8782.0 2.1936548815596568e-08
8783.0 2.145413758685823e-08
8784.0 1.9287220534220113e-08
8785.0 1.712241014388386e-08
8786.0 1.496109068657771e-08
8787.0 1.2800296439112804e-08
8788.0 1.0642601418995703e-08
8789.0 8.485837690884344e-09
8790.0 6.331779997269888e-09
8791.0 4.179059008769459e-09
8792.0 2.028463642266963e-09
8793.0 2.714239077381847e-09
8794.0 5.401021958938231e-09
8795.0 8.085879774557478e-09
8796.0 1.0767559217755458e-08
8797.0 1.3447802953029302e-08
8798.0 1.612436355343432e-08
8799.0 1.8798237067049275e-08
8800.0 2.1471405696138727e-08
8801.0 2.4136990169191234e-08
8802.0 2.680166447419974e-08
8803.0 2.803904211336398e-08
8804.0 2.8265327340592478e-08
8805.0 2.8488699450360057e-08
8806.0 2.871175703968277e-08
8807.0 2.893718244713868e-08
8808.0 2.9159631246545803e-08
8809.0 2.938448914352895e-08
8810.0 2.9606328223242845e-08
8811.0 2.983061251916344e-08
8812.0 3.0051839136825204e-08
8813.0 2.8383487754659805e-08
8814.0 2.5358293999167786e-08
8815.0 2.233432058993796e-08
8816.0 1.9315993779384572e-08
8817.0 1.629945359146141e-08
8818.0 1.3288006537699491e-08
8819.0 1.0278911162568443e-08
8820.0 7.273681897383532e-09
8821.0 4.272718443991135e-09
8822.0 1.2749507893478953e-09
8823.0 1.9517836072806775e-09
8824.0 5.3046416238385736e-09
8825.0 8.653150440280681e-09
8826.0 1.1998420778598572e-08
8827.0 1.53385329773676e-08
8828.0 1.867602035021147e-08
8829.0 2.2007722896830102e-08
8830.0 2.5337412878296235e-08
8831.0 2.8665386627455186e-08
8832.0 3.199007677592914e-08
8833.0 3.1523647765733575e-08
8834.0 2.8256168063203434e-08
8835.0 2.4994191347757033e-08
8836.0 2.173278151920946e-08
8837.0 1.8476277233179166e-08
8838.0 1.5220953164331363e-08
8839.0 1.1968832200685131e-08
8840.0 8.720729230687794e-09
8841.0 5.47472812192757e-09
8842.0 2.232152827712678e-09
8843.0 7.979764042868419e-10
8844.0 7.141956210797098e-10
8845.0 6.305562825639948e-10
8846.0 5.469336083398516e-10
8847.0 4.634371246389401e-10
8848.0 3.799731458214585e-10
8849.0 2.9662007747434126e-10
8850.0 2.1331524556983848e-10
8851.0 1.3009408429874353e-10
8852.0 4.69610848677972e-11
8853.0 1.1257205170702963e-11
8854.0 1.1252551034647848e-11
8855.0 1.1246844824974367e-11
8856.0 1.124217761622945e-11
8857.0 1.123645919578313e-11
8858.0 1.123073488417055e-11
8859.0 1.1226048263008866e-11
8860.0 1.122031172804509e-11
8861.0 1.1215611901176233e-11
8862.0 1.120986427110566e-11
8863.0 1.1204109498069014e-11
8864.0 1.1199390218642356e-11
8865.0 1.1193623201100635e-11
8866.0 1.118889079384286e-11
8867.0 1.118311152298929e-11
8868.0 1.1177326342854546e-11
8869.0 1.1172574443595367e-11
8870.0 1.1166776997568817e-11
8871.0 1.1162010266249645e-11
8872.0 1.1156198870947654e-11
8873.0 4.1951943102624727e-10
8874.0 1.1423981535727539e-09
8875.0 1.864520188385111e-09
8876.0 2.5861250614231125e-09
8877.0 3.3067974407950616e-09
8878.0 4.027084405970542e-09
8879.0 4.7463022828632285e-09
8880.0 5.464757634327229e-09
8881.0 6.183025766261882e-09
8882.0 6.900020609202093e-09
8883.0 6.850501003859269e-09
8884.0 6.2021986082872185e-09
8885.0 5.555094257074599e-09
8886.0 4.9080950882158036e-09
8887.0 4.261778343162601e-09
8888.0 3.6164823976576324e-09
8889.0 2.971474811757487e-09
8890.0 2.3273701447919638e-09
8891.0 1.6836760603429987e-09
8892.0 1.0406703177254281e-09
8893.0 7.157734979581485e-10
8894.0 6.408011470088587e-10
8895.0 5.659615552861884e-10
8896.0 4.911424486043369e-10
8897.0 4.16403679925901e-10
8898.0 3.4177710929196186e-10
8899.0 2.6719228619175114e-10
8900.0 1.9270607790798624e-10
8901.0 1.1827576463441342e-10
8902.0 4.393045218446341e-11
8903.0 1.9585924409215155e-10
8904.0 5.276929631217686e-10
8905.0 8.592431778542903e-10
8906.0 1.1903800627376604e-09
8907.0 1.5212940433319218e-09
8908.0 1.8517318113678887e-09
8909.0 2.1818040138631973e-09
8910.0 2.51174380629804e-09
8911.0 2.841113259791136e-09
8912.0 3.1704108165274155e-09
8913.0 3.133159013456875e-09
8914.0 2.8011812429686827e-09
8915.0 2.4697992688058053e-09
8916.0 2.138522160287174e-09
8917.0 1.807780247996761e-09
8918.0 1.477206089577963e-09
8919.0 1.1469996581903532e-09
8920.0 8.172377242707681e-10
8921.0 4.877376552533775e-10
8922.0 1.5862176565998833e-10
8923.0 1.087331811967055e-11
8924.0 1.0867188655401817e-11
8925.0 1.086206659845098e-11
8926.0 1.0855924627538755e-11
8927.0 1.0850789102462223e-11
8928.0 1.0844634616076441e-11
8929.0 1.0839485611439819e-11
8930.0 1.0833318600749491e-11
8931.0 1.0827145464222249e-11
8932.0 1.0821976358860771e-11
8933.0 2.7926938562493e-10
8934.0 7.689123215236168e-10
8935.0 1.2579675508456197e-09
8936.0 1.746460095667227e-09
8937.0 2.2345978432647065e-09
8938.0 2.7220082571531528e-09
8939.0 3.209153200447085e-09
8940.0 3.695478022423425e-09
8941.0 4.181235426539331e-09
8942.0 4.666860891435245e-09
8943.0 4.619437647659784e-09
8944.0 4.1300921050930156e-09
8945.0 3.6408798977302887e-09
8946.0 3.152233629936509e-09
8947.0 2.6644022552850864e-09
8948.0 2.1768437000864578e-09
8949.0 1.6900111269100899e-09
8950.0 1.2035441574271423e-09
8951.0 7.176470917344148e-10
8952.0 2.3234219477170113e-10
8953.0 1.0698793795570538e-11
8954.0 1.0693476581255483e-11
8955.0 1.0687153525650188e-11
8956.0 1.0680824400101724e-11
8957.0 1.0675486984479925e-11
8958.0 1.0669146403531419e-11
8959.0 1.0663795339795424e-11
8960.0 1.0657440916698262e-11
8961.0 1.0651085386583726e-11
8962.0 1.0645719047488228e-11
8963.0 1.0639350839236057e-11
8964.0 1.063397081283162e-11
8965.0 1.0627589917568017e-11
8966.0 1.0621202927650078e-11
8967.0 1.0615802601175986e-11
8968.0 1.060940291159887e-11
8969.0 1.0603988869651867e-11
8970.0 1.0597577652994998e-11
8971.0 1.059116903251274e-11
8972.0 1.0585744519930644e-11
8973.0 1.0579323152775864e-11
8974.0 1.0573884872861559e-11
8975.0 1.0567450750094314e-11
8976.0 1.0561010501217814e-11
8977.0 1.0555551803914604e-11
8978.0 1.054909878668304e-11
8979.0 1.054362629367872e-11
8980.0 1.0537160499150491e-11
8981.0 1.0530701331070005e-11
8982.0 1.0525219952602491e-11
8983.0 1.0518746788778314e-11
8984.0 1.0513251558023614e-11
8985.0 1.0506765564817e-11
8986.0 1.0500273411399858e-11
8987.0 1.0494757638458574e-11
8988.0 1.0488252642804337e-11
8989.0 1.0481741481522735e-11
8990.0 1.0476205142060191e-11
8991.0 1.0469686003882466e-11
8992.0 1.0464140639033294e-11
8993.0 2.7406444173868934e-08
8994.0 7.883143000687077e-08
8995.0 1.3020416696728803e-07
8996.0 1.8150498210346822e-07
8997.0 2.3276297189603696e-07
8998.0 2.839392333059945e-07
8999.0 3.3505067733192653e-07
9000.0 3.8613339024570863e-07
9001.0 4.37063115279162e-07
9002.0 4.879603179669249e-07
9003.0 5.054314582799354e-07
9004.0 4.932780844470147e-07
9005.0 4.811876358585999e-07
9006.0 4.6906885328750953e-07
9007.0 4.5701070700247044e-07
9008.0 4.4492646569391167e-07
9009.0 4.328601065802939e-07
9010.0 4.2085109494736195e-07
9011.0 4.0882017810854006e-07
9012.0 3.968443432756438e-07
9013.0 3.8701294726353944e-07
9014.0 3.791425963142398e-07
9015.0 3.713186273817776e-07
9016.0 3.634706778288924e-07
9017.0 3.5563434838214014e-07
9018.0 3.4784219066302894e-07
9019.0 3.400282761210173e-07
9020.0 3.3225713256637224e-07
9021.0 3.244662138799083e-07
9022.0 3.1668689436661864e-07
9023.0 3.198438759247002e-07
9024.0 3.3287800508519745e-07
9025.0 3.4592372552091635e-07
9026.0 3.5891733279668186e-07
9027.0 3.7189004424464173e-07
9028.0 3.848779628281444e-07
9029.0 3.9781010015242287e-07
9030.0 4.1075980287416556e-07
9031.0 4.236784099113547e-07
9032.0 4.3657769608710264e-07
9033.0 4.457346512015094e-07
9034.0 4.513842917064001e-07
9035.0 4.57025040440922e-07
9036.0 4.627003298850973e-07
9037.0 4.6832380156985716e-07
9038.0 4.7398285960270604e-07
9039.0 4.795890171373652e-07
9040.0 4.851862930459023e-07
9041.0 4.908215070168039e-07
9042.0 4.964022212327897e-07
9043.0 4.835138614115527e-07
9044.0 4.53426863556395e-07
9045.0 4.233833397593641e-07
9046.0 3.9342029033828334e-07
9047.0 3.6346103225513467e-07
9048.0 3.335453805435455e-07
9049.0 3.03701912883442e-07
9050.0 2.7387080233569864e-07
9051.0 2.441067095914892e-07
9052.0 2.1436058458563926e-07
9053.0 2.099702717714147e-07
9054.0 2.293679928689443e-07
9055.0 2.487168157335765e-07
9056.0 2.6806164092241396e-07
9057.0 2.873538644959988e-07
9058.0 3.0661683512920644e-07
9059.0 3.2588116005915316e-07
9060.0 3.450873474573593e-07
9061.0 3.642647598600941e-07
9062.0 3.834489162392244e-07
9063.0 3.8695555254813395e-07
9064.0 3.7566211020166816e-07
9065.0 3.643487499171257e-07
9066.0 3.5305179284717963e-07
9067.0 3.4180344531891765e-07
9068.0 3.3053837143545483e-07
9069.0 3.193198293785193e-07
9070.0 3.0808670964823074e-07
9071.0 2.9687057820303625e-07
9072.0 2.8569783694647404e-07
9073.0 2.878654468302055e-07
9074.0 3.028096621829177e-07
9075.0 3.1776052558812696e-07
9076.0 3.326596552177009e-07
9077.0 3.475681574370839e-07
9078.0 3.624220290548676e-07
9079.0 3.7725255265068453e-07
9080.0 3.920966111603127e-07
9081.0 4.068822724094155e-07
9082.0 4.2164455159470575e-07
9083.0 4.204828234789129e-07
9084.0 4.038432686166313e-07
9085.0 3.872651401428317e-07
9086.0 3.70673981393639e-07
9087.0 3.5410787928315064e-07
9088.0 3.3759856862245375e-07
9089.0 3.2108098091164877e-07
9090.0 3.0461717508777713e-07
9091.0 2.8814869529927784e-07
9092.0 2.71705310521346e-07
9093.0 2.608840841111189e-07
9094.0 2.55514647789581e-07
9095.0 2.5015314801236783e-07
9096.0 2.4482265827049076e-07
9097.0 2.394765540258522e-07
9098.0 2.3416047403203015e-07
9099.0 2.288298256454478e-07
9100.0 2.2350712882260423e-07
9101.0 2.182132194324838e-07
9102.0 2.1290622974298892e-07
9103.0 2.1868847846757748e-07
9104.0 2.354697271840704e-07
9105.0 2.52203443072323e-07
9106.0 2.6893556406414716e-07
9107.0 2.8561693537425546e-07
9108.0 3.022713046221402e-07
9109.0 3.1892871503804836e-07
9110.0 3.3553060608677923e-07
9111.0 3.5210591805245867e-07
9112.0 3.6868893771975376e-07
9113.0 3.71042894740647e-07
9114.0 3.592688704211514e-07
9115.0 3.4747811004878265e-07
9116.0 3.357056253256031e-07
9117.0 3.2398199537180734e-07
9118.0 3.122450126716349e-07
9119.0 3.0052636222932416e-07
9120.0 2.8885331468270856e-07
9121.0 2.771705847423903e-07
9122.0 2.655312726263948e-07
9123.0 2.62348750341906e-07
9124.0 2.677282311351494e-07
9125.0 2.7312426087021385e-07
9126.0 2.7848578777605875e-07
9127.0 2.8383806910817803e-07
9128.0 2.8920839442168935e-07
9129.0 2.9454266348137577e-07
9130.0 2.998676589272998e-07
9131.0 3.0521256467844094e-07
9132.0 3.1051988079284337e-07
9133.0 3.072239824469734e-07
9134.0 2.9508266920569085e-07
9135.0 2.829607257780501e-07
9136.0 2.70883787269176e-07
9137.0 2.5879957224333303e-07
9138.0 2.467348217344723e-07
9139.0 2.3471172455180189e-07
9140.0 2.2268482762860323e-07
9141.0 2.1069761534049491e-07
9142.0 1.9870888430945392e-07
9143.0 1.9080511334762632e-07
9144.0 1.8713920436604904e-07
9145.0 1.8346106443863802e-07
9146.0 1.797886849650323e-07
9147.0 1.7613873761800515e-07
9148.0 1.7247759433877363e-07
9149.0 1.6883820700810404e-07
9150.0 1.6518832529154286e-07
9151.0 1.6154442997582576e-07
9152.0 1.5792127187108781e-07
9153.0 1.6498131429970994e-07
9154.0 1.8318188350090887e-07
9155.0 2.0137037397160906e-07
9156.0 2.1951042026490074e-07
9157.0 2.3761926242506353e-07
9158.0 2.5572107322483943e-07
9159.0 2.737691685216309e-07
9160.0 2.918135832972756e-07
9161.0 3.098011286757417e-07
9162.0 3.277573705191807e-07
9163.0 3.327183850754239e-07
9164.0 3.2392371783719857e-07
9165.0 3.1514345708925604e-07
9166.0 3.0640660503102906e-07
9167.0 2.976544091322079e-07
9168.0 2.8891663003692325e-07
9169.0 2.802198321163587e-07
9170.0 2.7151017770538795e-07
9171.0 2.6284017604313345e-07
9172.0 2.541589740792544e-07
9173.0 2.541650179029352e-07
9174.0 2.6345585013170164e-07
9175.0 2.7270597567762236e-07
9176.0 2.8193943473217635e-07
9177.0 2.911837765245955e-07
9178.0 3.0038472676876254e-07
9179.0 3.0956899447876556e-07
9180.0 3.187666769607631e-07
9181.0 3.2791859798782134e-07
9182.0 3.370856875268933e-07
9183.0 3.405543979962792e-07
9184.0 3.379117076116462e-07
9185.0 3.3530470883204403e-07
9186.0 3.326696439423466e-07
9187.0 3.3003852156127187e-07
9188.0 3.2744236460468996e-07
9189.0 3.2481889391855326e-07
9190.0 3.2219941474284393e-07
9191.0 3.196144790683435e-07
9192.0 3.1700297350630513e-07
9193.0 3.1631778916283556e-07
9194.0 3.1767189795501817e-07
9195.0 3.1902288872833473e-07
9196.0 3.2040112470398077e-07
9197.0 3.2174600091552125e-07
9198.0 3.230877499594431e-07
9199.0 3.244571252940108e-07
9200.0 3.2579274065533133e-07
9201.0 3.2710443398272386e-07
9202.0 3.2844392564751073e-07
9203.0 3.2590850714740107e-07
9204.0 3.1914645168037137e-07
9205.0 3.12426406946449e-07
9206.0 3.0568849150916533e-07
9207.0 2.989913349074839e-07
9208.0 2.922776005221169e-07
9209.0 2.855762885682035e-07
9210.0 2.7891386501649506e-07
9211.0 2.722370446553772e-07
9212.0 2.6557269312746336e-07
9213.0 2.601527653439622e-07
9214.0 2.560635385733769e-07
9215.0 2.51981745721395e-07
9216.0 2.479309190978731e-07
9217.0 2.438636269724219e-07
9218.0 2.3980378604895177e-07
9219.0 2.3577377926572522e-07
9220.0 2.317284755458798e-07
9221.0 2.2771246144630822e-07
9222.0 2.2368191912396695e-07
9223.0 2.2086386716672814e-07
9224.0 2.1943065025823068e-07
