mejiro/data/avg_filter_responses/Roman-F213.ecsv
# %ECSV 1.0
# ---
# datatype:
# - {name: wavelength, unit: Angstrom, datatype: float64}
# - {name: response, datatype: float64}
# meta:
#   __serialized_columns__:
#     wavelength:
#       __class__: astropy.units.quantity.Quantity
#       unit: !astropy.units.Unit {unit: Angstrom}
#       value: !astropy.table.SerializedColumn {name: wavelength}
#   band_name: F213
#   group_name: Roman
# schema: astropy-2.0
wavelength response
19340.0 0.0
19350.0 2.456094800800854e-06
19360.0 6.140237002002135e-06
19370.0 1.596461620520555e-05
19380.0 3.929751681280128e-05
19390.0 8.473527062761924e-05
19400.0 0.0001866632048608
19410.0 0.0003856068837257
19420.0 0.0007613893882482
19430.0 0.00144172764807
19440.0 0.0026145129154524
19450.0 0.0045376351444795
19460.0 0.0075610878442653
19470.0 0.0120852144673405
19480.0 0.0185926376420624
19490.0 0.0275352788117783
19500.0 0.0393773398938396
19510.0 0.0544835509661653
19520.0 0.0731032056510366
19530.0 0.0953038465554755
19540.0 0.1210523163996712
19550.0 0.1501779165949681
19560.0 0.1823662670068637
19570.0 0.2171187803907954
19580.0 0.2537072246383258
19590.0 0.291221616625758
19600.0 0.3287912707462082
19610.0 0.365485327070173
19620.0 0.3999639858838154
19630.0 0.4309230608479102
19640.0 0.4577399319304544
19650.0 0.4802389883531906
19660.0 0.498294969281278
19670.0 0.5120319075021572
19680.0 0.5219778633980003
19690.0 0.5288180874182307
19700.0 0.5332329178226702
19710.0 0.5358498868329237
19720.0 0.537391086320426
19730.0 0.5383919449517525
19740.0 0.5389371979975303
19750.0 0.5390243893629586
19760.0 0.5389629869929387
19770.0 0.5390391259317633
19780.0 0.5392085964730189
19790.0 0.5393522780188654
19800.0 0.5394443815738956
19810.0 0.5394885912803099
19820.0 0.5395266607497224
19830.0 0.5395856070249416
19840.0 0.5395954314041447
19850.0 0.5394959595647124
19860.0 0.5394050840570828
19870.0 0.5394099962466844
19880.0 0.5394419254790948
19890.0 0.5394063121044832
19900.0 0.539353506066266
19910.0 0.5393706987298715
19920.0 0.5394406974316942
19930.0 0.5395401692711268
19940.0 0.5396715703429696
19950.0 0.5398017433674123
19960.0 0.5397980592252108
19970.0 0.5395610460769337
19980.0 0.5394345571946924
19990.0 0.5396912191013761
20000.0 0.5400019150936773
20010.0 0.5399982309514763
20020.0 0.5398066555570138
20030.0 0.5396285886839558
20040.0 0.5395119241809175
20050.0 0.539430873052491
20060.0 0.5392994719806483
20070.0 0.5390514064057674
20080.0 0.5388021127834861
20090.0 0.5386780799960458
20100.0 0.5386952726596513
20110.0 0.5388070249730877
20120.0 0.5388266737314942
20130.0 0.5386203617682269
20140.0 0.5383489632927384
20150.0 0.5382028256520909
20160.0 0.5381696683722801
20170.0 0.5381721244670807
20180.0 0.5380419514426382
20190.0 0.5376686250329166
20200.0 0.5372338962531749
20210.0 0.5369600416828856
20220.0 0.5369244283082739
20230.0 0.5371196878449376
20240.0 0.5372977547179957
20250.0 0.5372388084427765
20260.0 0.5370631976645189
20270.0 0.5369465331614811
20280.0 0.5369207441660726
20290.0 0.536952673398483
20300.0 0.5369330246400766
20310.0 0.5367746065254251
20320.0 0.5365596982303548
20330.0 0.5363865435468984
20340.0 0.5362575985698564
20350.0 0.5361630389200256
20360.0 0.5361532145408224
20370.0 0.5362821595178644
20380.0 0.5364049642579045
20390.0 0.5363914557365002
20400.0 0.5363079485132728
20410.0 0.5362502302854542
20420.0 0.5362981241340696
20430.0 0.536489699528532
20440.0 0.5367107480606043
20450.0 0.5368421491324471
20460.0 0.5368433771798475
20470.0 0.5367254846294089
20480.0 0.5365584701829547
20490.0 0.5364356654429144
20500.0 0.5365130324291397
20510.0 0.5368495174168494
20520.0 0.5371393366033441
20530.0 0.5371282841767404
20540.0 0.5371651255987523
20550.0 0.5375863458570896
20560.0 0.5379707246934151
20570.0 0.5379093223233951
20580.0 0.5377570444457455
20590.0 0.5379166906077972
20600.0 0.5382298426948995
20610.0 0.5384680838905773
20620.0 0.5386289581000296
20630.0 0.5387959725464841
20640.0 0.5389568467559367
20650.0 0.5391226331549908
20660.0 0.5394124523414852
20670.0 0.5398827944958385
20680.0 0.5401922624407394
20690.0 0.5401247198337173
20700.0 0.5402315599575522
20710.0 0.5409683883977924
20720.0 0.5416745156530227
20730.0 0.5417174973120368
20740.0 0.5417101290276344
20750.0 0.5422762588792189
20760.0 0.5428239680197975
20770.0 0.5427306364173671
20780.0 0.5425415171177055
20790.0 0.5428583533470087
20800.0 0.5433593966863719
20810.0 0.5436332512566613
20820.0 0.5438960534003471
20830.000000000004 0.5443786760287046
20840.0 0.5447888438604382
20850.0 0.5448502462304581
20860.0 0.5449288412640838
20870.000000000004 0.5453844468496325
20880.0 0.5459358401324121
20890.0 0.5462317995559087
20900.0 0.5463447799167456
20910.000000000004 0.5464295151873731
20920.0 0.5465989857286284
20930.0 0.5468789805359198
20940.0 0.5471540631536095
20950.000000000004 0.547312481268261
20960.0 0.5474893200939187
20970.0 0.5478294892238298
20980.0 0.5482408851029638
20990.000000000004 0.5485749139958727
21000.0 0.5487296479683231
21010.0 0.5486878943567095
21020.0 0.5487124553047176
21030.000000000004 0.5490329756762221
21040.0 0.549379285043135
21050.0 0.5494689325033641
21060.0 0.549508230020177
21070.000000000004 0.5496912090828366
21080.0 0.5497476992632551
21090.0 0.5494333191287526
21100.0 0.5491447279896585
21110.000000000004 0.5492589363978959
21120.0 0.549565948247996
21130.0 0.5497882248274684
21140.0 0.549965063653126
21150.000000000004 0.5501934804696005
21160.0 0.5504722472294914
21170.0 0.5507399615627786
21180.0 0.5508185565964042
21190.000000000004 0.5506036483013342
21200.0 0.5504169850964735
21210.0 0.5505164569359058
21220.0 0.5505520703105176
21230.000000000004 0.5501787439007957
21240.0 0.5497219102678469
21250.0 0.5495855970064023
21260.0 0.5497685760690618
21270.0 0.5501296220047797
21280.0 0.5503494424894514
21290.0 0.5502143572754074
21300.0 0.5500854122983653
21310.0 0.5503138291148396
21320.0 0.550645401912948
21330.0 0.5507571542263844
21340.0 0.5507215408517728
21350.0 0.5506515421499498
21360.0 0.5503948802432661
21370.0 0.5498901527617015
21380.0 0.54954752753699
21390.0 0.549713313936044
21400.0 0.5499085734727076
21410.0 0.5496654200874284
21420.0 0.5493780569957346
21430.0 0.5494922654039719
21440.0 0.5497661199742612
21450.0 0.5498926088565024
21460.0 0.549903661283106
21470.0 0.54991594175711
21480.0 0.5499085734727077
21490.0 0.5498852405721
21500.0 0.5499712038901279
21510.0 0.5502266377494114
21520.0 0.5503445302998498
21530.0 0.5500608513503572
21540.0 0.5496408591394204
21550.0 0.5494247227969498
21560.0 0.5493092863413122
21570.0 0.5491447279896586
21580.0 0.5490059586334133
21590.0 0.5489998183964112
21600.0 0.5491533243214614
21610.0 0.5494382313183541
21620.0 0.5496666481348287
21630.0 0.5496813847036336
21640.0 0.5496015616226075
21650.0 0.5495929652908047
21660.0 0.549655595708225
21670.0 0.5497366468366515
21680.0 0.549737874884052
21690.0 0.5495843689590019
21700.0 0.5494075301333443
21710.0 0.5493313911945195
21720.0 0.5492773571089018
21730.0 0.5491619206532641
21740.0 0.5491213950890509
21750.0 0.549268760777099
21760.0 0.5494370032709539
21770.0 0.5494812129773683
21780.0 0.5495671762953962
21790.0 0.5498594515766916
21800.0 0.5501996207066024
21810.0 0.5503482144420508
21820.0 0.5502450584604173
21830.0 0.5499073454253071
21840.0 0.5496285786654163
21850.0 0.5496261225706156
21860.0 0.5496506835186236
21870.0 0.5494603361715614
21880.0 0.5493952496593403
21890.0 0.5497489273106555
21900.0 0.5500055892173392
21910.0 0.5497010334620399
21920.0 0.5493080582939117
21930.0 0.5493399875263223
21940.0 0.549502089783175
21950.0 0.549422266702149
21960.0 0.5492515681134934
21970.0 0.5492245510706846
21980.0 0.5494406874131551
21990.0 0.5498655918136935
22000.0 0.5499982209329368
22010.0 0.5494885812617708
22020.0 0.5489396440737917
22030.0 0.5489875379224072
22040.0 0.5494885812617707
22050.0 0.5500596233029568
22060.0 0.550151726857987
22070.0 0.5494664764085634
22080.000000000004 0.5489236794575864
22090.0 0.5493191107205155
22100.0 0.5498852405721
22110.0 0.5497796284956656
22120.000000000004 0.5494861251669697
22130.0 0.5495880531012031
22140.0 0.5497796284956655
22150.0 0.549694893225038
22160.000000000004 0.5496003335752071
22170.0 0.5498091016332753
22180.0 0.5501701475689927
22190.0 0.5504169850964733
22200.000000000004 0.5502671633136245
22210.0 0.5496175262388127
22220.0 0.5490833256196385
22230.0 0.5492429717816907
22240.000000000004 0.5498668198610939
22250.0 0.5504918959878977
22260.0 0.5506257531545413
22270.0 0.5500055892173392
22280.000000000004 0.5494087581807445
22290.0 0.5495487555843902
22300.0 0.5500215538335445
22310.0 0.550241374318216
22320.000000000004 0.5501283939573792
22330.0 0.5497820845904664
22340.0 0.5495180543993803
22350.0 0.5496040177174084
22360.000000000004 0.549790680922269
22370.0 0.549780856543066
22380.0 0.549588053101203
22390.0 0.5493473558107245
22400.000000000004 0.549330163147119
22410.0 0.5496813847036335
22420.0 0.5499012051883053
22430.0 0.5495352470629858
22440.000000000004 0.5490489402924273
22450.0 0.5489543806425965
22460.0 0.5490342037236225
22470.0 0.5489899940172082
22480.000000000004 0.5488463124713612
22490.0 0.5487394723475264
22500.0 0.5488524527083631
22510.0 0.5492699888244995
22520.0 0.5496285786654163
22530.0 0.5496040177174083
22540.0 0.5495143702571791
22550.0 0.549649455471223
22560.0 0.5496187542862131
22570.0 0.5490759573352362
22580.0 0.5486289480814904
22590.0 0.5488659612297676
22600.0 0.5493068302465114
22610.0 0.5493829691853362
22620.0 0.5492454278764913
22630.0 0.5491066585202461
22640.0 0.5488450844239608
22650.0 0.5484029873598167
22660.0 0.5483526374164003
22670.0 0.54911893899425
22680.0 0.5498987490935043
22690.0 0.549881556429899
22700.0 0.5493817411379358
22710.0 0.548916311173184
22720.0 0.5486289480814903
22730.0 0.548529476242058
22740.0 0.5483894788384124
22750.0 0.5480161524286905
22760.0 0.5476342296871661
22770.0 0.5474893200939186
22780.0 0.5475814236489488
22790.0 0.5478122965602241
22800.0 0.5479215927788598
22810.0 0.547720193005194
22820.0 0.5474266896764984
22830.0 0.5473002007942571
22840.0 0.5472756398462492
22850.0 0.5472179216184303
22860.0 0.5470877485939878
22870.0 0.5468544195879118
22880.0 0.546493373652194
22890.0 0.5459530327960178
22900.0 0.5450577862411258
22910.0 0.5436062342138527
22920.0 0.5413453989497153
22930.0 0.5380210746368315
22940.0 0.5333778274159174
22950.0 0.5271909246127
22960.0 0.5194026479993605
22970.0 0.5099196659734686
22980.0 0.4983944411207104
22990.0 0.4844610153157672
23000.0 0.4678234291351423
23010.0 0.4483797546446023
23020.0 0.4264099866514386
23030.0 0.4021855236311398
23040.0 0.3755061938574405
23050.0 0.3463769095199425
23060.0 0.3155025698264752
23070.0 0.2837329835781161
23080.0 0.2518209438313107
23090.0 0.2203460889590477
23100.0 0.1895110467823934
23110.0 0.1597701948394959
23120.0 0.1320998308136735
23130.0 0.1071643283485428
23140.0 0.0851024568003491
23150.0 0.065986670965716
23160.0 0.0499336353476816
23170.0 0.0368819475762259
23180.0 0.0265381043226531
23190.0 0.018572988883656
23200.0 0.0126329236079191
23210.0 0.0083445820857208
23220.0 0.0053567427605466
23230.0 0.0033366047868879
23240.0 0.0020164538314574
23250.0 0.0011789255043843
23260.0 0.0006631455962161
23270.0 0.000362273983118
23280.0 0.0001940314892632
23290.0 9.947183943241791e-05
23300.0 4.789384861560256e-05
23310.0 2.4560948008004277e-05
23320.0 7.368284402402561e-06
23330.000000000004 4.912189601601708e-06
23340.0 0.0
