mejiro/data/avg_filter_responses/Roman-Prism.ecsv
# %ECSV 1.0
# ---
# datatype:
# - {name: wavelength, unit: Angstrom, datatype: float64}
# - {name: response, datatype: float64}
# meta:
#   __serialized_columns__:
#     wavelength:
#       __class__: astropy.units.quantity.Quantity
#       unit: !astropy.units.Unit {unit: Angstrom}
#       value: !astropy.table.SerializedColumn {name: wavelength}
#   band_name: Prism
#   group_name: Roman
# schema: astropy-2.0
wavelength response
[from data line 576]
13230.0 0.5320650447448894
13240.0 0.5321645165843218
13250.0 0.532241883570547
13260.0 0.5323290749359755
13270.0 0.5324408272494119
13280.0 0.5325181942356373
13290.0 0.5325353868992427
13300.0 0.5325808246530577
13310.0 0.5327318744833068
13320.0 0.5329332742569725
13330.0 0.533091692371624
13340.0 0.5331764276422518
13350.0 0.5331936203058575
13360.0 0.5332537946284769
13370.0 0.5334330895489354
13380.0 0.53356940281038
13390.0 0.5335276491987663
13400.0 0.5334465980703398
13410.0 0.5334809833975513
13420.0 0.533612384469394
13430.0 0.5337646623470436
13440.0 0.5339046597506891
13450.0 0.5340078157323229
13460.0 0.5341048314769545
13470.0 0.5342202679325921
13480.0 0.5343197397720245
13490.0 0.534382370189445
13500.0 0.5344167555166561
13510.0 0.5344413164646641
13520.0 0.5344437725594651
13530.0 0.5344192116114568
13540.000000000002 0.5344290359906602
13550.0 0.534511315166487
13560.000000000002 0.5345653492521045
13570.0 0.534492894455481
13580.000000000002 0.5344437725594651
13590.0 0.5345481565884991
13600.000000000002 0.5346611369493357
13610.0 0.5346292077169253
13620.000000000002 0.5345211395456904
13630.0 0.5344413164646642
13640.000000000002 0.5343921945686483
13650.0 0.5343688616680407
13660.000000000002 0.5343958787108495
13670.0 0.5345014907872838
13680.000000000002 0.5346046467689176
13690.0 0.5346267516221247
13700.000000000002 0.5345849980105111
13710.0 0.5345321919722938
13720.000000000002 0.5344855261710786
13730.0 0.5344707896022738
13740.000000000002 0.5344842981236781
13750.0 0.5345211395456902
13759.999999999998 0.5345567529203019
13770.0 0.5345800858209094
13779.999999999998 0.5345481565884991
13790.0 0.5344597371756703
13799.999999999998 0.5343688616680405
13810.0 0.534339388530431
13819.999999999998 0.5343209678194251
13830.0 0.5342644776390064
13839.999999999998 0.5341367607093649
13850.0 0.5339513255519044
13859.999999999998 0.5338174683852608
13870.0 0.5338199244800614
13879.999999999998 0.5338444854280697
13890.0 0.533790451342452
13899.999999999998 0.533794135484653
13910.0 0.5339820267369145
13919.999999999998 0.5341490411833689
13930.0 0.5340814985763471
13939.999999999998 0.5339120280350916
13950.0 0.5338174683852608
13959.999999999998 0.5338358890962668
13970.0 0.5339378170305003
13980.0 0.5339771145473129
13990.0 0.5338395732384679
14000.0 0.5336406295596032
14010.0 0.5335153687247622
14020.0 0.5334944919189555
14030.0 0.5335374735779694
14040.0 0.5335669467155791
14050.0 0.5335030882507582
14060.0 0.5333741432737162
14070.0 0.533223093443467
14080.0 0.5330806399450205
14090.0 0.5329615193471818
14100.0 0.5327895927111258
14110.0 0.5325095979038343
14120.0 0.532284865229561
14130.0 0.5322627603763538
14140.0 0.5322774969451587
14150.0 0.5321473239207162
14160.0 0.5319459241470504
14170.0 0.531793646269401
14180.0 0.5317334719467812
14190.0 0.5317715414161936
14200.0 0.5318194352648092
14210.0 0.5318206633122098
14220.0 0.5319115388198393
14230.0 0.532223462859541
14240.0 0.5326078416958665
14250.0 0.532897660882361
14260.0 0.5330388863334069
14270.0 0.5330327460964049
14280.0 0.5330167814801997
14290.0 0.5330966045612259
14300.0 0.5332132690642637
14310.0 0.5332795836238854
14320.0 0.5333102848088954
14330.0 0.5333532664679095
14340.0 0.5334183529801306
14350.0 0.5335006321559574
14360.0 0.5335829113317844
14370.0 0.533636945417402
14380.0 0.5336455417492048
14390.0 0.5336074722797924
14400.0 0.5336087003271928
14410.0 0.5337278209250316
14420.0 0.5338813268500816
14430.0 0.5339611499311078
14440.0 0.5339660621207094
14450.0 0.5339292206986973
14460.0 0.5338985195136872
14470.0 0.5339230804616953
14480.0 0.5340029035427213
14490.0 0.5341121997613568
14500.0 0.5342448288806001
14510.0 0.5343737738576422
14520.0 0.5344474567016664
14530.0 0.5344278079432597
14540.0 0.5344118433270546
14550.0 0.534492894455481
14560.0 0.5345985065319155
14570.0 0.5346500845227323
14580.0 0.5347127149401527
14590.0 0.5348404318697944
14600.0 0.5349693768468364
14610.0 0.5350135865532508
14620.0 0.53504183164346
14630.0 0.5351228827718865
14640.0 0.535203933900313
14650.0 0.5352125302321157
14660.0 0.5352334070379227
14670.0 0.5353537556831617
14680.0 0.5355158579400147
14690.0 0.5356558553436601
14700.0 0.535719713808481
14710.0 0.5357025211448755
14720.0 0.5357135735714791
14730.0 0.535857255117326
14740.0 0.5360390061325851
14750.0 0.5361372499246172
14760.0 0.5361998803420378
14770.0 0.5362907558496672
14780.0 0.5364000520683029
14790.000000000002 0.5365044360973369
14800.0 0.5366247847425761
14810.000000000002 0.5367795187150265
14820.0 0.5369084636920687
14830.000000000002 0.5369747782516904
14840.0 0.5370337245269096
14850.000000000002 0.5371430207455451
14860.0 0.5372658254855851
14870.000000000002 0.5373628412302168
14880.0 0.5374230155528363
14890.000000000002 0.5374733654962528
14900.0 0.5375568727194803
14910.000000000002 0.5376931859809244
14920.0 0.5378221309579665
14930.000000000002 0.5378970418493911
14940.0 0.5379854612622199
14950.000000000002 0.5381549318034752
14960.0 0.5383403669609355
14970.000000000002 0.5384484351321707
14980.0 0.5385000131229876
14990.000000000002 0.5385233460235952
15000.0 0.5385798362040136
15009.999999999998 0.5387136933706572
15020.0 0.538878251722311
15029.999999999998 0.5390403539791638
15040.0 0.5391791233354092
15049.999999999998 0.539314208549453
15060.0 0.5394517498582979
15069.999999999998 0.5395831509301409
15080.0 0.5396678862007683
15089.999999999998 0.5396801666747724
15100.0 0.5397194641915852
15109.999999999998 0.5398778823062369
15120.0 0.5400977027909085
15129.999999999998 0.5402868220905702
15140.0 0.5404182231624131
15149.999999999998 0.5404698011532298
15160.0 0.5404882218642357
15169.999999999998 0.5405275193810487
15180.0 0.5405901497984692
15189.999999999998 0.5406662887372939
15200.0 0.5407657605767263
15209.999999999998 0.5408799689849636
15220.0 0.5409904932509997
15230.0 0.5410924211852328
15240.0 0.5411955771668666
15250.0 0.5413220660491078
15260.0 0.5414743439267574
15270.0 0.5416143413304032
15280.0 0.5417187253594373
15290.0 0.5417715313976544
15300.0 0.5418513544786805
15310.0 0.5420355615887404
15320.0 0.5422001199403941
15330.0 0.5422455576942089
15340.0 0.5422443296468084
15350.0 0.5422909954480236
15360.0 0.5423646782920479
15370.0 0.5424285367568686
15380.0 0.5425329207859027
15390.0 0.5427097596115603
15400.0 0.5428644935840108
15410.0 0.5429074752430247
15420.0 0.5428841423424171
15430.0 0.5428632655366104
15440.0 0.5429234398592299
15450.0 0.5431174713484932
15460.0 0.543318871122159
15470.0 0.5434207990563922
15480.0 0.5434895697108144
15490.0 0.5435951817872491
15500.0 0.5436774609630759
15510.0 0.5436700926786734
15520.0 0.5436676365838726
15530.0 0.5437499157596994
15540.0 0.5438678083101379
15550.0 0.5439439472489628
15560.0 0.5439574557703671
15570.0 0.5439120180165522
15580.0 0.5439304387275583
15590.0 0.5440716641786043
15600.0 0.5442006091556464
15610.0 0.5441883286816425
15620.0 0.5441932408712441
15630.0 0.5443749918865034
15640.0 0.5445714794705673
15650.0 0.5446181452717824
15660.0 0.544592356276374
15670.0 0.5446083208925793
15680.0 0.5447176171112149
15690.0 0.544904280316076
15700.0 0.5450111204399106
15710.0 0.5449337534536854
15720.0 0.5448649827992631
15730.0 0.5450049802029088
15740.0 0.5452186604505783
15750.0 0.5453377810484171
15760.0 0.5453537456646225
15770.0 0.5453169042426104
15780.0 0.5452997115790047
15790.0 0.5453488334750208
15800.0 0.5454163760820427
15810.0 0.5454532175040548
15820.0 0.5455133918266745
15830.0 0.5456435648511168
15840.0 0.5457528610697525
15850.0 0.545757773259354
15860.0 0.5457749659229597
15870.0 0.545926015753209
15880.0 0.5461126789580698
15890.0 0.5462207471293051
15900.0 0.546269869025321
15910.0 0.5462932019259288
15920.0 0.5463754811017556
15930.0 0.546544951643011
15940.0 0.5467107380420649
15950.0 0.5467782806490867
15960.0 0.54678810502829
15970.0 0.5468188062133001
15980.0 0.5469281024319357
15990.0 0.5471368704900039
16000.0 0.5473370422162691
16010.0 0.5474254616290978
16020.0 0.547474583525114
16030.0 0.5475630029379429
16040.000000000002 0.5476845796305825
16050.0 0.5478258050816286
16060.000000000002 0.5479903634332822
16070.0 0.5481770266381429
16080.000000000002 0.5483354447527946
16090.0 0.5484324604974263
16100.000000000002 0.5485503530478647
16110.0 0.5487529808689309
16120.000000000002 0.5489433282159929
16130.0 0.5490194671548178
16140.000000000002 0.5490919219514413
16150.0 0.5492773571089017
16160.000000000002 0.5495278787785834
16170.0 0.5497698041164623
16180.000000000002 0.5499687477953272
16190.0 0.5501234817677777
16200.000000000002 0.5502487426026187
16210.0 0.5503825997692621
16220.000000000002 0.5505348776469118
16230.0 0.5507178567095714
16240.000000000002 0.5508775028716237
16250.0 0.5509818869006575
16259.999999999998 0.5511157440673011
16270.0 0.5513539852629787
16279.999999999998 0.5515725777002501
16290.0 0.5516609971130789
16299.999999999998 0.5517273116727006
16310.0 0.5519115187827608
16319.999999999998 0.5521571282628408
16330.0 0.5523953694585184
16339.999999999998 0.5525930850899831
16350.0 0.5527490471098337
16359.999999999998 0.5529099213192862
16370.0 0.5531014967137486
16379.999999999998 0.5533041245348147
16390.0 0.5534993840714786
16400.0 0.5536442936647256
16410.0 0.5537327130775545
16420.0 0.5538641141493974
16430.0 0.5541183199612802
16440.0 0.5543553331095574
16450.0 0.5544609451859919
16460.0 0.554510067082008
16470.0 0.554614451111042
16480.0 0.554737255851082
16490.0 0.5548404118327156
16500.0 0.5550111104213713
16510.0 0.5552960174182642
16520.0 0.5555011013341312
16530.0 0.5554568916277167
16540.0 0.5554151380161031
16550.0 0.5556263621689719
16560.0 0.5559198654976677
16570.0 0.5560905640863234
16580.0 0.5561863517835546
16590.0 0.5562882797177878
16600.0 0.5564749429226485
16610.0 0.5567524816351392
16620.0 0.5569256363185957
16630.0 0.556853181521972
16640.0 0.556779498677948
16650.0 0.5569600216458068
16660.0 0.5572522969271021
16670.0 0.5574549247481683
16680.0 0.5575200112603895
16690.0 0.557469661316973
16700.0 0.5574500125585665
16710.0 0.5575850977726108
16720.0 0.5577398317450611
16730.0 0.5577717609774715
16740.0 0.5578061463046827
16750.0 0.5579805290355395
16760.0 0.558184384904006
16770.0 0.5582936811226417
16780.0 0.5583894688198728
16790.0 0.5585724478825325
16800.0 0.5587701635139971
16810.0 0.5588991084910391
16820.0 0.5590059486148741
16830.0 0.5591324374971152
16840.0 0.5592466459053526
16850.0 0.5593105043701733
16860.0 0.5593792750245957
16870.0 0.5594910273380322
16880.0 0.5596248845046756
16890.0 0.5597526014343174
16900.0 0.5598520732737499
16910.0 0.5599392646391783
16920.0 0.5600817181376246
16930.0 0.560324871522904
16940.0 0.5605176749647668
16950.0 0.5605496041971771
16960.0 0.5606208309464005
16970.0 0.5609081940380941
16980.0 0.5611599437551763
16990.0 0.561137838901969
17000.0 0.5611120499065607
17010.0 0.561358887434041
17020.0 0.5617223894645597
17030.0 0.5619790513712434
17040.0 0.5620883475898792
17050.0 0.5621018561112835
17060.0 0.5621522060546997
17070.0 0.562352377780965
17080.0 0.562588162881842
17090.0 0.56273552856989
17100.0 0.5628313162671215
17110.0 0.5629492088175597
17120.0 0.5631076269322114
17130.0 0.5632844657578692
17140.0 0.563415866829712
17150.0 0.5634674448205287
17160.0 0.5636111263663754
17170.0 0.5639734003494936
17180.0 0.5643233938586077
17190.0 0.5644302339824425
17200.0 0.5644609351674527
17210.0 0.5646107569503016
17220.0 0.564802332344764
17230.0 0.5649386456062084
17240.0 0.565081099104655
17250.0 0.5652996915419259
17260.0 0.5654998632681916
17270.0 0.5655931948706218
17280.0 0.5656545972406419
17290.0 0.5657749458858811
17300.0 0.5659481005693376
17310.0 0.5661544125326049
17320.0 0.5663521281640693
17330.0 0.5665240548001254
17340.0 0.5666898411991794
17350.0 0.566878960498841
17360.0 0.5670459749452957
17370.0 0.5671454467847279
17380.0 0.5671614114009332
17390.0 0.5671257980263218
17400.0 0.5671859723489411
17410.0 0.5674438623030252
17420.0 0.5677385936791213
17430.0 0.5678871874145697
17440.0 0.5679903433962034
17450.0 0.5681499895582556
17460.0 0.5682850747722995
17470.0 0.5683133198625089
17480.0 0.5683047235307059
17490.0 0.5683612137111245
17500.0 0.568427528270746
17510.0 0.56847050992976
17520.0 0.5685859463853977
17530.0 0.5688340119602786
17540.0 0.5690759372981575
17550.0 0.569154532331783
17560.0 0.5691471640473806
17570.0 0.5691533042843827
17580.0 0.5691999700855981
17590.0 0.5692724248822215
17600.0 0.5693817211008572
17610.0 0.5695192624097021
17620.0 0.5696052257277301
17630.0 0.5695745245427201
17640.0 0.5695524196895129
17650.0 0.5696408391023416
17660.0 0.5697611877475809
17670.0 0.5698029413591945
17680.0 0.5697710121267842
17690.0 0.5696997853775609
17700.0 0.5696224183913356
17710.0 0.5695597879739152
17720.0 0.5695020697460964
17730.0 0.5694234747124708
17740.0 0.56935961624765
17750.0 0.5693362833470423
17760.0 0.5692736529296218
17770.0 0.5690955860565637
17780.0 0.5688708533822906
17790.0 0.5686657694664237
17800.0 0.5684041953701384
17810.0 0.5679927994910043
17820.0 0.5674217574498179
17830.0 0.5667094899575859
17840.0 0.5659358200953335
17850.0 0.5651633782804816
17860.0 0.5643590072332194
17870.0 0.5634760411523314
17880.0 0.5624641300944014
17890.0 0.5612729241160131
17900.0 0.5598496171789491
17910.0 0.5581549117663963
17920.0 0.5561802115465526
17930.0 0.5539132360454134
17940.0 0.5514288961544032
17950.0 0.5487333321105243
17960.0 0.5455932149077005
17970.0 0.5417752155398556
17980.0 0.5373284559030055
17990.0 0.5323020578931668
18000.0 0.5265584802014939
18010.0 0.519888954769919
18020.0 0.5120122587437508
18030.0 0.5026815545955085
18040.0 0.4918133351019645
18050.0 0.4793376015612967
18060.0 0.465130321186064
18070.0 0.4490674611888265
18080.0 0.4310704265359582
18090.0 0.4111343050378576
18100.0 0.3892922539743357
18110.0 0.365714971934048
18120.0 0.3407057866248932
18130.0 0.3146318842195914
18140.0 0.2878064168052444
18150.0 0.2605720096065642
18160.0 0.2333940925883023
18170.0 0.2067123067198022
18180.0 0.1809306795957956
18190.0 0.1564200815312035
18200.0 0.1335747157415544
18210.0 0.1126844014133427
18220.0 0.0938805396184114
18230.0 0.0772147083475772
18240.0 0.0627028722170453
18250.0 0.0502799447145946
18260.0 0.0398317174319877
18270.0 0.031177667401366
18280.0 0.0241348155600695
18290.0 0.0184870255656279
18300.0 0.0140304415495748
18310.0 0.0105636637382444
18320.0 0.0078926606423735
18330.0 0.0058614702421111
18340.0 0.0043313231812122
18350.0 0.0031818708144374
18360.0 0.0023320620133603
18370.0 0.0017033017443553
18380.0 0.0012366437322031
18390.0 0.0008964746022922
18400.0 0.0006447248852101
18410.0 0.0004592897277497
18420.0 0.0003266606085064
18430.0 0.0002321009586756
18440.0 0.0001608742094524
18450.0 0.0001129803608368
18460.0 7.85950336256145e-05
18470.0 5.403408561760213e-05
18480.0 3.684142201200299e-05
18490.0 2.4560948008003416e-05
18500.0 1.7192663605605976e-05
18510.0 1.1052426603603842e-05
18520.0 7.368284402402561e-06
18530.0 3.684142201201281e-06
18540.0 2.456094800800854e-06
18550.0 0.0
