mejiro/data/avg_filter_responses/Roman-F146.ecsv
# %ECSV 1.0
# ---
# datatype:
# - {name: wavelength, unit: Angstrom, datatype: float64}
# - {name: response, datatype: float64}
# meta:
#   __serialized_columns__:
#     wavelength:
#       __class__: astropy.units.quantity.Quantity
#       unit: !astropy.units.Unit {unit: Angstrom}
#       value: !astropy.table.SerializedColumn {name: wavelength}
#   band_name: F146
#   group_name: Roman
# schema: astropy-2.0
wavelength response
[from data line 568]
14790.000000000002 0.55562022193197
14800.0 0.5557442547194105
14810.000000000002 0.5559051289288628
14820.0 0.556040214142907
14830.000000000002 0.5561114408921302
14840.0 0.5561703871673493
14850.000000000002 0.5562821394807859
14860.0 0.5564086283630271
14870.000000000002 0.5565068721550591
14880.0 0.5565719586672803
14890.000000000002 0.5566259927528979
14900.0 0.5567119560709259
14910.000000000002 0.5568494973797709
14920.0 0.5569833545464145
14930.000000000002 0.5570594934852392
14940.0 0.5571515970402694
14950.000000000002 0.5573296639133274
14960.0 0.5575200112603894
14970.000000000002 0.5576329916212264
14980.0 0.5576870257068439
14990.000000000002 0.5577115866548519
15000.0 0.5577705329300711
15009.999999999998 0.5579031620493144
15020.0 0.558080000874972
15029.999999999998 0.558245787274026
15040.0 0.5583882407724725
15049.999999999998 0.5585306942709191
15060.0 0.5586731477693656
15069.999999999998 0.5588082329834094
15080.0 0.5588954243488379
15089.999999999998 0.5589064767754415
15100.0 0.5589470023396547
15109.999999999998 0.559110332643908
15120.0 0.5593424336025836
15129.999999999998 0.559540149234048
15140.0 0.559671550305891
15149.999999999998 0.5597255843915085
15160.0 0.5597489172921162
15169.999999999998 0.5597857587141282
15180.0 0.5598496171789491
15189.999999999998 0.5599306683073757
15200.0 0.5600350523364095
15209.999999999998 0.560152944886848
15220.0 0.5602683813424857
15230.0 0.5603703092767189
15240.0 0.5604796054953545
15250.0 0.5606122346145977
15260.0 0.5607645124922472
15270.0 0.5609131062276957
15280.0 0.5610199463515307
15290.0 0.5610715243423475
15300.0 0.5611574876603754
15310.0 0.5613466069600372
15320.0 0.5615173055486927
15330.0 0.561563971349908
15340.0 0.5615664274447089
15350.0 0.561613093245924
15360.0 0.5616867760899482
15370.0 0.5617555467443704
15380.0 0.5618623868682053
15390.0 0.5620453659308651
15400.0 0.5622050120929171
15410.0 0.5622492217993315
15420.0 0.5622246608513234
15430.0 0.5622062401403176
15440.0 0.5622688705577379
15450.0 0.5624690422840032
15460.0 0.5626778103420712
15470.0 0.5627834224185057
15480.0 0.5628534211203284
15490.0 0.5629627173389641
15500.0 0.5630486806569921
15510.0 0.5630413123725897
15520.0 0.563032716040787
15530.0 0.5631235915484167
15540.0 0.5632463962884566
15550.0 0.5633225352272815
15560.0 0.5633348157012855
15570.0 0.5632918340422715
15580.0 0.5633065706110763
15590.0 0.5634551643465247
15600.0 0.5635877934657679
15610.0 0.5635742849443635
15620.0 0.5635804251813655
15630.0 0.5637683164336268
15640.0 0.5639734003494936
15650.0 0.5640188381033084
15660.0 0.5639918210604997
15670.0 0.564011469818906
15680.0 0.5641232221323426
15690.0 0.564314797526805
15700.0 0.5644265498402414
15710.0 0.5643479548066158
15720.0 0.5642755000099922
15730.0 0.5644191815558389
15740.0 0.5646439142301123
15750.0 0.564765490922752
15760.0 0.5647839116337579
15770.0 0.5647470702117459
15780.0 0.5647237373111383
15790.0 0.5647765433493556
15800.0 0.5648465420511786
15810.0 0.5648821554257899
15820.0 0.56494355779581
15830.0 0.565081099104655
15840.0 0.5651916233706911
15850.0 0.5651977636076929
15860.0 0.5652149562712986
15870.0 0.5653746024333507
15880.0 0.5655698619700141
15890.0 0.5656779301412495
15900.0 0.5657270520372655
15910.0 0.5657516129852737
15920.0 0.565836348255901
15930.0 0.5660156431763596
15940.0 0.5661887978598161
15950.0 0.5662551124194377
15960.0 0.5662673928934416
15970.0 0.5662980940784518
15980.0 0.5664110744392885
15990.0 0.566624754686958
16000.0 0.5668298386028251
16010.0 0.5669268543474568
16020.0 0.5669784323382736
16030.0 0.5670680797985027
16040.000000000002 0.5671933406333436
16050.0 0.5673407063213917
16060.000000000002 0.5675126329574476
16070.0 0.5677005242097091
16080.000000000002 0.5678650825613628
16090.0 0.5679694665903967
16100.000000000002 0.5680885871882354
16110.0 0.5683022674359051
16120.000000000002 0.568495070877768
16130.0 0.5685724378639934
16140.000000000002 0.5686498048502185
16150.0 0.568841380244681
16160.000000000002 0.5691029543409662
16170.0 0.5693522479632475
16180.000000000002 0.5695597879739153
16190.0 0.5697182060885669
16200.000000000002 0.5698496071604098
16210.0 0.5699834643270534
16220.000000000002 0.5701443385365059
16230.0 0.5703310017413666
16240.000000000002 0.570500472282622
16250.0 0.5706036282642556
16259.999999999998 0.5707436256679012
16270.0 0.5709929192901826
16279.999999999998 0.5712213361066569
16290.0 0.5713048433298842
16299.999999999998 0.5713760700791076
16310.0 0.5715676454735699
16319.999999999998 0.5718267634750546
16330.0 0.572071144907734
16339.999999999998 0.5722750007762006
16350.0 0.5724407871752547
16359.999999999998 0.572601661384707
16370.0 0.5727993770161716
16379.999999999998 0.5730106011690403
16390.0 0.5732132289901064
16400.0 0.5733630507729554
16410.0 0.5734514701857841
16420.0 0.5735902395420296
16430.0 0.5738518136383148
16440.0 0.5741011072605959
16450.0 0.5742091754318311
16460.0 0.574260753422648
16470.0 0.574365137451682
16480.0 0.5744940824287242
16490.0 0.5746033786473597
16500.0 0.5747777613782165
16510.0 0.5750761768965138
16520.0 0.5752861730019824
16530.0 0.5752407352481675
16540.0 0.5752002096839545
16550.0 0.5754138899316241
16560.0 0.5757172176395229
16570.0 0.5758952845125811
16580.0 0.5759947563520136
16590.0 0.5761003684284479
16600.0 0.5762919438229103
16610.0 0.5765805349620045
16620.0 0.5767622859772638
16630.0 0.5766836909436381
16640.0 0.5766087800522136
16650.0 0.5767954432570747
16660.0 0.577097542917573
16670.0 0.577308767070442
16680.0 0.5773763096774638
16690.0 0.5773222755918463
16700.0 0.5773013987860395
16710.0 0.5774450803318865
16720.0 0.5776047264939383
16730.0 0.5776378837737491
16740.0 0.5776710410535599
16750.0 0.5778527920688193
16760.0 0.5780578759846863
16770.0 0.5781745404877242
16780.0 0.5782740123271566
16790.0 0.5784631316268184
16800.0 0.5786694435900857
16810.0 0.5788008446619285
16820.0 0.5789113689279646
16830.0 0.5790452260946082
16840.0 0.5791643466924469
16850.0 0.5792294332046681
16860.0 0.5792945197168895
16870.0 0.5794099561725271
16880.0 0.5795548657657742
16890.0 0.5796838107428165
16900.0 0.5797857386770496
16910.0 0.5798753861372788
16920.0 0.5800239798727271
16930.0 0.5802794137320105
16940.0 0.5804783574108755
16950.0 0.5805127427380867
16960.0 0.5805864255821107
16970.0 0.5808836130530077
16980.0 0.5811402749596914
16990.0 0.5811193981538845
17000.0 0.5810874689214741
17010.0 0.5813502710651597
17020.0 0.5817248255222818
17030.0 0.5819876276659675
17040.0 0.5821018360742047
17050.0 0.5821128885008084
17060.0 0.5821644664916253
17070.0 0.5823769186918946
17080.0 0.5826188440297734
17090.0 0.5827698938600228
17100.0 0.5828693656994551
17110.0 0.5829933984868956
17120.0 0.5831579568385492
17130.0 0.5833409359012087
17140.0 0.5834760211152529
17150.0 0.5835312832482709
17160.0 0.5836811050311198
17170.0 0.5840544314408415
17180.0 0.5844142493291589
17190.0 0.5845272296899956
17200.0 0.5845603869698064
17210.0 0.5847138928948566
17220.0 0.5849066963367195
17230.0 0.5850479217877652
17240.0 0.5851952874758134
17250.0 0.5854224762448876
17260.0 0.5856337003977565
17270.0 0.5857270320001868
17280.0 0.5857933465598086
17290.0 0.5859186073946493
17300.0 0.5860966742677074
17310.0 0.5863115825627774
17320.0 0.5865166664786444
17330.0 0.5866898211621007
17340.0 0.5868629758455572
17350.0 0.5870606914770217
17360.0 0.5872338461604782
17370.0 0.5873357740947114
17380.0 0.5873554228531177
17390.0 0.5873148972889046
17400.0 0.587377527706325
17410.0 0.5876427859448116
17420.0 0.5879485697475112
17430.0 0.5881094439569635
17440.0 0.5882101438437966
17450.0 0.5883747021954502
17460.0 0.588518383741297
17470.0 0.5885454007841058
17480.0 0.5885392605471037
17490.0 0.5885908385379207
17500.0 0.5886645213819447
17510.0 0.5887099591357596
17520.0 0.5888315358283991
17530.0 0.5890894257824831
17540.0 0.5893362633099637
17550.0 0.5894160863909896
17560.0 0.5894087181065872
17570.0 0.5894234546753921
17580.0 0.5894701204766073
17590.0 0.5895499435576332
17600.0 0.5896641519658706
17610.0 0.5898176578909208
17620.0 0.5899122175407515
17630.0 0.5898901126875442
17640.0 0.5898766041661399
17650.0 0.5899895845269767
17660.0 0.5901320380254231
17670.0 0.5902020367272459
17680.0 0.590202036727246
17690.0 0.5901737916370366
17700.0 0.590146774594228
17710.0 0.5901565989734312
17720.0 0.5901787038266384
17730.0 0.5901995806324452
17740.0 0.5902658951920667
17750.0 0.5904022084535113
17760.0 0.590529925383153
17770.0 0.5905729070421669
17780.0 0.5906146606537805
17790.0 0.5907337812516193
17800.0 0.5908529018494582
17810.0 0.5908811469396674
17820.0 0.5908222006644482
17830.0 0.5907030800666093
17840.0 0.5906171167485814
17850.0 0.5906379935543881
17860.0 0.5907436056308226
17870.0 0.5909118481246773
17880.0 0.5910960552347375
17890.0 0.5912544733493891
17900.0 0.5913564012836223
17910.0 0.5913907866108336
17920.0 0.5913649976154252
17930.0 0.5913134196246084
17940.0 0.5913514890940208
17950.0 0.5915455205832839
17960.0 0.5917076228401369
17970.0 0.5916842899395294
17980.0 0.5916020107637024
17990.0 0.591658500944121
18000.0 0.5918427080541809
18010.0 0.5920907736290618
18020.0 0.5922774368339225
18030.0 0.5923105941137335
18040.0 0.5922811209761238
18050.0 0.5923105941137334
18060.0 0.5924198903323692
18070.0 0.5925819925892221
18080.0 0.5927760240784854
18090.0 0.5929614592359458
18100.0 0.5930842639759857
18110.0 0.5931247895401991
18120.0 0.5931960162894222
18130.0 0.5934011002052891
18140.0 0.5936454816379687
18150.0 0.5938186363214253
18160.0 0.5939512654406687
18170.0 0.5940667018963063
18180.0 0.5940544214223022
18190.0 0.5938567057908376
18200.0 0.5937117961975904
18210.0 0.5938346009376304
18220.0 0.594121964029324
18230.0 0.5944203795476215
18240.0 0.5947445840613271
18250.0 0.5951056299970449
18260.0 0.5954568515535594
18270.0 0.5957221097920459
18280.0 0.5958412303898848
18290.0 0.5958056170152731
18300.0 0.5957933365412692
18310.0 0.5959652631773252
18320.0 0.5961421020029828
18330.0 0.5961543824769869
18340.0 0.5961506983347856
18350.0 0.5963103444968377
18360.0 0.5965780588301252
18370.0 0.5968715621588206
18380.0 0.5971466447765105
18390.0 0.5973701494033833
18400.0 0.5975248833758338
18410.0 0.5975911979354555
18420.0 0.5975887418406546
18430.0 0.597538391897238
18440.0 0.5975211992336326
18450.0 0.5975862857458538
18460.0 0.5977078624384933
18470.0 0.5978380354629359
18480.0 0.5980075060041911
18490.0 0.5982187301570601
18500.0 0.5983194300438928
18510.0 0.5981843448298487
18520.0 0.5980676803268108
18530.0 0.5981978533512533
18540.0 0.5983697799873092
18550.0 0.5983759202243113
18560.0 0.5983292544230959
18570.0 0.598405393361921
18580.0 0.5985429346707658
18590.0 0.5986657394108058
18600.0 0.5987750356294415
18610.0 0.5988892440376787
18620.0 0.5989874878297106
18630.0 0.5990255572991231
18640.0 0.5988880159902782
18650.0 0.5985281981019609
18660.0 0.5982236423466616
18670.0 0.5982260984414622
18680.0 0.5983378507548989
18690.0 0.5983415348971
18700.0 0.5982310106310639
18710.0 0.5980946973696195
18720.0 0.5981708363084443
18730.0 0.5985908285193813
18740.0 0.5989445061706967
18750.0 0.5988806477058758
18760.0 0.5987148613068218
18770.0 0.5988057368144513
18780.0 0.5989248574122903
18790.0 0.5988131050988539
18800.0 0.5986780198848097
18810.0 0.5987283698282262
18820.0 0.5988094209566527
18830.0 0.598736966160029
18840.0 0.5986313540835945
18850.0 0.5986473186997997
18860.0 0.5986915284062142
18870.0 0.5986669674582061
18880.0 0.5985957407089829
18890.0 0.5985429346707656
18900.0 0.598611705325188
18910.0 0.5988143331462542
18920.0 0.5988339819046605
18930.0 0.5984311823573293
18940.0 0.5979927694353864
18950.0 0.5979043500225575
18960.0 0.5979068061173582
18970.0 0.5977103185332943
18980.0 0.5975727772244495
18990.0 0.5977533001923081
19000.0 0.5979927694353864
19010.0 0.5980161023359939
19020.0 0.5979596121555756
19030.0 0.598009962098992
19040.0 0.5981339948864324
19050.0 0.5982175021096595
19060.0 0.5981548716922391
19070.0 0.5978945256433543
19080.0 0.5976047064568597
19090.0 0.5974757614798176
19100.0 0.5975064626648277
19110.0 0.5976513722580749
19120.0 0.5977729489507146
19130.0 0.597776633092916
19140.0 0.5977410197183042
19150.0 0.597749616050107
19160.0 0.5977066343910931
19170.0 0.5975027785226266
19180.0 0.5971638374401161
19190.0 0.5968212122154043
19200.0 0.5967782305563902
19210.0 0.5972387483315404
19220.0 0.5977238270546985
19230.0 0.5977655806663121
19240.0 0.5975875137932543
19250.0 0.5974733053850171
19260.0 0.5972731336587516
19270.0 0.5968617377796174
19280.0 0.5966099880625353
19290.0 0.5968543694952152
19300.0 0.5972743617061521
19310.0 0.5974536566266104
19320.0 0.597341904313174
19330.0 0.5970201558942693
19340.0 0.5967573537505835
19350.0 0.5967757744615896
19360.0 0.5968764743484223
19370.0 0.5968568255900161
19380.0 0.5967917390777946
19390.0 0.5968261244050058
19400.0 0.5969894547092591
19410.0 0.5972387483315406
19420.0 0.5973750615929849
19430.0 0.597227695904937
19440.0 0.5969329645288408
19450.0 0.5966799867643582
19460.0 0.5965878832093282
19470.0 0.5966885830961609
19480.0 0.5967733183667886
19490.0 0.5966652501955534
19500.0 0.5966038478255334
19510.0 0.596813843931002
19520.0 0.5970852424064905
19530.0 0.5971785740089207
19540.0 0.5971847142459228
19550.0 0.597249800758144
19560.0 0.5973885701143893
19570.0 0.5975469882290411
19580.0 0.5975654089400471
19590.0 0.5973590969767798
19600.0 0.5972706775639508
19610.0 0.5975789174614514
19620.0 0.5978847012641509
19630.0 0.5977938257565214
19640.0 0.5975973381724573
19650.0 0.5976501442106746
19660.0 0.597854000079141
19670.0 0.5980308389047987
19680.0 0.5981708363084445
19690.0 0.5982838166692813
19700.0 0.5983083776172892
19710.0 0.5982064496830559
19720.0 0.5981696082610439
19730.0 0.5983120617594904
19740.0 0.5984103055515225
19750.0 0.5982629398634745
19760.0 0.598077504706014
19770.0 0.5981131180806256
19780.0 0.5982776764322791
19790.0 0.598427498215128
19800.0 0.5985122334857558
19810.0 0.5985183737227576
19820.0 0.5984594274475384
19830.0 0.5982850447166815
19840.0 0.5977827733299178
19850.0 0.5966345490105434
19860.0 0.5945628330460679
19870.0 0.5910948271873371
19880.0 0.5853979152968797
19890.0 0.5765105362601817
19900.0 0.5636307751247819
19910.0 0.546116363100271
19920.0 0.5234908177952935
19930.0 0.4956165979010048
19940.0 0.462676682480064
19950.0 0.4251021161700122
19960.0 0.3834037666894156
19970.0 0.3383503917109253
19980.0 0.2911798630141443
19990.0 0.2432811022089261
20000.0 0.1960909247537389
20010.0 0.1513973676635658
20020.0 0.1112770590924838
20030.0 0.0773780386518304
20040.0 0.0505894126594955
20050.0 0.0309271457316842
20060.0 0.0175831826789332
20070.0 0.0092533371620171
20080.0 0.0044921973906647
20090.0 0.0020054014048538
20100.0 0.0008215637108678
20110.0 0.0003082398975004
20120.0 0.0001056120764344
20130.0 3.3157279810804695e-05
20140.0 7.368284402402561e-06
20150.0 2.456094800800854e-06
20160.0 0.0
