mejiro/data/avg_filter_responses/Roman-F129.ecsv
# %ECSV 1.0
# ---
# datatype:
# - {name: wavelength, unit: Angstrom, datatype: float64}
# - {name: response, datatype: float64}
# meta:
#   __serialized_columns__:
#     wavelength:
#       __class__: astropy.units.quantity.Quantity
#       unit: !astropy.units.Unit {unit: Angstrom}
#       value: !astropy.table.SerializedColumn {name: wavelength}
#   band_name: F129
#   group_name: Roman
# schema: astropy-2.0
wavelength response
11120.000000000002 0.0
11130.0 4.912189601601708e-06
11140.000000000002 2.701704280880427e-05
11150.0 0.00012280474004
11160.000000000002 0.0004727982491541
11170.0 0.0015608482459089
11180.000000000002 0.0044786888692603
11190.0 0.011154354537837
11200.000000000002 0.0243239348597312
11210.0 0.0468573766096786
11220.000000000002 0.0807342921971248
11230.0 0.1262801141831758
11240.000000000002 0.1821083770527796
11250.0 0.245626672743691
11259.999999999998 0.3134369940990017
11270.0 0.3809046902296009
11279.999999999998 0.4420196971579284
11290.0 0.4909401934002799
11299.999999999998 0.5246365860198673
11310.0 0.5441969250134453
11319.999999999998 0.5535841193421063
11330.0 0.5572215957420922
11339.999999999998 0.5583489432556598
11350.0 0.5586363063473534
11359.999999999998 0.5586792880063675
11370.0 0.5586301661103513
11379.999999999998 0.5586031490675425
11390.0 0.5586584112005606
11399.999999999998 0.5587652513243955
11410.0 0.558856126832025
11419.999999999998 0.558868407306029
11430.0 0.5587873561776028
11439.999999999998 0.5587112172387779
11450.0 0.5587406903763876
11459.999999999998 0.5588045488412081
11470.0 0.5588143732204115
11480.0 0.5587750757035987
11490.0 0.5587198135705806
11500.0 0.5586829721485687
11510.0 0.5586719197219651
11520.0 0.5586350782999531
11530.0 0.5585442027923233
11540.0 0.5584950808963075
11550.0 0.5585601674085285
11560.0 0.5586043771149432
11570.0 0.558479116280102
11580.0 0.5583317505920541
11590.0 0.5583157859758489
11600.0 0.5583661359192654
11610.0 0.5583747322510682
11620.0 0.5583084176914466
11630.0 0.5581733324774024
11640.0 0.5580443875003603
11650.0 0.5579964936517449
11660.0 0.5579768448933385
11670.0 0.5579215827603204
11680.0 0.5579007059545135
11690.0 0.557957196134932
11700.0 0.5579621083245336
11710.0 0.5577864975462763
11720.0 0.5575629929194035
11730.0 0.5574389601319631
11740.0 0.5573873821411461
11750.0 0.5573333480555287
11760.0 0.5572645774011061
11770.0 0.5571884384622812
11780.0 0.5571651055616738
11790.0 0.5572400164530982
11800.0 0.5572965066335165
11810.0 0.5572154555050903
11820.0 0.5571049312390541
11830.0 0.5570631776274405
11840.0 0.5570300203476296
11850.0 0.5569121277971911
11860.0 0.5567524816351392
11870.0 0.5565928354730871
11880.0 0.556500731918057
11890.0 0.5565093282498599
11900.0 0.5564798551122502
11910.0 0.5563103845709949
11920.0 0.5561458262193414
11930.0 0.556120037223933
11940.0 0.5560942482285245
11950.0 0.5559272337820702
11960.0 0.5557626754304165
11970.0 0.5557393425298088
11980.0 0.555736886435008
11990.0 0.5556165377897687
12000.0 0.5554630318647188
12010.0 0.5553954892576968
12020.0 0.5553611039304855
12030.0 0.5553058417974674
12040.0 0.5552616320910532
12050.0 0.5552726845176568
12060.0 0.5552493516170491
12070.0 0.5551093542134035
12080.0 0.554899358107935
12090.0 0.5547139229504745
12100.0 0.5546070828266397
12110.0 0.5546070828266396
12120.0 0.5545714694520281
12130.0 0.5543946306263704
12140.0 0.5542030552319079
12150.0 0.5541379687196867
12160.0 0.5541686699046965
12170.0 0.5542091954689098
12180.0 0.5541674418572962
12190.0 0.5539881469368378
12200.0 0.5538297288221862
12210.0 0.5538309568695865
12220.0 0.5538616580545965
12230.0 0.553770782546967
12240.0 0.5536627143757317
12250.0 0.5536504339017276
12260.0 0.5536418375699249
12270.0 0.5535337693986897
12280.0 0.5534207890378527
12290.000000000002 0.5533827195684403
12300.0 0.553344650099028
12310.000000000002 0.5532083368375834
12320.0 0.5530425504385295
12330.000000000002 0.5529172896036888
12340.0 0.5528239580012583
12350.000000000002 0.5527453629676325
12360.0 0.5526434350333992
12370.000000000002 0.5525046656771542
12380.0 0.5524272986909289
12390.000000000002 0.5524604559707397
12400.0 0.5524432633071341
12410.000000000002 0.5522406354860679
12420.0 0.5520613405656094
12430.000000000002 0.5520944978454203
12440.0 0.5521325673148328
12450.000000000002 0.5519655528683783
12460.0 0.5517555567629098
12470.000000000002 0.5517002946298919
12480.0 0.5517199433882982
12490.000000000002 0.5516966104876908
12500.0 0.5516253837384674
12509.999999999998 0.5515160875198318
12520.0 0.5513908266849908
12529.999999999998 0.5512950389877598
12540.0 0.5512397768547417
12549.999999999998 0.5512446890443433
12560.0 0.5512373207599407
12569.999999999998 0.5511710062003191
12580.0 0.5510113600382671
12589.999999999998 0.5507804871269919
12600.0 0.5506208409649397
12609.999999999998 0.5506478580077487
12620.0 0.5507092603777687
12629.999999999998 0.5506687348135554
12640.0 0.5505815434481272
12649.999999999998 0.5505483861683164
12660.0 0.550489439893097
12669.999999999998 0.5503162852096406
12680.0 0.5501455866209849
12689.999999999998 0.5500952366775684
12700.0 0.5500915525353673
12709.999999999998 0.5500633074451582
12720.0 0.5500461147815524
12730.0 0.5500805001087636
12740.0 0.5500399745445504
12750.0 0.5498275223442811
12760.0 0.5496469993764223
12770.0 0.5496912090828368
12780.0 0.5498250662494804
12790.0 0.5498754161928968
12800.0 0.5497931370170701
12810.0 0.5496027896700079
12820.0 0.5494320910813523
12830.0 0.5494148984177465
12840.0 0.5494787568825674
12850.0 0.5495524397265915
12860.0 0.5495671762953963
12870.0 0.5494971775935735
12880.0 0.549413670370346
12890.0 0.5494124423229458
12900.0 0.5494468276501571
12910.0 0.5494615642189618
12920.0 0.549440687413155
12930.0 0.5493841972327367
12940.0 0.549360864332129
12950.0 0.5494075301333443
12960.0 0.5494370032709539
12970.0 0.5493792850431352
12980.0 0.5493387594789219
12990.0 0.5494308630339516
13000.0 0.5495401592525875
13010.0 0.5495389312051872
13020.0 0.5494763007877668
13030.0 0.5494284069391511
13040.0 0.5494296349865515
13050.0 0.5494922654039718
13060.0 0.5495941933382051
13070.0 0.5497194541730459
13080.0 0.5498078735858748
13090.0 0.5498373467234843
13100.0 0.5499466429421198
13110.0 0.5502168133702081
13120.0 0.5504329497126785
13130.0 0.5503838278166625
13140.0 0.5502585669818217
13150.0 0.5502782157402281
13160.0 0.5504047046224694
13170.0 0.5505410178839137
13180.0 0.5506392616759458
13190.0 0.5506613665291531
13200.0 0.5506834713823603
13210.0 0.5507731188425895
13220.0 0.5509057479618327
13230.0 0.5510273246544722
13240.0 0.5511280245413053
13250.0 0.5512090756697317
13260.0 0.5513011792247616
13270.0 0.5514141595855986
13280.0 0.5514976668088257
13290.0 0.5515185436146326
13300.0 0.5515553850366446
13310.0 0.5517187153408979
13320.0 0.5519262553515657
13330.0 0.5520895856558188
13340.0 0.5521780050686476
13350.0 0.5521927416374524
13360.0 0.5522566001022731
13370.0 0.5524420352597337
13380.0 0.5525844887581802
13390.0 0.5525402790517657
13400.0 0.552451859638937
13410.0 0.5524936132505504
13420.0 0.5526262423697939
13430.0 0.5527871165792461
13440.0 0.5529283420302923
13450.0 0.5530400943437288
13460.0 0.55313588204096
13470.0 0.5532562306861991
13480.0 0.5533593866678328
13490.0 0.5534244731800539
13500.0 0.5534576304598648
13510.0 0.5534834194552734
13520.0 0.5534871035974744
13530.0 0.553461314602066
13540.000000000002 0.5534699109338688
13550.0 0.5535607864414984
13560.000000000002 0.5536111363849147
13570.0 0.5535374535408909
13580.000000000002 0.5534883316448749
13590.0 0.5535963998161101
13600.000000000002 0.5537167484613493
13610.0 0.5536799070393372
13620.000000000002 0.5535656986311001
13630.0 0.553485875550074
13640.000000000002 0.5534355256066577
13650.0 0.5534097366112491
13660.000000000002 0.5534379817014584
13670.0 0.553547277920094
13680.000000000002 0.5536553460913294
13690.0 0.5536786789919369
13700.000000000002 0.5536418375699248
13710.0 0.553580435199905
13720.000000000002 0.5535325413512893
13730.0 0.5535153486876836
13740.000000000002 0.5535300852564885
13750.0 0.5535656986311001
13759.999999999998 0.5536062241953135
13770.0 0.5536283290485206
13779.999999999998 0.553592715673909
13790.0 0.5535018401662793
13799.999999999998 0.5534109646586496
13810.0 0.5533790354262391
13819.999999999998 0.5533630708100339
13830.0 0.553301668440014
13839.999999999998 0.5531714954155716
13850.0 0.5529786919737085
13859.999999999998 0.5528399226174635
13870.0 0.5528423787122643
13879.999999999998 0.5528718518498739
13890.0 0.5528116775272541
13899.999999999998 0.5528190458116566
13910.0 0.5530143053483203
13919.999999999998 0.5531874600317768
13930.0 0.553111321092952
13939.999999999998 0.5529357103146947
13950.0 0.5528411506648638
13959.999999999998 0.5528607994232703
13970.0 0.552967639547105
13980.0 0.5530081651113185
13990.0 0.5528632555180711
14000.0 0.5526557155074033
14010.0 0.5525304546725625
14020.0 0.5525058937245544
14030.0 0.5525537875731702
14040.0 0.5525820326633794
14050.0 0.5525206302933592
14060.0 0.5523830889845144
14070.0 0.5522246708698627
14080.0 0.5520760771344144
14090.0 0.5519545004417746
14100.0 0.5517764335687166
14110.0 0.5514866143822221
14120.0 0.5512569695183472
14130.0 0.55123486466514
14140.0 0.5512459170917438
14150.0 0.5511145160199008
14160.0 0.5509069760092331
14170.0 0.5507473298471812
14180.0 0.5506846994297607
14190.0 0.5507264530413742
14200.0 0.5507731188425895
14210.0 0.5507731188425896
14220.0 0.5508701345872211
14230.0 0.5511894269113253
14240.0 0.5515897703638558
14250.0 0.5518943261191551
14260.0 0.5520355515702011
14270.0 0.5520294113331992
14280.0 0.5520134467169939
14290.0 0.5520957258928206
14300.0 0.5522185306328607
14310.0 0.5522836171450821
14320.0 0.552320458567094
14330.0 0.552359756083907
14340.0 0.5524272986909289
14350.0 0.5525132620089569
14360.0 0.5525943131373835
14370.0 0.5526397508911983
14380.0 0.5525979972795847
14390.0 0.5523929133637178
14400.0 0.5519053785457585
14410.0 0.5507448737523802
14420.0 0.5479301891106625
14430.0 0.5419103007538995
14440.0 0.530791559590674
14450.0 0.5125943532115406
14460.0 0.4858425686412176
14470.0 0.449992180881328
14480.0 0.4055552856978387
14490.0 0.3538815071837893
14500.0 0.2968816870942035
14510.0 0.237110164021914
14520.0 0.1779256476070158
14530.0 0.1235342001958805
14540.0 0.0781050427128675
14550.0 0.0442735648792361
14560.0 0.0221871323830344
14570.0 0.0097101707949661
14580.0 0.0036767739167988
14590.0 0.0011936620731891
14600.0 0.000331572798108
14610.0 7.982308102601623e-05
14620.0 1.7192663605605976e-05
14630.0 2.456094800800854e-06
14640.0 0.0
