mejiro/data/avg_filter_responses/Roman-F146.ecsv
# %ECSV 1.0
# ---
# datatype:
# - {name: wavelength, unit: Angstrom, datatype: float64}
# - {name: response, datatype: float64}
# meta:
#   __serialized_columns__:
#     wavelength:
#       __class__: astropy.units.quantity.Quantity
#       unit: !astropy.units.Unit {unit: Angstrom}
#       value: !astropy.table.SerializedColumn {name: wavelength}
#   band_name: F146
#   group_name: Roman
# schema: astropy-2.0
wavelength response
9110.0 0.0
9120.0 7.368284402402561e-06
9130.0 2.4560948008003416e-05
9140.0 0.0001006998868328
9150.0 0.0003413971773113
9160.0 0.0010364720059379
9170.0 0.0028146846417177
9180.0 0.0068451362098319
9190.0 0.0150005989958911
9200.0 0.0297973421233159
9210.0 0.0539039125931763
9220.0 0.0894129031757546
9230.0 0.1369628985192591
9240.0 0.1951416441132294
9250.0 0.2603423647426893
9260.0 0.327327438244931
9270.0 0.3902697797050544
9280.0 0.4440091339465771
9290.0 0.4854004715770735
9300.0 0.5139943272479972
9310.0 0.531643824486552
9320.0 0.5413269782387095
9330.0 0.5460279436874421
9340.0 0.5481622900693381
9350.0 0.5492306913076866
9360.0 0.5499012051883052
9370.0 0.550421897286075
9380.0 0.5509155723410359
9390.0 0.551437492486206
9400.0 0.5519078346405595
9410.0 0.552271336671078
9420.0 0.5526495752704014
9430.0 0.5531665832259699
9440.0 0.5536627143757317
9450.0 0.5539991993634412
9460.0 0.5543332282563502
9470.0 0.5548293594061121
9480.0 0.5553463673616806
9490.0 0.5557368864350081
9500.0 0.5561237213661342
9510.0 0.5566480976061051
9520.0 0.5571651055616738
9530.0 0.5575286075921922
9540.0 0.5578122865416849
9550.0 0.5581254386287868
9560.0 0.5584901687067059
9570.0 0.558895424348838
9580.0 0.5592662946637589
9590.0 0.5595327809496458
9600.0 0.559788214808929
9610.0 0.5601246997966387
9620.0 0.56046609697395
9630.0 0.56074240763904
9640.0 0.5609917012613215
9650.0 0.5612520473102064
9660.0 0.5614706397474776
9670.0 0.5615971286297188
9680.0 0.5617690552657748
9690.0 0.5620981719690822
9700.0 0.5624309728145908
9710.0 0.5625979872610452
9720.0 0.562741668806892
9730.0 0.5630106111875799
9740.0 0.5632770974734665
9750.0 0.5634256912089151
9760.0 0.5635841093235668
9770.0 0.5638628760834574
9780.0 0.5641183099427409
9790.0 0.5641944488815658
9800.0 0.5642509390619842
9810.0 0.5644461985986476
9820.0 0.5646475983723135
9830.0 0.5647126848845347
9840.0 0.5647630348279511
9850.0 0.5649361895114078
9860.0 0.5651744307070854
9870.0 0.5653770585281515
9880.0 0.5654507413721754
9890.0 0.5653746024333505
9900.0 0.5653353049165377
9910.0 0.5655145998369963
9920.0 0.5657258239898652
9930.0 0.5657847702650842
9940.0 0.565783542217684
9950.0 0.5658658213935106
9960.0 0.5659812578491484
9970.0 0.5660402041243677
9980.0 0.566133535726798
9990.0 0.566332479405663
10000.0 0.5665437035585318
10009.999999999998 0.5666652802511715
10020.0 0.5667156301945879
10029.999999999998 0.5667266826211913
10040.0 0.5667377350477949
10049.999999999998 0.5667844008490103
10060.0 0.5668728202618392
10069.999999999998 0.5669784323382735
10080.0 0.5670521151822975
10089.999999999998 0.5670607115141004
10100.0 0.5670852724621083
10109.999999999998 0.56721298939175
10120.0 0.5673701794590014
10129.999999999998 0.5674585988718301
10140.0 0.5674696512984337
10149.999999999998 0.5674315818290213
10160.0 0.5674156172128161
10169.999999999998 0.5674954402938421
10180.0 0.5676133328442806
10189.999999999998 0.5676919278779061
10200.0 0.5677385936791214
10209.999999999998 0.5677631546271293
10220.0 0.5677975399543407
10230.0 0.5678503459925577
10240.0 0.5679006959359741
10250.0 0.567903152030775
10260.0 0.5678712227983645
10270.0 0.5678233289497491
10280.0 0.5678306972341516
10290.0 0.5679313971209843
10300.0 0.5680063080124086
10310.0 0.5679584141637931
10320.0 0.5678785910827672
10330.0 0.5678736788931654
10340.0 0.5679056081255759
10350.0 0.5679105203151775
10360.0 0.5678884154619702
10370.0 0.5678491179451575
10380.0 0.5677926277647389
10390.0 0.567722629062916
10400.0 0.567620701128683
10410.0 0.5675101768626469
10420.0 0.5674610549666309
10430.0 0.5675150890522486
10440.0 0.567510176862647
10450.0 0.5673124612311823
10460.0 0.5670766761303057
10470.0 0.566983344527875
10480.0 0.567001765238881
10490.0 0.567038606660893
10500.0 0.566983344527875
10510.0 0.5667708923276059
10520.0 0.5665400194163306
10530.0 0.566443003671699
10540.0 0.5664258110080933
10550.0 0.5663865134912807
10560.0 0.5663177428368581
10570.0 0.56620107833382
10580.0 0.5659886261335507
10590.0 0.5656693338094467
10600.0 0.5653844268125537
10610.0 0.5652554818355118
10620.0 0.5651989916550934
10630.0 0.565084783246856
10640.0 0.5648796993309892
10650.0 0.5645837399074926
10660.0 0.5642951487683985
10670.0 0.5640962050895337
10680.0 0.5639279625956788
10690.0 0.5637118262532084
10700.0 0.5634956899107378
10710.0 0.5633384998434866
10720.0 0.563198502439841
10730.0 0.5630400843251894
10740.0 0.5628988588741434
10750.0 0.562790790702908
10760.0 0.5626507932992626
10770.0 0.5624039557717819
10780.0 0.562109224395686
10790.0 0.5618402820149981
10800.0 0.5616585309997388
10810.0 0.5615995847245197
10820.0 0.5614976567902865
10830.0 0.5612287144095988
10840.0 0.5609610000763114
10850.0 0.5608578440946778
10860.0 0.5607706527292494
10870.0 0.5605508322445778
10880.0 0.5602782057216888
10890.0 0.5600829461850251
10900.0 0.5599331244021764
10910.0 0.559775934334925
10920.0 0.5595941833196658
10930.0 0.559380503071996
10940.0 0.5591827874405317
10950.0 0.5590329656576826
10960.0 0.5588696353534295
10970.0 0.5586682355797639
10980.0 0.5586817441011682
10990.0 0.5590747192692964
11000.0 0.5594492737264186
11010.0 0.5594210286362092
11020.0 0.5592085764359401
11030.0 0.5591115606913084
11040.000000000002 0.5590980521699039
11050.0 0.5590857716959001
11060.000000000002 0.5590869997433005
11070.0 0.5591078765491072
11080.000000000002 0.5590575266056907
11090.0 0.5588905121592364
11100.000000000002 0.5587615671821943
11110.0 0.5588106890782103
11120.000000000002 0.5589027926332403
11130.0 0.5588880560644356
11140.000000000002 0.5588843719222344
11150.0 0.5589899839986687
11160.000000000002 0.5590452461316868
11170.0 0.558892968254037
11180.000000000002 0.5587554269451923
11190.0 0.5588364780736188
11200.000000000002 0.5589605108610591
11210.0 0.5589359499130512
11220.000000000002 0.5588868280170352
11230.0 0.5589580547662584
11240.000000000002 0.5589899839986687
11250.0 0.5588340219788179
11259.999999999998 0.5586436746317559
11270.0 0.5585835003091364
11279.999999999998 0.558604377114943
11290.0 0.5586277100155506
11299.999999999998 0.5586620953427619
11310.0 0.5587271818549832
11319.999999999998 0.5587763037509991
11330.0 0.5587591110873934
11339.999999999998 0.5587210416179811
11350.0 0.558708761143977
11359.999999999998 0.5586903404329712
11370.0 0.5586326222051521
11379.999999999998 0.5586031490675425
11390.0 0.5586584112005606
11399.999999999998 0.5587652513243955
11410.0 0.558856126832025
11419.999999999998 0.558868407306029
11430.0 0.5587873561776028
11439.999999999998 0.5587112172387779
11450.0 0.5587406903763876
11459.999999999998 0.5588045488412081
11470.0 0.5588143732204115
11480.0 0.5587750757035987
11490.0 0.5587198135705806
11500.0 0.5586829721485687
11510.0 0.5586719197219651
11520.0 0.5586350782999531
11530.0 0.5585442027923233
11540.0 0.5584950808963075
11550.0 0.5585601674085285
11560.0 0.5586043771149432
11570.0 0.558479116280102
11580.0 0.5583317505920541
11590.0 0.5583157859758489
11600.0 0.5583661359192654
11610.0 0.5583747322510682
11620.0 0.5583084176914466
11630.0 0.5581733324774024
11640.0 0.5580443875003603
11650.0 0.5579964936517449
11660.0 0.5579768448933385
11670.0 0.5579215827603204
11680.0 0.5579007059545135
11690.0 0.557957196134932
11700.0 0.5579621083245336
11710.0 0.5577864975462763
11720.0 0.5575629929194035
11730.0 0.5574389601319631
11740.0 0.5573873821411461
11750.0 0.5573333480555287
11760.0 0.5572645774011061
11770.0 0.5571884384622812
11780.0 0.5571651055616738
11790.0 0.5572400164530982
11800.0 0.5572965066335165
11810.0 0.5572154555050903
11820.0 0.5571049312390541
11830.0 0.5570631776274405
11840.0 0.5570300203476296
11850.0 0.5569121277971911
11860.0 0.5567524816351392
11870.0 0.5565928354730871
11880.0 0.556500731918057
11890.0 0.5565093282498599
11900.0 0.5564798551122502
11910.0 0.5563103845709949
11920.0 0.5561458262193414
11930.0 0.556120037223933
11940.0 0.5560942482285245
11950.0 0.5559272337820702
11960.0 0.5557626754304165
11970.0 0.5557393425298088
11980.0 0.555736886435008
11990.0 0.5556165377897687
12000.0 0.5554630318647188
12010.0 0.5553954892576968
12020.0 0.5553611039304855
12030.0 0.5553058417974674
12040.0 0.5552616320910532
12050.0 0.5552726845176568
12060.0 0.5552493516170491
12070.0 0.5551093542134035
12080.0 0.554899358107935
12090.0 0.5547139229504745
12100.0 0.5546070828266397
12110.0 0.5546070828266396
12120.0 0.5545714694520281
12130.0 0.5543946306263704
12140.0 0.5542030552319079
12150.0 0.5541379687196867
12160.0 0.5541686699046965
12170.0 0.5542091954689098
12180.0 0.5541674418572962
12190.0 0.5539881469368378
12200.0 0.5538297288221862
12210.0 0.5538309568695865
12220.0 0.5538616580545965
12230.0 0.553770782546967
12240.0 0.5536627143757317
12250.0 0.5536504339017276
12260.0 0.5536418375699249
12270.0 0.5535337693986897
12280.0 0.5534207890378527
12290.000000000002 0.5533827195684403
12300.0 0.553344650099028
12310.000000000002 0.5532083368375834
12320.0 0.5530425504385295
12330.000000000002 0.5529172896036888
12340.0 0.5528239580012583
12350.000000000002 0.5527453629676325
12360.0 0.5526434350333992
12370.000000000002 0.5525046656771542
12380.0 0.5524272986909289
12390.000000000002 0.5524604559707397
12400.0 0.5524432633071341
12410.000000000002 0.5522406354860679
12420.0 0.5520613405656094
12430.000000000002 0.5520944978454203
12440.0 0.5521325673148328
12450.000000000002 0.5519655528683783
12460.0 0.5517555567629098
12470.000000000002 0.5517002946298919
12480.0 0.5517199433882982
12490.000000000002 0.5516966104876908
12500.0 0.5516253837384674
12509.999999999998 0.5515160875198318
12520.0 0.5513908266849908
12529.999999999998 0.5512950389877598
12540.0 0.5512397768547417
12549.999999999998 0.5512446890443433
12560.0 0.5512373207599407
12569.999999999998 0.5511710062003191
12580.0 0.5510113600382671
12589.999999999998 0.5507804871269919
12600.0 0.5506208409649397
12609.999999999998 0.5506478580077487
12620.0 0.5507092603777687
12629.999999999998 0.5506687348135554
12640.0 0.5505815434481272
12649.999999999998 0.5505483861683164
12660.0 0.550489439893097
12669.999999999998 0.5503162852096406
12680.0 0.5501455866209849
12689.999999999998 0.5500952366775684
12700.0 0.5500915525353673
12709.999999999998 0.5500633074451582
12720.0 0.5500461147815524
12730.0 0.5500805001087636
12740.0 0.5500399745445504
12750.0 0.5498275223442811
12760.0 0.5496469993764223
12770.0 0.5496912090828368
12780.0 0.5498250662494804
12790.0 0.5498754161928968
12800.0 0.5497931370170701
12810.0 0.5496027896700079
12820.0 0.5494320910813523
12830.0 0.5494148984177465
12840.0 0.5494787568825674
12850.0 0.5495524397265915
12860.0 0.5495671762953963
12870.0 0.5494971775935735
12880.0 0.549413670370346
12890.0 0.5494124423229458
12900.0 0.5494468276501571
12910.0 0.5494615642189618
12920.0 0.549440687413155
12930.0 0.5493841972327367
12940.0 0.549360864332129
12950.0 0.5494075301333443
12960.0 0.5494370032709539
12970.0 0.5493792850431352
12980.0 0.5493387594789219
12990.0 0.5494308630339516
13000.0 0.5495401592525875
13010.0 0.5495389312051872
13020.0 0.5494763007877668
13030.0 0.5494284069391511
13040.0 0.5494296349865515
13050.0 0.5494922654039718
13060.0 0.5495941933382051
13070.0 0.5497194541730459
13080.0 0.5498078735858748
13090.0 0.5498373467234843
13100.0 0.5499466429421198
13110.0 0.5502168133702081
13120.0 0.5504329497126785
13130.0 0.5503838278166625
13140.0 0.5502585669818217
13150.0 0.5502782157402281
13160.0 0.5504047046224694
13170.0 0.5505410178839137
13180.0 0.5506392616759458
13190.0 0.5506613665291531
13200.0 0.5506834713823603
13210.0 0.5507731188425895
13220.0 0.5509057479618327
13230.0 0.5510273246544722
13240.0 0.5511280245413053
13250.0 0.5512090756697317
13260.0 0.5513011792247616
13270.0 0.5514141595855986
13280.0 0.5514976668088257
13290.0 0.5515185436146326
13300.0 0.5515553850366446
13310.0 0.5517187153408979
13320.0 0.5519262553515657
13330.0 0.5520895856558188
13340.0 0.5521780050686476
13350.0 0.5521927416374524
13360.0 0.5522566001022731
13370.0 0.5524420352597337
13380.0 0.5525844887581802
13390.0 0.5525402790517657
13400.0 0.552451859638937
13410.0 0.5524936132505504
13420.0 0.5526262423697939
13430.0 0.5527871165792461
13440.0 0.5529283420302923
13450.0 0.5530400943437288
13460.0 0.55313588204096
13470.0 0.5532562306861991
13480.0 0.5533593866678328
13490.0 0.5534244731800539
13500.0 0.5534576304598648
13510.0 0.5534834194552734
13520.0 0.5534871035974744
13530.0 0.553461314602066
13540.000000000002 0.5534699109338688
13550.0 0.5535607864414984
13560.000000000002 0.5536111363849147
13570.0 0.5535374535408909
13580.000000000002 0.5534883316448749
13590.0 0.5535963998161101
13600.000000000002 0.5537167484613493
13610.0 0.5536799070393372
13620.000000000002 0.5535656986311001
13630.0 0.553485875550074
13640.000000000002 0.5534355256066577
13650.0 0.5534097366112491
13660.000000000002 0.5534379817014584
13670.0 0.553547277920094
13680.000000000002 0.5536553460913294
13690.0 0.5536786789919369
13700.000000000002 0.5536418375699248
13710.0 0.553580435199905
13720.000000000002 0.5535325413512893
13730.0 0.5535153486876836
13740.000000000002 0.5535300852564885
13750.0 0.5535656986311001
13759.999999999998 0.5536062241953135
13770.0 0.5536283290485206
13779.999999999998 0.553592715673909
13790.0 0.5535018401662793
13799.999999999998 0.5534109646586496
13810.0 0.5533790354262391
13819.999999999998 0.5533630708100339
13830.0 0.553301668440014
13839.999999999998 0.5531714954155716
13850.0 0.5529786919737085
13859.999999999998 0.5528399226174635
13870.0 0.5528423787122643
13879.999999999998 0.5528718518498739
13890.0 0.5528116775272541
13899.999999999998 0.5528190458116566
13910.0 0.5530143053483203
13919.999999999998 0.5531874600317768
13930.0 0.553111321092952
13939.999999999998 0.5529357103146947
13950.0 0.5528411506648638
13959.999999999998 0.5528607994232703
13970.0 0.552967639547105
13980.0 0.5530081651113185
13990.0 0.5528632555180711
14000.0 0.5526557155074033
14010.0 0.5525304546725625
14020.0 0.5525058937245544
14030.0 0.5525537875731702
14040.0 0.5525820326633794
14050.0 0.5525206302933592
14060.0 0.5523830889845144
14070.0 0.5522246708698627
14080.0 0.5520760771344144
14090.0 0.5519545004417746
14100.0 0.5517764335687166
14110.0 0.5514866143822221
14120.0 0.5512569695183472
14130.0 0.55123486466514
14140.0 0.5512459170917438
14150.0 0.5511145160199008
14160.0 0.5509069760092331
14170.0 0.5507473298471812
14180.0 0.5506846994297607
14190.0 0.5507264530413742
14200.0 0.5507731188425895
14210.0 0.5507731188425896
14220.0 0.5508701345872211
14230.0 0.5511894269113253
14240.0 0.5515897703638558
14250.0 0.5518943261191551
14260.0 0.5520355515702011
14270.0 0.5520294113331992
14280.0 0.5520134467169939
14290.0 0.5520957258928206
14300.0 0.5522185306328607
14310.0 0.5522836171450821
14320.0 0.552320458567094
14330.0 0.552359756083907
14340.0 0.5524272986909289
14350.0 0.5525144900563572
14360.0 0.5525955411847838
14370.0 0.5526581716022041
14380.0 0.5526630837918057
14390.0 0.5526262423697937
14400.0 0.5526286984645945
14410.0 0.5527539592994354
14420.0 0.5529050091296847
14430.0 0.5529885163529118
14440.0 0.5529958846373143
14450.0 0.5529553590731011
14460.0 0.5529222017932901
14470.0 0.5529516749308998
14480.0 0.5530278138697247
14490.0 0.5531457064201633
14500.0 0.5532844757764084
14510.0 0.5534207890378529
14520.0 0.553492015787076
14530.0 0.5534699109338689
14540.0 0.5534539463176635
14550.0 0.5535386815882912
14560.0 0.5536492058543273
14570.0 0.5537044679873452
14580.0 0.553768326452166
14590.0 0.5539034116662103
14600.0 0.5540335846906528
14610.0 0.5540777943970671
14620.0 0.5541084955820771
14630.0 0.5541956869475055
14640.0 0.5542718258863304
14650.0 0.5542865624551352
14660.0 0.5543074392609418
14670.0 0.5544302440009818
14680.0 0.5546033986844383
14690.0 0.554745852182885
14700.0 0.554810938695106
14710.0 0.5547912899366998
14720.0 0.5548011143159028
14730.0 0.5549533921935526
14740.0 0.5551400553984135
14750.0 0.5552432113800472
14760.0 0.5553070698448679
14770.0 0.5554040855894995
