mejiro/data/avg_filter_responses/Roman-F106.ecsv
# %ECSV 1.0
# ---
# datatype:
# - {name: wavelength, unit: Angstrom, datatype: float64}
# - {name: response, datatype: float64}
# meta:
#   __serialized_columns__:
#     wavelength:
#       __class__: astropy.units.quantity.Quantity
#       unit: !astropy.units.Unit {unit: Angstrom}
#       value: !astropy.table.SerializedColumn {name: wavelength}
#   band_name: F106
#   group_name: Roman
# schema: astropy-2.0
wavelength response
9200.0 0.0
9210.0 9.824379203203415e-06
9220.0 4.912189601600256e-05
9230.0 0.0002222765794724
9240.0 0.0008596331802802
9250.0 0.0028024041677137
9260.0 0.007842310698957
9270.0 0.0189463152933777
9280.0 0.0399729428830338
9290.0 0.0745572137731106
9300.0 0.1246087416712308
9310.0 0.1891008789506597
9320.0 0.263613883017356
9330.0 0.3407217512410984
9340.0 0.4116255239980178
9350.0 0.4688549889514786
9360.0 0.50869775881007
9370.0 0.5323143383671707
9380.0 0.5441809603972401
9390.0 0.5493399875263223
9400.0 0.5513687218317836
9410.0 0.5521559002154404
9420.0 0.5526311545593954
9430.0 0.5531628990837687
9440.0 0.5536627143757317
9450.0 0.5539991993634412
9460.0 0.5543332282563502
9470.0 0.5548293594061121
9480.0 0.5553463673616806
9490.0 0.5557368864350081
9500.0 0.5561237213661342
9510.0 0.5566480976061051
9520.0 0.5571651055616738
9530.0 0.5575286075921922
9540.0 0.5578122865416849
9550.0 0.5581254386287868
9560.0 0.5584901687067059
9570.0 0.558895424348838
9580.0 0.5592662946637589
9590.0 0.5595327809496458
9600.0 0.559788214808929
9610.0 0.5601246997966387
9620.0 0.56046609697395
9630.0 0.56074240763904
9640.0 0.5609917012613215
9650.0 0.5612520473102064
9660.0 0.5614706397474776
9670.0 0.5615971286297188
9680.0 0.5617690552657748
9690.0 0.5620981719690822
9700.0 0.5624309728145908
9710.0 0.5625979872610452
9720.0 0.562741668806892
9730.0 0.5630106111875799
9740.0 0.5632770974734665
9750.0 0.5634256912089151
9760.0 0.5635841093235668
9770.0 0.5638628760834574
9780.0 0.5641183099427409
9790.0 0.5641944488815658
9800.0 0.5642509390619842
9810.0 0.5644461985986476
9820.0 0.5646475983723135
9830.0 0.5647126848845347
9840.0 0.5647630348279511
9850.0 0.5649361895114078
9860.0 0.5651744307070854
9870.0 0.5653770585281515
9880.0 0.5654507413721754
9890.0 0.5653746024333505
9900.0 0.5653353049165377
9910.0 0.5655145998369963
9920.0 0.5657258239898652
9930.0 0.5657847702650842
9940.0 0.565783542217684
9950.0 0.5658658213935106
9960.0 0.5659812578491484
9970.0 0.5660402041243677
9980.0 0.566133535726798
9990.0 0.566332479405663
10000.0 0.5665437035585318
10009.999999999998 0.5666652802511715
10020.0 0.5667156301945879
10029.999999999998 0.5667266826211913
10040.0 0.5667377350477949
10049.999999999998 0.5667844008490103
10060.0 0.5668728202618392
10069.999999999998 0.5669784323382735
10080.0 0.5670521151822975
10089.999999999998 0.5670607115141004
10100.0 0.5670852724621083
10109.999999999998 0.56721298939175
10120.0 0.5673701794590014
10129.999999999998 0.5674585988718301
10140.0 0.5674696512984337
10149.999999999998 0.5674315818290213
10160.0 0.5674156172128161
10169.999999999998 0.5674954402938421
10180.0 0.5676133328442806
10189.999999999998 0.5676919278779061
10200.0 0.5677385936791214
10209.999999999998 0.5677631546271293
10220.0 0.5677975399543407
10230.0 0.5678503459925577
10240.0 0.5679006959359741
10250.0 0.567903152030775
10260.0 0.5678712227983645
10270.0 0.5678233289497491
10280.0 0.5678306972341516
10290.0 0.5679313971209843
10300.0 0.5680063080124086
10310.0 0.5679584141637931
10320.0 0.5678785910827672
10330.0 0.5678736788931654
10340.0 0.5679056081255759
10350.0 0.5679105203151775
10360.0 0.5678884154619702
10370.0 0.5678491179451575
10380.0 0.5677926277647389
10390.0 0.567722629062916
10400.0 0.567620701128683
10410.0 0.5675101768626469
10420.0 0.5674610549666309
10430.0 0.5675150890522486
10440.0 0.567510176862647
10450.0 0.5673124612311823
10460.0 0.5670766761303057
10470.0 0.566983344527875
10480.0 0.567001765238881
10490.0 0.567038606660893
10500.0 0.566983344527875
10510.0 0.5667708923276059
10520.0 0.5665400194163306
10530.0 0.566443003671699
10540.0 0.5664258110080933
10550.0 0.5663865134912807
10560.0 0.5663177428368581
10570.0 0.56620107833382
10580.0 0.5659886261335507
10590.0 0.5656693338094467
10600.0 0.5653844268125537
10610.0 0.5652554818355118
10620.0 0.5651989916550934
10630.0 0.565084783246856
10640.0 0.5648796993309892
10650.0 0.5645837399074926
10660.0 0.5642951487683985
10670.0 0.5640962050895337
10680.0 0.5639279625956788
10690.0 0.5637118262532084
10700.0 0.5634956899107378
10710.0 0.5633384998434866
10720.0 0.563198502439841
10730.0 0.5630400843251894
10740.0 0.5628988588741434
10750.0 0.562790790702908
10760.0 0.5626507932992626
10770.0 0.5624039557717819
10780.0 0.562109224395686
10790.0 0.5618402820149981
10800.0 0.5616585309997388
10810.0 0.5615995847245197
10820.0 0.5614976567902865
10830.0 0.5612287144095988
10840.0 0.5609610000763114
10850.0 0.5608578440946778
10860.0 0.5607706527292494
10870.0 0.5605508322445778
10880.0 0.5602782057216888
10890.0 0.5600829461850251
10900.0 0.5599331244021764
10910.0 0.559775934334925
10920.0 0.5595941833196658
10930.0 0.559380503071996
10940.0 0.5591827874405317
10950.0 0.5590329656576826
10960.0 0.5588696353534295
10970.0 0.5586682355797639
10980.0 0.5586817441011682
10990.0 0.5590747192692964
11000.0 0.5594492737264186
11010.0 0.5594210286362092
11020.0 0.5592085764359401
11030.0 0.5591115606913084
11040.000000000002 0.5590980521699039
11050.0 0.5590857716959001
11060.000000000002 0.5590869997433005
11070.0 0.5591078765491072
11080.000000000002 0.5590575266056907
11090.0 0.5588905121592364
11100.000000000002 0.5587615671821943
11110.0 0.5588106890782103
11120.000000000002 0.5589027926332403
11130.0 0.5588880560644356
11140.000000000002 0.5588843719222344
11150.0 0.5589899839986687
11160.000000000002 0.5590452461316868
11170.0 0.558892968254037
11180.000000000002 0.5587554269451923
11190.0 0.5588364780736188
11200.000000000002 0.5589605108610591
11210.0 0.5589359499130512
11220.000000000002 0.5588868280170352
11230.0 0.5589580547662584
11240.000000000002 0.5589899839986687
11250.0 0.5588340219788179
11259.999999999998 0.5586436746317559
11270.0 0.5585835003091364
11279.999999999998 0.558604377114943
11290.0 0.5586277100155506
11299.999999999998 0.5586620953427619
11310.0 0.5587271818549832
11319.999999999998 0.5587763037509991
11330.0 0.5587591110873934
11339.999999999998 0.5587210416179811
11350.0 0.558708761143977
11359.999999999998 0.5586903404329712
11370.0 0.5586326222051521
11379.999999999998 0.5586031490675425
11390.0 0.5586584112005606
11399.999999999998 0.5587652513243955
11410.0 0.558856126832025
11419.999999999998 0.558868407306029
11430.0 0.5587873561776028
11439.999999999998 0.5587112172387779
11450.0 0.5587406903763876
11459.999999999998 0.5588045488412081
11470.0 0.5588143732204115
11480.0 0.5587750757035987
11490.0 0.5587198135705806
11500.0 0.5586829721485687
11510.0 0.5586719197219651
11520.0 0.5586350782999531
11530.0 0.5585442027923233
11540.0 0.5584950808963075
11550.0 0.5585601674085285
11560.0 0.5586043771149432
11570.0 0.558479116280102
11580.0 0.5583317505920541
11590.0 0.5583157859758489
11600.0 0.5583661359192654
11610.0 0.5583747322510682
11620.0 0.5583084176914466
11630.0 0.5581733324774024
11640.0 0.5580443875003603
11650.0 0.5579964936517449
11660.0 0.5579768448933385
11670.0 0.5579215827603204
11680.0 0.5579007059545135
11690.0 0.557957196134932
11700.0 0.5579621083245336
11710.0 0.5577864975462763
11720.0 0.5575629929194035
11730.0 0.5574389601319631
11740.0 0.5573873821411461
11750.0 0.5573333480555287
11760.0 0.5572645774011061
11770.0 0.5571884384622812
11780.0 0.5571651055616738
11790.0 0.5572400164530982
11800.0 0.5572965066335165
11810.0 0.5572154555050903
11820.0 0.5571024751442533
11830.0 0.5570521252008367
11840.0 0.5569894947834165
11850.0 0.5567880950097508
11860.0 0.5563717869410151
11870.0 0.5555649597989518
11880.0 0.5539537616096265
11890.0 0.550737505467978
11900.0 0.5445162173375492
11910.0 0.5334883516819535
11920.0 0.5158990287660181
11930.0 0.4901358223530176
11940.0 0.4549596326159477
11950.0 0.4102034451083541
11960.0 0.3572156558758764
11970.0 0.2985984973599633
11980.0 0.2378334839407498
11990.0 0.1790714158315894
12000.0 0.1264237957290227
12010.0 0.0830246005988716
12020.0 0.0503131019944054
12030.0 0.027920885695504
12040.0 0.0141028963461984
12050.0 0.0064423366625005
12060.0 0.0026513543374644
12070.0 0.0009775257307187
12080.0 0.0003229764663052
12090.0 9.578769723121792e-05
12100.0 2.578899540840427e-05
12110.0 4.912189601601708e-06
12120.0 0.0
