mejiro/data/avg_filter_responses/Roman-F062.ecsv
# %ECSV 1.0
# ---
# datatype:
# - {name: wavelength, unit: Angstrom, datatype: float64}
# - {name: response, datatype: float64}
# meta:
#   __serialized_columns__:
#     wavelength:
#       __class__: astropy.units.quantity.Quantity
#       unit: !astropy.units.Unit {unit: Angstrom}
#       value: !astropy.table.SerializedColumn {name: wavelength}
#   band_name: F062
#   group_name: Roman
# schema: astropy-2.0
wavelength response
4710.0 0.0
4720.0 1.4736568804805122e-05
4730.0 0.0001006998868328
4740.0 0.0004813945809569
4750.0 0.0018875088544154
4760.0 0.0060653261105776
4770.0 0.0161623318366699
4780.0 0.0361009094295713
4790.0 0.0684832913307301
4800.0 0.111983186347714
4810.0 0.1596596705734598
4820.0 0.2033020190888902
4830.0 0.2362321101306277
4840.0 0.2564961202846352
4850.0 0.2665034785504982
4860.0 0.2702956889229348
4870.0 0.2711847952408247
4880.0 0.2710374295527766
4890.0 0.2706284897684432
4900.0 0.2701962170835023
4910.0 0.2697528919719578
4920.0 0.2692751815332019
4930.0 0.2688060674262491
4940.0 0.2684462495379317
4950.0 0.2681969559156504
4960.0 0.2680766072704111
4970.0 0.268066782891208
4980.0 0.2681294133086284
4990.0 0.2681797632520448
5000.0 0.2681662547306404
5010.0 0.26819572786825
5020.0 0.2683836191205112
5030.0 0.2687115077764181
5040.0 0.2691511487457616
5050.0 0.2696706127961309
5060.0 0.2702539353113211
5070.0 0.2708949760543301
5080.0 0.2715974191673591
5090.0 0.2724005621672211
5100.0 0.2733301940493242
5110.0 0.2742991234482401
5120.0 0.2752324394725444
5130.0 0.276224701772068
5140.0 0.2773680139018408
5150.0 0.2786022015392432
5160.0 0.2798670903616557
5170.0 0.2811651364638788
5180.0 0.2825159886043195
5190.0 0.2839098224037739
5200.0 0.2853269891038359
5210.0 0.2867908216051132
5220.0 0.2883221967134126
5230.0 0.2899333949027379
5240.0 0.2916109076516849
5250.0 0.2933129813486399
5260.0 0.2949917221449872
5270.0 0.2966544983251295
5280.0 0.2983430635006801
5290.0 0.3001384688000656
5300.0 0.3020836958822998
5310.0 0.3040805009553509
5320.0 0.3060122195161808
5330.0 0.3079193771290027
5340.0 0.3098768846852409
5350.0 0.3118908824218976
5360.0 0.313958914244172
5370.0 0.3160588752988567
5380.0 0.3181612924483422
5390.0 0.3202452888868217
5400.0 0.3222875317136876
5410.0 0.324324862350952
5420.0 0.3263928941732262
5430.0 0.3285616258823334
5440.0 0.3308580745210822
5450.0 0.3332024170084466
5460.0 0.335497637599795
5470.0 0.3377032107309141
5480.0 0.3398191364018041
5490.0 0.3419240096460905
5500.0 0.3440767767389924
5510.0 0.3462504206377012
5520.000000000001 0.3484142401572067
5530.000000000001 0.350605076719521
5540.000000000001 0.3528425790830506
5550.000000000001 0.3550825375413809
5560.000000000001 0.3572439009660858
5570.000000000001 0.3593770193005812
5580.000000000001 0.3615224181090808
5590.000000000001 0.3636579925383773
5600.000000000001 0.3657530414034603
5610.000000000001 0.3678444061263423
5620.000000000001 0.369956647655031
5629.999999999999 0.3721118708427338
5639.999999999999 0.3743002513102473
5649.999999999999 0.3765340695315757
5659.999999999999 0.3787617475159021
5669.999999999999 0.3807659208733555
5679.999999999999 0.3824041361054897
5689.999999999999 0.3840755086174346
5699.999999999999 0.3861509087241115
5709.999999999999 0.3883343770020234
5719.999999999999 0.3902771479894568
5729.999999999999 0.3920590447674379
5740.0 0.3938618183512257
5750.0 0.3957272223524339
5760.0 0.397662625055465
5770.0 0.39951820467747
5780.0 0.4012092259478214
5790.0 0.4028965630759716
5800.0 0.4047484585557755
5810.0 0.4066064942725813
5820.0 0.4082864631163291
5830.0 0.4098694162154453
5840.0 0.4114523693145615
5850.0 0.4129137457210379
5860.0 0.414140565074038
5870.0 0.4153379112894283
5880.0 0.4167034999986737
5890.0 0.418130491077939
5900.0 0.4194653786021742
5910.0 0.4207093906187798
5920.0 0.4218834039335626
5930.0 0.4229075954654966
5940.0 0.4237352994133665
5950.0 0.4245310741288259
5960.0 0.4254484255369251
5970.0 0.4264406878364485
5980.0 0.4274059330931634
5990.0 0.4283171442642605
6000.0 0.4291669530653375
6010.0 0.429934482690588
6020.0 0.4306344697088161
6030.0 0.4314142798080703
6040.0 0.4324028579653927
6050.0 0.4334909079621474
6060.0 0.4345298360628863
6070.0 0.4353992936223697
6080.0 0.4360661233607871
6090.0 0.4366690946343838
6100.0 0.4373555731312076
6110.0 0.4380850332870454
6120.0 0.4387960727318775
6130.0 0.439454306138492
6140.0 0.4400560493646882
6150.0 0.440632003595476
6160.0 0.4412116419684649
6170.0 0.4417900522940536
6180.0 0.4423316211976302
6190.0 0.44279091092538
6200.0 0.4431372202922928
6210.0 0.4434294955735881
6220.0 0.4437414196132898
6230.0 0.4440779046009996
6240.0 0.4444143895887093
6250.0 0.4446624551635902
6260.0 0.4447840318562297
6270.0 0.4449756072506923
6280.0 0.4454263006466392
6290.0 0.4459371683652058
6300.0 0.4462933021113219
6310.0 0.4465745249660137
6320.0 0.4468766246265121
6330.0 0.4471603035760046
6340.0 0.4473604753022699
6350.0 0.4475901201661448
6360.0 0.447958534386265
6370.0 0.4483306327485862
6380.0 0.4485664178494631
6390.0 0.4487137835375111
6400.0 0.448869745557362
6410.0 0.4491411440328505
6420.0 0.4495844691443951
6430.0 0.4500020052605313
6440.0 0.4501972647971948
6450.0 0.4502549830250137
6460.0 0.4503004207788284
6470.0 0.4504453303720758
6480.0 0.4507683068383811
6490.0 0.4512091758551249
6500.0 0.4516537290140697
6510.0 0.4520258273763912
6520.0 0.4522652966194692
6530.0 0.4524077501179156
6540.0 0.4525109060995493
6550.0 0.4526091498915812
6560.0 0.4527221302524182
6570.0 0.4529137056468806
6580.0 0.4532170333547795
6590.0 0.4534994842568717
6600.0 0.4536407097079177
6610.0 0.4536812352721309
6620.0 0.4536861474617324
6630.0 0.4536984279357365
6640.0 0.4537438656895514
6650.0 0.4538335131497806
6660.0 0.4539685983638246
6670.0 0.4540828067720618
6680.0 0.4541135079570719
6690.0 0.4540545616818528
6700.0 0.4539293008470118
6710.0 0.4538335131497805
6720.0 0.453853161908187
6730.0 0.4539096520886054
6740.0 0.4539219325626094
6750.0 0.4538605301925894
6760.0 0.4537070242675393
6770.000000000001 0.4535019403516724
6780.000000000001 0.4532772076773991
6790.000000000001 0.4530352823395203
6800.000000000001 0.4527810765276374
6810.000000000001 0.4525833608961729
6820.000000000001 0.4524802049145392
6830.000000000001 0.45232915508429
6840.000000000001 0.4520160029971879
6850.000000000001 0.4516426765874662
6860.000000000001 0.4513368927847665
6870.000000000001 0.4511342649637005
6879.999999999999 0.4510053199866583
6889.999999999999 0.4508174287343971
6899.999999999999 0.4504600669408806
6909.999999999999 0.4500695478675534
6919.999999999999 0.4497760445388576
6929.999999999999 0.4495193826321738
6939.999999999999 0.4492148268768745
6949.999999999999 0.4489544808279897
6959.999999999999 0.4488402724197524
6969.999999999999 0.4487850102867344
6979.999999999999 0.4487113274427103
6990.0 0.4486929067317043
7000.0 0.4487948346659376
7010.0 0.4488378163249515
7020.0 0.4486781701628995
7030.0 0.4484448411568236
7040.0 0.4483097559427794
7050.0 0.4482188804351497
7060.0 0.4481206366431178
7070.0 0.4480715147471018
7080.0 0.4481476536859266
7090.0 0.4483220364167833
7100.0 0.4485344886170527
7110.0 0.4486793982102999
7120.0 0.4486904506369036
7130.0 0.4486646616414951
7140.0 0.4487371164381188
7150.0 0.4490109710084081
7160.0 0.4495242948217753
7170.0 0.4500179698767364
7180.0 0.4502697195938185
7190.0 0.4504158572344661
7200.0 0.450645502098341
7210.0 0.4508800591518176
7220.0 0.4510274248398654
7230.0 0.4511465454377044
7240.0 0.4512926830783521
7250.0 0.4514142597709917
7260.0 0.4514842584728146
7270.0 0.4515935546914502
7280.0 0.4518428483137314
7290.0 0.4521645967326363
7300.0 0.4524544159191309
7310.0 0.4526189742707845
7320.0 0.4526337108395893
7330.0 0.4526705522616013
7340.0 0.4528940568884742
7350.0 0.4533386100474192
7360.0 0.4539587739846215
7370.0 0.4545470086894131
7380.0 0.4549362997153401
7390.0 0.4551892774798227
7400.0 0.4554385711021038
7410.0 0.4557689158528116
7420.0 0.4562318897227626
7430.0 0.4566543380285003
7440.0 0.456904859698182
7450.0 0.4571860825528737
7460.0 0.4576797576078346
7470.0 0.4581808009471981
7480.0 0.458527110314111
7490.0 0.4590613109332851
7500.0 0.4600142757159959
7510.0 0.460765840725041
7520.0 0.4603004107602891
7530.0 0.4575360760619877
7540.0 0.4506455020983411
7550.0 0.436746461620609
7560.0 0.4125477875957186
7570.0 0.3755381230898509
7580.0 0.325383439210097
7590.0 0.2648935084085733
7600.0 0.2001397970328591
7610.0 0.138820934236065
7620.0 0.0875376747953431
7630.0 0.049726095337014
7640.0 0.0252351460308283
7650.0 0.0113680347855067
7660.0 0.0045228985756747
7670.0 0.0015817250517156
7680.0 0.0004850787231581
7690.0 0.0001264888822412
7700.0 2.8245090209205555e-05
7710.0 6.140237002002135e-06
7720.0 0.0
