mejiro/data/avg_filter_responses/Roman-Prism.ecsv
# %ECSV 1.0
# ---
# datatype:
# - {name: wavelength, unit: Angstrom, datatype: float64}
# - {name: response, datatype: float64}
# meta:
#   __serialized_columns__:
#     wavelength:
#       __class__: astropy.units.quantity.Quantity
#       unit: !astropy.units.Unit {unit: Angstrom}
#       value: !astropy.table.SerializedColumn {name: wavelength}
#   band_name: Prism
#   group_name: Roman
# schema: astropy-2.0
wavelength response
7470.0 0.0
7480.0 2.456094800800854e-06
7490.0 1.2280474004000427e-05
7500.0 7.49108914244205e-05
7510.0 0.0003352569403092
7520.0 0.0013164668132292
7530.0 0.0044148304044395
7540.0 0.0125899419489051
7550.0 0.0305464510375601
7560.0 0.0632481252628231
7570.0 0.1129324669882236
7580.0 0.1766816355904102
7590.0 0.2467638446364616
7600.0 0.313612604877259
7610.0 0.3693843775664443
7620.0 0.4099750282918796
7630.0 0.4353771887691626
7640.0 0.4487997468555391
7650.0 0.4547631450318837
7660.0 0.4570816985238397
7670.0 0.4582999215450369
7680.0 0.4596397212588738
7690.0 0.4609353112662961
7700.0 0.4617826639725725
7710.0 0.4623782669617667
7720.0 0.4630193077047758
7730.0 0.4637389434814103
7740.0 0.4645298060072682
7750.0 0.4654054038037538
7760.0 0.4663546844442632
7770.0 0.46717256401293
7780.0 0.4677079926795047
7790.0 0.4682655261992864
7800.0 0.4691116508581622
7810.0 0.4699504072326358
7820.0 0.470460046903802
7830.0 0.4707658307065017
7840.0 0.4710495096559942
7850.0 0.4713307325106858
7860.0 0.4715959907491722
7870.0 0.4719275635472804
7880.0 0.4724003617964347
7890.0 0.4730008769752303
7900.0 0.4736726189032494
7910.0 0.4742682218924436
7920.0 0.4747066348143866
7930.0 0.4752838170925748
7940.0 0.4762183611642795
7950.0 0.4769662420311234
7960.0 0.4771516771885839
7970.0 0.4778762251548201
7980.0 0.4799147838394848
7990.0 0.4812496713637201
8000.0 0.4800596934327321
8010.0 0.4780972736868921
8020.000000000001 0.4774513207542816
8030.000000000001 0.477976925041653
8040.000000000001 0.4790219933793938
8050.000000000001 0.4800584653853317
8060.000000000001 0.4807302073133507
8070.000000000001 0.4812423030793176
8080.000000000001 0.4818329938789102
8090.000000000001 0.4822566702320485
8100.000000000001 0.4822775470378552
8110.000000000001 0.4822296531892397
8120.000000000001 0.482433509057706
8129.999999999999 0.4826398210209734
8139.999999999999 0.4826017515515609
8149.999999999999 0.4826164881203658
8159.999999999999 0.4830070071936931
8169.999999999999 0.4835620846186741
8179.999999999999 0.4840226023938242
8189.999999999999 0.4843873324717432
8200.0 0.4847606588814649
8210.0 0.4853378411596531
8220.0 0.486263788899555
8230.0 0.4872793840996862
8240.0 0.4880641063885421
8250.0 0.4883477853380344
8260.0 0.4881083160949565
8270.0 0.4882397171667993
8280.0 0.489434607287389
8290.0 0.4906282693605781
8300.0 0.4907277412000106
8310.0 0.4903888001175
8320.0 0.4904465183453188
8330.0 0.4907510741006182
8340.0 0.4910151042917043
8350.0 0.4913847465592247
8360.0 0.4920270153496343
8370.0 0.4927515633158706
8380.0 0.4933078687882519
8390.0 0.4935878635955432
8400.0 0.4936013721169476
8410.0 0.4938015438432128
8420.0 0.4945088991458435
8430.0 0.4951450276992509
8440.0 0.4952359032068806
8450.0 0.4955920369529967
8460.0 0.4969563976148416
8470.0 0.4984447910641269
8480.0 0.499116532992146
8490.0 0.4994063521786404
8500.0 0.499935640608213
8510.0 0.5006491361478457
8520.0 0.5013601755926775
8530.0 0.5020884077011148
8540.0 0.5028387446627596
8550.0 0.5034269793675514
8560.0 0.5037167985540458
8570.0 0.5040778444897636
8580.0 0.5048773033474244
8590.0 0.5060034228135915
8600.0 0.5071749800335736
8610.0 0.5080002278866425
8620.0 0.5082716263621311
8630.0 0.5086596893406576
8640.0 0.5097907209964264
8650.0 0.5113184119625246
8660.0 0.5127220701411823
8670.0 0.5139059078351683
8680.0 0.5148637848074805
8690.0 0.5155686840153105
8700.0 0.516054990785869
8710.0 0.5166383133010592
8720.0 0.5176084707473756
8730.0 0.5187787999199571
8740.0 0.5198656218693115
8750.0 0.5206736770587751
8760.0 0.5211329667865248
8770.0 0.5216475186472924
8780.0 0.5225808346715969
8790.0 0.523639411530742
8800.0 0.5244744837630144
8810.0 0.5252530658148681
8820.0 0.5261274355639532
8830.0 0.5267844409231676
8840.0 0.5269330346586162
8850.0 0.5269882967916342
8860.0 0.5273874121967643
8870.0 0.5280100322287673
8880.0 0.5286277400711685
8890.0 0.5291852735909504
8900.0 0.5296752645037102
8910.0 0.5300412226290294
8920.0 0.5302745516351055
8930.0 0.5305815634852057
8940.0 0.5310997994881747
8950.0 0.5314976868459043
8960.0 0.5314743539452969
8970.0 0.531281550503434
8980.0 0.5312226042282145
8990.0 0.5313011992618404
9000.0 0.5314276881440816
9010.0 0.5315161075569104
9020.0 0.531502599035506
9030.0 0.531342952873454
9040.0 0.5311268165309835
9050.0 0.5309438374683237
9060.0 0.5308222607756841
9070.0 0.5307461218368594
9080.0 0.5306577024240305
9090.0 0.5304980562619783
9100.0 0.5302843760143088
9110.0 0.5300645555296372
9120.0 0.5298877167039795
9130.0 0.5297784204853438
9140.0 0.5296789486459113
9150.0 0.5295193024838593
9160.0 0.5292798332407812
9170.0 0.5289863299120855
9180.0 0.5287689655222145
9190.0 0.5287112472943958
9200.0 0.5286830022041865
9210.0 0.5285516011323437
9220.0 0.528399323254694
9230.0 0.5283575696430804
9240.0 0.5283759903540867
9250.0 0.5284079195864969
9260.0 0.5284730060987182
9270.0 0.5285933547439574
9280.0 0.528739492384605
9290.0 0.5288917702622548
9300.0 0.5290956261307213
9310.0 0.529389129459417
9320.0 0.5296998254517181
9330.0 0.5299552593110015
9340.0 0.5302377102130935
9350.0 0.5306331414760225
9360.0 0.5310801507297683
9370.0 0.5315247038887132
9380.0 0.5319876777586641
9390.0 0.5324899491454279
9400.0 0.5329443266835763
9410.0 0.5332930921452897
9420.0 0.5336602783180096
9430.0 0.5341576375151716
9440.0 0.5346365760013279
9450.0 0.5349534122306312
9460.0 0.5352788447917374
9470.0 0.5357602393726942
9480.0 0.5362637388068585
9490.0 0.5366370652165801
9500.0 0.5370116196737024
9510.0 0.5375151191078664
9520.0 0.5380149343998294
9530.0 0.538366155956344
9540.0 0.5386387824792328
9550.0 0.5389408821397315
9560.0 0.5392945597910466
9570.0 0.5396850788643741
9580.0 0.540037528468289
9590.0 0.5402966464697736
9600.0 0.5405471681394552
9610.0 0.5408676885109597
9620.0 0.5412004893564681
9630.0 0.5414657475949548
9640.0 0.541702760743232
9650.0 0.5419557385077144
9660.0 0.5421681907079836
9670.0 0.5422909954480237
9680.0 0.5424567818470778
9690.0 0.5427773022185822
9700.0 0.543095366495286
9710.0 0.5432537846099376
9720.0 0.5433974661557845
9730.0 0.543650443920267
9740.0 0.5439132460639527
9750.0 0.5440593837046004
9760.0 0.5442067493926485
9770.0 0.544478147868137
9780.0 0.5447262134430177
9790.0 0.5447986682396415
9800.0 0.5448539303726594
9810.0 0.5450418216249208
9820.0 0.5452358531141841
9830.0 0.5452972554842039
9840.0 0.54534637738022
9850.0 0.545514619874075
9860.0 0.5457430366905492
9870.0 0.5459370681798127
9880.0 0.5460095229764362
9890.0 0.5459346120850118
9900.0 0.5458977706629998
9910.0 0.5460696972990559
9920.0 0.5462760092623231
9930.0 0.5463300433479408
9940.0 0.546333727490142
9950.0 0.546413550571168
9960.0 0.546517934600202
9970.0 0.5465805650176224
9980.0 0.5466653002882501
9990.0 0.5468605598249137
10000.0 0.5470619595985795
10009.999999999998 0.5471823082438186
10020.0 0.5472252899028326
10029.999999999998 0.5472412545190379
10040.0 0.5472498508508407
10049.999999999998 0.5472977446994561
10060.0 0.5473800238752831
10069.999999999998 0.5474831798569166
10080.0 0.5475544066061401
10089.999999999998 0.5475617748905424
10100.0 0.54758510779115
10109.999999999998 0.5477091405785903
10120.0 0.5478589623614393
10129.999999999998 0.5479424695846665
10140.0 0.547955978106071
10149.999999999998 0.5479154525418578
10160.0 0.5479044001152542
10169.999999999998 0.547980539054079
10180.0 0.5480935194149158
10189.999999999998 0.5481745705433423
10200.0 0.5482163241549558
10209.999999999998 0.5482408851029638
10220.0 0.5482715862879739
10230.0 0.5483219362313904
10240.0 0.5483735142222071
10250.0 0.5483747422696076
10260.0 0.5483440410845974
10270.0 0.5482973752833824
10280.0 0.5483035155203841
10290.0 0.5484017593124162
10300.0 0.5484705299668388
10310.0 0.5484275483078247
10320.0 0.5483501813215995
10330.0 0.5483440410845973
10340.0 0.5483759703170077
10350.0 0.548379654459209
10360.0 0.5483575496060019
10370.0 0.5483219362313903
10380.0 0.5482642180035715
10390.0 0.548195447349149
10400.0 0.5480996596519178
10410.0 0.547992819528083
10420.0 0.5479449256794674
10430.0 0.5480001878124852
10440.0 0.547992819528083
10450.0 0.5478012441336204
10460.0 0.5475740553645465
10470.0 0.5474819518095164
10480.0 0.5475003725205223
10490.0 0.5475372139425343
10500.0 0.5474868639991181
10510.0 0.5472805520358507
10520.0 0.5470570474089779
10530.0 0.5469649438539477
10540.0 0.5469465231429419
10550.0 0.5469121378157306
10560.0 0.5468409110665073
10570.0 0.5467316148478716
10580.0 0.5465265309320048
10590.0 0.5462158349397035
10600.0 0.5459395242746133
10610.0 0.5458167195345733
10620.0 0.5457590013067546
10630.0 0.5456521611829197
10640.0 0.545453217504055
10650.0 0.5451707666019627
10660.0 0.544889543747271
10670.0 0.5446979683528086
10680.0 0.544537094143356
10690.0 0.5443246419430868
10700.0 0.5441183299798196
10710.0 0.5439648240547696
10720.0 0.5438309668881258
10730.0 0.543681145105277
10740.0 0.5435411477016314
10750.0 0.5434379917199976
10760.0 0.5433004504111527
10770.0 0.5430671214050767
10780.0 0.5427809863607833
10790.0 0.5425194122644982
10800.0 0.5423450295336413
10810.0 0.5422873113058224
10820.0 0.5421866114189897
10830.0 0.5419274934175052
10840.0 0.541672059558222
10850.0 0.5415725877187895
10860.0 0.5414890804955622
10870.0 0.5412741722004921
10880.0 0.5410113700568066
10890.0 0.5408234788045454
10900.0 0.5406810253060987
10910.0 0.54053120352325
10920.0 0.5403519086027915
10930.0 0.5401455966395242
10940.0 0.5399589334346634
10950.0 0.5398091116518144
10960.0 0.5396543776793639
10970.0 0.5394615742375011
10980.0 0.5394726266641047
10990.0 0.5398496372160277
11000.0 0.5402155953413472
11010.0 0.5401873502511377
11020.0 0.5399834943826712
11030.0 0.5398864786380396
11040.000000000002 0.539875426211436
11050.0 0.5398606896426312
11060.000000000002 0.5398631457374322
11070.0 0.5398852505906394
11080.000000000002 0.539838584789424
11090.0 0.5396777105799716
11100.000000000002 0.5395499936503301
11110.0 0.5395954314041448
11120.000000000002 0.539685078864374
11130.0 0.53967279839037
11140.000000000002 0.5396654301059676
11150.0 0.5397722702298027
11160.000000000002 0.539822620173219
11170.0 0.5396764825325712
11180.000000000002 0.5395450814607283
11190.0 0.5396224484469536
11200.000000000002 0.5397415690447924
11210.0 0.5397170080967845
11220.000000000002 0.5396691142481688
11230.0 0.539740340997392
11240.000000000002 0.5397698141350017
11250.0 0.5396150801625512
11259.999999999998 0.5394333291472919
11270.0 0.5393768389668736
11279.999999999998 0.5394001718674812
11290.0 0.5394222767206884
11299.999999999998 0.5394529779056983
11310.0 0.5395192924653199
11319.999999999998 0.5395610460769337
11330.0 0.5395450814607284
11339.999999999998 0.5395106961335172
11350.0 0.539494731517312
11359.999999999998 0.5394812229959075
11370.0 0.5394247328154891
11379.999999999998 0.539394031630479
11390.0 0.5394492937634972
11399.999999999998 0.5395524497451307
11410.0 0.5396384130631587
11419.999999999998 0.5396506935371629
11430.0 0.5395708704561368
11439.999999999998 0.5394996437069136
11450.0 0.5395291168445231
11459.999999999998 0.5395905192145433
11470.0 0.5395942033567445
11480.0 0.5395610460769337
11490.0 0.5395057839439156
11500.0 0.5394677144745031
11510.0 0.5394591181427003
11520.0 0.5394235047680888
11530.0 0.5393375414500607
11540.0 0.539289647601445
11550.0 0.539353506066266
11560.0 0.5393915755356784
11570.0 0.5392687707956383
11580.0 0.5391300014393932
11590.0 0.5391128087757875
11600.0 0.5391631587192038
11610.0 0.5391668428614051
11620.0 0.5391078965861859
11630.0 0.5389740394195423
11640.0 0.5388524627269027
11650.0 0.5388070249730877
11660.0 0.538786148167281
11670.0 0.5387321140816632
11680.0 0.5387100092284561
11690.0 0.5387652713614741
11700.0 0.5387726396458766
11710.0 0.53859948496242
11720.0 0.5383833486199496
11730.0 0.5382666841169115
11740.0 0.5382151061260949
11750.0 0.538163528135278
11760.0 0.5380947574808554
11770.0 0.5380210746368315
11780.0 0.5380038819732258
11790.0 0.538075108722449
11800.0 0.5381254586658655
11810.0 0.5380530038692419
11820.0 0.5379424796032058
11830.0 0.5379056381811939
11840.0 0.5378700248065822
11850.0 0.5377582724931458
11860.0 0.5376010824258945
11870.0 0.5374500325956454
11880.0 0.5373603851354161
11890.0 0.5373652973250175
11900.0 0.5373382802822088
11910.0 0.5371761780253559
11920.0 0.5370153038159036
11930.0 0.5369907428678956
11940.0 0.5369674099672879
11950.0 0.5368028516156342
11960.0 0.5366468895957834
11970.0 0.536624784742576
11980.0 0.5366247847425761
11990.0 0.536501980002536
12000.0 0.5363619825988905
12010.0 0.536293211944468
12020.0 0.5362612827120578
12030.0 0.53620724862644
12040.0 0.5361654950148265
12050.0 0.5361790035362308
12060.0 0.5361544425882229
12070.0 0.5360169012793778
12080.0 0.5358155015057124
12090.0 0.5356374346326542
12100.0 0.5355367347458215
12110.0 0.5355355066984211
12120.0 0.5355060335608113
12130.0 0.5353316508299546
12140.0 0.5351437595776932
12150.0 0.5350823572076733
12160.0 0.5351142864400836
12170.0 0.5351572680990976
12180.0 0.5351118303452828
12190.0 0.5349386756618264
12200.0 0.5347863977841768
12210.0 0.5347863977841768
12220.0 0.5348158709217864
12230.0 0.5347323636985589
12240.0 0.5346292077169256
12250.0 0.5346156991955211
12260.0 0.5346058748163178
12270.0 0.5345076310242859
12280.0 0.5343958787108494
12290.000000000002 0.5343590372888373
12300.0 0.5343209678194251
12310.000000000002 0.5341907947949825
12320.0 0.5340286925381297
12330.000000000002 0.5339095719402908
12340.0 0.5338236086222629
12350.000000000002 0.5337450135886372
12360.0 0.533643085654404
12370.000000000002 0.5335141406773619
12380.0 0.533438001738537
12390.000000000002 0.5334699309709475
12400.0 0.533452738307342
12410.000000000002 0.5332599348654791
12420.0 0.5330855521346223
12430.000000000002 0.5331174813670325
12440.0 0.5331580069312456
12450.000000000002 0.5329946766269925
12460.0 0.5327945049007272
12470.000000000002 0.5327404708151096
12480.0 0.5327576634787152
12490.000000000002 0.5327318744833069
12500.0 0.5326631038288844
12509.999999999998 0.5325538076102487
12520.0 0.5324395992020114
12529.999999999998 0.5323438115047803
12540.0 0.532297145703565
12549.999999999998 0.5322946896087644
12560.0 0.5322934615613639
12569.999999999998 0.5322246909069415
12580.0 0.5320699569344911
12589.999999999998 0.5318476803550184
12600.0 0.5316917183351676
12609.999999999998 0.5317150512357753
12620.0 0.5317776816531956
12629.999999999998 0.531732243899381
12640.0 0.5316536488657553
12649.999999999998 0.5316217196333448
12660.0 0.5315603172633249
12669.999999999998 0.5313933028168704
12680.0 0.5312275164178163
12689.999999999998 0.5311808506166009
12700.0 0.5311783945218003
12709.999999999998 0.5311501494315911
12720.0 0.5311329567679854
12730.0 0.5311648860003958
12740.0 0.5311219043413818
12750.0 0.530919276520316
12760.0 0.5307461218368593
12770.0 0.5307878754484728
12780.0 0.5309155923781146
12790.0 0.5309585740371285
12800.0 0.5308824350983039
12810.0 0.5306982279882437
12820.0 0.5305348976839904
12830.0 0.5305127928307832
12840.0 0.5305815634852057
12850.0 0.5306478780448274
12860.0 0.5306613865662316
12870.0 0.5305901598170085
12880.0 0.5305140208781836
12890.0 0.5305127928307831
12900.0 0.5305422659683928
12910.0 0.5305570025371976
12920.0 0.5305324415891897
12930.0 0.5304833196931736
12940.0 0.5304587587451657
12950.0 0.5305029684515801
12960.0 0.5305336696365902
12970.0 0.5304759514087712
12980.0 0.5304378819393589
12990.0 0.5305238452573868
13000.0 0.5306294573338213
13010.0 0.5306282292864208
13020.0 0.5305668269164009
13030.0 0.5305226172099864
13040.0 0.5305213891625862
13050.0 0.5305803354378053
13060.0 0.5306822633720386
13070.0 0.5308038400646782
13080.0 0.5308836631457041
13090.0 0.5309155923781146
13100.0 0.5310175203123478
13110.0 0.531281550503434
13120.0 0.5314903185615019
13130.0 0.5314436527602868
13140.0 0.5313233041150476
13150.0 0.5313392687312528
13160.0 0.5314608454238923
13170.0 0.5315983867327372
13180.0 0.5316892622403667
13190.0 0.5317113670935741
13200.0 0.5317359280415821
13210.0 0.5318206633122097
