mejiro/data/avg_filter_responses/Roman-Grism_0thOrder.ecsv
# %ECSV 1.0
# ---
# datatype:
# - {name: wavelength, unit: Angstrom, datatype: float64}
# - {name: response, datatype: float64}
# meta:
#   __serialized_columns__:
#     wavelength:
#       __class__: astropy.units.quantity.Quantity
#       unit: !astropy.units.Unit {unit: Angstrom}
#       value: !astropy.table.SerializedColumn {name: wavelength}
#   band_name: Grism_0thOrder
#   group_name: Roman
# schema: astropy-2.0
wavelength response
9880.0 0.0
9890.0 1.228047400400427e-06
9900.0 4.912189601601708e-06
9910.0 1.4736568804805122e-05
9920.0 3.070118501000299e-05
9930.0 6.263041742039999e-05
9940.0 0.0001142084082372
9950.0 0.0001817510152592
9960.0 0.00027631066509
9970.0 0.0003905190733272
9980.0 0.0005292884295725
9990.0 0.0006619175488157
10000.0 0.0007626174356486
10009.999999999998 0.0008215637108678
10020.0 0.0008473527062762
10029.999999999998 0.0008510368484774
10040.0 0.000849808801077
10049.999999999998 0.0008424405166746
10060.0 0.0008399844218738
10069.999999999998 0.0008338441848718
10080.0 0.0008301600426706
10089.999999999998 0.0008227917582682
10100.0 0.0008178795686666
10109.999999999998 0.0008117393316646
10120.0 0.0008080551894634
10129.999999999998 0.0008019149524614
10140.0 0.0007970027628597
10149.999999999998 0.0007933186206585
10160.0 0.0007871783836566
10169.999999999998 0.0007798100992541
10180.0 0.0007773540044534
10189.999999999998 0.0007712137674514
10200.0 0.0007650735304494
10209.999999999998 0.0007589332934474
10220.0 0.0007552491512462
10230.0 0.0007491089142442
10240.0 0.0007405125824413
10250.0 0.0007368284402401
10260.0 0.0007331442980389
10270.0 0.0007270040610369
10280.0 0.0007184077292341
10290.0 0.000714723587033
10300.0 0.0007098113974313
10310.0 0.0007048992078298
10320.0 0.0006963028760269
10330.0 0.0006913906864253
10340.0 0.0006877065442241
10350.0 0.0006791102124213
10360.0 0.0006729699754193
10370.0 0.0006680577858177
10380.0 0.000665601691017
10390.0 0.0006545492644134
10400.0 0.0006508651222121
10410.0 0.0006447248852101
10420.0 0.0006422687904093
10430.0 0.0006324444112062
10440.0 0.0006263041742042
10450.0 0.000622620032003
10460.0 0.0006164797950009
10470.0 0.0006078834631981
10480.0 0.0006041993209969
10490.0 0.0006005151787957
10500.0 0.0005931468943933
10510.0 0.0005857786099909
10520.0 0.0005808664203893
10530.0 0.0005759542307877
10540.0 0.0005685859463853
10550.0 0.0005624457093833
10560.0 0.0005587615671821
10570.0 0.0005526213301801
10580.0 0.0005452530457777
10590.0 0.0005391128087757
10600.0 0.0005366567139748
10610.0 0.000528060382172
10620.0 0.00052192014517
10630.0 0.0005170079555685
10640.0 0.0005145518607677
10650.0 0.0005022713867637
10660.0 0.0004998152919629
10670.0 0.0004949031023613
10680.0 0.0004924470075605
10690.0 0.0004801665335564
10700.0 0.0004777104387557
10710.0 0.0004727982491541
10720.0 0.0004678860595525
10730.0 0.0004580616803493
10740.0 0.0004556055855485
10750.0 0.0004519214433473
10760.0 0.0004494653485465
10770.0 0.0004371848745424
10780.0 0.0004335007323413
10790.0 0.0004298165901401
10800.0 0.0004261324479388
10810.0 0.0004163080687356
10820.0 0.0004126239265344
10830.0 0.0004101678317336
10840.0 0.0004040275947316
10850.0 0.0003942032155285
10860.0 0.0003905190733272
10870.0 0.0003892910259269
10880.0 0.0003843788363253
10890.0 0.0003757825045224
10900.0 0.0003696422675204
10910.0 0.0003671861727197
10920.0 0.0003647300779188
10930.0 0.0003549056987156
10940.0 0.0003487654617136
10950.0 0.0003463093669128
10960.0 0.000343853272112
10970.0 0.0003401691299108
10980.0 0.000331572798108
10990.0 0.0003266606085064
11000.0 0.0003242045137056
11010.0 0.0003205203715044
11020.0 0.0003180642767036
11030.0 0.0003082398975004
11040.000000000002 0.0003045557552992
11050.0 0.0003020996604984
11060.000000000002 0.0002984155182972
11070.0 0.0002959594234964
11080.000000000002 0.0002861350442932
11090.0 0.0002849069968928
11100.000000000002 0.0002799948072912
11110.0 0.0002750826176896
11120.000000000002 0.0002738545702891
11130.0 0.0002677143332871
11140.000000000002 0.0002640301910859
11150.0 0.0002591180014844
11160.000000000002 0.0002554338592831
11170.0 0.0002517497170819
11180.000000000002 0.0002456094800799
11190.0 0.0002431533852791
11200.000000000002 0.0002419253378787
11210.0 0.0002345570534763
11220.000000000002 0.0002321009586755
11230.0 0.0002296448638747
11240.000000000002 0.0002235046268727
11250.0 0.0002222765794723
11259.999999999998 0.0002198204846715
11270.0 0.0002112241528687
11279.999999999998 0.0002087680580679
11290.0 0.0002075400106675
11299.999999999998 0.0002013997736655
11310.0 0.0002013997736655
11319.999999999998 0.0001964875840639
11330.0 0.0001928034418627
11339.999999999998 0.0001878912522611
11350.0 0.0001854351574603
11359.999999999998 0.0001792949204583
11370.0 0.0001792949204583
11379.999999999998 0.0001792949204583
11390.0 0.0001731546834563
11399.999999999998 0.0001682424938547
11410.0 0.0001657863990539
11419.999999999998 0.0001633303042531
11430.0 0.0001571900672511
11439.999999999998 0.0001571900672511
11450.0 0.0001559620198507
11459.999999999998 0.0001547339724503
11470.0 0.0001510498302491
11480.0 0.0001449095932471
11490.0 0.0001424534984463
11500.0 0.0001350852140439
11510.0 0.0001350852140439
11520.0 0.0001350852140439
11530.0 0.0001326291192431
11540.0 0.0001326291192431
11550.0 0.0001289449770419
11560.0 0.0001240327874403
11570.0 0.0001215766926395
11580.0 0.0001142084082371
11590.0 0.0001129803608367
11600.0 0.0001129803608367
11610.0 0.0001105242660359
11620.0 0.0001105242660359
11630.0 0.0001105242660359
11640.0 0.0001080681712352
11650.0 0.0001056120764344
11660.0 9.947183943241537e-05
11670.0 9.701574463161878e-05
11680.0 9.087550762962733e-05
11690.0 9.087550762962733e-05
11700.0 8.841941282883074e-05
11710.0 8.841941282883074e-05
11720.0 8.841941282883074e-05
11730.0 8.841941282883074e-05
11740.0 8.841941282883074e-05
11750.0 8.596331802802989e-05
11760.0 8.227917582682859e-05
11770.0 7.73669862252269e-05
11780.0 6.999870182282433e-05
11790.0 6.877065442242389e-05
11800.0 6.754260702202348e-05
11810.0 6.631455962162304e-05
11820.0 6.631455962162304e-05
11830.0 6.631455962162304e-05
11840.0 6.631455962162304e-05
11850.0 6.631455962162304e-05
11860.0 6.631455962162304e-05
11870.0 6.631455962162304e-05
11880.0 6.631455962162304e-05
11890.0 6.263041742042177e-05
11900.0 5.6490180418419634e-05
11910.0 5.157799081681793e-05
11920.0 4.6665801215216224e-05
11930.0 4.54377538148158e-05
11940.0 4.420970641441537e-05
11950.0 4.420970641441537e-05
11960.0 4.420970641441537e-05
11970.0 4.420970641441537e-05
11980.0 4.420970641441537e-05
11990.0 4.420970641441537e-05
12000.0 4.420970641441537e-05
12010.0 4.420970641441537e-05
12020.0 4.420970641441537e-05
12030.0 4.420970641441537e-05
12040.0 4.420970641441537e-05
12050.0 4.420970641441537e-05
12060.0 4.420970641441537e-05
12070.0 4.052556421321409e-05
12080.0 3.3157279810811526e-05
12090.0 2.456094800800854e-05
12100.0 2.456094800800854e-05
12110.0 2.2104853207207685e-05
12120.0 2.2104853207207685e-05
12130.0 2.2104853207207685e-05
12140.0 2.2104853207207685e-05
12150.0 2.2104853207207685e-05
12160.0 2.2104853207207685e-05
12170.0 2.2104853207207685e-05
12180.0 2.2104853207207685e-05
12190.0 2.2104853207207685e-05
12200.0 2.2104853207207685e-05
12210.0 2.2104853207207685e-05
12220.0 2.2104853207207685e-05
12230.0 2.2104853207207685e-05
12240.0 2.2104853207207685e-05
12250.0 2.2104853207207685e-05
12260.0 2.2104853207207685e-05
12270.0 2.2104853207207685e-05
12280.0 2.2104853207207685e-05
12290.000000000002 2.2104853207207685e-05
12300.0 2.2104853207207685e-05
12310.000000000002 2.2104853207207685e-05
12320.0 2.2104853207207685e-05
12330.000000000002 2.2104853207207685e-05
12340.0 2.2104853207207685e-05
12350.000000000002 2.2104853207207685e-05
12360.0 2.2104853207207685e-05
12370.000000000002 2.2104853207207685e-05
12380.0 1.3508521404404697e-05
12390.000000000002 4.912189601601708e-06
12400.0 2.456094800800854e-06
12410.000000000002 0.0
12420.0 0.0
12430.000000000002 0.0
12440.0 0.0
12450.000000000002 0.0
12460.0 0.0
12470.000000000002 0.0
12480.0 0.0
12490.000000000002 0.0
12500.0 0.0
12509.999999999998 0.0
12520.0 0.0
12529.999999999998 0.0
12540.0 0.0
12549.999999999998 0.0
12560.0 0.0
12569.999999999998 0.0
12580.0 0.0
12589.999999999998 0.0
12600.0 0.0
12609.999999999998 0.0
12620.0 0.0
12629.999999999998 0.0
12640.0 0.0
12649.999999999998 0.0
12660.0 0.0
12669.999999999998 0.0
12680.0 0.0
12689.999999999998 0.0
12700.0 0.0
12709.999999999998 0.0
12720.0 0.0
12730.0 0.0
12740.0 0.0
12750.0 0.0
12760.0 0.0
12770.0 0.0
12780.0 0.0
12790.0 0.0
12800.0 0.0
12810.0 0.0
12820.0 0.0
12830.0 0.0
12840.0 0.0
12850.0 0.0
12860.0 0.0
12870.0 0.0
12880.0 0.0
12890.0 0.0
12900.0 0.0
12910.0 0.0
12920.0 0.0
12930.0 0.0
12940.0 0.0
12950.0 0.0
12960.0 0.0
12970.0 0.0
12980.0 0.0
12990.0 0.0
13000.0 0.0
13010.0 0.0
13020.0 0.0
13030.0 0.0
13040.0 0.0
13050.0 0.0
13060.0 0.0
13070.0 0.0
13080.0 0.0
13090.0 0.0
13100.0 0.0
13110.0 0.0
13120.0 0.0
13130.0 0.0
13140.0 0.0
13150.0 0.0
13160.0 0.0
13170.0 0.0
13180.0 0.0
13190.0 0.0
13200.0 0.0
13210.0 0.0
13220.0 0.0
13230.0 0.0
13240.0 0.0
13250.0 0.0
13260.0 0.0
13270.0 0.0
13280.0 0.0
13290.0 0.0
13300.0 0.0
13310.0 0.0
13320.0 0.0
13330.0 0.0
13340.0 0.0
13350.0 0.0
13360.0 0.0
13370.0 0.0
13380.0 0.0
13390.0 0.0
13400.0 0.0
13410.0 0.0
13420.0 0.0
13430.0 0.0
13440.0 0.0
13450.0 0.0
13460.0 0.0
13470.0 0.0
13480.0 0.0
13490.0 0.0
13500.0 0.0
13510.0 0.0
13520.0 0.0
13530.0 0.0
13540.000000000002 0.0
13550.0 0.0
13560.000000000002 0.0
13570.0 0.0
13580.000000000002 0.0
13590.0 0.0
13600.000000000002 0.0
13610.0 0.0
13620.000000000002 0.0
13630.0 0.0
13640.000000000002 0.0
13650.0 0.0
13660.000000000002 0.0
13670.0 0.0
13680.000000000002 0.0
13690.0 0.0
13700.000000000002 0.0
13710.0 0.0
13720.000000000002 0.0
13730.0 0.0
13740.000000000002 0.0
13750.0 0.0
13759.999999999998 0.0
13770.0 0.0
13779.999999999998 0.0
13790.0 0.0
13799.999999999998 0.0
13810.0 0.0
13819.999999999998 0.0
13830.0 0.0
13839.999999999998 0.0
13850.0 0.0
13859.999999999998 0.0
13870.0 0.0
13879.999999999998 0.0
13890.0 0.0
13899.999999999998 0.0
13910.0 0.0
13919.999999999998 0.0
13930.0 0.0
13939.999999999998 0.0
13950.0 0.0
13959.999999999998 0.0
13970.0 0.0
13980.0 0.0
13990.0 0.0
14000.0 0.0
14010.0 0.0
14020.0 0.0
14030.0 0.0
14040.0 0.0
14050.0 0.0
14060.0 0.0
14070.0 0.0
14080.0 0.0
14090.0 0.0
14100.0 0.0
14110.0 0.0
14120.0 0.0
14130.0 0.0
14140.0 0.0
14150.0 0.0
14160.0 0.0
14170.0 0.0
14180.0 0.0
14190.0 0.0
14200.0 0.0
14210.0 0.0
14220.0 0.0
14230.0 0.0
14240.0 1.228047400400427e-06
14250.0 6.140237002002135e-06
14260.0 1.228047400400427e-05
14270.0 2.2104853207207685e-05
14280.0 2.2104853207207685e-05
14290.0 2.2104853207207685e-05
14300.0 2.2104853207207685e-05
14310.0 2.2104853207207685e-05
14320.0 2.2104853207207685e-05
14330.0 2.2104853207207685e-05
14340.0 2.2104853207207685e-05
14350.0 2.2104853207207685e-05
14360.0 2.2104853207207685e-05
14370.0 2.2104853207207685e-05
14380.0 2.2104853207207685e-05
14390.0 2.2104853207207685e-05
14400.0 2.2104853207207685e-05
14410.0 2.2104853207207685e-05
14420.0 2.2104853207207685e-05
14430.0 2.2104853207207685e-05
14440.0 2.2104853207207685e-05
14450.0 2.2104853207207685e-05
14460.0 2.2104853207207685e-05
14470.0 2.2104853207207685e-05
14480.0 2.2104853207207685e-05
14490.0 2.2104853207207685e-05
14500.0 2.2104853207207685e-05
14510.0 2.2104853207207685e-05
14520.0 2.2104853207207685e-05
14530.0 2.2104853207207685e-05
14540.0 2.456094800800854e-05
14550.0 2.9473137609610244e-05
14560.0 3.438532721121195e-05
14570.0 4.175361161361452e-05
14580.0 4.420970641441537e-05
14590.0 4.420970641441537e-05
14600.0 4.420970641441537e-05
14610.0 4.420970641441537e-05
14620.0 4.420970641441537e-05
14630.0 4.420970641441537e-05
14640.0 4.420970641441537e-05
14650.0 4.420970641441537e-05
14660.0 4.420970641441537e-05
14670.0 4.420970641441537e-05
14680.0 4.420970641441537e-05
14690.0 4.420970641441537e-05
14700.0 4.420970641441537e-05
14710.0 4.6665801215216224e-05
14720.0 5.034994341641751e-05
14730.0 5.6490180418419634e-05
14740.0 6.263041742042177e-05
14750.0 6.631455962162304e-05
14760.0 6.631455962162304e-05
14770.0 6.631455962162304e-05
14780.0 6.631455962162304e-05
14790.000000000002 6.631455962162304e-05
14800.0 6.631455962162304e-05
14810.000000000002 6.631455962162304e-05
14820.0 6.631455962162304e-05
14830.000000000002 6.754260702202347e-05
14840.0 6.999870182282433e-05
14850.000000000002 7.613893882482645e-05
14860.0 7.859503362562731e-05
14870.000000000002 8.473527062762946e-05
14880.0 8.841941282883074e-05
14890.000000000002 8.841941282883074e-05
14900.0 8.841941282883074e-05
14910.000000000002 8.841941282883074e-05
14920.0 8.841941282883074e-05
14930.000000000002 8.964746022922904e-05
14940.0 9.087550762962733e-05
14950.000000000002 9.701574463161878e-05
14960.0 0.0001006998868328
14970.000000000002 0.0001068401238348
14980.0 0.0001105242660359
14990.000000000002 0.0001105242660359
15000.0 0.0001105242660359
15009.999999999998 0.0001105242660359
15020.0 0.0001129803608367
15029.999999999998 0.0001166645030379
15040.0 0.0001203486452391
15049.999999999998 0.0001228047400399
15060.0 0.0001289449770419
15069.999999999998 0.0001326291192431
15080.0 0.0001326291192431
15089.999999999998 0.0001338571666435
15100.0 0.0001350852140439
15109.999999999998 0.0001412254510459
15120.0 0.0001436815458467
15129.999999999998 0.0001485937354483
15140.0 0.0001522778776495
15149.999999999998 0.0001547339724503
15160.0 0.0001559620198507
15169.999999999998 0.0001596461620519
15180.0 0.0001645583516535
15189.999999999998 0.0001670144464543
15200.0 0.0001706985886555
15209.999999999998 0.0001768388256575
15220.0 0.0001780668730579
15230.0 0.0001805229678587
15240.0 0.0001854351574603
15250.0 0.0001891192996615
15260.0 0.0001928034418627
15270.0 0.0001964875840639
15280.0 0.0002013997736655
15290.0 0.0002050839158667
15300.0 0.0002087680580679
15310.0 0.0002112241528687
15320.0 0.0002161363424703
15330.0 0.0002235046268727
15340.0 0.0002271887690739
15350.0 0.0002308729112751
15360.0 0.0002333290060759
15370.0 0.0002370131482771
15380.0 0.0002431533852791
15390.0 0.0002492936222811
15400.0 0.0002529777644823
15410.0 0.0002554338592831
15420.0 0.0002603460488847
15430.0 0.0002652582384863
15440.0 0.0002726265228887
15450.0 0.0002763106650899
15460.0 0.0002787667598908
15470.0 0.0002861350442932
15480.0 0.0002935033286956
15490.0 0.0002971874708968
15500.0 0.000300871613098
15510.0 0.0003057838026996
15520.0 0.000313152087102
15530.0 0.000319292324104
15540.0 0.0003229764663053
15550.0 0.0003266606085064
15560.0 0.0003340288929088
15570.0 0.0003413971773112
15580.0 0.0003450813195124
15590.0 0.0003487654617136
15600.0 0.0003573617935164
15610.0 0.0003647300779188
15620.0 0.00036841422012
15630.0 0.0003757825045224
15640.0 0.0003819227415245
15650.0 0.0003880629785264
15660.0 0.0003917471207276
15670.0 0.0004015714999309
15680.0 0.0004077117369328
15690.0 0.0004126239265344
15700.0 0.0004199922109369
15710.0 0.0004285885427397
15720.0 0.0004347287797417
15730.0 0.0004408690167436
15740.0 0.0004494653485465
15750.0 0.0004556055855485
15760.0 0.0004617458225505
15770.0 0.0004703421543532
15780.0 0.0004752543439549
15790.0 0.0004826226283573
15800.0 0.0004912189601601
15810.0 0.0004973591971621
15820.0 0.0005047274815645
15830.0 0.0005145518607677
15840.0 0.0005194640503693
15850.0 0.0005292884295725
15860.0 0.0005366567139749
15870.0 0.0005440249983773
15880.0 0.0005526213301801
15890.0 0.0005612176619829
15900.0 0.0005685859463853
15910.0 0.0005771822781881
15920.0 0.0005845505625905
15930.0 0.0005956029891941
15940.0 0.0006041993209969
15950.0 0.0006140237002001
15960.0 0.0006201639372021
15970.0 0.0006299883164054
15980.0 0.0006373566008077
15990.0 0.0006471809800109
16000.0 0.0006582334066146
16010.0 0.0006643736436165
16020.0 0.000677882165021
16030.0 0.0006827943546225
16040.000000000002 0.0006938467812261
16050.0 0.0007036711604293
16060.000000000002 0.0007122674922321
16070.0 0.0007233199188357
16080.000000000002 0.0007319162506385
16090.0 0.0007429686772422
16100.000000000002 0.0007503369616446
16110.0 0.0007650735304494
16120.000000000002 0.0007724418148518
16130.0 0.0007859503362562
16140.000000000002 0.0007933186206586
16150.0 0.000806827142063
16160.000000000002 0.0008154234738658
16170.0 0.0008277039478698
16180.000000000002 0.000837528327073
16190.0 0.000849808801077
