mejiro/data/avg_filter_responses/Roman-Grism_0thOrder.ecsv
# %ECSV 1.0
# ---
# datatype:
# - {name: wavelength, unit: Angstrom, datatype: float64}
# - {name: response, datatype: float64}
# meta:
#   __serialized_columns__:
#     wavelength:
#       __class__: astropy.units.quantity.Quantity
#       unit: !astropy.units.Unit {unit: Angstrom}
#       value: !astropy.table.SerializedColumn {name: wavelength}
#   band_name: Grism_0thOrder
#   group_name: Roman
# schema: astropy-2.0
wavelength response
[from data line 633]
16210.0 0.0008719136542842
16220.000000000002 0.0008829660808878
16230.0 0.000892790460091
16240.000000000002 0.000905070934095
16250.0 0.0009148953132982
16259.999999999998 0.000929631882103
16270.0 0.0009394562613062
16279.999999999998 0.0009541928301111
16290.0 0.0009627891619138
16299.999999999998 0.0009762976833183
16310.0 0.0009885781573223
16319.999999999998 0.0009996305839258
16330.0 0.0010143671527307
16339.999999999998 0.0010266476267347
16350.0 0.0010401561481391
16359.999999999998 0.0010512085747427
16370.0 0.0010634890487467
16379.999999999998 0.0010757695227507
16390.0 0.0010929621863563
16400.0 0.0011064707077607
16410.0 0.0011175231343643
16420.0 0.0011298036083683
16430.0 0.0011433121297727
16440.0 0.0011592767459779
16450.0 0.0011740133147827
16460.0 0.0011862937887867
16470.0 0.0011985742627907
16480.0 0.0012145388789959
16490.0 0.0012292754478008
16500.0 0.0012427839692052
16510.0 0.0012587485854104
16520.0 0.0012710290594144
16530.0 0.0012857656282191
16540.0 0.001300502197024
16550.0 0.0013140107184284
16560.0 0.0013287472872331
16570.0 0.0013471679982391
16580.0 0.001361904567044
16590.0 0.001374185041048
16600.0 0.0013913777046536
16610.0 0.0014085703682592
16620.0 0.0014245349844644
16630.0 0.0014392715532692
16640.0 0.0014552361694744
16650.0 0.0014699727382792
16660.0 0.0014883934492852
16670.0 0.0015043580654904
16680.0 0.0015203226816956
16690.0 0.0015350592505005
16700.0 0.0015510238667056
16710.0 0.0015706726251121
16720.0 0.0015854091939169
16730.0 0.0016026018575225
16740.0 0.0016197945211281
16750.0 0.0016382152321341
16760.0 0.0016554078957397
16770.0 0.0016713725119449
16780.0 0.0016873371281501
16790.0 0.0017094419813573
16800.0 0.0017278626923633
16810.0 0.0017450553559689
16820.0 0.0017610199721741
16830.0 0.0017782126357797
16840.0 0.0017978613941861
16850.0 0.0018187381999929
16860.0 0.0018371589109989
16870.0 0.0018506674324034
16880.0 0.0018715442382101
16890.0 0.0018899649492162
16900.0 0.0019096137076226
16910.0 0.0019304905134294
16920.0 0.0019513673192362
16930.0 0.0019710160776426
16940.0 0.0019918928834494
16950.0 0.0020078574996546
16960.0 0.0020287343054614
16970.0 0.0020496111112682
16980.0 0.0020692598696746
16990.0 0.0020901366754814
17000.0 0.0021097854338878
17010.0 0.002131890287095
17020.0 0.0021539951403023
17030.0 0.0021748719461091
17040.0 0.0021957487519159
17050.0 0.0022178536051231
17060.0 0.0022387304109299
17070.0 0.0022608352641371
17080.0 0.0022804840225435
17090.0 0.0023025888757507
17100.0 0.0023234656815575
17110.0 0.0023443424873643
17120.0 0.0023676753879719
17130.0 0.0023897802411791
17140.0 0.0024143411891871
17150.0 0.0024352179949939
17160.0 0.002459778943002
17170.0 0.00248433989101
17180.0 0.002508900839018
17190.0 0.0025322337396256
17200.0 0.0025543385928328
17210.0 0.00257644344604
17220.0 0.0025997763466476
17230.0 0.0026231092472552
17240.0 0.0026476701952632
17250.0 0.0026722311432712
17260.0 0.0026955640438788
17270.0 0.0027201249918868
17280.0 0.0027434578924945
17290.0 0.0027680188405025
17300.0 0.0027962639307117
17310.0 0.0028220529261201
17320.0 0.0028453858267277
17330.0 0.0028699467747357
17340.0 0.0028957357701441
17350.0 0.0029239808603533
17360.0 0.0029485418083613
17370.0 0.0029743308037697
17380.0 0.0029976637043773
17390.0 0.0030246807471861
17400.0 0.0030480136477938
17410.0 0.0030787148328038
17420.0 0.0031045038282122
17430.0 0.003131520871021
17440.0 0.0031573098664294
17450.0 0.003186783004039
17460.0 0.0032125719994474
17470.0 0.0032383609948558
17480.0 0.0032653780376646
17490.0 0.0032960792226746
17500.0 0.0033206401706826
17510.0 0.0033452011186907
17520.0 0.0033759023037007
17530.0 0.0034066034887107
17540.0 0.0034323924841191
17550.0 0.0034618656217287
17560.0 0.0034901107119379
17570.0 0.0035171277547467
17580.0 0.0035466008923563
17590.0 0.0035773020773663
17600.0 0.0036030910727748
17610.0 0.0036350203051852
17620.0 0.0036657214901952
17630.0 0.0036915104856036
17640.0 0.0037197555758128
17650.0 0.0037529128556236
17660.0 0.0037811579458328
17670.0 0.0038130871782432
17680.0 0.003840104221052
17690.0 0.0038695773586616
17700.0 0.0039002785436717
17710.0 0.0039297516812813
17720.0 0.0039641370084925
17730.0 0.0039886979565005
17740.0 0.0040243113311121
17750.0 0.0040525564213213
17760.0 0.0040893978433333
17770.0 0.0041176429335425
17780.0 0.0041495721659529
17790.0 0.0041827294457638
17800.0 0.0042134306307738
17810.0 0.0042465879105846
17820.0 0.004278517142995
17830.0 0.0043067622332042
17840.0 0.0043411475604154
17850.0 0.0043718487454254
17860.0 0.0044037779778358
17870.0 0.0044406193998478
17880.0 0.0044700925374575
17890.0 0.0045081620068699
17900.0 0.0045364070970791
17910.0 0.0045757046138919
17920.0 0.0046027216567007
17930.0 0.0046395630787127
17940.0 0.0046702642637227
17950.0 0.0047095617805355
17960.0 0.0047439471077467
17970.0 0.0047758763401572
17980.0 0.0048127177621692
17990.0 0.0048446469945796
18000.0 0.004882716463992
18010.0 0.0049183298386036
18020.0 0.0049539432132152
18030.0 0.0049883285404264
18040.0 0.0050251699624384
18050.0 0.0050632394318509
18060.0 0.0050951686642613
18070.0 0.0051332381336737
18080.0 0.0051713076030861
18090.0 0.0052069209776977
18100.0 0.0052462184945105
18110.0 0.0052830599165225
18120.0 0.0053186732911341
18130.0 0.0053567427605466
18140.0 0.0053997244195606
18150.0 0.0054365658415726
18160.0 0.0054709511687838
18170.0 0.005511476732997
18180.0 0.005548318155009
18190.0 0.005585159577021
18200.0 0.0056232290464335
18210.0 0.0056576143736447
18220.0 0.0057005960326587
18230.0 0.0057423496442723
18240.0 0.0057804191136847
18250.0 0.0058209446778979
18260.0 0.0058639263369119
18270.0 0.0059081360433264
18280.0 0.0059511177023404
18290.0 0.005986731076952
18300.0 0.0060272566411652
18310.0 0.0060677822053784
18320.0 0.0061119919117928
18330.0 0.0061476052864044
18340.0 0.0061881308506177
18350.0 0.0062311125096317
18360.0 0.0062753222160461
18370.0 0.0063170758276597
18380.0 0.0063588294392733
18390.0 0.0064030391456877
18400.0 0.0064472488521021
18410.0 0.0064890024637158
18420.0 0.0065307560753294
18430.0 0.0065700535921422
18440.0 0.0066130352511562
18450.0 0.0066547888627698
18460.0 0.0066977705217838
18470.0 0.0067419802281982
18480.0 0.0067861899346127
18490.0 0.0068303996410271
18500.0 0.0068746093474415
18510.0 0.0069175910064555
18520.0 0.0069581165706687
18530.0 0.0070023262770831
18540.0 0.007047764030898
18550.0 0.0070882895951112
18560.0 0.007133727348926
18570.0 0.0071791651027408
18580.0 0.0072246028565556
18590.0 0.00726881256297
18600.0 0.0073154783641852
18610.0 0.0073609161180001
18620.0 0.0074100380140161
18630.0 0.0074554757678309
18640.0 0.0074960013320441
18650.0 0.0075389829910581
18660.0 0.0075782805078709
18670.0 0.0076224902142854
18680.0 0.007670384062901
18690.0 0.0077158218167158
18700.0 0.0077588034757298
18710.0 0.0078030131821442
18720.0 0.007848450935959
18730.0 0.0079061691637779
18740.0 0.0079540630123935
18750.0 0.0079995007662083
18760.0 0.0080449385200231
18770.0 0.0080891482264375
18780.0 0.0081394981698539
18790.0 0.0081849359236687
18800.0 0.0082303736774836
18810.0 0.008274583383898
18820.0 0.0083212491851132
18830.0 0.008366686938928
18840.0 0.008409668597942
18850.0 0.008452650256956
18860.0 0.0084919477737689
18870.0 0.0085275611483805
18880.0 0.0085656306177929
18890.0 0.0085975598502033
18900.0 0.0086245768930121
18910.0 0.0086503658884205
18920.0 0.0086626463624245
18930.0 0.0086638744098249
18940.0 0.0086552780780221
18950.0 0.0086393134618169
18960.0 0.0086098403242073
18970.0 0.0085631745229921
18980.0 0.0085030002003725
18990.0 0.008428089308948
19000.0 0.008335985753918
19010.0 0.0082156371086787
19020.0 0.0080682714206307
19030.0 0.007903713068977
19040.0 0.007713365721915
19050.0 0.0074960013320441
19060.0 0.007250391851964
19070.0 0.0069802214238759
19080.0 0.0066854900477798
19090.0 0.0063723379606777
19100.0 0.0060395371151692
19110.0 0.0056969118904575
19120.0 0.0053358659547398
19130.0 0.00496867978202
19140.0 0.0045928972774975
19150.0 0.0042183428203754
19160.0 0.0038474725054544
19170.0 0.0034778302379339
19180.0 0.0031229245392182
19190.0 0.0027839834567077
19200.0 0.0024560948008008
19210.0 0.0021576792825034
19220.0 0.0018752283804113
19230.0 0.0016185664737277
19240.0 0.0013827813728508
19250.0 0.0011715572199819
19260.0 0.0009836659677206
19270.0 0.0008178795686666
19280.0 0.0006741980228197
19290.0 0.0005489371879789
19300.0 0.0004445531589449
19310.0 0.000356133746116
19320.0 0.0002836789494924
19330.0 0.000221048532072
19340.0 0.000171926636056
19350.0 0.0001363132614444
19360.0 9.947183943240722e-05
19370.0 7.613893882481022e-05
19380.0 5.771822781880725e-05
19390.0 4.0525564213204697e-05
19400.0 2.9473137609610244e-05
19410.0 2.2104853207207685e-05
19420.0 1.3508521404404697e-05
19430.0 8.596331802802988e-06
19440.0 4.912189601601708e-06
19450.0 4.912189601601708e-06
19460.0 2.456094800800854e-06
19470.0 0.0
