mejiro/data/jwst_filter_response/NIRCam-F200W.ecsv
# %ECSV 1.0
# ---
# datatype:
# - {name: wavelength, unit: Angstrom, datatype: float64}
# - {name: response, datatype: float64}
# meta:
#   __serialized_columns__:
#     wavelength:
#       __class__: astropy.units.quantity.Quantity
#       unit: !astropy.units.Unit {unit: Angstrom}
#       value: !astropy.table.SerializedColumn {name: wavelength}
#   band_name: F200W
#   group_name: NIRCam
# schema: astropy-2.0
wavelength response
[from data line 423]
21093.999023437504 0.5164281298227819
21103.9990234375 0.5170187244556893
21113.9990234375 0.5162936926910868
21123.9990234375 0.5163242644431728
21133.999023437504 0.5157223880230433
21143.9990234375 0.5161029182439747
21153.9990234375 0.5153031018062131
21163.9990234375 0.5150638043439406
21173.999023437504 0.5148695338616799
21183.9990234375 0.5148764031700652
21193.9990234375 0.5143719532177063
21203.9990234375 0.5137593340841752
21213.999023437504 0.5132650232253321
21223.9990234375 0.5126042024690112
21233.9990234375 0.512467941374718
21243.9990234375 0.5115987142139171
21253.999023437504 0.5111737638556201
21263.9990234375 0.5105531333473399
21273.9990234375 0.5106527373421628
21283.9990234375 0.5095741144377524
21293.999023437504 0.5102218475875198
21303.9990234375 0.5090819806130406
21313.9990234375 0.5085571099579129
21323.9990234375 0.5090356833831489
21333.999023437504 0.5086140202229692
21343.9990234375 0.5088932001711208
21353.9990234375 0.5081234112408887
21363.9990234375 0.5083955767218508
21373.999023437504 0.5081062556770374
21383.9990234375 0.508017018067739
21393.9990234375 0.5083334249748426
21403.9990234375 0.5087646574682585
21413.999023437504 0.5085441454106212
21423.9990234375 0.5099820746068235
21433.9990234375 0.5097881504289565
21443.9990234375 0.5105224773837906
21453.999023437504 0.5112374974691424
21463.9990234375 0.5113048143097834
21473.9990234375 0.5115575715388018
21483.9990234375 0.5119149988070012
21493.999023437496 0.5113328856129477
21503.9990234375 0.5123339590191717
21513.9990234375 0.5117137538551095
21523.9990234375 0.512116521605487
21533.999023437496 0.5112416512681993
21543.9990234375 0.5116412616807858
21553.9990234375 0.5108730630180063
21563.9990234375 0.5108047417799696
21573.999023437496 0.5102733503806814
21583.9990234375 0.5101413731531147
21593.9990234375 0.5100446944998319
21603.9990234375 0.5087010995462118
21613.999023437496 0.5081487827791149
21623.9990234375 0.5064189160821848
21633.9990234375 0.505554020832991
21643.9990234375 0.5045361109100045
21653.999023437496 0.5035893753482855
21663.9990234375 0.5028752640761982
21673.9990234375 0.5013426244407967
21683.9990234375 0.5010889661610693
21693.999023437496 0.4992736885977149
21703.9990234375 0.4983685288206436
21713.9990234375 0.49668056497951313
21723.9990234375 0.4967304171437858
21733.999023437496 0.4955725763135818
21743.9990234375 0.49496564802622955
21753.9990234375 0.49449377264394156
21763.9990234375 0.4940988767465602
21773.999023437496 0.4936408547424766
21783.9990234375 0.49263267910365127
21793.9990234375 0.49248981904687805
21803.9990234375 0.49253759252902735
21813.999023437496 0.491948152887178
21823.9990234375 0.49134466659752535
21833.9990234375 0.4912769171845696
21843.9990234375 0.4914557512837586
21853.999023437496 0.4929882333912686
21863.9990234375 0.4932742135212309
21873.9990234375 0.4929472032963558
21883.9990234375 0.49392449449743686
21893.999023437496 0.4937483367116359
21903.9990234375 0.4944823108738323
21913.9990234375 0.49552834711248245
21923.9990234375 0.495896599408749
21933.9990234375 0.4964957547204398
21943.9990234375 0.49750373942043796
21953.9990234375 0.49782232354001416
21963.9990234375 0.49854935299422193
21973.9990234375 0.49987268013136493
21983.9990234375 0.5011130484564079
21993.9990234375 0.5019677280352662
22003.9990234375 0.5035751544789522
22013.9990234375 0.5036920547022045
22023.9990234375 0.5050094548045795
22033.9990234375 0.505530014997267
22043.9990234375 0.5066738702543925
22053.9990234375 0.5068386898481564
22063.9990234375 0.5064813052112213
22073.9990234375 0.5056802110267378
22083.9990234375 0.5044780239995984
22093.9990234375 0.5030596786055301
22103.9990234375 0.5012378282338327
22113.9990234375 0.49823736384076567
22123.9990234375 0.49436087197011147
22133.9990234375 0.48917915896338493
22143.9990234375 0.48180302821702065
22153.9990234375 0.4747795520849952
22163.9990234375 0.4641595869725503
22173.9990234375 0.45334196728313325
22183.9990234375 0.44032502365822324
22193.9990234375 0.42516998078946244
22203.9990234375 0.40877021244746375
22213.9990234375 0.3909006717177495
22223.9990234375 0.3717312901383182
22233.9990234375 0.35096942712379847
22243.9990234375 0.32911247323036463
22253.9990234375 0.3067717648018924
22263.9990234375 0.2851437624783885
22273.9990234375 0.2643252340557668
22283.9990234375 0.24387381290434398
22293.9990234375 0.2245248200570345
22303.999023437504 0.20638231975654175
22313.9990234375 0.188943441947706
22323.9990234375 0.17308867165091651
22333.9990234375 0.15852405730383112
22343.999023437504 0.1448990453041978
22353.9990234375 0.13181309780524456
22363.9990234375 0.11975616581590323
22373.9990234375 0.10788805477485734
22383.999023437504 0.09672833328557609
22393.9990234375 0.0868421155591918
22403.9990234375 0.07746881732415913
22413.9990234375 0.06877779264761648
22423.999023437504 0.060967936734119335
22433.9990234375 0.05381739810029833
22443.9990234375 0.047158496253154575
22453.9990234375 0.04144707076588336
22463.999023437504 0.03635727049357572
22473.9990234375 0.03175122909144306
22483.9990234375 0.027743594828526456
22493.9990234375 0.024182781054368448
22503.999023437504 0.02100739125530418
22513.9990234375 0.018278935545999228
22523.9990234375 0.01598009826623382
22533.9990234375 0.013939200594817493
22543.999023437504 0.01213511554386424
22553.9990234375 0.010596135003145633
22563.9990234375 0.009206306386940363
22573.9990234375 0.008004962718395013
22583.999023437504 0.007001732274895164
22593.9990234375 0.006117787737813785
22603.9990234375 0.005336749256849796
22613.9990234375 0.004669264341376943
22623.999023437504 0.004073219679470045
22633.9990234375 0.003555534931184795
22643.9990234375 0.003123406268509258
22653.9990234375 0.0027495195871060515
22663.999023437504 0.0024156446224322327
22673.9990234375 0.0021350543005774023
22683.9990234375 0.001888473936153376
22693.9990234375 0.0016719741558101078
22703.999023437504 0.0014883866961485329
22713.9990234375 0.0013282872964464072
22723.9990234375 0.0011869549733196255
22733.9990234375 0.001068424668611809
22743.999023437496 0.000956754949277174
22753.9990234375 0.0008605112335221966
22763.9990234375 0.0007739589717586084
22773.9990234375 0.0007024721759751238
22783.999023437496 0.0006368881801077176
22793.9990234375 0.0005779750210602066
22803.9990234375 0.0005294607355138606
22813.9990234375 0.0004807235172979288
22823.999023437496 0.00043678680097585773
22833.9990234375 0.0004019665234306181
22843.9990234375 0.0003700820530183871
22853.9990234375 0.00034084381761565635
22863.999023437496 0.0003117687564116957
22873.9990234375 0.00028655769760988284
22883.9990234375 0.00026633358924970724
22893.9990234375 0.00024296106021904555
22903.999023437496 0.00022601954552546198
22913.9990234375 0.00020948318597229933
22923.9990234375 0.0001928979035114552
22933.9990234375 0.00017684796564538418
22943.999023437496 0.00016450895462894927
22953.9990234375 0.0001531937234730502
22963.9990234375 0.0001410834402817546
22973.9990234375 0.00013348654184631986
22983.999023437496 0.00012273846236708483
22993.9990234375 0.00011524353238109476
23003.9990234375 0.00010749461518173407
23013.9990234375 0.0
