mejiro/data/jwst_filter_response/NIRCam-F444W.ecsv
# %ECSV 1.0
# ---
# datatype:
# - {name: wavelength, unit: Angstrom, datatype: float64}
# - {name: response, datatype: float64}
# meta:
#   __serialized_columns__:
#     wavelength:
#       __class__: astropy.units.quantity.Quantity
#       unit: !astropy.units.Unit {unit: Angstrom}
#       value: !astropy.table.SerializedColumn {name: wavelength}
#   band_name: F444W
#   group_name: NIRCam
# schema: astropy-2.0
wavelength response
[from data line 479]
42955.64744 0.5636208587680619
42969.15975 0.5635259967439864
42982.672060000004 0.5634533682766756
42996.184380000006 0.5633578244893331
43009.69669 0.5632614184710616
43023.20901 0.5631873003797724
43036.72132 0.5630851918685301
43050.23363999999 0.5630095234680115
43063.745950000004 0.5629060183043626
43077.25826 0.5627997530237173
43090.77058 0.5627202605692749
43104.28289000001 0.5626131770075679
43117.795210000004 0.5625055228398659
43131.30752 0.5624262132604676
43144.819840000004 0.562316997983993
43158.332149999995 0.5622084448471345
43171.84447 0.5621297405480152
43185.35678 0.5620183579666711
43198.86909 0.5619062056669957
43212.38141 0.5618253756194
43225.89372000001 0.5617109392359494
43239.40604000001 0.5615935812751287
43252.91835 0.561506841435214
43266.43067 0.5613870177351804
43279.94297999999 0.5612649712800795
43293.455299999994 0.5611728555690033
43306.96760999999 0.5610487968939848
43320.47992 0.5609561842424553
43333.99224 0.560830223601819
43347.50455 0.5607027106243985
43361.01687 0.5606073534668333
43374.529180000005 0.5604797792278744
43388.0415 0.5603508286024816
43401.55381 0.5602500715486936
43415.066119999996 0.5601173682678016
43428.57844 0.5599808292428659
43442.09075 0.5598698393811141
43455.603070000005 0.5597245836526523
43469.11538 0.5595771756713306
43482.6277 0.5594536304462223
43496.14001 0.5592855431478596
43509.652330000004 0.5591134978344311
43523.16464 0.5589536583633112
43536.67695 0.5587754264494471
43550.189269999995 0.558605863482488
43563.70158 0.5584184758305156
43577.2139 0.5582272210941198
43590.72621 0.5580400998627614
43604.23853 0.5578352088969589
43617.75083999999 0.5576233560630834
43631.263150000006 0.5574135198348423
43644.77547000001 0.5571875442544825
43658.28778 0.556954480403677
43671.8001 0.556721499163503
43685.312410000006 0.5564759786225779
43698.82472999999 0.5562247795181212
43712.33704 0.555971300292321
43725.84936 0.5557095347347079
43739.36167 0.5554424878316753
43752.873980000004 0.5551719982650072
43766.386300000006 0.5548942657655094
43779.89861 0.5546135851980396
43793.41093 0.5543269075701296
43806.92324 0.5540374699386397
43820.43555999999 0.5537393261424468
43833.94787 0.5534412662544308
43847.46018 0.5531398737819151
43860.972499999996 0.5528313662173217
43874.48481000001 0.5525255768518698
43887.99713 0.5522196711572569
43901.50944 0.5519048626312807
43915.02176 0.5515985220996014
43928.534069999994 0.5512931411727786
43942.046389999996 0.5509799276595174
43955.5587 0.5506789228254068
43969.07101 0.5503800002996448
43982.583329999994 0.5501454375151648
43996.09564000001 0.5498878230914173
44009.60796000001 0.5496334038661037
44023.12027 0.5494044735698802
44036.63259 0.5491562990737742
44050.14489999999 0.5489328820847557
44063.657219999994 0.5486928328902592
44077.16953000001 0.5484573209126864
44090.68184 0.5482494694640003
44104.19416 0.5480267036693159
44117.70647 0.5478119623771596
44131.21879 0.5476223095964552
44144.731100000005 0.5474207245314713
44158.24342 0.5472245768147048
44171.755730000004 0.5470529616769232
44185.268039999995 0.5468678052622679
44198.780360000004 0.5466869886016674
44212.292669999995 0.546528467891426
44225.804990000004 0.546356378051898
44239.3173 0.5461895631154823
44252.82962 0.5460436882377778
44266.34193 0.5458866070528277
44279.854250000004 0.5457324361684489
44293.36656 0.5456011414722115
44306.87887 0.5454557424542925
44320.391189999995 0.5453329760520085
44333.9035 0.5451953772103579
44347.41582 0.5450626859580223
44360.92813 0.544951330321849
44374.44045 0.5448249203483063
44387.95275999999 0.5447010525674765
44401.465070000006 0.5445993025662407
44414.97739000001 0.5444814715592041
44428.4897 0.5443647030408827
44442.00202 0.5442711984254879
44455.51432999999 0.5441391751071454
44469.02665 0.5440092863912753
44482.53896 0.5438824009993203
44496.05128 0.5437528754998571
44509.56359 0.5436226412537621
44523.0759 0.5435000606977924
44536.588220000005 0.5433693621673094
44550.100529999996 0.54324613988154
44563.61285 0.5431141362722653
44577.125159999996 0.5429815513059992
44590.63747999999 0.5428588669263925
44604.14979 0.5427235342585496
44617.662110000005 0.5425886132033835
44631.174419999996 0.5424660945681501
44644.68673000001 0.5423303172713725
44658.19905 0.5421906638247249
44671.71136 0.542067027569349
44685.22368 0.5419240656845481
44698.735989999994 0.541779603363165
44712.24831000001 0.5416509260418161
44725.76062 0.5415007629367345
44739.27293 0.541348045013478
44752.78524999999 0.5412153637071152
44766.297560000006 0.541056604222048
44779.80988000001 0.5408932091851639
44793.32219 0.5407549073559523
44806.83451 0.5405857175375486
44820.34682 0.5404426511495144
44833.85914 0.5402651033996455
44847.371450000006 0.5400853088461552
44860.88376 0.5399329851589072
44874.39608 0.5397450049347008
44887.90839 0.5395534396304467
44901.42071 0.5393952984875838
44914.933020000004 0.5391989206526664
44928.44534 0.538996826479103
44941.957650000004 0.5388308942610818
44955.469959999995 0.5386122243615526
44968.982280000004 0.538391345982949
44982.494589999995 0.5381980745427206
44996.006910000004 0.5379670114467374
45009.51922 0.537731121578935
45023.031539999996 0.5375295637261559
45036.54385 0.5372848759807145
45050.05617 0.537072932137974
45063.56848 0.5368182040538063
45077.08079000001 0.536557838475253
45090.593109999994 0.5363355902090163
45104.10542 0.5360634071079965
45117.61774 0.5357875982935
45131.13005 0.5355511602660765
45144.64237 0.5352673178622205
45158.15468000001 0.5349774734784989
45171.666990000005 0.5347298489271856
45185.17931 0.534432960022619
45198.69162 0.5341308700650222
45212.20394 0.5338725433987876
45225.71625 0.5335588419140598
45239.22857 0.5332430490248516
45252.74088 0.5329710531358052
45266.2532 0.5326445456321214
45279.76551 0.5323117964247528
45293.27782 0.5320272976317242
45306.790140000005 0.531689573234679
45320.302449999996 0.5313992373934155
45333.81477 0.5310552551650161
45347.32708 0.5307082245653165
45360.839400000004 0.5304149181866957
45374.35171 0.5300659723889447
45387.864030000004 0.5297150538087874
45401.376339999995 0.5294133293743004
45414.88865 0.5290597830379036
45428.40097 0.5287045995160616
45441.91328 0.5283959978375757
45455.4256 0.5280339613324982
45468.93791000001 0.5276678694824462
45482.45023000001 0.5273513905888959
45495.96254 0.5269839895735695
45509.47485 0.5266172833955991
45522.98716999999 0.5262976976423205
45536.499480000006 0.5259327410714767
45550.01180000001 0.5256137150689819
45563.52411 0.5252486796995561
45577.03643 0.5248874158323225
45590.54874 0.5245702284334686
45604.06106 0.5242113717707886
45617.573370000006 0.52385033381876
45631.08568 0.5235323895644679
45644.598 0.5231763548390181
45658.11031 0.5228218853428439
45671.62263 0.5225057672007826
45685.134939999996 0.5221514721114255
45698.64726 0.5218025025632993
45712.15957 0.5214880751559743
45725.67188 0.5211407732823946
45739.1842 0.5207917419868133
45752.696509999994 0.52047559039949
45766.20883 0.5201315904217984
45779.72114 0.5197871183467149
45793.233459999996 0.5194690706205531
45806.74577 0.5191231975005003
45820.25809 0.5188035766852244
45833.7704 0.5184589167967297
45847.28271000001 0.5181136098806414
45860.795029999994 0.5177840585703265
45874.30734 0.5174351393739085
45887.81966 0.5170855987030883
45901.33197 0.5167432951724984
45914.84429 0.5163864647622489
45928.35660000001 0.5160278913656771
45941.868910000005 0.5156784699088937
45955.38123 0.515316014258314
45968.89354 0.5149496065552355
45982.40586 0.514584268540468
45995.918170000004 0.5142142010401051
46009.430490000006 0.513843558343694
46022.9428 0.513462714066027
46036.45512 0.5130810503503127
46049.96743 0.5126953220260109
46063.47974 0.5122971705998123
46076.992060000004 0.5118991657760794
46090.504369999995 0.5114798275310469
46104.01669 0.5110686282370133
46117.52900000001 0.5106510182608418
46131.041320000004 0.5102085332440746
46144.55363 0.509773682181845
46158.065950000004 0.5093338820930354
46171.578259999995 0.5088669730892081
46185.09057 0.5084184733343173
46198.60289 0.5079642585555981
46212.1152 0.5074724126930322
46225.627519999995 0.5070059566129825
46239.13982999999 0.5065333336388946
46252.65215000001 0.5060188960857491
46266.16446 0.5055308494109235
46279.67677 0.5050369134530845
46293.18908999999 0.5044997258075974
46306.701400000005 0.5039932542172703
46320.21372000001 0.5034360572809357
46333.72603 0.5029148736807696
46347.23835 0.502391040126078
46360.75066 0.5018147312491019
46374.26298 0.501278127632445
46387.775290000005 0.5007373738869265
46401.287599999996 0.5001395987890765
46414.79992 0.49959378458597153
46428.312229999996 0.49904305588556713
46441.824550000005 0.49843091422380204
46455.336859999996 0.49787323434105424
46468.84918 0.4973150587730692
46482.36149 0.49669672931503395
46495.8738 0.4961330439252514
46509.38612 0.49556775898221833
46522.898429999994 0.4949359110243483
46536.41075 0.4943680380899646
46549.92306000001 0.49379955178500545
46563.435379999995 0.4931591601590548
46576.94769 0.49259059350774514
46590.46001 0.4919540007870543
46603.97232 0.49139124933455813
46617.484630000006 0.4908300491698538
46630.99694999999 0.49019910650274573
46644.509260000006 0.4896485253295314
46658.02158 0.4891032178398991
46671.53389 0.48848873416409344
46685.04621 0.4879508583180159
46698.558520000006 0.4874206440565674
46712.070830000004 0.4868242730121851
46725.58315 0.4863092333624578
46739.09546 0.48580011100903125
46752.60778 0.48521944430807223
46766.120090000004 0.48472449566627096
46779.632410000006 0.48423727048178533
46793.14472 0.48367842404797845
46806.65704 0.48320233093159476
46820.169350000004 0.4826577857500123
46833.68166 0.4822009618423437
46847.193980000004 0.48175194298091406
46860.706289999995 0.4812354359199428
46874.218609999996 0.4808038135866625
46887.73092 0.4803840796423219
46901.24324 0.47990373011250753
46914.75555 0.4795042659485464
46928.26787 0.47911324280228884
46941.780179999994 0.47865946098782464
46955.29249 0.4782897282303251
46968.80481 0.47792974938207267
46982.31712 0.4775044398199689
46995.829439999994 0.47715819455942826
47009.34175000001 0.47682071676739557
47022.85407000001 0.4764255811180488
47036.36638 0.47610431580414325
47049.87869 0.475786784910481
47063.39100999999 0.47541424710826485
47076.903320000005 0.47511527820476807
47090.41564000001 0.47476269028946383
47103.92795 0.47447643704911324
47117.44027 0.4741946995386088
47130.95258 0.47386326162213355
47144.464900000006 0.47359711227125945
47157.977210000005 0.473335954057138
47171.489519999996 0.4730207088764569
47185.001840000004 0.47276334806175846
47198.51415 0.4725107928242671
47212.026470000004 0.47220909264930355
47225.538779999995 0.47195843251116526
47239.0511 0.4717060818667973
47252.56341 0.4714101094939973
47266.07572 0.47116283266864106
47279.58804 0.4709131451661353
47293.10035 0.470620401068096
47306.61267 0.4703671897668231
47320.12498000001 0.47007879823971915
47333.637299999995 0.469828026554873
47347.14961 0.4695721954794142
47360.66193 0.4692801629516612
47374.17424 0.4690178388896349
47387.68654999999 0.4687549232575715
47401.19886999999 0.4684604910175132
47414.711180000006 0.4681860904321524
47428.2235 0.4679057272448124
47441.73581 0.46759900237743834
47455.24813 0.4673112884032454
47468.760440000005 0.4670147061034506
47482.27276 0.46669226908832767
47495.78507 0.4663808343775224
47509.297379999996 0.46606409512665936
47522.8097 0.4657320498087243
47536.32201 0.4654023896644951
47549.834330000005 0.4650646932007939
47563.346639999996 0.4647177093583942
47576.85896 0.4643732075561824
47590.37127 0.4640225730166355
47603.88358 0.4636649447419121
47617.3959 0.46330086401408394
47630.908209999994 0.46292111599866187
47644.420529999996 0.4625337300049728
47657.93284 0.4621398085414221
47671.44516 0.46172938576834754
47684.95747 0.4613223392211321
47698.46979 0.46091282306073983
47711.982099999994 0.46049656522421534
47725.49441 0.46007785292843567
47739.00673 0.45965250698152327
47752.51904 0.45922844617925385
47766.03135999999 0.4588027866273076
47779.54367000001 0.45837355244962263
47793.05599000001 0.457947962757627
47806.5683 0.45751300830655306
47820.08061000001 0.4570911088814884
47833.59293 0.45666168690547837
47847.105240000004 0.4562304006367015
47860.617560000006 0.4558125249376205
47874.12987 0.45538076832014324
47887.64219 0.45495341359730646
47901.1545 0.4545472488186552
47914.666820000006 0.4541219532626797
47928.179130000004 0.4536966160783102
47941.69144 0.4532955371936517
47955.203760000004 0.4528781065363898
47968.71607 0.452463269628819
47982.228390000004 0.45207335186314945
47995.740699999995 0.45166072593598217
48009.25302 0.4512523052317434
48022.76533000001 0.45087780699617197
48036.27764 0.4504778877374216
48049.78996 0.4500778694149268
48063.30227 0.44971273687920543
48076.81459 0.44932310425820443
48090.32690000001 0.44897208878479206
48103.839219999994 0.44859148062184184
48117.35153 0.44821156592543715
48130.863849999994 0.4478710196731188
48144.37616 0.4475019311984917
48157.88846999999 0.4471364258973997
48171.40079 0.446806867059617
48184.913100000005 0.44643973863246855
48198.42542 0.4460746939993343
48211.93773 0.4457495048762249
48225.45005 0.4453862161975799
48238.962360000005 0.4450195735503038
48252.47468 0.44468788624906297
48265.98699 0.44431895614445516
48279.499299999996 0.4439507023927686
48293.011620000005 0.44361752010853295
48306.52393 0.44324014093434594
48320.036250000005 0.44289701469608556
48333.548559999996 0.4425145304697635
48347.06088 0.44213054527376294
48360.57318999999 0.4417784241037472
48374.0855 0.4413784441325035
48387.59782 0.440969951677871
48401.110129999994 0.440594374379948
48414.622449999995 0.4401727640944368
48428.13476 0.4397379586309699
48441.64708 0.43932724360192776
48455.15939 0.43886627436023484
48468.67171 0.43839580440682846
48482.18402000001 0.4379512186833348
48495.69633 0.43745332893238964
48509.20865 0.4369409393833832
48522.72096 0.43645106208220896
48536.23327999999 0.4359153805277629
48549.745590000006 0.4353677821298871
48563.25791000001 0.4348361173190859
48576.77022 0.4342553737433834
48590.28253 0.43369333621431405
48603.79485 0.43308773108491866
48617.307160000004 0.4324689085946382
48630.81948 0.4318620665299864
48644.33179 0.43120945357164764
48657.84411 0.430543146407089
48671.356420000004 0.42989224466046155
48684.868740000005 0.4291984696618796
48698.38105 0.42848719727306905
48711.89336 0.42778665028169643
48725.40568 0.42704929659637514
48738.91799 0.4263022559611658
48752.43031 0.4255652698175765
48765.942619999994 0.42479234259548115
48779.45494 0.42400969376067077
48792.96725000001 0.4231086875623327
48806.47956 0.42218258412953913
48819.99188 0.4212487739683684
48833.50419 0.42019253574573023
48847.01651 0.41924515576653554
48860.52882000001 0.4181808070577116
48874.041139999994 0.4172306822037949
48887.55345 0.41627654514787965
48901.065769999994 0.4152002350759291
48914.57808 0.4142405826933311
48928.09039 0.4132837299530955
48941.60271 0.4122081399154399
48955.115020000005 0.41125168101867904
48968.62734 0.4102943832830068
48982.13965 0.4092167922103257
48995.65197 0.40826722072519694
49009.164280000005 0.40732248393929393
49022.676600000006 0.4062555778982017
49036.18891 0.4053154966552749
49049.70122 0.40438147486163556
49063.213540000004 0.4033283534944181
49076.72585 0.4024076913774949
49090.238170000004 0.40136019161822034
49103.750479999995 0.4004419873163592
49117.2628 0.3995276823783802
49130.77511 0.39848680527233926
49144.28742 0.39757762021818366
49157.79974 0.39666415325681714
49171.31204999999 0.3956127508084831
49184.824369999995 0.3946889702467782
49198.33668 0.39376096696994767
49211.849 0.3926889265017346
49225.36131 0.39173603444339744
49238.87363 0.390766302461404
49252.38594000001 0.38964252043359543
49265.89825 0.38863871748755696
49279.41057 0.38760939266378436
49292.92288 0.3864139411500724
49306.43519999999 0.38532295971700825
49319.947510000005 0.384199113992042
