mejiro/data/jwst_filter_response/NIRCam-F444W.ecsv
# %ECSV 1.0
# ---
# datatype:
# - {name: wavelength, unit: Angstrom, datatype: float64}
# - {name: response, datatype: float64}
# meta:
#   __serialized_columns__:
#     wavelength:
#       __class__: astropy.units.quantity.Quantity
#       unit: !astropy.units.Unit {unit: Angstrom}
#       value: !astropy.table.SerializedColumn {name: wavelength}
#   band_name: F444W
#   group_name: NIRCam
# schema: astropy-2.0
wavelength response
36483.24885 0.0
36496.76116 2.6029745937850077e-05
36510.27347 2.639450841694571e-05
36523.78579 2.676028484569796e-05
36537.2981 2.6807852806641412e-05
36550.81042 2.6711613482308528e-05
36564.32273 2.6709498941011656e-05
36577.835040000005 2.6739404102966343e-05
36591.34736 2.700643262405137e-05
36604.85967 2.7486201354350423e-05
36618.37199 2.7929956551853652e-05
36631.8843 2.8470140564604397e-05
36645.39662 2.9077586998924592e-05
36658.90893 2.984394615910711e-05
36672.42125 3.0798393901808454e-05
36685.933560000005 3.166042508792648e-05
36699.445869999996 3.226512115965731e-05
36712.95819 3.287763584852059e-05
36726.4705 3.3727250037048165e-05
36739.98282 3.47796312774359e-05
36753.49513 3.588735239053407e-05
36767.007450000005 3.704568149862704e-05
36780.519759999996 3.828786047311702e-05
36794.032080000004 3.9572527789176424e-05
36807.54439 4.105262344628389e-05
36821.0567 4.2414888471625885e-05
36834.56902 4.326200726018518e-05
36848.08133 4.404700775962978e-05
36861.59365 4.5052181783741334e-05
36875.10596 4.609167820764947e-05
36888.618279999995 4.735486815113662e-05
36902.13059 4.8902280347345145e-05
36915.6429 5.061000231748813e-05
36929.15522 5.285587222581518e-05
36942.66753 5.557641055997108e-05
36956.17985 5.857311905728475e-05
36969.69216 6.204525151719626e-05
36983.20448 6.56320407920142e-05
36996.71679 6.902103970452388e-05
37010.22911 7.244506188555701e-05
37023.74142 7.598025089053701e-05
37037.253730000004 7.989874709375252e-05
37050.76605 8.408850690881753e-05
37064.278360000004 8.815676868209207e-05
37077.79068 9.22445927268383e-05
37091.30299 9.693675139733535e-05
37104.81531 0.00010233605540484649
37118.32762 0.00010822638755165135
37131.83993 0.00011443251711626094
37145.35225 0.00012094700626799256
37158.864559999995 0.00012840974347289044
37172.37688 0.0001369128567374771
37185.88919 0.00014610965571073815
37199.401509999996 0.0001555982079190882
37212.91382 0.00016548736052445558
37226.42614 0.00017657849787907162
37239.93845 0.00018896182874387306
37253.45076 0.0002018113457688808
37266.96308 0.0002149210641854326
37280.47539 0.00022857206762037102
37293.98771 0.00024317340574966185
37307.50002 0.0002595222634622183
37321.01234 0.0002774736723242038
37334.52465 0.0002962791864945472
37348.036960000005 0.00031612108733716635
37361.54928 0.00033737209690382303
37375.06159 0.00036025209199984983
37388.57391 0.00038497687439105336
37402.08622 0.0004109259030397704
37415.59854 0.00043774557500290176
37429.11085 0.0004660432068169186
37442.62317 0.0004959884794800384
37456.135480000004 0.0005276684781064197
37469.647789999995 0.000561464551832314
37483.16011 0.0005972112809253841
37496.67242 0.0006351704454518171
37510.18474 0.0006761196452236803
37523.69705 0.0007196539275616402
37537.209370000004 0.0007655393368039787
37550.72168 0.0008140240131855909
37564.234000000004 0.0008650854743808838
37577.74631 0.0009192468080114116
37591.25862 0.0009767776734205455
37604.77094 0.0010371261207146871
37618.28325 0.001100583650158951
37631.79557 0.0011676768685127637
37645.30788 0.0012382823671530036
37658.8202 0.0013127886411283753
37672.33251 0.0013914191705941352
37685.84482 0.0014739685563709083
37699.35714 0.001561057209198113
37712.86945 0.00165288290875332
37726.38177 0.001748973114697756
37739.89408 0.0018499369769786138
37753.4064 0.001956270848722348
37766.91871 0.002067838495635626
37780.43103 0.0021855180813411213
37793.94334 0.002309384958952605
37807.45565 0.002439575890352625
37820.96797 0.0025769779120816483
37834.48028 0.002721816218700957
37847.992600000005 0.0028743430326559237
37861.504909999996 0.0030355655253594977
37875.01723 0.003205920209126303
37888.52954 0.0033858437347313733
37902.04185 0.0035762725518046273
37915.55417 0.0037776616325377425
37929.06648 0.003990951520168951
37942.5788 0.004217548303710924
37956.09111 0.004457983996298474
37969.603429999996 0.004713378270158413
37983.11574 0.004985449766643205
37996.62806 0.005274826005078204
38010.14037 0.005582721197899843
38023.65268 0.005911120993097657
38037.165 0.006261663550900885
38050.67731 0.006636270270635698
38064.18963 0.0070373902453986096
38077.70194 0.0074665745737170835
38091.21426 0.007925904643769235
38104.72657 0.008418965105289309
38118.23889 0.008948238815427162
38131.7512 0.009516270729759512
38145.26351 0.010127268672666286
38158.77583 0.01078473270961815
38172.28814 0.011492684240776258
38185.80046 0.012256909084076385
38199.31277 0.01308152245794892
38212.82509 0.013971182523835253
38226.337400000004 0.014933799676524563
38239.849709999995 0.015975439832169945
38253.36203 0.017101738176507283
38266.87434 0.018321645369295605
38280.38666 0.01964116472285489
38293.89897 0.02107163116319402
38307.411290000004 0.022622372901459978
38320.9236 0.024302330819487492
38334.43592 0.026126088692222063
38347.94823 0.028105121028447755
38361.46054 0.030250814758239986
38374.97286 0.032581687508791125
38388.48517 0.03511144042053299
38401.99749 0.03785338452953066
38415.5098 0.040829771446286786
38429.02212 0.04405602164650259
38442.53443 0.04754672217752767
38456.04674 0.05132810904203244
38469.55906 0.05541704970016965
38483.07137 0.05982949810993393
38496.58369 0.06459462421662163
38510.096 0.06972310240904894
38523.60832 0.07524557525323697
38537.120630000005 0.08117707496183342
38550.63295 0.08752851757387398
38564.14526 0.09432852254625218
38577.65757 0.10158419929740733
38591.16989 0.10929600347078328
38604.6822 0.11748655824362786
38618.194520000005 0.1261518710418366
38631.706829999996 0.13528001653762153
38645.219150000004 0.14488332578520763
38658.73146 0.15494174144734524
38672.24377 0.16542652413524156
38685.75609 0.17633736662140542
38699.2684 0.187638041428328
38712.78072 0.19928196679907567
38726.29303 0.2112525316648984
38739.805349999995 0.22349389021984606
38753.31766 0.2359427753374293
38766.82998 0.24857038260514008
38780.34229 0.261296105740441
38793.8546 0.27408323990201916
38807.36692 0.28685655802778054
38820.87923 0.2995461480746493
38834.39155 0.3121220789971186
38847.90386 0.3245135096809342
38861.41618 0.3366579379944408
38874.92849 0.34853473832414966
38888.44081 0.36008563960492723
38901.95312 0.3712696589456659
38915.465430000004 0.38207953643565273
38928.97775 0.3924756104945305
38942.49006 0.40243253111554617
38956.00238 0.4119577092614723
38969.514689999996 0.4210272913536571
38983.02701 0.4296351182464794
38996.53932 0.43779792309199295
39010.05163 0.44551502664204695
39023.56395 0.4527978188103715
39037.07626 0.4596624821260139
39050.588579999996 0.4661270765336517
39064.10089 0.47219737484997404
39077.61321 0.4779039150152139
39091.12552 0.4832744253133608
39104.63784 0.4883040002569283
39118.15015 0.4930231328391494
39131.66246 0.4974614922232916
39145.17478 0.5016031854200884
39158.68709 0.5054804119006897
39172.19941 0.5091276358720414
39185.71172 0.5125198125336179
39199.22404 0.5156880331736962
39212.73635 0.518671372322311
39226.24866 0.5214326747937214
39239.76098 0.5240046357845001
39253.27329 0.5264325129796645
39266.78561 0.5286683971143916
39280.29792 0.5307738685830262
39293.81024 0.5327058528056431
39307.322550000004 0.5344958303384879
39320.83487 0.5361827495045257
39334.34718 0.5377143520753027
39347.85949 0.5391294576112606
39361.37181 0.5404660205285425
39374.88412 0.5416636981221004
39388.396440000004 0.5427680808002286
39401.90875 0.5438166305618264
39415.421070000004 0.5447439546421843
39428.93338 0.5455970870735924
39442.44569 0.5464153547715976
39455.95801 0.5471252773570365
39469.47032 0.5477758720664281
39482.98264 0.5484112809394011
39496.49495 0.5489496620330819
39510.007269999995 0.5494883173127931
39523.51958 0.549941852219626
39537.0319 0.5503523698579555
39550.54421 0.5507776496939598
39564.05652 0.5511297846483494
39577.56884 0.5514530013935213
39591.08115 0.5518009419708141
39604.59347 0.5520857063734654
39618.10578 0.5523491222960604
39631.6181 0.5526398442244237
39645.13041 0.5528757178406247
39658.64273 0.5530968007005652
39672.15504 0.5533499839353748
39685.66735 0.553553533948522
39699.179670000005 0.5537471171910296
39712.691979999996 0.5539767710663986
39726.2043 0.5541596546242198
39739.71661 0.5543414361017962
39753.22893 0.5545619918112485
39766.74124 0.5547372606217228
39780.25355 0.5549583440155125
39793.76587 0.5551279987865851
39807.27818 0.5552958621444559
39820.790499999996 0.5555071568256156
39834.30281 0.5556709516654271
39847.81513 0.5558314861309961
39861.32744 0.5560350580196157
39874.83976 0.5561953443948154
39888.35207 0.5563497648934166
39901.86438 0.5565484205896014
39915.3767 0.5567061897205235
39928.88901 0.5568595752899455
39942.40133 0.5570548952691867
39955.91364 0.5572107146552923
39969.42596 0.5573628045484408
39982.93827 0.5575510152549048
39996.45058 0.5577016721292272
40009.9629 0.5578476735871216
40023.47521 0.5579940625481153
40036.98753 0.5581214741046889
40050.499840000004 0.5582697166089005
40064.012160000006 0.5583931366596873
40077.52447 0.5585179266696785
40091.03679 0.5586680198394398
40104.5491 0.5587923392735364
40118.06141 0.5589165211957338
40131.573730000004 0.5590682070557036
40145.08604 0.5591933434437362
40158.598359999996 0.5593164951709205
40172.11067 0.5594639494855884
40185.62299 0.5595869874530095
40199.1353 0.5597052681662325
40212.64761 0.5598504747436228
40226.159929999994 0.5599755546123462
40239.67224 0.5600969716241273
40253.18456 0.5602467139358773
40266.69687 0.5603738520246855
40280.20919 0.5605272711121788
40293.72150000001 0.5606520860027323
40307.233819999994 0.5607808119831275
40320.74613 0.5609380960704546
40334.25844 0.5610609579726782
40347.77076 0.5611860372251194
40361.283070000005 0.5613425942270371
40374.79538999999 0.5614651755050822
40388.3077 0.5615873645497009
40401.82002 0.5617488276792211
40415.33233 0.5618739798266261
40428.84465 0.5619970981335085
40442.356960000005 0.5621622767209418
40455.86927 0.5622887979830953
40469.38159 0.5624115111560787
40482.893899999995 0.5625740837594988
40496.406220000004 0.5626967207385453
40509.91853 0.5628115391660897
40523.430850000004 0.5629687236982197
40536.943159999995 0.5630827542081627
40550.45547 0.5632404134798021
40563.96779 0.5633480139640316
40577.4801 0.563456561380241
40590.992419999995 0.5636178254721789
40604.50473 0.5637214956960731
40618.017049999995 0.5638261919647924
40631.52936 0.5639862633728603
40645.04168 0.5640853000605474
40658.55399 0.5641787454162942
40672.066300000006 0.5643309527602223
40685.57862000001 0.5644196453972489
40699.090930000006 0.5644993466322535
40712.60325 0.5646432675548796
40726.11556 0.5647210438585091
40739.62788 0.5647942303942606
40753.140190000006 0.5649336882404477
40766.6525 0.5650084728906233
40780.16482 0.56515053025048
40793.67713 0.5652176905737027
40807.18945 0.5652870064636866
40820.70176 0.565430016452921
40834.214080000005 0.5654923913956862
40847.726389999996 0.565551797971644
40861.23871 0.5656906177706715
40874.75102 0.5657469825236052
40888.26333 0.5658022402333617
40901.77565 0.56594071986293
40915.28796 0.565999193827351
40928.800279999996 0.566054600557806
40942.31259 0.5661964122279943
40955.82491 0.5662592385914897
40969.33722 0.5663185457881126
40982.84953 0.5664649872563513
40996.36185000001 0.566527550686015
41009.87416 0.5665897995667435
41023.38648 0.5667362124553846
41036.89878999999 0.5667966611757509
41050.411109999994 0.566948654072803
41063.92342000001 0.5670080808101803
41077.43573999999 0.5670682414960537
41090.94805 0.5672252234185866
41104.46036 0.5672917138798179
41117.97268 0.5673567570350773
41131.484990000004 0.5675201647597423
41144.997310000006 0.5675915528467463
41158.509620000004 0.5676601960174761
41172.021940000006 0.5678193258152308
41185.53425 0.5678880687528698
41199.04657 0.5679521991457142
41212.55888 0.5681052275096868
41226.07119 0.5681650154808566
41239.583510000004 0.5682248208135781
41253.09582 0.5683728738890703
41266.608140000004 0.5684276593460371
41280.12045 0.5685781992883352
41293.632770000004 0.5686338597555982
41307.145079999995 0.5686869606867231
41320.65739 0.5688291947346844
41334.16971 0.5688800882674032
41347.68202 0.5689227714944238
41361.19434 0.5690502813363157
41374.70665000001 0.5690868414678938
41388.218969999994 0.5691179481000752
41401.73128000001 0.5692259514514182
41415.2436 0.5692462816769113
41428.75591 0.569264480264041
41442.26821999999 0.5693590909376454
41455.78053999999 0.5693689326708788
41469.292850000005 0.5693791900958736
41482.80517 0.5694640491457362
41496.31748 0.5694614779645915
41509.8298 0.5694576653758103
41523.342110000005 0.5695249909820226
41536.854419999996 0.5695108704146679
41550.36674 0.5695616281806626
41563.879049999996 0.569538404861199
41577.39136999999 0.5695084493490974
41590.90368 0.5695392755301879
41604.416000000005 0.5694996714559033
41617.928309999996 0.5694600957218663
41631.44063 0.569477244436669
41644.95294 0.5694272761099448
41658.46525 0.5693779476734152
41671.97757 0.5693834821713842
41685.48988 0.5693208054171075
41699.0022 0.5692562841012803
41712.51451 0.569239640847647
41726.02683 0.5691686659324358
41739.53914 0.5690939309539769
41753.05146 0.5690601490895307
41766.56377000001 0.5689817326986536
41780.07608 0.5689369620155988
41793.5884 0.5688530463996451
41807.10071 0.5687710436790647
41820.61303 0.568722401499693
41834.125340000006 0.5686362846131888
41847.63765999999 0.5685530468072767
41861.14997 0.5684997442311825
41874.66228 0.5684146772779811
41888.1746 0.568327345780798
41901.686910000004 0.5682658365563404
41915.199230000006 0.5681784669514782
41928.711540000004 0.5680883805907198
41942.223860000006 0.5680191296350545
41955.73617 0.5679330191762363
41969.248490000005 0.5678467493036881
41982.7608 0.567776102640714
41996.27311 0.5676962112473701
42009.785429999996 0.5676204990575386
42023.29774 0.567557042695896
42036.81006 0.5674840769591555
42050.32237 0.567424225076344
42063.83469 0.5673559724992452
42077.346999999994 0.5672884006320027
42090.85931 0.5672280838309904
42104.37163 0.5671658912911601
42117.88394 0.5671021283877065
42131.39626 0.5670408888577956
42144.90857000001 0.5669810401037807
42158.420889999994 0.566924408196916
42171.93320000001 0.5668662124762336
42185.44552 0.5668109641928499
42198.95783 0.5667597832771434
42212.47013999999 0.5667082118766475
42225.98246000001 0.566658846723511
42239.49477 0.566612682366824
42253.00709 0.5665635782991648
42266.5194 0.5665156402299958
42280.03171999999 0.5664590101297066
42293.544030000005 0.5664073673476338
42307.05634 0.5663527133816845
42320.56866 0.5662855462306307
42334.08097000001 0.5662198894237234
42347.593290000004 0.5661546483776057
42361.1056 0.5660828861570562
42374.617920000004 0.5660186635157582
42388.130229999995 0.5659611688161121
42401.64255 0.5659052835714431
42415.15486 0.5658595677659548
42428.66717 0.5658179957778502
42442.17949 0.5657779524250981
42455.6918 0.5657466411030764
42469.20412000001 0.5657136539085839
42482.71643 0.5656752049822172
42496.22875 0.5656416654300789
42509.74105999999 0.5656046517731943
42523.25338 0.5655602708455049
42536.76569000001 0.565519110291652
42550.278 0.5654775505604908
42563.79032 0.5654373360011098
42577.30263 0.5653966388312996
42590.81495 0.5653571378906126
42604.327260000005 0.5653190445459467
42617.83958 0.565278708597948
42631.35189 0.5652393619505252
42644.864199999996 0.5651983834150952
42658.37652 0.5651541025330921
42671.88883 0.5651078514840941
42685.401150000005 0.5650537119735792
42698.91346 0.5649969363214976
42712.425780000005 0.5649422531501839
42725.938089999996 0.564876423551179
42739.450410000005 0.5648090307668732
42752.962719999996 0.5647505906052472
42766.47503 0.5646811781637117
42779.987349999996 0.5646103638373996
42793.49966 0.564552976024748
42807.01198 0.564485372891695
42820.52429 0.5644285442859478
42834.03661 0.5643553800450549
42847.548919999994 0.5642800314677909
42861.06123 0.5642171224506819
42874.57355 0.5641325654326406
42888.08586 0.5640446572257739
42901.59818 0.5639741820914094
42915.11049000001 0.5638825832137608
42928.62280999999 0.5637881316933593
