mejiro/data/jwst_filter_response/NIRCam-F200W.ecsv
# %ECSV 1.0
# ---
# datatype:
# - {name: wavelength, unit: Angstrom, datatype: float64}
# - {name: response, datatype: float64}
# meta:
#   __serialized_columns__:
#     wavelength:
#       __class__: astropy.units.quantity.Quantity
#       unit: !astropy.units.Unit {unit: Angstrom}
#       value: !astropy.table.SerializedColumn {name: wavelength}
#   band_name: F200W
#   group_name: NIRCam
# schema: astropy-2.0
wavelength response
16864.00024414063 0.0
16874.000244140625 8.017056971972917e-05
16884.000244140625 8.702230267909133e-05
16894.000244140625 9.488626766298532e-05
16904.000244140625 0.00010190142709589637
16914.000244140625 0.00011112221942893722
16924.000244140625 0.00012158991994077262
16934.000244140625 0.00013314721233517764
16944.000244140625 0.00014613872722803563
16954.000244140625 0.0001602793541591747
16964.000244140625 0.00017637792407024114
16974.000244140625 0.0001956743144411158
16984.000244140625 0.00021572368994250444
16994.000244140625 0.00024132923231774773
17004.000244140625 0.00026960802534195836
17014.000244140625 0.0003006464638838371
17024.000244140625 0.00033937755584642295
17034.000244140625 0.0003810697769005679
17044.000244140625 0.00042912554908527457
17054.000244140625 0.00048466561907845013
17064.000244140625 0.0005477893221594921
17074.000244140625 0.000619311146971434
17084.000244140625 0.0006993133094881204
17094.000244140625 0.0007915339378987597
17104.000244140625 0.0008968100966388266
17114.000244140625 0.0010121528125661557
17124.000244140625 0.0011468294073124815
17134.000244140625 0.0012987429607343502
17144.000244140625 0.0014656555035864791
17154.000244140625 0.0016564916986690974
17164.000244140625 0.0018798502756956497
17174.000244140625 0.00212584170293899
17184.000244140625 0.0024146001818422342
17194.000244140625 0.002752020198912246
17204.000244140625 0.003124799520799873
17214.000244140625 0.0035582930474485877
17224.000244140625 0.004063946855958073
17234.000244140625 0.004646604116956242
17244.000244140625 0.005331102597803304
17254.000244140625 0.006150613258772746
17264.000244140625 0.007101866934877051
17274.000244140625 0.008224104364810013
17284.000244140625 0.009558590641318046
17294.000244140625 0.011187173967828406
17304.000244140625 0.013074494328424557
17314.000244140625 0.01536401811340742
17324.000244140625 0.018121309497126016
17334.000244140625 0.021127510726645718
17344.000244140625 0.024451580989541807
17354.000244140625 0.027821382412946943
17364.000244140625 0.03139165044245805
17374.000244140625 0.03509282696584542
17384.000244140625 0.03943013265110232
17394.000244140625 0.043890589498472285
17404.000244140625 0.04892121609927496
17414.000244140625 0.05457227978046838
17424.000244140625 0.06054317845201097
17434.000244140625 0.06722559996344617
17444.000244140625 0.07471480303012434
17454.000244140625 0.0835045438433309
17464.000244140625 0.09334648194463573
17474.000244140625 0.10509289512428263
17484.000244140625 0.1188735161991011
17494.000244140625 0.13475155420732104
17504.000244140625 0.15319171845114485
17514.000244140625 0.17360412672586423
17524.000244140625 0.19463748354343324
17534.000244140625 0.21746634481309343
17544.000244140625 0.24037054111681883
17554.000244140625 0.2635029362484902
17564.000244140625 0.2861470297756138
17574.000244140625 0.3079074604010238
17584.00024414062 0.3271434645118823
17594.000244140625 0.3450508743008348
17604.00024414062 0.36101964322368946
17614.000244140625 0.3755721499759765
17624.00024414062 0.38913136236283835
17634.000244140625 0.40230948927861504
17644.00024414062 0.4140401740227885
17654.000244140625 0.4253940543382017
17664.00024414062 0.4360538139163749
17674.000244140625 0.4457609083043592
17684.00024414062 0.4553489744503565
17694.000244140625 0.464205358484387
17704.00024414062 0.4724600441752149
17714.000244140625 0.4791457780629654
17724.00024414062 0.48503215898183605
17734.000244140625 0.48982774432101
17744.00024414062 0.49352748832895976
17754.000244140625 0.49671800893133633
17764.00024414062 0.4980087948587521
17774.000244140625 0.499917140539341
17784.00024414062 0.5000816425467559
17794.000244140625 0.5013810637708918
17804.00024414062 0.5022406205671365
17814.000244140625 0.502491670083388
17824.00024414062 0.5031437613690211
17834.000244140625 0.5031401410875015
17844.00024414062 0.5034828400954657
17854.000244140625 0.5043034678398038
17864.00024414062 0.5046536642507635
17874.000244140625 0.505362873310527
17884.00024414062 0.5067116382291376
17894.000244140625 0.5072035529873568
17904.000244140625 0.5077304290625759
17914.000244140625 0.5081224811066357
17924.000244140625 0.5082907132570325
17934.000244140625 0.5080225363300257
17944.000244140625 0.5081216491252964
17954.000244140625 0.5069362669417934
17964.000244140625 0.506156018091848
17974.000244140625 0.5046862814580613
17984.000244140625 0.5032317308093174
17994.000244140625 0.5022452719259197
18004.000244140625 0.5006173786896684
18014.000244140625 0.49952533423352313
18024.000244140625 0.497780669072013
18034.000244140625 0.4962516986131259
18044.000244140625 0.4943761324812162
18054.000244140625 0.49264441217921207
18064.000244140625 0.4915344151641762
18074.000244140625 0.49101743351542193
18084.000244140625 0.49030519604142303
18094.000244140625 0.4897420209275678
18104.000244140625 0.4895176238455041
18114.000244140625 0.48859551680824787
18124.000244140625 0.48938622421859646
18134.000244140625 0.48954254430355404
18144.000244140625 0.49043288649002054
18154.000244140625 0.4912552960408257
18164.000244140625 0.49168337837158743
18174.000244140625 0.49258320348114293
18184.000244140625 0.49411386105036076
18194.000244140625 0.49516674651641973
18204.000244140625 0.49583732385189294
18214.000244140625 0.4973225737836664
18224.000244140625 0.49881074899853695
18234.000244140625 0.4991822962429934
18244.000244140625 0.5015220042611896
18254.000244140625 0.5028034102521788
18264.000244140625 0.5039361069773507
18274.000244140625 0.5046844362168342
18284.000244140625 0.5052242096733232
18294.000244140625 0.5059946743799857
18304.000244140625 0.5075814398194354
18314.000244140625 0.5078400606916378
18324.000244140625 0.5092207598658857
18334.000244140625 0.5097388552739188
18344.000244140625 0.5097793929814711
18354.000244140625 0.5099005273146983
18364.000244140625 0.5113240222608149
18374.000244140625 0.5112974884913392
18384.000244140625 0.5116361105975415
18394.000244140625 0.511530814117768
18404.000244140625 0.5119308809147732
18414.000244140625 0.5113850462236016
18424.000244140625 0.5116798988796223
18434.000244140625 0.511541023495748
18444.000244140625 0.5112658476463271
18454.000244140625 0.5113156035711386
18464.000244140625 0.5102033638903638
18474.000244140625 0.5094691439395036
18484.000244140625 0.5095848191332442
18494.000244140625 0.5084725751701484
18504.000244140625 0.5073972468582169
18514.000244140625 0.5068959141300702
18524.000244140625 0.5067439066517702
18534.000244140625 0.5060974138263192
18544.000244140625 0.5044166988753874
18554.000244140625 0.5039384355055039
18564.000244140625 0.503099022758599
18574.000244140625 0.5035199045431181
18584.000244140625 0.502872895878906
18594.000244140625 0.5022568104312464
18604.000244140625 0.5017530542681563
18614.000244140625 0.5011553702780492
18624.000244140625 0.5004279136348565
18634.000244140625 0.500084262348314
18644.000244140625 0.4993389774776342
18654.000244140625 0.4998430617340808
18664.000244140625 0.5001904128094508
18674.000244140625 0.49986151232714626
18684.000244140625 0.5002715023759159
18694.000244140625 0.5006671131281248
18704.000244140625 0.5014172193773959
18714.000244140625 0.5021221749130157
18724.000244140625 0.5028638806957243
18734.000244140625 0.5037863320703434
18744.000244140625 0.5046020982247299
18754.000244140625 0.5051828093869195
18764.000244140625 0.5063205992806736
18774.000244140625 0.5064184845476754
18784.000244140625 0.506865615268576
18794.000244140625 0.5072307168610158
18804.000244140625 0.5083736216638786
18814.000244140625 0.5089448398907357
18824.000244140625 0.5095272723323312
18834.00024414062 0.5100569186198938
18844.000244140625 0.5109915796890016
18854.00024414062 0.511694836991399
18864.000244140625 0.5124563064013662
18874.00024414062 0.5128595617782636
18884.000244140625 0.5128828780504189
18894.00024414062 0.5139488045429985
18904.000244140625 0.5141704750116893
18914.00024414062 0.5141119280817235
18924.000244140625 0.5137052545790861
18934.00024414062 0.5137119510927193
18944.000244140625 0.514247492283544
18954.00024414062 0.5148093305840034
18964.000244140625 0.5152640328087071
18974.00024414062 0.5155878131382524
18984.000244140625 0.5157675462933434
18994.00024414062 0.5160387144078793
19004.000244140625 0.5159549199039117
19014.00024414062 0.5159555562662543
19024.000244140625 0.5169015673548729
19034.00024414062 0.5169575131174369
19044.000244140625 0.5167704849231323
19054.00024414062 0.5172688879241132
19064.000244140625 0.5172999276493535
19074.00024414062 0.5171429079817568
19084.000244140625 0.5173037735549176
19094.00024414062 0.5173691910985698
19104.000244140625 0.5178463935426575
19114.00024414062 0.5177156830853289
19124.000244140625 0.517971271726791
19134.00024414062 0.5183308235379753
19144.000244140625 0.5192626142632689
19154.000244140625 0.5184752984125364
19164.000244140625 0.5179813772369157
19174.000244140625 0.5182884223053957
19184.000244140625 0.5182739527691718
19194.000244140625 0.5181607426688957
19204.000244140625 0.517413099390402
19214.000244140625 0.5171065881467924
19224.000244140625 0.5178154360057481
19234.000244140625 0.5166657649136863
19244.000244140625 0.5163734634661663
19254.000244140625 0.5159517951130677
19264.000244140625 0.5152507815739436
19274.000244140625 0.5144267502177878
19284.000244140625 0.5135225041899983
19294.000244140625 0.5135090730793168
19304.000244140625 0.513228617161243
19314.000244140625 0.5123519274240192
19324.000244140625 0.5119621983194044
19334.000244140625 0.5112782896329635
19344.000244140625 0.5099775253782456
19354.000244140625 0.5096369054169594
19364.000244140625 0.5089109813326862
19374.000244140625 0.5082101325775151
19384.000244140625 0.5077769703413534
19394.000244140625 0.5073739582017457
19404.000244140625 0.5073388059807813
19414.000244140625 0.507256080273923
19424.000244140625 0.5074377749473279
19434.000244140625 0.5083025360216527
19444.000244140625 0.5087448494471462
19454.000244140625 0.50902144254096
19464.000244140625 0.5091462477653413
19474.000244140625 0.5094324156336145
19484.000244140625 0.5100643853460144
19494.000244140625 0.5103255423951689
19504.000244140625 0.5109947524606456
19514.000244140625 0.5112217587973611
19524.000244140625 0.5115209800552885
19534.000244140625 0.5123972906350592
19544.000244140625 0.5125165910336225
19554.000244140625 0.5128117745865877
19564.000244140625 0.5133559017854167
19574.000244140625 0.5139226129261792
19584.000244140625 0.5140056904642458
19594.000244140625 0.5136078849413062
19604.000244140625 0.5142794700508762
19614.000244140625 0.5144034087353254
19624.000244140625 0.514334233005161
19634.000244140625 0.5140456988788348
19644.000244140625 0.514440410670459
19654.000244140625 0.5141905074477674
19664.000244140625 0.5139119763334242
19674.000244140625 0.5137406101312397
19684.000244140625 0.513509749042458
19694.000244140625 0.5133773506088696
19704.000244140625 0.5124047682693901
19714.000244140625 0.5133626415905724
19724.000244140625 0.5133772520380845
19734.000244140625 0.5123056754063962
19744.000244140625 0.5121745483896681
19754.000244140625 0.5119833817959848
19764.000244140625 0.5120339375465529
19774.000244140625 0.5122874499963048
19784.000244140625 0.5122471725349722
19794.000244140625 0.5119743001396825
19804.000244140625 0.5121628373086055
19814.000244140625 0.5117960659807974
19824.000244140625 0.5119844242349524
19834.000244140625 0.5121874646556444
19844.000244140625 0.5124129536036686
19854.000244140625 0.5118377558204191
19864.000244140625 0.5123397427024003
19874.000244140625 0.5126663570695912
19884.000244140625 0.5130873991234931
19894.000244140625 0.5132235234834983
19904.000244140625 0.513490360766838
19914.000244140625 0.5131235586322019
19924.000244140625 0.5126861985788337
19934.000244140625 0.5130554749688027
19944.000244140625 0.5118116189292541
19954.000244140625 0.5107850077867956
19964.000244140625 0.5081422076615918
19974.000244140625 0.5069624579001352
19984.000244140625 0.5082691005762372
19994.000244140625 0.5102081074052216
20004.00024414062 0.5118482578896687
20014.000244140625 0.5118975591698559
20024.000244140625 0.5132579052322954
20034.000244140625 0.5143785855247918
20044.00024414062 0.5143652742151731
20054.000244140625 0.5137186523839944
20064.000244140625 0.5134535920560075
20074.000244140625 0.5129328054287408
20084.00024414062 0.5125736142758621
20094.00024414062 0.5125278211735268
20104.000244140625 0.5127429457739521
20114.000244140625 0.5124332253772194
20124.00024414062 0.5130841797420677
20134.00024414062 0.512340266029965
20144.000244140625 0.5128821094260815
20154.000244140625 0.513725380728397
20164.00024414062 0.5140489307132113
20174.00024414062 0.514211221213173
20184.000244140625 0.5150362709475615
20194.000244140625 0.5151067266487162
20204.00024414062 0.5154093467182481
20214.00024414062 0.5144558575728526
20224.000244140625 0.5157226031247701
20234.000244140625 0.5164300431649208
20244.00024414062 0.5170459713605021
20254.00024414062 0.5184157395406819
20264.000244140625 0.5188819617899507
20274.000244140625 0.5185752543962711
20284.00024414062 0.5193942731946162
20294.00024414062 0.5194986918074528
20304.000244140625 0.52001897391454
20314.000244140625 0.5202932707427727
20324.00024414062 0.5203887140865358
20334.00024414062 0.5205933466820177
20344.000244140625 0.5204372972133475
20354.000244140625 0.5206358550014709
20364.00024414062 0.5200830101975561
20374.00024414062 0.5202058265323284
20384.000244140625 0.5199411448590991
20394.000244140625 0.5199224488137878
20404.000244140625 0.519403667398679
20414.000244140625 0.5180594064587742
20424.000244140625 0.5180721160619799
20434.000244140625 0.5169964399395068
20444.000244140625 0.5157147698304472
20454.000244140625 0.5153125306708699
20464.000244140625 0.5135097413321752
20474.000244140625 0.5129655663313801
20483.999023437496 0.5120418366370836
20493.9990234375 0.5114416904509614
20503.9990234375 0.5108549173974488
20513.9990234375 0.5105058458031252
20523.999023437496 0.5094549325830188
20533.9990234375 0.5090554862019274
20543.9990234375 0.5091156953862607
20553.9990234375 0.5089415415765529
20563.999023437496 0.5082682912224047
20573.9990234375 0.5083592123340672
20583.9990234375 0.5086019689131994
20593.9990234375 0.5087264722338176
20603.999023437496 0.5089169154160357
20613.9990234375 0.5093148707075501
20623.9990234375 0.5099880143848321
20633.9990234375 0.5110994743012395
20643.999023437496 0.5115754022570045
20653.9990234375 0.5120948337716202
20663.9990234375 0.5129685144657403
20673.9990234375 0.5141635465276537
20683.9990234375 0.5153459970303416
20693.9990234375 0.5159419923604237
20703.9990234375 0.5169505919251771
20713.9990234375 0.5181419186334384
20723.9990234375 0.5188801806085365
20733.9990234375 0.5208811851490047
20743.9990234375 0.5213968763309087
20753.9990234375 0.5218743731979946
20763.9990234375 0.5224595480634165
20773.9990234375 0.5230794884734085
20783.9990234375 0.523458811855778
20793.9990234375 0.5239996569501435
20803.9990234375 0.5239258825630937
20813.9990234375 0.5237488629528311
20823.9990234375 0.524590656565544
20833.9990234375 0.5241033072324844
20843.9990234375 0.5247844771206986
20853.9990234375 0.5245128556716284
20863.9990234375 0.5250210772445173
20873.9990234375 0.524914820399558
20883.9990234375 0.5246501984729445
20893.9990234375 0.523554406207376
20903.9990234375 0.523376417791391
20913.9990234375 0.5219592770408524
20923.9990234375 0.5215198140529804
20933.9990234375 0.5217447437026328
20943.9990234375 0.52134860921067
20953.9990234375 0.5210967549946588
20963.9990234375 0.520376308199059
20973.9990234375 0.5202587861146059
20983.9990234375 0.5201204096482978
20993.9990234375 0.5201028679819926
21003.9990234375 0.5185747453414613
21013.9990234375 0.5190394345266987
21023.9990234375 0.5181698966854262
21033.9990234375 0.5187555695121386
21043.9990234375 0.5188318067980424
21053.999023437504 0.5184597975150929
21063.9990234375 0.5181505453929492
21073.9990234375 0.5175761340263049
