mejiro/data/jwst_filter_response/NIRCam-F444W.ecsv
# %ECSV 1.0
# ---
# datatype:
# - {name: wavelength, unit: Angstrom, datatype: float64}
# - {name: response, datatype: float64}
# meta:
#   __serialized_columns__:
#     wavelength:
#       __class__: astropy.units.quantity.Quantity
#       unit: !astropy.units.Unit {unit: Angstrom}
#       value: !astropy.table.SerializedColumn {name: wavelength}
#   band_name: F444W
#   group_name: NIRCam
# schema: astropy-2.0
wavelength response
[from data line 952]
49346.97214 0.3816995383295374
49360.484449999996 0.3803106259961424
49373.99677 0.3790028532387626
49387.50908 0.37764202776085853
49401.0214 0.37607946902848494
49414.533709999996 0.3745903463754815
49428.04603 0.3730297830472078
49441.55834 0.37124456432353714
49455.070660000005 0.3695268837004867
49468.58297 0.3677202075304753
49482.09528 0.3656891298581181
49495.60760000001 0.3637037628043651
49509.11991 0.36162054939796534
49522.63223 0.3593044101574998
49536.144539999994 0.35702394958528516
49549.65686 0.3546501086713516
49563.16917000001 0.35202073101622605
49576.68148 0.34942849718780655
49590.1938 0.3465886173888228
49603.70611 0.34378122159883906
49617.21843 0.3408712617053028
49630.730740000006 0.3377077316254202
49644.24306 0.33458255418144534
49657.755370000006 0.33134027438201363
49671.26769 0.3278714271472065
49684.78 0.32443170003729105
49698.29231 0.320891579382746
49711.80463 0.3171267440502821
49725.316940000004 0.31339315327306433
49738.82926 0.30958378122446517
49752.34157 0.30555112615765956
49765.853890000006 0.3015736342646408
49779.366200000004 0.2975123606123384
49792.878520000006 0.29326070560232176
49806.39083 0.28906943041219624
49819.90314 0.2848138185356698
49833.41545999999 0.2803920012617914
49846.92777 0.27602563895189347
49860.440090000004 0.2715116868682269
49873.952399999995 0.267068754696188
49887.464719999996 0.2625987423783104
49900.97703 0.2579903553045131
49914.48934 0.2534670833621988
49928.00166 0.24893105546102107
49941.51397000001 0.24427482494197433
49955.026289999994 0.23972811563439317
49968.5386 0.23517114918253051
49982.05092 0.23052373061521197
49995.56323 0.22597981120237912
50009.07555 0.22145023578958833
50022.58786000001 0.21690099727213685
50036.10017 0.2124341575236162
50049.61249 0.20799302072391246
50063.12479999999 0.20350888291386332
50076.63711999999 0.19910935539969765
50090.149430000005 0.1946958207934691
50103.66175 0.1903818160136181
50117.17406 0.18610369451407122
50130.686369999996 0.18179524367386374
50144.198690000005 0.1776031100594615
50157.711 0.17345359373398633
50171.22332 0.16929668285539134
50184.735629999996 0.1652392350103782
50198.247950000004 0.16123484945782093
50211.76026 0.15722750234136162
50225.272580000004 0.15332700034577856
50238.78489 0.1494780098980168
50252.29720000001 0.14563312787703797
50265.80952000001 0.14188987289453006
50279.32183 0.1381964387856397
50292.83415 0.13451540903845544
50306.34646 0.13092771400721798
50319.85878 0.1273944377718666
50333.37108999999 0.123866062436666
50346.883409999995 0.12043131301703323
50360.39572 0.11700652476701771
50373.90803 0.11367167154132692
50387.42035 0.11038646987656257
50400.932660000006 0.10711094343443107
50414.44498 0.10392358716002464
50427.957290000006 0.10078050912794528
50441.46961 0.09765788501513877
50454.98192 0.09461304121134434
50468.49423 0.09161824857263141
50482.00655 0.08863806697790448
50495.518860000004 0.08573753146537416
50509.03118 0.08288486211210655
50522.543490000004 0.08005040209499806
50536.055810000005 0.07729372328829895
50549.56812 0.07458029930056555
50563.080440000005 0.0718935806401336
50576.592749999996 0.0692772810878804
50590.10506 0.06668978739163887
50603.61737999999 0.0641718062318843
50617.12969 0.061704459352820644
50630.64201 0.05926425495277258
50644.154319999994 0.056910524490383786
50657.666639999996 0.05460826246499409
50671.17895 0.05234854344124509
50684.69126 0.050150704796732004
50698.20358 0.048003093625404766
50711.71589000001 0.04590747729435669
50725.228209999994 0.04387187957166842
50738.74052 0.0418956821880529
50752.25284 0.03996866623713226
50765.76515 0.0381067012081271
50779.27747 0.036302549663198846
50792.78978000001 0.03455172764885811
50806.30209 0.03286587956720387
50819.81441 0.03123769980427375
50833.32671999999 0.029664338813586336
50846.83904 0.028152798838127928
50860.351350000004 0.026696613209744886
50873.86367 0.025301773129091574
50887.37598 0.023965303580120542
50900.88829 0.022680153831745757
50914.400610000004 0.02145563405029076
50927.91292 0.02028564862703095
50941.42524 0.019165902470780507
50954.93755 0.018102663726932235
50968.44987000001 0.017090249496267626
50981.96218 0.016124424624127696
50995.474500000004 0.015209824653463894
51008.986809999995 0.0143425824679468
51022.49912000001 0.013517485933611252
51036.01144000001 0.012739570847482869
51049.52375 0.012003418167669306
51063.03607 0.011305162456657641
51076.54838 0.010648026941423435
51090.0607 0.010025450225241742
51103.57300999999 0.00944046617767697
51117.08533 0.008888812787583297
51130.59764 0.008366637628097006
51144.10995 0.007876548108855649
51157.62227 0.0074149714545882865
51171.134580000005 0.006978459843803843
51184.6469 0.006569566323028059
51198.159210000005 0.006184892297562343
51211.67153 0.005821447101510242
51225.18384 0.005481460197335797
51238.696149999996 0.005161957378368297
51252.20847 0.004860444833070082
51265.72078 0.004578686863468138
51279.2331 0.004314120487425006
51292.74541 0.004064420468503711
51306.25772999999 0.0038312787257914704
51319.77004 0.003612419891958346
51333.282360000005 0.003405720955079103
51346.794669999996 0.0032126386943827183
51360.30698 0.0030301018220911667
51373.819299999996 0.0028595962049746074
51387.33161 0.0026994188987482523
51400.84393 0.0025480761858716157
51414.356239999994 0.002406761004441822
51427.868559999995 0.002274043896375015
51441.38087 0.0021485334404652613
51454.89318 0.0020314962169307197
51468.4055 0.0019215573209544739
51481.917810000006 0.0018174729619444413
51495.43013000001 0.0017201893830210463
51508.94244 0.0016286253533615953
51522.45476 0.001541784250193855
51535.96706999999 0.0014607155047756816
51549.47939 0.0013844061541334015
51562.991700000006 0.0013118648706536133
51576.50401 0.0012439615448329151
51590.01633 0.0011793985892851696
51603.52864 0.0011190754869904245
51617.040960000006 0.0010622462314980924
51630.553270000004 0.0010082657987279123
51644.06559 0.0009577484337757691
51657.5779 0.0009101144638331326
51671.09021 0.0008648377136533899
51684.602530000004 0.0008225743080630428
51698.11484 0.0007827131127612948
51711.627160000004 0.000744604729596122
51725.13947000001 0.0007087666948793548
51738.65179000001 0.0006747494384660574
51752.1641 0.0006421079505105809
51765.67642 0.0006113519926411013
51779.188729999994 0.00058202144987441
51792.70104000001 0.0005537184318910558
51806.213359999994 0.0005269992112733385
51819.72567 0.0005017536312805041
51833.23799 0.0004776799500003505
51846.7503 0.00045520040055545014
51860.26262 0.00043371647820990533
51873.77493 0.00041363078164331356
51887.28725 0.0003946884540639679
51900.79956 0.0003767691775523378
51914.31187 0.0003602093335089006
51927.82419 0.00034455496957996185
51941.336500000005 0.0003295318493531236
51954.84882 0.0003154211140224979
51968.36113 0.0
